TP4 Time Domain Export File
Generated From: C:\TP4_46\DataStore\EventDatabase.TP4_db
Recording Session ID: 500drops
Recording Session Date: 07/15/2026 09:53:38 AM,
Event: 95
EventTime: 7/15/2026 4:24:37 PM
Order: 0

Time (sec), CH2 Acc (G's), CH3 Acc (G's), CH4 Acc (G's), CH5 Acc (G's), CH6 Acc (G's), CH7 Acc (G's), CH8 Acc (G's), 
0.000000E+000, 1.644743E+000, 2.632613E+000, 5.318943E+000, -1.429611E-001, -1.496686E-001, 7.963039E-002, -4.151691E-001
8.000000E-006, 1.719033E+000, 2.789891E+000, 4.911293E+000, 5.515822E-002, -1.138341E-001, 1.285428E-001, -4.183527E-001
1.600000E-005, 1.855518E+000, 2.986488E+000, 4.997370E+000, 4.502711E-003, -9.149732E-002, 2.029748E-001, -4.233050E-001
2.400000E-005, 1.936719E+000, 3.034743E+000, 5.314071E+000, 3.377034E-003, -5.852962E-002, 2.974916E-001, -4.149332E-001
3.200000E-005, 2.090482E+000, 2.900700E+000, 5.133795E+000, 3.714737E-002, -6.927995E-003, 3.801937E-001, -4.171736E-001
4.000000E-005, 2.230423E+000, 2.772018E+000, 4.807350E+000, -3.827305E-002, 4.491252E-002, 4.409208E-001, -4.355679E-001
4.800000E-005, 2.099120E+000, 2.797040E+000, 4.830087E+000, -1.181962E-001, 7.656629E-002, 4.784912E-001, -4.585608E-001
5.600000E-005, 1.924625E+000, 2.895338E+000, 5.059086E+000, -1.823598E-001, 6.462147E-002, 4.776642E-001, -4.861522E-001
6.400000E-005, 1.922898E+000, 2.911423E+000, 5.180894E+000, -2.453978E-001, 3.057874E-002, 4.358405E-001, -5.190498E-001
7.200000E-005, 1.881434E+000, 2.847082E+000, 5.013611E+000, -2.408951E-001, 1.278096E-002, 3.741683E-001, -5.475845E-001
8.000000E-005, 1.774318E+000, 2.898913E+000, 4.683918E+000, -1.958680E-001, 7.525236E-003, 3.015085E-001, -5.704595E-001
8.800000E-005, 1.734582E+000, 2.902487E+000, 4.576727E+000, -2.059990E-001, 6.211306E-003, 2.081732E-001, -5.822507E-001
9.600000E-005, 1.748403E+000, 2.682656E+000, 4.778116E+000, -2.532775E-001, 3.344549E-003, 1.131838E-001, -5.699878E-001
1.040000E-004, 1.803688E+000, 2.634400E+000, 4.982753E+000, -2.285126E-001, -1.588661E-002, 3.638896E-002, -5.479383E-001
1.120000E-004, 1.857246E+000, 2.764869E+000, 5.065583E+000, -1.519665E-001, -5.387114E-002, -3.213571E-002, -5.306051E-001
1.200000E-004, 1.750131E+000, 2.766656E+000, 5.041221E+000, -1.238246E-001, -8.922780E-002, -7.384124E-002, -5.117392E-001
1.280000E-004, 1.577363E+000, 2.773805E+000, 4.885307E+000, -1.744801E-001, -9.591690E-002, -6.486214E-002, -4.888642E-001
1.360000E-004, 1.653381E+000, 2.816699E+000, 4.771620E+000, -2.228842E-001, -8.827221E-002, -1.949409E-002, -4.591503E-001
1.440000E-004, 1.824420E+000, 2.711252E+000, 4.729393E+000, -1.947423E-001, -8.385263E-002, 4.796727E-002, -4.263707E-001
1.520000E-004, 1.864157E+000, 2.587932E+000, 4.644939E+000, -1.722287E-001, -5.721568E-002, 1.372856E-001, -4.072689E-001
1.600000E-004, 1.992005E+000, 2.671932E+000, 4.670925E+000, -1.823598E-001, -5.255721E-003, 2.530687E-001, -4.058540E-001
1.680000E-004, 2.030013E+000, 2.934658E+000, 4.828463E+000, -1.632233E-001, 5.243776E-002, 3.825567E-001, -4.047928E-001
1.760000E-004, 1.687934E+000, 3.018658E+000, 4.921037E+000, -2.296383E-001, 1.267345E-001, 4.986942E-001, -3.983076E-001
1.840000E-004, 1.466793E+000, 2.788103E+000, 4.950271E+000, -4.108724E-001, 2.151262E-001, 5.938017E-001, -4.092734E-001
1.920000E-004, 1.649926E+000, 2.768444E+000, 4.925910E+000, -4.739104E-001, 2.834505E-001, 6.633896E-001, -4.514861E-001
2.000000E-004, 1.810599E+000, 3.175936E+000, 4.843080E+000, -3.444574E-001, 3.149849E-001, 6.951709E-001, -5.050182E-001
2.080000E-004, 1.717305E+000, 3.320703E+000, 4.877186E+000, -1.868625E-001, 3.226296E-001, 6.804026E-001, -5.446367E-001
2.160000E-004, 1.587730E+000, 2.881040E+000, 4.966512E+000, -5.515822E-002, 3.099681E-001, 6.232200E-001, -5.656251E-001
2.240000E-004, 1.627466E+000, 2.523591E+000, 4.778116E+000, 3.264466E-002, 2.498856E-001, 5.359101E-001, -5.710491E-001
2.320000E-004, 1.744948E+000, 2.723763E+000, 4.586472E+000, -3.264466E-002, 1.296013E-001, 4.106754E-001, -5.598474E-001
2.400000E-004, 1.833059E+000, 2.988275E+000, 4.875562E+000, -1.598463E-001, -2.532302E-002, 2.483428E-001, -5.392128E-001
2.480000E-004, 1.898710E+000, 2.884615E+000, 5.273468E+000, -1.789828E-001, -1.855030E-001, 8.010297E-002, -5.123287E-001
2.560000E-004, 1.884889E+000, 2.693379E+000, 5.361170E+000, -1.575949E-001, -3.336188E-001, -7.265978E-002, -4.742431E-001
2.640000E-004, 1.884889E+000, 2.605804E+000, 5.344929E+000, -1.429611E-001, -4.562921E-001, -2.002574E-001, -4.289648E-001
2.720000E-004, 2.031741E+000, 2.559336E+000, 5.400148E+000, -9.568262E-002, -5.311861E-001, -2.859133E-001, -3.821536E-001
2.800000E-004, 2.147495E+000, 2.582570E+000, 5.465112E+000, -4.952983E-002, -5.303500E-001, -3.184034E-001, -3.417097E-001
2.880000E-004, 2.099120E+000, 2.586145E+000, 5.283213E+000, -2.251356E-002, -4.608311E-001, -3.019811E-001, -3.228438E-001
2.960000E-004, 1.907349E+000, 2.486059E+000, 4.903172E+000, -7.204338E-002, -3.590613E-001, -2.459799E-001, -3.200139E-001
3.040000E-004, 1.615372E+000, 2.482484E+000, 4.716400E+000, -2.442721E-001, -2.360296E-001, -1.506361E-001, -3.184810E-001
3.120000E-004, 1.499618E+000, 2.646911E+000, 4.682294E+000, -3.512115E-001, -9.615579E-002, -1.311420E-002, -3.306260E-001
3.200000E-004, 1.644743E+000, 2.659422E+000, 4.682294E+000, -2.138788E-001, 3.547611E-002, 1.489821E-001, -3.709520E-001
3.280000E-004, 1.770863E+000, 2.387760E+000, 4.870690E+000, 4.952983E-002, 1.501464E-001, 3.017448E-001, -4.225975E-001
3.360000E-004, 1.738037E+000, 2.291249E+000, 5.072079E+000, 1.620976E-001, 2.443910E-001, 4.221356E-001, -4.645743E-001
3.440000E-004, 1.684479E+000, 2.578996E+000, 5.072079E+000, -3.939873E-002, 3.033984E-001, 5.119265E-001, -5.056078E-001
3.520000E-004, 1.776046E+000, 2.818486E+000, 5.047718E+000, -2.892992E-001, 3.289603E-001, 5.799786E-001, -5.552488E-001
3.600000E-004, 1.762224E+000, 2.818486E+000, 5.026604E+000, -2.408951E-001, 3.283631E-001, 6.184942E-001, -5.964002E-001
3.680000E-004, 1.542810E+000, 2.816699E+000, 4.833335E+000, -7.879745E-002, 3.018456E-001, 6.186123E-001, -6.147945E-001
3.760000E-004, 1.611917E+000, 2.940019E+000, 4.698535E+000, -8.780287E-002, 2.565747E-001, 5.939198E-001, -6.155020E-001
3.840000E-004, 1.938447E+000, 2.948956E+000, 4.792733E+000, -2.048734E-001, 2.035397E-001, 5.662736E-001, -6.030033E-001
3.920000E-004, 2.052473E+000, 2.689805E+000, 4.847952E+000, -2.544032E-001, 1.516992E-001, 5.388638E-001, -5.776522E-001
4.000000E-004, 2.109486E+000, 2.587932E+000, 4.760251E+000, -1.812341E-001, 1.153870E-001, 5.040107E-001, -5.421606E-001
4.080000E-004, 2.182048E+000, 2.736273E+000, 4.674173E+000, -1.384584E-001, 8.851111E-002, 4.734109E-001, -5.024241E-001
4.160000E-004, 2.012737E+000, 2.630826E+000, 4.705031E+000, -1.767314E-001, 4.407638E-002, 4.519083E-001, -4.685833E-001
4.240000E-004, 1.807144E+000, 2.368101E+000, 4.895051E+000, -1.733544E-001, -7.764132E-003, 4.177642E-001, -4.440576E-001
4.320000E-004, 1.758769E+000, 2.352015E+000, 5.122426E+000, -1.913652E-001, -4.109018E-002, 3.670796E-001, -4.137541E-001
4.400000E-004, 1.677568E+000, 2.371675E+000, 5.224745E+000, -2.262613E-001, -7.608850E-002, 3.178127E-001, -3.774371E-001
4.480000E-004, 1.656836E+000, 2.296611E+000, 5.223121E+000, -1.272016E-001, -1.324680E-001, 2.713813E-001, -3.669429E-001
4.560000E-004, 1.782956E+000, 2.393122E+000, 5.221497E+000, -2.476491E-002, -1.783361E-001, 2.178612E-001, -3.934732E-001
4.640000E-004, 1.694845E+000, 2.534314E+000, 5.169525E+000, -9.117991E-002, -1.904004E-001, 1.583156E-001, -4.307335E-001
4.720000E-004, 1.435694E+000, 2.430654E+000, 4.872314E+000, -1.756057E-001, -1.920727E-001, 1.039685E-001, -4.582070E-001
4.800000E-004, 1.504801E+000, 2.334143E+000, 4.454919E+000, -1.587206E-001, -1.895643E-001, 6.746135E-002, -4.810820E-001
4.880000E-004, 1.769135E+000, 2.548612E+000, 4.349352E+000, -1.530922E-001, -1.825168E-001, 5.682821E-002, -5.109138E-001
4.960000E-004, 1.867612E+000, 2.729124E+000, 4.584847E+000, -1.756057E-001, -1.941033E-001, 5.470159E-002, -5.394486E-001
5.040000E-004, 1.895255E+000, 2.641549E+000, 4.719648E+000, -1.756057E-001, -2.024647E-001, 4.312328E-002, -5.561921E-001
5.120000E-004, 1.881434E+000, 2.625464E+000, 4.604337E+000, -2.251356E-001, -1.727221E-001, 4.229626E-002, -5.594937E-001
5.200000E-004, 1.727671E+000, 2.709465E+000, 4.651436E+000, -2.577802E-001, -1.177759E-001, 7.065129E-002, -5.416889E-001
5.280000E-004, 1.575636E+000, 2.789891E+000, 4.979505E+000, -1.834855E-001, -5.219886E-002, 1.141290E-001, -5.209364E-001
5.360000E-004, 1.603279E+000, 2.889976E+000, 5.055838E+000, -1.226989E-001, 1.194482E-002, 1.565434E-001, -5.218797E-001
5.440000E-004, 1.708666E+000, 2.809550E+000, 4.804102E+000, -8.667719E-002, 6.330754E-002, 2.025022E-001, -5.261245E-001
5.520000E-004, 1.727671E+000, 2.598655E+000, 4.789485E+000, 2.026220E-002, 1.124007E-001, 2.483428E-001, -5.172811E-001
5.600000E-004, 1.637832E+000, 2.507506E+000, 5.125674E+000, 5.966093E-002, 1.644802E-001, 2.758709E-001, -5.148049E-001
5.680000E-004, 1.451244E+000, 2.486059E+000, 5.314071E+000, -9.793398E-002, 2.117817E-001, 2.985549E-001, -5.320201E-001
5.760000E-004, 1.259472E+000, 2.452101E+000, 5.122426E+000, -2.881735E-001, 2.351935E-001, 3.293910E-001, -5.501786E-001
5.840000E-004, 1.295753E+000, 2.407420E+000, 4.911293E+000, -3.016817E-001, 2.252793E-001, 3.435685E-001, -5.537159E-001
5.920000E-004, 1.582546E+000, 2.352015E+000, 4.950271E+000, -9.117991E-002, 2.104677E-001, 3.334079E-001, -5.504144E-001
6.000000E-004, 1.758769E+000, 2.377037E+000, 5.010363E+000, 8.442584E-002, 2.056898E-001, 3.232474E-001, -5.455800E-001
6.080000E-004, 1.560087E+000, 2.562910E+000, 4.886931E+000, -5.740957E-002, 2.043758E-001, 3.246651E-001, -5.399202E-001
6.160000E-004, 1.297481E+000, 2.798827E+000, 4.654684E+000, -2.420207E-001, 2.158429E-001, 3.266736E-001, -5.354396E-001
6.240000E-004, 1.435694E+000, 2.863168E+000, 4.602713E+000, -1.789828E-001, 2.187096E-001, 3.273825E-001, -5.202289E-001
6.320000E-004, 1.812327E+000, 2.732699E+000, 4.885307E+000, -1.215732E-001, 1.823974E-001, 3.362435E-001, -4.916941E-001
6.400000E-004, 1.879706E+000, 2.625464E+000, 5.073703E+000, -1.508408E-001, 1.241067E-001, 3.451044E-001, -4.653997E-001
6.480000E-004, 1.541082E+000, 2.532527E+000, 4.898300E+000, -1.136935E-001, 6.665209E-002, 3.400241E-001, -4.406381E-001
6.560000E-004, 1.399413E+000, 2.325207E+000, 4.729393E+000, -1.373327E-001, 2.723419E-002, 3.230111E-001, -4.109242E-001
6.640000E-004, 1.791595E+000, 2.255504E+000, 4.846328E+000, -2.431464E-001, 8.003029E-003, 2.998545E-001, -3.790879E-001
6.720000E-004, 2.002371E+000, 2.294823E+000, 5.124050E+000, -2.217585E-001, -2.795088E-002, 2.771704E-001, -3.505532E-001
6.800000E-004, 1.592913E+000, 2.062482E+000, 5.223121E+000, -1.587206E-001, -8.253870E-002, 2.509421E-001, -3.323947E-001
6.880000E-004, 1.304392E+000, 1.871246E+000, 4.995746E+000, -1.699774E-001, -1.140730E-001, 2.049833E-001, -3.244945E-001
6.960000E-004, 1.475431E+000, 2.107163E+000, 4.815470E+000, -1.463381E-001, -1.196871E-001, 1.589063E-001, -3.143541E-001
7.040000E-004, 1.670658E+000, 2.403846E+000, 4.862569E+000, -1.452124E-001, -1.237483E-001, 1.443744E-001, -2.973747E-001
7.120000E-004, 1.855518E+000, 2.478910E+000, 4.854449E+000, -1.643490E-001, -1.362904E-001, 1.421296E-001, -2.917149E-001
7.200000E-004, 1.929808E+000, 2.443165E+000, 4.765123E+000, -9.793398E-002, -1.628079E-001, 1.320872E-001, -3.110525E-001
7.280000E-004, 1.646470E+000, 2.405633E+000, 4.883683E+000, -9.793398E-002, -1.938644E-001, 1.326779E-001, -3.463083E-001
7.360000E-004, 1.475431E+000, 2.432441E+000, 5.164653E+000, -1.598463E-001, -1.952978E-001, 1.478006E-001, -3.776730E-001
7.440000E-004, 1.601551E+000, 2.423505E+000, 5.258851E+000, -5.290686E-002, -1.508631E-001, 1.618600E-001, -3.971285E-001
7.520000E-004, 1.537627E+000, 2.268015E+000, 5.106185E+000, 1.058137E-001, -8.707773E-002, 1.821811E-001, -4.225975E-001
7.600000E-004, 1.402869E+000, 2.169716E+000, 4.974633E+000, 1.463381E-002, -4.180687E-002, 2.179793E-001, -4.638668E-001
7.680000E-004, 1.615372E+000, 2.344867E+000, 5.037973E+000, -1.992450E-001, -2.938426E-002, 2.525961E-001, -5.060794E-001
7.760000E-004, 1.909076E+000, 2.487846E+000, 5.164653E+000, -2.071247E-001, -2.388964E-002, 2.768160E-001, -5.456979E-001
7.840000E-004, 1.936719E+000, 2.316270E+000, 5.159781E+000, -1.125678E-001, -2.986205E-003, 3.029263E-001, -5.920374E-001
7.920000E-004, 1.831331E+000, 2.164355E+000, 5.122426E+000, -1.328300E-001, 1.696164E-002, 3.244289E-001, -6.349575E-001
8.000000E-004, 1.717305E+000, 2.280525E+000, 5.169525E+000, -2.014963E-001, 3.177322E-002, 3.395515E-001, -6.597191E-001
8.080000E-004, 1.580819E+000, 2.487846E+000, 5.210128E+000, -2.487748E-001, 6.282975E-002, 3.705058E-001, -6.803538E-001
8.160000E-004, 1.572181E+000, 2.571847E+000, 5.247482E+000, -2.262613E-001, 1.071450E-001, 3.995697E-001, -7.075915E-001
8.240000E-004, 1.672385E+000, 2.559336E+000, 5.218248E+000, -8.104881E-002, 1.423822E-001, 3.974431E-001, -7.212693E-001
8.320000E-004, 1.653381E+000, 2.600443E+000, 5.102937E+000, 5.065551E-002, 1.616134E-001, 3.812571E-001, -7.143124E-001
8.400000E-004, 1.608462E+000, 2.498569E+000, 5.145164E+000, 1.125678E-002, 1.702137E-001, 3.621174E-001, -6.969793E-001
8.480000E-004, 1.705211E+000, 2.232270E+000, 5.237738E+000, -1.350814E-001, 1.703331E-001, 3.337624E-001, -6.724536E-001
8.560000E-004, 1.786412E+000, 2.291249E+000, 5.013611E+000, -2.127531E-001, 1.577911E-001, 3.061162E-001, -6.486353E-001
8.640000E-004, 1.701756E+000, 2.639762E+000, 4.592968E+000, -1.688517E-001, 1.313930E-001, 2.781156E-001, -6.278828E-001
8.720000E-004, 1.591185E+000, 2.738060E+000, 4.357473E+000, -1.181962E-001, 1.054728E-001, 2.365282E-001, -6.013525E-001
8.800000E-004, 1.589457E+000, 2.561123E+000, 4.409444E+000, -1.395841E-001, 9.782807E-002, 1.905695E-001, -5.714028E-001
8.880000E-004, 1.587730E+000, 2.432441E+000, 4.612457E+000, -1.722287E-001, 1.047561E-001, 1.560708E-001, -5.477024E-001
8.960000E-004, 1.558359E+000, 2.459250E+000, 4.792733E+000, -2.048734E-001, 1.069061E-001, 1.330324E-001, -5.334350E-001
9.040000E-004, 1.618828E+000, 2.591506E+000, 4.807350E+000, -3.028074E-001, 9.364738E-002, 1.157831E-001, -5.221155E-001
9.120000E-004, 1.665475E+000, 2.689805E+000, 4.804102E+000, -3.861075E-001, 7.143002E-002, 1.089306E-001, -5.102063E-001
9.200000E-004, 1.594640E+000, 2.682656E+000, 4.929158E+000, -3.602169E-001, 5.387114E-002, 1.166101E-001, -5.082018E-001
9.280000E-004, 1.577363E+000, 2.578996E+000, 4.891803E+000, -3.106871E-001, 5.100438E-002, 1.240533E-001, -5.119750E-001
9.360000E-004, 1.670658E+000, 2.448527E+000, 4.657932E+000, -2.870479E-001, 7.023554E-002, 1.231081E-001, -5.060794E-001
9.440000E-004, 1.739765E+000, 2.441378E+000, 4.747258E+000, -2.521518E-001, 1.009337E-001, 1.252347E-001, -4.986509E-001
9.520000E-004, 1.719033E+000, 2.462825E+000, 5.086696E+000, -1.699774E-001, 1.070256E-001, 1.330324E-001, -4.945240E-001
9.600000E-004, 1.579091E+000, 2.489633E+000, 5.023356E+000, -6.303796E-002, 8.409153E-002, 1.426022E-001, -4.813178E-001
9.680000E-004, 1.409779E+000, 2.700528E+000, 4.666053E+000, -2.251356E-002, 7.143002E-002, 1.538261E-001, -4.582070E-001
9.760000E-004, 1.332034E+000, 2.780954E+000, 4.602713E+000, -5.628389E-002, 7.788022E-002, 1.625689E-001, -4.322664E-001
9.840000E-004, 1.382137E+000, 2.548612E+000, 4.771620E+000, -1.294530E-001, 6.927995E-002, 1.700121E-001, -4.069152E-001
9.920000E-004, 1.565270E+000, 2.364526E+000, 4.808974E+000, -1.756057E-001, 4.622645E-002, 1.786367E-001, -3.894642E-001
1.000000E-003, 1.694845E+000, 2.344867E+000, 4.726145E+000, -1.834855E-001, 4.658480E-002, 1.860799E-001, -3.788521E-001
1.008000E-003, 1.700028E+000, 2.478910E+000, 4.761875E+000, -3.129385E-001, 5.482672E-002, 1.968312E-001, -3.661176E-001
1.016000E-003, 1.686207E+000, 2.629039E+000, 4.921037E+000, -5.200632E-001, 3.201212E-002, 2.009663E-001, -3.645847E-001
1.024000E-003, 1.662019E+000, 2.437803E+000, 5.023356E+000, -5.684673E-001, -3.941790E-003, 1.833626E-001, -3.800312E-001
1.032000E-003, 1.677568E+000, 2.232270E+000, 5.085072E+000, -4.232549E-001, -2.783143E-002, 1.701302E-001, -3.889925E-001
1.040000E-003, 1.582546E+000, 2.419931E+000, 5.135419E+000, -2.048734E-001, -4.168742E-002, 1.815904E-001, -3.854552E-001
1.048000E-003, 1.302664E+000, 2.496782E+000, 5.106185E+000, -8.780287E-002, -4.240411E-002, 1.944683E-001, -3.813283E-001
1.056000E-003, 1.373498E+000, 2.305547E+000, 5.028228E+000, -7.429474E-002, -3.798452E-002, 1.991941E-001, -3.786163E-001
1.064000E-003, 1.838242E+000, 2.344867E+000, 4.982753E+000, 0.000000E+000, -3.463998E-002, 2.162071E-001, -3.787342E-001
1.072000E-003, 1.992005E+000, 2.518229E+000, 4.890179E+000, 1.091908E-001, -1.230316E-002, 2.438533E-001, -3.862806E-001
1.080000E-003, 1.763952E+000, 2.448527E+000, 4.620578E+000, 6.191228E-002, 2.962315E-002, 2.606300E-001, -3.935911E-001
1.088000E-003, 1.648198E+000, 2.412782E+000, 4.401324E+000, -1.542179E-001, 6.557706E-002, 2.774068E-001, -3.900537E-001
1.096000E-003, 1.636104E+000, 2.587932E+000, 4.415941E+000, -2.791681E-001, 8.026919E-002, 3.032807E-001, -3.915866E-001
1.104000E-003, 1.428784E+000, 2.645124E+000, 4.433806E+000, -2.307640E-001, 7.799967E-002, 3.114328E-001, -4.132825E-001
1.112000E-003, 1.247378E+000, 2.570059E+000, 4.519883E+000, -2.892992E-001, 8.373318E-002, 2.937109E-001, -4.362754E-001
1.120000E-003, 1.408052E+000, 2.541463E+000, 4.737514E+000, -4.694077E-001, 1.047561E-001, 2.768160E-001, -4.429964E-001
1.128000E-003, 1.615372E+000, 2.521804E+000, 4.753755E+000, -4.817901E-001, 1.140730E-001, 2.756346E-001, -4.432322E-001
1.136000E-003, 1.637832E+000, 2.482484E+000, 4.747258E+000, -3.467088E-001, 9.460296E-002, 2.681914E-001, -4.514861E-001
1.144000E-003, 1.598096E+000, 2.368101E+000, 5.050966E+000, -2.172558E-001, 5.614065E-002, 2.381823E-001, -4.615086E-001
1.152000E-003, 1.591185E+000, 2.325207E+000, 5.424510E+000, -1.058137E-001, 1.469213E-002, 2.073462E-001, -4.622160E-001
1.160000E-003, 1.703483E+000, 2.521804E+000, 5.653509E+000, -2.814195E-002, -2.484522E-002, 1.974219E-001, -4.699983E-001
1.168000E-003, 1.869340E+000, 2.646911E+000, 5.643764E+000, 3.489602E-002, -6.808547E-002, 1.991941E-001, -4.971181E-001
1.176000E-003, 1.955723E+000, 2.616528E+000, 5.419637E+000, 7.992313E-002, -1.135952E-001, 1.923416E-001, -5.207005E-001
1.184000E-003, 1.988549E+000, 2.727337E+000, 5.278340E+000, 1.125678E-003, -1.433378E-001, 1.780460E-001, -5.298977E-001
1.192000E-003, 1.924625E+000, 2.845295E+000, 5.182518E+000, -1.992450E-001, -1.383210E-001, 1.739109E-001, -5.412173E-001
1.200000E-003, 1.746675E+000, 2.720188E+000, 4.927534E+000, -2.915506E-001, -1.036810E-001, 1.778097E-001, -5.554847E-001
1.208000E-003, 1.758769E+000, 2.512867E+000, 4.713152E+000, -1.891139E-001, -6.390478E-002, 1.756831E-001, -5.685729E-001
1.216000E-003, 2.068022E+000, 2.414569E+000, 4.690414E+000, -1.744801E-001, -3.189267E-002, 1.799363E-001, -5.830761E-001
1.224000E-003, 2.142312E+000, 2.589719E+000, 4.799230E+000, -3.163155E-001, -5.375169E-003, 2.113632E-001, -5.882643E-001
1.232000E-003, 1.663747E+000, 2.889976E+000, 4.903172E+000, -3.422061E-001, 1.612551E-002, 2.555497E-001, -5.804821E-001
1.240000E-003, 1.342400E+000, 2.797040E+000, 4.914541E+000, -2.847965E-001, 4.109018E-002, 2.844955E-001, -5.798925E-001
1.248000E-003, 1.586002E+000, 2.409207E+000, 4.945399E+000, -3.174412E-001, 7.107168E-002, 2.937109E-001, -5.857881E-001
1.256000E-003, 1.698300E+000, 2.221546E+000, 4.998994E+000, -3.061844E-001, 8.421098E-002, 3.002089E-001, -5.774164E-001
1.264000E-003, 1.475431E+000, 2.217972E+000, 5.021732E+000, -1.407097E-001, 8.074698E-002, 3.193486E-001, -5.580787E-001
1.272000E-003, 1.402869E+000, 2.325207E+000, 5.068831E+000, 7.879745E-003, 7.979139E-002, 3.390789E-001, -5.420427E-001
1.280000E-003, 1.532444E+000, 2.523591E+000, 5.011987E+000, 6.191228E-002, 7.644685E-002, 3.393152E-001, -5.389769E-001
1.288000E-003, 1.637832E+000, 2.611166E+000, 4.677422E+000, 1.339557E-001, 6.665209E-002, 3.302180E-001, -5.482920E-001
1.296000E-003, 1.670658E+000, 2.646911E+000, 4.331487E+000, 1.249502E-001, 6.939940E-002, 3.289184E-001, -5.480562E-001
1.304000E-003, 1.739765E+000, 2.723763E+000, 4.352601E+000, -1.564692E-001, 8.648049E-002, 3.289184E-001, -5.303693E-001
1.312000E-003, 1.845152E+000, 2.748784E+000, 4.516635E+000, -5.020523E-001, 9.281124E-002, 3.305724E-001, -5.162199E-001
1.320000E-003, 1.862429E+000, 2.757720E+000, 4.552365E+000, -5.223145E-001, 9.794752E-002, 3.447500E-001, -5.125646E-001
1.328000E-003, 1.753586E+000, 2.763082E+000, 4.724521E+000, -3.264466E-001, 1.217177E-001, 3.590456E-001, -5.143332E-001
1.336000E-003, 1.727671E+000, 2.655847E+000, 5.107809E+000, -2.667857E-001, 1.343792E-001, 3.588093E-001, -5.198752E-001
1.344000E-003, 1.957451E+000, 2.464612E+000, 5.301078E+000, -2.735397E-001, 1.270929E-001, 3.513661E-001, -5.212901E-001
1.352000E-003, 2.102576E+000, 2.348441E+000, 5.203631E+000, -1.913652E-001, 1.356931E-001, 3.452225E-001, -5.151587E-001
1.360000E-003, 1.933264E+000, 2.328781E+000, 5.132171E+000, -8.667719E-002, 1.573133E-001, 3.394334E-001, -5.053719E-001
1.368000E-003, 1.710394E+000, 2.359164E+000, 5.176022E+000, -5.515822E-002, 1.587466E-001, 3.271462E-001, -4.994763E-001
1.376000E-003, 1.644743E+000, 2.382399E+000, 5.154908E+000, -1.452124E-001, 1.420239E-001, 2.999726E-001, -5.012450E-001
1.384000E-003, 1.793322E+000, 2.366313E+000, 4.989250E+000, -2.341410E-001, 1.284068E-001, 2.593304E-001, -5.008913E-001
1.392000E-003, 2.038652E+000, 2.400271E+000, 4.724521E+000, -1.823598E-001, 1.220760E-001, 2.177430E-001, -4.947598E-001
1.400000E-003, 2.093937E+000, 2.430654E+000, 4.648188E+000, -1.091908E-001, 1.174176E-001, 1.821811E-001, -4.817895E-001
1.408000E-003, 1.947085E+000, 2.473548E+000, 4.958392E+000, -1.733544E-001, 1.022477E-001, 1.403574E-001, -4.643385E-001
1.416000E-003, 1.670658E+000, 2.695167E+000, 5.172773E+000, -2.938019E-001, 6.939940E-002, 9.191757E-002, -4.633952E-001
1.424000E-003, 1.179999E+000, 2.791678E+000, 4.956768E+000, -2.701627E-001, 2.962315E-002, 6.131776E-002, -4.795492E-001
1.432000E-003, 7.774519E-001, 2.586145E+000, 4.727769E+000, -6.191228E-002, -8.719718E-003, 5.162979E-002, -4.826149E-001
1.440000E-003, 8.050946E-001, 2.618315E+000, 4.732641E+000, 5.740957E-002, -3.977625E-002, 4.985760E-002, -4.717669E-001
1.448000E-003, 1.043513E+000, 2.847082E+000, 4.669301E+000, -1.091908E-001, -5.184051E-002, 6.368068E-002, -4.762476E-001
1.456000E-003, 1.230102E+000, 2.643337E+000, 4.531252E+000, -2.544032E-001, -4.849597E-002, 9.806116E-002, -4.909866E-001
1.464000E-003, 1.243923E+000, 2.410995E+000, 4.544245E+000, -1.609719E-001, -4.192632E-002, 1.424840E-001, -4.906329E-001
1.472000E-003, 1.065973E+000, 2.609379E+000, 4.537748E+000, -1.666003E-001, -2.102288E-002, 1.893880E-001, -4.799029E-001
1.480000E-003, 9.934108E-001, 2.655847E+000, 4.451671E+000, -3.433318E-001, 1.552826E-002, 2.371190E-001, -4.748327E-001
1.488000E-003, 1.193821E+000, 2.487846E+000, 4.495522E+000, -3.073101E-001, 4.180687E-002, 2.834322E-001, -4.714132E-001
1.496000E-003, 1.418418E+000, 2.580783E+000, 4.615705E+000, -1.508408E-001, 5.482672E-002, 3.225385E-001, -4.691729E-001
1.504000E-003, 1.547993E+000, 2.679081E+000, 4.752131E+000, -2.273869E-001, 6.748823E-002, 3.549105E-001, -4.800208E-001
1.512000E-003, 1.712122E+000, 2.562910E+000, 4.968136E+000, -3.275723E-001, 9.185566E-002, 3.822022E-001, -4.968823E-001
1.520000E-003, 1.834786E+000, 2.553974E+000, 5.119178E+000, -1.936166E-001, 1.425017E-001, 4.021689E-001, -5.052540E-001
1.528000E-003, 1.791595E+000, 2.503931E+000, 5.117554E+000, -1.801085E-002, 2.012702E-001, 4.145742E-001, -5.100884E-001
1.536000E-003, 1.639560E+000, 2.191163E+000, 5.161405E+000, 2.701627E-002, 2.371047E-001, 4.174097E-001, -5.120929E-001
1.544000E-003, 1.465065E+000, 2.135759E+000, 5.341681E+000, -5.065551E-002, 2.417631E-001, 4.136291E-001, -5.152766E-001
1.552000E-003, 1.447788E+000, 2.405633E+000, 5.473233E+000, -2.183815E-001, 2.134539E-001, 4.021689E-001, -5.348500E-001
1.560000E-003, 1.553176E+000, 2.428867E+000, 5.364418E+000, -3.861075E-001, 1.591050E-001, 3.692062E-001, -5.552488E-001
1.568000E-003, 1.478886E+000, 2.278738E+000, 5.237738E+000, -4.367630E-001, 9.591690E-002, 3.194667E-001, -5.533623E-001
1.576000E-003, 1.245651E+000, 2.228695E+000, 5.361170E+000, -3.196925E-001, 3.547611E-002, 2.606300E-001, -5.334350E-001
1.584000E-003, 1.143718E+000, 2.098227E+000, 5.481353E+000, -1.530922E-001, -2.424798E-002, 1.912783E-001, -4.955852E-001
1.592000E-003, 1.288842E+000, 2.033886E+000, 5.361170E+000, -1.103164E-001, -8.815277E-002, 1.389397E-001, -4.543159E-001
1.600000E-003, 1.503074E+000, 2.209036E+000, 5.137043E+000, -1.711030E-001, -1.396349E-001, 1.131838E-001, -4.387515E-001
1.608000E-003, 1.530716E+000, 2.294823E+000, 4.911293E+000, -2.408951E-001, -1.520575E-001, 8.967280E-002, -4.323843E-001
1.616000E-003, 1.432239E+000, 2.359164E+000, 4.748882E+000, -2.600316E-001, -1.212399E-001, 7.525899E-002, -4.111601E-001
1.624000E-003, 1.432239E+000, 2.609379E+000, 4.761875E+000, -1.485895E-001, -6.521871E-002, 8.837319E-002, -3.876955E-001
1.632000E-003, 1.525533E+000, 2.707677E+000, 4.820343E+000, 8.217449E-002, 1.433378E-003, 1.238170E-001, -3.703624E-001
1.640000E-003, 1.503074E+000, 2.561123E+000, 4.836584E+000, 2.206329E-001, 7.537181E-002, 1.714298E-001, -3.562129E-001
1.648000E-003, 1.326851E+000, 2.446739E+000, 4.932406E+000, 9.343126E-002, 1.390377E-001, 2.224689E-001, -3.494919E-001
1.656000E-003, 1.300936E+000, 2.428867E+000, 4.945399E+000, -8.780287E-002, 1.714082E-001, 2.696091E-001, -3.543263E-001
1.664000E-003, 1.544538E+000, 2.602230E+000, 4.792733E+000, -3.264466E-002, 1.833530E-001, 3.093062E-001, -3.702445E-001
1.672000E-003, 1.781229E+000, 2.813125E+000, 4.722897E+000, 4.052440E-002, 1.950589E-001, 3.370705E-001, -3.999584E-001
1.680000E-003, 1.836514E+000, 2.580783E+000, 4.654684E+000, -1.407097E-001, 2.037786E-001, 3.443955E-001, -4.419352E-001
1.688000E-003, 1.760497E+000, 2.178653E+000, 4.560486E+000, -3.455831E-001, 2.034203E-001, 3.326991E-001, -4.732998E-001
1.696000E-003, 1.651653E+000, 2.225121E+000, 4.692039E+000, -3.894846E-001, 1.943422E-001, 3.161586E-001, -4.755401E-001
1.704000E-003, 1.558359E+000, 2.466399E+000, 4.815470E+000, -3.680967E-001, 1.649580E-001, 2.943016E-001, -4.663430E-001
1.712000E-003, 1.428784E+000, 2.502144E+000, 4.799230E+000, -3.365777E-001, 1.200454E-001, 2.624022E-001, -4.659892E-001
1.720000E-003, 1.378681E+000, 2.489633E+000, 4.883683E+000, -2.960533E-001, 9.245290E-002, 2.347561E-001, -4.635131E-001
1.728000E-003, 1.509984E+000, 2.496782E+000, 4.956768E+000, -1.958680E-001, 8.074698E-002, 2.199878E-001, -4.421710E-001
1.736000E-003, 1.656836E+000, 2.441378E+000, 5.062335E+000, -3.489602E-002, 6.545761E-002, 2.137261E-001, -4.099809E-001
1.744000E-003, 1.788139E+000, 2.443165E+000, 5.258851E+000, 1.688517E-002, 5.267665E-002, 2.152620E-001, -3.833328E-001
1.752000E-003, 1.827876E+000, 2.552187E+000, 5.133795E+000, -2.251356E-002, 4.407638E-002, 2.284943E-001, -3.585712E-001
1.760000E-003, 1.679296E+000, 2.614741E+000, 4.844704E+000, -2.251356E-003, 3.894011E-002, 2.458618E-001, -3.298006E-001
1.768000E-003, 1.601551E+000, 2.530740E+000, 4.812222E+000, -4.952983E-002, 4.204576E-002, 2.537776E-001, -3.044494E-001
1.776000E-003, 1.551448E+000, 2.405633E+000, 4.735889E+000, -2.330153E-001, 4.646534E-002, 2.600393E-001, -2.914791E-001
1.784000E-003, 1.389047E+000, 2.355590E+000, 4.524755E+000, -3.241952E-001, 5.482672E-002, 2.703180E-001, -3.040957E-001
1.792000E-003, 1.366588E+000, 2.360952E+000, 4.482529E+000, -2.836708E-001, 7.095223E-002, 2.684276E-001, -3.392336E-001
1.800000E-003, 1.433967E+000, 2.453888E+000, 4.544245E+000, -2.555289E-001, 7.154947E-002, 2.593304E-001, -3.777909E-001
1.808000E-003, 1.309574E+000, 2.657634E+000, 4.502018E+000, -1.879882E-001, 5.255720E-002, 2.620478E-001, -4.192960E-001
1.816000E-003, 1.176544E+000, 2.700528E+000, 4.461416E+000, -8.892855E-002, 3.882066E-002, 2.697273E-001, -4.569100E-001
1.824000E-003, 1.351039E+000, 2.482484E+000, 4.540997E+000, -7.316906E-002, 3.977625E-002, 2.765797E-001, -4.775446E-001
1.832000E-003, 1.527261E+000, 2.446739E+000, 4.515011E+000, -7.204338E-002, 4.945155E-002, 2.854407E-001, -4.978256E-001
1.840000E-003, 1.361405E+000, 2.673720E+000, 4.485777E+000, -9.905966E-002, 5.207941E-002, 2.947742E-001, -5.261245E-001
1.848000E-003, 1.316485E+000, 2.702316E+000, 4.810598E+000, -2.026220E-001, 4.371804E-002, 3.139139E-001, -5.422785E-001
1.856000E-003, 1.596368E+000, 2.486059E+000, 5.120802E+000, -2.138788E-001, 4.204576E-002, 3.441592E-001, -5.387411E-001
1.864000E-003, 1.660292E+000, 2.335930E+000, 5.016860E+000, -1.226989E-001, 4.324025E-002, 3.693243E-001, -5.269499E-001
1.872000E-003, 1.551448E+000, 2.314483E+000, 4.817094E+000, -6.416364E-002, 3.631225E-002, 3.861010E-001, -5.149229E-001
1.880000E-003, 1.610189E+000, 2.350228E+000, 4.752131E+000, -1.575949E-002, 3.571501E-002, 3.988608E-001, -5.083197E-001
1.888000E-003, 1.636104E+000, 2.466399E+000, 4.748882E+000, -1.125678E-003, 3.798452E-002, 4.016963E-001, -5.093809E-001
1.896000E-003, 1.656836E+000, 2.525378E+000, 4.864193E+000, -7.204338E-002, 2.878702E-002, 3.902361E-001, -5.162199E-001
1.904000E-003, 1.770863E+000, 2.309121E+000, 5.049342E+000, -1.091908E-001, 2.054509E-002, 3.680247E-001, -5.296619E-001
1.912000E-003, 1.800233E+000, 2.012439E+000, 5.034725E+000, -1.699774E-001, 7.883580E-003, 3.391971E-001, -5.479383E-001
1.920000E-003, 1.848608E+000, 2.083929E+000, 4.834960E+000, -3.759764E-001, -2.341185E-002, 3.143864E-001, -5.657430E-001
1.928000E-003, 1.876251E+000, 2.461037E+000, 4.899924E+000, -4.964240E-001, -3.738729E-002, 3.046985E-001, -5.815433E-001
1.936000E-003, 1.553176E+000, 2.679081E+000, 5.271844E+000, -4.086211E-001, -4.897376E-003, 2.963101E-001, -5.988764E-001
1.944000E-003, 1.162722E+000, 2.602230E+000, 5.380659E+000, -2.589059E-001, 3.201212E-002, 2.770523E-001, -6.190394E-001
1.952000E-003, 1.228374E+000, 2.407420E+000, 5.163029E+000, -1.181962E-001, 3.237046E-002, 2.726809E-001, -6.303589E-001
1.960000E-003, 1.468520E+000, 2.319845E+000, 5.174397E+000, -1.069394E-001, 1.624495E-002, 2.977279E-001, -6.235200E-001
1.968000E-003, 1.394230E+000, 2.357377E+000, 5.366042E+000, -2.420207E-001, 8.600269E-003, 3.176945E-001, -6.173886E-001
1.976000E-003, 1.306119E+000, 2.353803E+000, 5.310822E+000, -2.544032E-001, 2.747308E-003, 3.187578E-001, -6.234021E-001
1.984000E-003, 1.459882E+000, 2.425292E+000, 5.099689E+000, -1.711030E-001, -6.689099E-003, 3.316357E-001, -6.224588E-001
1.992000E-003, 1.432239E+000, 2.673720E+000, 4.812222E+000, -2.318897E-001, -6.927995E-003, 3.582186E-001, -6.110213E-001
2.000000E-003, 1.169633E+000, 2.768444E+000, 4.463040E+000, -3.241952E-001, 9.675303E-003, 3.781853E-001, -6.008809E-001
2.008000E-003, 1.188638E+000, 2.662996E+000, 4.492274E+000, -3.050587E-001, 2.520357E-002, 3.954346E-001, -5.910941E-001
2.016000E-003, 1.494435E+000, 2.598655E+000, 4.917789E+000, -1.801085E-001, 3.702894E-002, 4.115024E-001, -5.793029E-001
2.024000E-003, 1.624011E+000, 2.523591E+000, 5.107809E+000, -4.390144E-002, 6.724934E-002, 4.190638E-001, -5.626773E-001
2.032000E-003, 1.432239E+000, 2.393122E+000, 4.986001E+000, -1.125678E-002, 9.663358E-002, 4.221356E-001, -5.441651E-001
2.040000E-003, 1.235285E+000, 2.273376E+000, 4.947023E+000, -5.853525E-002, 9.161676E-002, 4.188275E-001, -5.381516E-001
2.048000E-003, 1.276749E+000, 2.191163E+000, 5.002243E+000, -2.059990E-001, 7.656629E-002, 4.081943E-001, -5.428680E-001
2.056000E-003, 1.224919E+000, 2.157206E+000, 4.990874E+000, -2.577802E-001, 7.752188E-002, 4.076036E-001, -5.421606E-001
2.064000E-003, 9.640403E-001, 2.201887E+000, 4.976257E+000, -1.125678E-002, 7.847746E-002, 4.191819E-001, -5.363829E-001
2.072000E-003, 1.045241E+000, 2.328781E+000, 4.958392E+000, 9.455694E-002, 8.456932E-002, 4.196545E-001, -5.394486E-001
2.080000E-003, 1.418418E+000, 2.396697E+000, 4.825215E+000, -1.530922E-001, 1.204038E-001, 4.028778E-001, -5.481741E-001
2.088000E-003, 1.490980E+000, 2.405633E+000, 4.721272E+000, -3.388290E-001, 1.651969E-001, 3.904724E-001, -5.449905E-001
2.096000E-003, 1.333762E+000, 2.503931E+000, 4.820343E+000, -2.769168E-001, 1.865781E-001, 3.898817E-001, -5.320201E-001
2.104000E-003, 1.359677E+000, 2.582570E+000, 4.864193E+000, -1.294530E-001, 1.843086E-001, 3.861010E-001, -5.231767E-001
2.112000E-003, 1.523806E+000, 2.477123E+000, 4.667677E+000, -2.138788E-002, 1.635246E-001, 3.753498E-001, -5.194035E-001
2.120000E-003, 1.539355E+000, 2.362739E+000, 4.576727E+000, 2.138788E-002, 1.310347E-001, 3.625900E-001, -5.177527E-001
2.128000E-003, 1.371771E+000, 2.532527E+000, 4.683918E+000, 2.138788E-002, 9.555855E-002, 3.448681E-001, -5.144512E-001
2.136000E-003, 1.181727E+000, 2.816699E+000, 4.695287E+000, -1.013110E-002, 6.354644E-002, 3.269099E-001, -5.082018E-001
2.144000E-003, 1.192093E+000, 2.814912E+000, 4.753755E+000, -1.215732E-001, 4.945155E-002, 3.122598E-001, -5.054898E-001
2.152000E-003, 1.363132E+000, 2.664783E+000, 4.961640E+000, -2.724141E-001, 5.614065E-002, 2.984367E-001, -5.066690E-001
2.160000E-003, 1.288842E+000, 2.525378E+000, 4.969760E+000, -3.523372E-001, 7.489402E-002, 2.931202E-001, -4.997121E-001
2.168000E-003, 9.519467E-001, 2.282313E+000, 4.761875E+000, -3.545885E-001, 1.039199E-001, 3.018630E-001, -4.845015E-001
2.176000E-003, 6.910684E-001, 2.219759E+000, 4.648188E+000, -3.005560E-001, 1.434573E-001, 3.178127E-001, -4.767193E-001
2.184000E-003, 6.772470E-001, 2.444952E+000, 4.630322E+000, -2.318897E-001, 1.853836E-001, 3.344713E-001, -4.732998E-001
2.192000E-003, 9.277592E-001, 2.514655E+000, 4.573479E+000, -1.969936E-001, 2.099899E-001, 3.473492E-001, -4.592682E-001
2.200000E-003, 1.173089E+000, 2.362739E+000, 4.505267E+000, -1.440868E-001, 2.056898E-001, 3.485306E-001, -4.405202E-001
2.208000E-003, 1.179999E+000, 2.318058E+000, 4.474409E+000, -9.005423E-002, 1.769028E-001, 3.343531E-001, -4.328559E-001
2.216000E-003, 1.084977E+000, 2.389548E+000, 4.566982E+000, -1.170705E-001, 1.263762E-001, 3.185216E-001, -4.413456E-001
2.224000E-003, 1.033147E+000, 2.434229E+000, 4.709904E+000, -1.575949E-001, 6.665209E-002, 3.097787E-001, -4.547876E-001
2.232000E-003, 1.086705E+000, 2.385973E+000, 4.679046E+000, -1.868625E-001, 1.982840E-002, 3.002089E-001, -4.560846E-001
2.240000E-003, 1.256017E+000, 2.217972E+000, 4.698535E+000, -1.823598E-001, -5.614065E-003, 2.945379E-001, -4.454725E-001
2.248000E-003, 1.300936E+000, 2.187589E+000, 4.977881E+000, -4.840415E-002, -1.122813E-002, 3.015085E-001, -4.418172E-001
2.256000E-003, 1.166178E+000, 2.344867E+000, 5.137043E+000, 7.767177E-002, -4.897376E-003, 3.083610E-001, -4.473591E-001
2.264000E-003, 1.133352E+000, 2.350228E+000, 5.003867E+000, 8.330017E-002, 1.003365E-002, 3.085973E-001, -4.383978E-001
2.272000E-003, 1.226646E+000, 2.194738E+000, 4.966512E+000, 3.151898E-002, 4.109018E-002, 3.152135E-001, -4.132825E-001
2.280000E-003, 1.294026E+000, 2.089290E+000, 5.180894E+000, -9.905966E-002, 6.796602E-002, 3.338805E-001, -3.977180E-001
2.288000E-003, 1.354494E+000, 2.105376E+000, 5.333560E+000, -2.273869E-001, 6.772713E-002, 3.488851E-001, -3.988972E-001
2.296000E-003, 1.423601E+000, 2.205461E+000, 5.156532E+000, -2.048734E-001, 6.629375E-002, 3.550287E-001, -4.034958E-001
2.304000E-003, 1.509984E+000, 2.319845E+000, 4.909668E+000, -8.892855E-002, 8.134422E-002, 3.608178E-001, -4.085660E-001
2.312000E-003, 1.596368E+000, 2.410995E+000, 4.977881E+000, -1.575949E-002, 9.770862E-002, 3.602271E-001, -4.190602E-001
2.320000E-003, 1.577363E+000, 2.412782E+000, 5.180894E+000, -5.853525E-002, 1.106090E-001, 3.519568E-001, -4.284931E-001
2.328000E-003, 1.380409E+000, 2.255504E+000, 5.229617E+000, -1.418354E-001, 1.168203E-001, 3.465222E-001, -4.339171E-001
2.336000E-003, 1.136807E+000, 2.016013E+000, 5.167901E+000, -7.204338E-002, 1.149092E-001, 3.402604E-001, -4.409918E-001
2.344000E-003, 1.133352E+000, 1.939162E+000, 5.091568E+000, 1.283273E-001, 1.102507E-001, 3.295091E-001, -4.498353E-001
2.352000E-003, 1.316485E+000, 2.057120E+000, 5.023356E+000, 2.093761E-001, 9.496132E-002, 3.140320E-001, -4.591503E-001
2.360000E-003, 1.313030E+000, 2.200099E+000, 4.898300E+000, 1.339557E-001, 7.226615E-002, 2.940653E-001, -4.638668E-001
2.368000E-003, 1.257744E+000, 2.259079E+000, 4.758627E+000, 6.979203E-002, 6.306864E-002, 2.813056E-001, -4.517219E-001
2.376000E-003, 1.423601E+000, 2.221546E+000, 4.705031E+000, 4.165008E-002, 6.199361E-002, 2.778793E-001, -4.299081E-001
2.384000E-003, 1.499618E+000, 2.271589E+000, 4.716400E+000, -7.091770E-002, 5.243776E-002, 2.764616E-001, -4.231871E-001
2.392000E-003, 1.368315E+000, 2.273376E+000, 4.804102E+000, -2.544032E-001, 4.228466E-002, 2.836685E-001, -4.242483E-001
2.400000E-003, 1.271566E+000, 2.049971E+000, 4.883683E+000, -3.647196E-001, 4.419583E-002, 2.997364E-001, -4.096272E-001
2.408000E-003, 1.181727E+000, 1.951672E+000, 4.812222E+000, -3.478345E-001, 5.817127E-002, 3.116691E-001, -3.911150E-001
2.416000E-003, 1.166178E+000, 1.971332E+000, 4.778116E+000, -2.600316E-001, 7.596905E-002, 3.202937E-001, -3.911150E-001
2.424000E-003, 1.416690E+000, 1.946311E+000, 4.958392E+000, -1.519665E-001, 8.397208E-002, 3.356527E-001, -4.108063E-001
2.432000E-003, 1.724216E+000, 2.212610E+000, 5.062335E+000, -3.377034E-002, 7.728298E-002, 3.531383E-001, -4.306156E-001
2.440000E-003, 1.801961E+000, 2.528953E+000, 4.812222E+000, 1.238246E-002, 7.202726E-002, 3.595182E-001, -4.330917E-001
2.448000E-003, 1.630921E+000, 2.439590E+000, 4.417565E+000, -4.840415E-002, 8.337484E-002, 3.542016E-001, -4.308514E-001
2.456000E-003, 1.370043E+000, 2.309121E+000, 4.355849E+000, -2.701627E-002, 9.914200E-002, 3.521931E-001, -4.368649E-001
2.464000E-003, 1.245651E+000, 2.339505E+000, 4.659556E+000, 5.290686E-002, 9.197511E-002, 3.612904E-001, -4.389873E-001
2.472000E-003, 1.256017E+000, 2.262653E+000, 4.784613E+000, -2.926763E-002, 6.282975E-002, 3.651892E-001, -4.309693E-001
2.480000E-003, 1.278476E+000, 2.092865E+000, 4.653060E+000, -1.058137E-001, 5.279610E-002, 3.611722E-001, -4.286111E-001
2.488000E-003, 1.321668E+000, 2.010651E+000, 4.724521E+000, -6.416364E-002, 7.776077E-002, 3.667251E-001, -4.387515E-001
2.496000E-003, 1.359677E+000, 2.191163E+000, 4.903172E+000, -6.416364E-002, 1.052339E-001, 3.641259E-001, -4.459442E-001
2.504000E-003, 1.318213E+000, 2.502144E+000, 4.942151E+000, -4.390144E-002, 1.156259E-001, 3.371886E-001, -4.498353E-001
2.512000E-003, 1.181727E+000, 2.418144E+000, 5.099689E+000, -4.052440E-002, 1.112063E-001, 3.188760E-001, -4.628056E-001
2.520000E-003, 1.027964E+000, 2.117886E+000, 5.247482E+000, -1.542179E-001, 9.663358E-002, 3.208845E-001, -4.705878E-001
2.528000E-003, 9.191209E-001, 2.264440E+000, 5.078576E+000, -1.778571E-001, 8.014974E-002, 3.123780E-001, -4.598578E-001
2.536000E-003, 8.171883E-001, 2.564698E+000, 4.973009E+000, -1.260759E-001, 6.354644E-002, 2.898121E-001, -4.457083E-001
2.544000E-003, 8.154606E-001, 2.464612E+000, 5.065583E+000, -1.733544E-001, 5.482672E-002, 2.784701E-001, -4.424068E-001
2.552000E-003, 1.086705E+000, 2.235844E+000, 5.042845E+000, -1.609719E-001, 6.223251E-002, 2.797697E-001, -4.450009E-001
2.560000E-003, 1.466793E+000, 2.228695E+000, 5.020108E+000, -4.502711E-002, 6.712988E-002, 2.771704E-001, -4.388694E-001
2.568000E-003, 1.537627E+000, 2.244781E+000, 5.133795E+000, -5.290686E-002, 5.972410E-002, 2.794152E-001, -4.262528E-001
2.576000E-003, 1.340673E+000, 2.087503E+000, 5.172773E+000, -1.091908E-001, 5.709624E-002, 2.909935E-001, -4.235408E-001
2.584000E-003, 1.411507E+000, 2.012439E+000, 4.997370E+000, 1.688517E-002, 5.984354E-002, 2.909935E-001, -4.268424E-001
2.592000E-003, 1.777773E+000, 2.226908E+000, 4.841456E+000, 1.778571E-001, 4.992934E-002, 2.803604E-001, -4.273140E-001
2.600000E-003, 1.893527E+000, 2.482484E+000, 4.971385E+000, 1.125678E-001, 3.045929E-002, 2.755164E-001, -4.284931E-001
2.608000E-003, 1.812327E+000, 2.428867E+000, 5.171149E+000, -8.555152E-002, 4.180687E-003, 2.771704E-001, -4.235408E-001
2.616000E-003, 1.713850E+000, 2.255504E+000, 5.167901E+000, -1.688517E-001, -4.144852E-002, 2.822507E-001, -4.142258E-001
2.624000E-003, 1.361405E+000, 2.385973E+000, 5.145164E+000, -5.966093E-002, -9.281124E-002, 2.869766E-001, -4.123392E-001
2.632000E-003, 1.136807E+000, 2.455676E+000, 5.179270E+000, 1.069394E-001, -1.236289E-001, 2.881580E-001, -4.102167E-001
2.640000E-003, 1.354494E+000, 2.173291E+000, 5.135419E+000, 1.148191E-001, -1.389183E-001, 2.940653E-001, -4.040853E-001
2.648000E-003, 1.506529E+000, 2.101801E+000, 5.086696E+000, -3.602169E-002, -1.573133E-001, 3.088336E-001, -4.030241E-001
2.656000E-003, 1.468520E+000, 2.209036E+000, 5.050966E+000, -1.114421E-001, -1.714082E-001, 3.246651E-001, -4.084481E-001
2.664000E-003, 1.484069E+000, 2.078567E+000, 4.888555E+000, -3.264466E-002, -1.678247E-001, 3.395515E-001, -4.118675E-001
2.672000E-003, 1.485797E+000, 2.003502E+000, 4.706656E+000, 8.892855E-002, -1.575522E-001, 3.568009E-001, -4.063256E-001
2.680000E-003, 1.459882E+000, 2.151844E+000, 4.786237E+000, 1.136935E-001, -1.477574E-001, 3.751135E-001, -4.019629E-001
2.688000E-003, 1.395958E+000, 2.255504E+000, 5.091568E+000, 2.701627E-002, -1.399933E-001, 3.973249E-001, -4.085660E-001
2.696000E-003, 1.216280E+000, 2.248355E+000, 5.320567E+000, 5.628389E-003, -1.442934E-001, 4.261525E-001, -4.214184E-001
2.704000E-003, 1.033147E+000, 2.196525E+000, 5.338432E+000, 1.013110E-001, -1.430989E-001, 4.495454E-001, -4.312051E-001
2.712000E-003, 9.605850E-001, 2.119673E+000, 5.263723E+000, 1.362070E-001, -1.167009E-001, 4.605330E-001, -4.327380E-001
2.720000E-003, 9.657680E-001, 2.007077E+000, 5.192263E+000, 5.740957E-002, -8.922780E-002, 4.705754E-001, -4.315589E-001
2.728000E-003, 1.038330E+000, 1.983843E+000, 5.130547E+000, 1.913652E-002, -7.250505E-002, 4.826263E-001, -4.292006E-001
2.736000E-003, 1.214553E+000, 2.216185E+000, 5.179270E+000, 5.853525E-002, -5.148217E-002, 4.854618E-001, -4.215363E-001
2.744000E-003, 1.435694E+000, 2.452101E+000, 5.323815E+000, -1.125678E-002, -3.726783E-002, 4.731746E-001, -4.138720E-001
2.752000E-003, 1.532444E+000, 2.318058E+000, 5.244234E+000, -1.879882E-001, -4.730148E-002, 4.546257E-001, -4.090376E-001
2.760000E-003, 1.490980E+000, 2.103588E+000, 4.945399E+000, -1.834855E-001, -6.294920E-002, 4.389123E-001, -4.019629E-001
2.768000E-003, 1.523806E+000, 2.241206E+000, 4.826839E+000, -4.165008E-002, -6.211306E-002, 4.222537E-001, -3.884030E-001
2.776000E-003, 1.553176E+000, 2.330569E+000, 4.878810E+000, -1.350813E-002, -5.709624E-002, 4.074855E-001, -3.728386E-001
2.784000E-003, 1.364860E+000, 2.162567E+000, 4.805726E+000, -3.939873E-002, -6.378534E-002, 4.008693E-001, -3.701266E-001
2.792000E-003, 1.159267E+000, 2.176865E+000, 4.670925E+000, -2.138788E-002, -7.859691E-002, 3.951983E-001, -3.737819E-001
2.800000E-003, 1.166178E+000, 2.259079E+000, 4.744010E+000, 2.026220E-002, -1.000976E-001, 3.845651E-001, -3.599861E-001
2.808000E-003, 1.247378E+000, 2.189376E+000, 4.992498E+000, 1.125678E-001, -1.231511E-001, 3.675521E-001, -3.334559E-001
2.816000E-003, 1.252561E+000, 2.158993E+000, 5.122426E+000, 2.600316E-001, -1.352154E-001, 3.479399E-001, -3.130570E-001
2.824000E-003, 1.204187E+000, 2.041035E+000, 5.112681E+000, 3.771021E-001, -1.397544E-001, 3.256103E-001, -3.007942E-001
2.832000E-003, 1.133352E+000, 1.844438E+000, 5.107809E+000, 3.512115E-001, -1.515798E-001, 3.039896E-001, -2.906537E-001
2.840000E-003, 1.007232E+000, 1.837289E+000, 5.028228E+000, 2.161302E-001, -1.625690E-001, 3.023356E-001, -2.736743E-001
2.848000E-003, 7.791796E-001, 1.894480E+000, 4.919413E+000, 1.148191E-001, -1.512214E-001, 3.115509E-001, -2.450217E-001
2.856000E-003, 6.254169E-001, 1.862310E+000, 4.909668E+000, 5.178118E-002, -1.192093E-001, 3.018630E-001, -2.206138E-001
2.864000E-003, 7.930009E-001, 1.878395E+000, 4.836584E+000, -3.264466E-002, -8.313594E-002, 2.879217E-001, -2.214392E-001
2.872000E-003, 9.968661E-001, 2.030311E+000, 4.664429E+000, -9.117991E-002, -6.282975E-002, 3.025718E-001, -2.307543E-001
2.880000E-003, 9.951384E-001, 2.142908E+000, 4.651436E+000, -1.350813E-002, -6.533816E-002, 3.337624E-001, -2.208497E-001
2.888000E-003, 1.124714E+000, 2.103588E+000, 4.740762E+000, 2.251356E-001, -6.569651E-002, 3.513661E-001, -2.031628E-001
2.896000E-003, 1.351039E+000, 2.139333E+000, 4.656308E+000, 4.108724E-001, -5.422948E-002, 3.547924E-001, -2.005688E-001
2.904000E-003, 1.344128E+000, 2.371675E+000, 4.592968E+000, 4.187522E-001, -6.402423E-002, 3.540835E-001, -2.090584E-001
2.912000E-003, 1.250834E+000, 2.480697E+000, 4.791109E+000, 4.716590E-001, -1.069061E-001, 3.513661E-001, -2.087047E-001
2.920000E-003, 1.280204E+000, 2.276951E+000, 4.979505E+000, 6.213742E-001, -1.446518E-001, 3.547924E-001, -1.995075E-001
2.928000E-003, 1.397686E+000, 2.126822E+000, 5.059086E+000, 6.258769E-001, -1.496686E-001, 3.661344E-001, -1.976209E-001
2.936000E-003, 1.508257E+000, 2.294823E+000, 5.115930E+000, 4.975496E-001, -1.372460E-001, 3.766494E-001, -1.912537E-001
2.944000E-003, 1.665475E+000, 2.421718E+000, 5.189014E+000, 4.221292E-001, -1.218372E-001, 3.938987E-001, -1.681429E-001
2.952000E-003, 1.886617E+000, 2.259079E+000, 5.507339E+000, 3.838561E-001, -1.023671E-001, 4.285154E-001, -1.479799E-001
2.960000E-003, 1.967817E+000, 2.080354E+000, 5.768820E+000, 3.444574E-001, -8.337484E-002, 4.714024E-001, -1.343021E-001
2.968000E-003, 1.820965E+000, 2.010651E+000, 5.458616E+000, 3.377034E-001, -6.509926E-002, 5.042470E-001, -1.159078E-001
2.976000E-003, 1.484069E+000, 1.976694E+000, 5.049342E+000, 3.816048E-001, -4.180687E-002, 5.171250E-001, -1.014045E-001
2.984000E-003, 1.055607E+000, 2.057120E+000, 5.065583E+000, 5.346970E-001, -2.126178E-002, 5.184245E-001, -9.444772E-002
2.992000E-003, 8.379204E-001, 2.155418E+000, 5.283213E+000, 7.058001E-001, -9.316958E-003, 5.211419E-001, -9.067453E-002
3.000000E-003, 9.847724E-001, 2.032098E+000, 5.419637E+000, 6.832865E-001, 2.388964E-004, 5.146438E-001, -9.032079E-002
3.008000E-003, 1.318213E+000, 1.894480E+000, 5.455368E+000, 5.797241E-001, -8.719718E-003, 4.712843E-001, -9.055661E-002
3.016000E-003, 1.546265E+000, 1.939162E+000, 5.426134E+000, 7.148055E-001, -5.685734E-002, 4.041774E-001, -8.961332E-002
3.024000E-003, 1.477159E+000, 1.932013E+000, 5.182518E+000, 9.613289E-001, -1.331847E-001, 3.555012E-001, -9.091035E-002
3.032000E-003, 1.121258E+000, 1.869459E+000, 4.737514E+000, 1.044629E+000, -2.128567E-001, 3.160405E-001, -9.940004E-002
3.040000E-003, 7.878179E-001, 2.001715E+000, 4.464664E+000, 1.106541E+000, -2.764031E-001, 2.608663E-001, -1.098942E-001
3.048000E-003, 7.878179E-001, 2.217972E+000, 4.575103E+000, 1.226989E+000, -3.233463E-001, 2.051014E-001, -1.131958E-001
3.056000E-003, 8.534694E-001, 2.237632E+000, 4.859321E+000, 1.228115E+000, -3.620475E-001, 1.643410E-001, -1.085972E-001
3.064000E-003, 9.087549E-001, 2.142908E+000, 4.964888E+000, 1.093033E+000, -3.829509E-001, 1.454377E-001, -9.491937E-002
3.072000E-003, 1.302664E+000, 2.108950E+000, 5.020108E+000, 9.647059E-001, -3.776952E-001, 1.574886E-001, -6.791746E-002
3.080000E-003, 1.596368E+000, 2.100014E+000, 5.343305E+000, 9.343126E-001, -3.572696E-001, 1.906876E-001, -3.513785E-002
3.088000E-003, 1.413235E+000, 2.087503E+000, 5.538197E+000, 9.714600E-001, -3.362467E-001, 2.261314E-001, -2.181377E-002
3.096000E-003, 1.316485E+000, 2.133971E+000, 5.249106E+000, 9.759627E-001, -3.172544E-001, 2.648833E-001, -2.629443E-002
3.104000E-003, 1.477159E+000, 2.246568E+000, 5.036349E+000, 9.241815E-001, -2.867951E-001, 3.175764E-001, -1.438530E-002
3.112000E-003, 1.516895E+000, 2.355590E+000, 5.325439E+000, 8.724003E-001, -2.381797E-001, 3.706239E-001, 4.480666E-003
3.120000E-003, 1.394230E+000, 2.364526E+000, 5.614530E+000, 8.678976E-001, -1.886087E-001, 3.980338E-001, -3.655280E-003
3.128000E-003, 1.332034E+000, 2.246568E+000, 5.515460E+000, 9.500721E-001, -1.545660E-001, 4.079581E-001, -2.711982E-002
3.136000E-003, 1.402869E+000, 2.146482E+000, 5.434254E+000, 1.089656E+000, -1.287652E-001, 4.273340E-001, -4.056182E-002
3.144000E-003, 1.504801E+000, 2.162567E+000, 5.536573E+000, 1.213481E+000, -1.089367E-001, 4.468281E-001, -4.256633E-002
3.152000E-003, 1.527261E+000, 2.094652E+000, 5.443999E+000, 1.317043E+000, -1.162231E-001, 4.391486E-001, -4.468875E-002
3.160000E-003, 1.446061E+000, 1.915927E+000, 5.257227E+000, 1.377830E+000, -1.414267E-001, 4.191819E-001, -5.412173E-002
3.168000E-003, 1.292298E+000, 1.880183E+000, 5.301078E+000, 1.378955E+000, -1.629273E-001, 4.144561E-001, -5.848448E-002
3.176000E-003, 1.126441E+000, 1.996354E+000, 5.392027E+000, 1.393589E+000, -1.952978E-001, 4.083125E-001, -4.362753E-002
3.184000E-003, 9.640403E-001, 2.039247E+000, 5.336808E+000, 1.487020E+000, -2.324462E-001, 3.879914E-001, -1.532859E-002
3.192000E-003, 9.191209E-001, 1.946311E+000, 5.198759E+000, 1.635610E+000, -2.506023E-001, 3.768857E-001, 1.827640E-002
3.200000E-003, 1.090160E+000, 1.881970E+000, 5.020108E+000, 1.736921E+000, -2.680417E-001, 3.784215E-001, 6.013525E-002
3.208000E-003, 1.214553E+000, 1.901629E+000, 4.904796E+000, 1.698648E+000, -3.005317E-001, 3.760586E-001, 1.106017E-001
3.216000E-003, 1.262927E+000, 1.910566E+000, 4.899924E+000, 1.491523E+000, -3.232268E-001, 3.610541E-001, 1.591816E-001
3.224000E-003, 1.485797E+000, 1.976694E+000, 4.906420E+000, 1.269765E+000, -3.299159E-001, 3.296273E-001, 2.006867E-001
3.232000E-003, 1.662019E+000, 2.071418E+000, 4.963264E+000, 1.306912E+000, -3.479526E-001, 2.904028E-001, 2.427813E-001
3.240000E-003, 1.532444E+000, 1.998141E+000, 5.031476E+000, 1.575949E+000, -3.744701E-001, 2.549590E-001, 2.774476E-001
3.248000E-003, 1.228374E+000, 1.939162E+000, 5.003867E+000, 1.814593E+000, -3.868927E-001, 2.277854E-001, 2.905358E-001
3.256000E-003, 1.000321E+000, 2.101801E+000, 5.150036E+000, 1.965434E+000, -3.897595E-001, 2.078188E-001, 2.999688E-001
3.264000E-003, 1.034875E+000, 2.237632E+000, 5.455368E+000, 2.117400E+000, -3.980014E-001, 1.858436E-001, 3.161228E-001
3.272000E-003, 1.245651E+000, 2.223334E+000, 5.533325E+000, 2.304263E+000, -4.086322E-001, 1.633959E-001, 3.286215E-001
3.280000E-003, 1.311302E+000, 2.137546E+000, 5.575552E+000, 2.377432E+000, -4.111407E-001, 1.577249E-001, 3.453650E-001
3.288000E-003, 1.140263E+000, 1.958821E+000, 5.689239E+000, 2.156799E+000, -4.079156E-001, 1.726113E-001, 3.697729E-001
3.296000E-003, 1.005504E+000, 1.889119E+000, 5.534949E+000, 1.843860E+000, -4.163964E-001, 1.909239E-001, 3.862806E-001
3.304000E-003, 1.017598E+000, 2.024949E+000, 5.338432E+000, 1.840483E+000, -4.449445E-001, 1.974219E-001, 3.927657E-001
3.312000E-003, 1.059062E+000, 2.024949E+000, 5.447247E+000, 2.078001E+000, -4.732537E-001, 1.963586E-001, 4.047928E-001
3.320000E-003, 1.098799E+000, 1.933800E+000, 5.572303E+000, 2.223214E+000, -4.863930E-001, 2.059284E-001, 4.250737E-001
3.328000E-003, 1.117803E+000, 1.992779E+000, 5.630771E+000, 2.246853E+000, -4.972628E-001, 2.292032E-001, 4.460621E-001
3.336000E-003, 1.190365E+000, 1.940949E+000, 5.747706E+000, 2.241225E+000, -4.998907E-001, 2.564949E-001, 4.694087E-001
3.344000E-003, 1.338945E+000, 1.731841E+000, 5.786685E+000, 2.366175E+000, -4.685953E-001, 2.835504E-001, 4.919299E-001
3.352000E-003, 1.361405E+000, 1.671075E+000, 5.863018E+000, 2.779299E+000, -4.190243E-001, 3.096606E-001, 5.097347E-001
3.360000E-003, 1.257744E+000, 1.712181E+000, 6.085520E+000, 3.209308E+000, -3.868927E-001, 3.326991E-001, 5.375620E-001
3.368000E-003, 1.138535E+000, 1.633543E+000, 6.262548E+000, 3.429940E+000, -3.684977E-001, 3.445137E-001, 5.762372E-001
3.376000E-003, 1.060790E+000, 1.470903E+000, 6.338881E+000, 3.607798E+000, -3.536861E-001, 3.467584E-001, 6.063048E-001
3.384000E-003, 1.110892E+000, 1.490563E+000, 6.330760E+000, 3.749633E+000, -3.616891E-001, 3.500665E-001, 6.285902E-001
3.392000E-003, 1.192093E+000, 1.687160E+000, 6.311271E+000, 3.902725E+000, -3.997931E-001, 3.443955E-001, 6.541772E-001
3.400000E-003, 1.212825E+000, 1.656777E+000, 6.348625E+000, 4.265193E+000, -4.537837E-001, 3.102513E-001, 6.795284E-001
3.408000E-003, 1.273293E+000, 1.572776E+000, 6.338881E+000, 4.607399E+000, -5.143439E-001, 2.609845E-001, 7.074736E-001
3.416000E-003, 1.371771E+000, 1.756863E+000, 6.208952E+000, 4.728973E+000, -5.741875E-001, 2.257770E-001, 7.432010E-001
3.424000E-003, 1.413235E+000, 1.790820E+000, 5.989698E+000, 4.934972E+000, -6.260279E-001, 1.983671E-001, 7.819941E-001
3.432000E-003, 1.352766E+000, 1.588861E+000, 5.833784E+000, 5.308697E+000, -6.686710E-001, 1.611511E-001, 8.270366E-001
3.440000E-003, 1.195548E+000, 1.676437E+000, 5.945848E+000, 5.643023E+000, -6.919634E-001, 1.252347E-001, 8.869360E-001
3.448000E-003, 1.022781E+000, 2.001715E+000, 6.165102E+000, 5.948082E+000, -6.888577E-001, 1.036140E-001, 9.605132E-001
3.456000E-003, 9.035718E-001, 1.889119E+000, 6.165102E+000, 6.220496E+000, -6.783463E-001, 9.239015E-002, 1.039750E+000
3.464000E-003, 9.173932E-001, 1.426222E+000, 6.090393E+000, 6.417490E+000, -6.747628E-001, 8.482881E-002, 1.114389E+000
3.472000E-003, 1.036602E+000, 1.295753E+000, 6.282037E+000, 6.647128E+000, -6.691487E-001, 7.844893E-002, 1.184193E+000
3.480000E-003, 1.166178E+000, 1.381541E+000, 6.566255E+000, 6.783335E+000, -6.612652E-001, 6.958798E-002, 1.262369E+000
3.488000E-003, 1.347583E+000, 1.408350E+000, 6.533773E+000, 6.747313E+000, -6.624597E-001, 5.292940E-002, 1.340780E+000
3.496000E-003, 1.494435E+000, 1.547755E+000, 6.226818E+000, 6.894777E+000, -6.697460E-001, 3.556194E-002, 1.401859E+000
3.504000E-003, 1.399413E+000, 1.588861E+000, 6.148860E+000, 7.297770E+000, -6.791824E-001, 1.854892E-002, 1.462937E+000
3.512000E-003, 1.103982E+000, 1.302902E+000, 6.506164E+000, 7.757046E+000, -7.028332E-001, -1.890336E-002, 1.541467E+000
3.520000E-003, 9.312146E-001, 1.183157E+000, 6.930055E+000, 8.388552E+000, -7.350842E-001, -7.147831E-002, 1.624123E+000
3.528000E-003, 1.062518E+000, 1.515584E+000, 7.256500E+000, 9.110111E+000, -7.565848E-001, -1.149560E-001, 1.706662E+000
3.536000E-003, 1.124714E+000, 1.713969E+000, 7.522853E+000, 9.626798E+000, -7.659018E-001, -1.481550E-001, 1.793917E+000
3.544000E-003, 8.085499E-001, 1.449456E+000, 7.516356E+000, 1.005118E+001, -7.679324E-001, -1.710754E-001, 1.883295E+000
3.552000E-003, 5.269396E-001, 1.179582E+000, 7.332833E+000, 1.051721E+001, -7.674546E-001, -1.797000E-001, 1.983166E+000
3.560000E-003, 6.668810E-001, 1.206391E+000, 7.279237E+000, 1.095285E+001, -7.627962E-001, -1.748560E-001, 2.092942E+000
3.568000E-003, 1.021053E+000, 1.394052E+000, 7.225642E+000, 1.147854E+001, -7.448789E-001, -1.547712E-001, 2.199182E+000
3.576000E-003, 1.200731E+000, 1.424435E+000, 7.194784E+000, 1.221023E+001, -7.154947E-001, -1.240533E-001, 2.311906E+000
3.584000E-003, 1.008960E+000, 1.142050E+000, 7.469257E+000, 1.306687E+001, -6.802574E-001, -9.179942E-002, 2.437246E+000
3.592000E-003, 6.565149E-001, 9.311550E-001, 7.732362E+000, 1.393927E+001, -6.574429E-001, -7.017871E-002, 2.572963E+000
3.600000E-003, 4.630158E-001, 1.117029E+000, 7.729114E+000, 1.477565E+001, -6.597124E-001, -6.344439E-002, 2.732499E+000
3.608000E-003, 4.802925E-001, 1.276093E+000, 7.919135E+000, 1.565030E+001, -6.643708E-001, -6.226293E-002, 2.911725E+000
3.616000E-003, 7.981839E-001, 1.134901E+000, 8.334906E+000, 1.661163E+001, -6.710600E-001, -7.419567E-002, 3.093782E+000
3.624000E-003, 1.128169E+000, 1.156348E+000, 8.555783E+000, 1.757296E+001, -7.028332E-001, -1.186186E-001, 3.285743E+000
3.632000E-003, 9.985937E-001, 1.345796E+000, 8.734435E+000, 1.860858E+001, -7.461929E-001, -1.947046E-001, 3.496099E+000
3.640000E-003, 7.515368E-001, 1.192093E+000, 9.120972E+000, 1.979167E+001, -7.801161E-001, -2.814237E-001, 3.729329E+000
3.648000E-003, 7.273495E-001, 8.721759E-001, 9.431176E+000, 2.085769E+001, -8.120088E-001, -3.637715E-001, 3.994278E+000
3.656000E-003, 6.340552E-001, 8.346438E-001, 9.543240E+000, 2.174022E+001, -8.516656E-001, -4.490728E-001, 4.282927E+000
3.664000E-003, 5.424886E-001, 9.114953E-001, 9.843699E+000, 2.284788E+001, -8.839166E-001, -5.420537E-001, 4.592682E+000
3.672000E-003, 7.290771E-001, 8.846866E-001, 1.042838E+001, 2.439569E+001, -8.923975E-001, -6.241652E-001, 4.951254E+000
3.680000E-003, 9.951384E-001, 8.114095E-001, 1.088962E+001, 2.617651E+001, -8.956226E-001, -6.755587E-001, 5.367130E+000
3.688000E-003, 1.160995E+000, 6.273233E-001, 1.112837E+001, 2.802825E+001, -9.103147E-001, -7.099392E-001, 5.817201E+000
3.696000E-003, 1.256017E+000, 4.110665E-001, 1.150191E+001, 3.002746E+001, -9.251263E-001, -7.437289E-001, 6.302764E+000
3.704000E-003, 1.141990E+000, 3.860451E-001, 1.206385E+001, 3.225292E+001, -9.339654E-001, -7.569612E-001, 6.855183E+000
3.712000E-003, 8.638355E-001, 3.735344E-001, 1.258844E+001, 3.456394E+001, -9.379072E-001, -7.471551E-001, 7.482712E+000
3.720000E-003, 7.308048E-001, 1.876608E-001, 1.311627E+001, 3.684456E+001, -9.451935E-001, -7.497544E-001, 8.154458E+000
3.728000E-003, 8.379204E-001, -2.144695E-002, 1.365060E+001, 3.937284E+001, -9.774445E-001, -7.881518E-001, 8.854856E+000
3.736000E-003, 9.571297E-001, -2.198312E-001, 1.412159E+001, 4.227934E+001, -1.043141E+000, -8.623475E-001, 9.601949E+000
3.744000E-003, 9.381253E-001, -4.825563E-001, 1.463643E+001, 4.524324E+001, -1.145150E+000, -9.683244E-001, 1.040729E+001
3.752000E-003, 1.002049E+000, -6.255360E-001, 1.516102E+001, 4.825781E+001, -1.276423E+000, -1.099939E+000, 1.127913E+001
3.760000E-003, 1.088433E+000, -6.130253E-001, 1.569048E+001, 5.169225E+001, -1.404830E+000, -1.239351E+000, 1.224990E+001
3.768000E-003, 8.690184E-001, -8.614525E-001, 1.638884E+001, 5.571318E+001, -1.525712E+000, -1.368130E+000, 1.336972E+001
3.776000E-003, 5.977741E-001, -1.333285E+000, 1.724150E+001, 6.038136E+001, -1.656746E+000, -1.482732E+000, 1.466946E+001
3.784000E-003, 5.580377E-001, -1.635330E+000, 1.825494E+001, 6.577898E+001, -1.793515E+000, -1.584928E+000, 1.614266E+001
3.792000E-003, 4.837478E-001, -1.864097E+000, 1.950550E+001, 7.201299E+001, -1.947842E+000, -1.675782E+000, 1.776678E+001
3.800000E-003, 2.608783E-001, -2.158993E+000, 2.089573E+001, 7.935579E+001, -2.139795E+000, -1.784122E+000, 1.953712E+001
3.808000E-003, 6.392382E-002, -2.412782E+000, 2.235743E+001, 8.791319E+001, -2.350024E+000, -1.954371E+000, 2.146192E+001
3.816000E-003, -6.737916E-002, -2.811337E+000, 2.392793E+001, 9.754562E+001, -2.578409E+000, -2.197161E+000, 2.352939E+001
3.824000E-003, -1.330307E-001, -3.490491E+000, 2.561863E+001, 1.083656E+002, -2.882882E+000, -2.524780E+000, 2.572138E+001
3.832000E-003, -2.453293E-001, -3.958749E+000, 2.751396E+001, 1.204959E+002, -3.295456E+000, -2.996300E+000, 2.802692E+001
3.840000E-003, -5.666760E-001, -4.005218E+000, 2.960905E+001, 1.332679E+002, -3.786508E+000, -3.640668E+000, 3.047831E+001
3.848000E-003, -8.327374E-001, -4.276879E+000, 3.178860E+001, 1.451494E+002, -4.334058E+000, -4.383570E+000, 3.326553E+001
3.856000E-003, -8.793845E-001, -5.091863E+000, 3.425724E+001, 1.553604E+002, -4.944677E+000, -5.119265E+000, 3.666045E+001
3.864000E-003, -9.467636E-001, -6.108806E+000, 3.726671E+001, 1.674817E+002, -5.598298E+000, -5.782300E+000, 4.080094E+001
3.872000E-003, -1.026237E+000, -7.056046E+000, 4.067733E+001, 1.901968E+002, -6.218473E+000, -6.317620E+000, 4.572401E+001
3.880000E-003, -1.147173E+000, -7.769157E+000, 4.447935E+001, 2.283494E+002, -6.741537E+000, -6.673830E+000, 5.151740E+001
3.888000E-003, -1.544538E+000, -8.509077E+000, 4.922499E+001, 2.782158E+002, -7.188870E+000, -6.838407E+000, 5.833709E+001
3.896000E-003, -2.043835E+000, -9.910277E+000, 5.550378E+001, 3.571686E+002, -7.660451E+000, -6.874796E+000, 6.644509E+001
3.904000E-003, -2.302985E+000, -1.206927E+001, 6.385817E+001, 5.345405E+002, -8.207166E+000, -6.913666E+000, 7.635656E+001
3.912000E-003, -2.536221E+000, -1.495389E+001, 7.562643E+001, 8.929136E+002, -8.581516E+000, -6.975929E+000, 8.897553E+001
3.920000E-003, -3.317128E+000, -1.906098E+001, 9.269415E+001, 1.519827E+003, -8.729274E+000, -7.023305E+000, 1.056403E+002
3.928000E-003, -4.802925E+000, -2.479089E+001, 1.163655E+002, 2.573290E+003, -1.011021E+001, -7.753211E+000, 1.283365E+002
3.936000E-003, -6.648077E+000, -3.198991E+001, 1.471455E+002, 4.130423E+003, -1.487799E+001, -1.116208E+001, 1.608295E+002
3.944000E-003, -8.605529E+000, -4.069201E+001, 1.853851E+002, 5.783770E+003, -2.195637E+001, -1.884074E+001, 2.095454E+002
3.952000E-003, -1.080313E+001, -5.120280E+001, 2.333530E+002, 6.518640E+003, -2.638300E+001, -2.921195E+001, 2.792375E+002
3.960000E-003, -1.364514E+001, -6.320058E+001, 2.961376E+002, 5.490346E+003, -2.494437E+001, -3.909190E+001, 3.776664E+002
3.968000E-003, -1.862429E+001, -8.252250E+001, 3.729740E+002, 3.147150E+003, -1.750000E+001, -4.878802E+001, 5.298640E+002
3.976000E-003, -2.536912E+001, -1.194434E+002, 4.534289E+002, 9.208394E+002, -6.592585E+000, -6.052677E+001, 7.271716E+002
3.984000E-003, -2.669251E+001, -1.606573E+002, 5.381584E+002, -2.982923E+002, -3.820909E+000, -7.263520E+001, 8.778115E+002
3.992000E-003, -1.979565E+001, -1.817468E+002, 6.475630E+002, -6.802359E+002, -1.581016E+001, -8.824016E+001, 9.223303E+002
4.000000E-003, -1.688280E+001, -1.974817E+002, 7.970944E+002, -7.122479E+002, -2.783728E+001, -1.277583E+002, 9.162565E+002
4.008000E-003, -2.596862E+001, -2.360791E+002, 9.876668E+002, -6.342137E+002, -3.361344E+001, -2.087625E+002, 9.169686E+002
4.016000E-003, -4.225537E+001, -2.953906E+002, 1.228099E+003, -5.159634E+002, -4.699629E+001, -3.172684E+002, 9.222706E+002
4.024000E-003, -6.674165E+001, -3.709089E+002, 1.550406E+003, -4.317819E+002, -7.230414E+001, -4.272695E+002, 9.237178E+002
4.032000E-003, -1.018047E+002, -4.705371E+002, 1.986189E+003, -4.260409E+002, -1.084762E+002, -5.243871E+002, 9.240784E+002
4.040000E-003, -1.467881E+002, -5.950617E+002, 2.518132E+003, -4.163657E+002, -1.543530E+002, -5.815666E+002, 9.249068E+002
4.048000E-003, -2.148342E+002, -7.355159E+002, 3.061915E+003, -1.135212E+002, -2.033855E+002, -5.679811E+002, 9.243260E+002
4.056000E-003, -3.108425E+002, -8.719704E+002, 3.507173E+003, 7.304614E+002, -2.647707E+002, -5.003549E+002, 9.221524E+002
4.064000E-003, -4.083039E+002, -9.659384E+002, 3.766640E+003, 1.703166E+003, -3.380724E+002, -4.255630E+002, 9.239890E+002
4.072000E-003, -4.772812E+002, -9.678633E+002, 3.784073E+003, 1.903164E+003, -3.850190E+002, -3.628005E+002, 9.156553E+002
4.080000E-003, -4.990654E+002, -8.470115E+002, 3.548029E+003, 1.078187E+003, -3.945107E+002, -3.034115E+002, 8.614583E+002
4.088000E-003, -4.656678E+002, -6.235307E+002, 3.123352E+003, -4.245044E+001, -3.951205E+002, -2.433994E+002, 7.730773E+002
4.096000E-003, -3.903050E+002, -3.686981E+002, 2.620404E+003, -6.712631E+002, -3.724471E+002, -1.843085E+002, 7.047574E+002
4.104000E-003, -3.029505E+002, -1.803724E+002, 2.132596E+003, -6.992880E+002, -2.888464E+002, -1.227934E+002, 6.832571E+002
4.112000E-003, -2.413919E+002, -1.411370E+002, 1.714181E+003, -4.939711E+002, -1.503909E+002, -6.166995E+001, 7.249499E+002
4.120000E-003, -2.272475E+002, -2.473137E+002, 1.370004E+003, -3.398365E+002, 1.199451E+001, -9.727785E+000, 8.211801E+002
4.128000E-003, -2.426427E+002, -4.028309E+002, 1.083205E+003, -2.653279E+002, 1.475016E+002, 2.835314E+001, 9.000402E+002
4.136000E-003, -2.498333E+002, -5.105857E+002, 8.544577E+002, -2.045435E+002, 2.151887E+002, 4.651679E+001, 9.208553E+002
4.144000E-003, -2.199861E+002, -5.225567E+002, 6.671578E+002, -1.122211E+002, 2.331987E+002, 4.030361E+001, 9.188475E+002
4.152000E-003, -1.537230E+002, -4.422289E+002, 4.889205E+002, 6.133819E+000, 2.270398E+002, 1.952717E+001, 9.215018E+002
4.160000E-003, -7.582402E+001, -3.236827E+002, 3.235168E+002, 1.228857E+002, 2.125474E+002, -5.653994E+000, 9.251276E+002
4.168000E-003, -7.568926E+000, -2.248462E+002, 1.822375E+002, 2.883390E+002, 2.070974E+002, -4.338604E+001, 9.242417E+002
4.176000E-003, 4.292398E+001, -1.733360E+002, 6.629108E+001, 6.559989E+002, 1.834367E+002, -9.581709E+001, 9.190324E+002
4.184000E-003, 8.479754E+001, -1.812500E+002, 8.221218E+000, 1.310604E+003, 1.199346E+002, -1.437208E+002, 9.270988E+002
4.192000E-003, 1.326281E+002, -2.460573E+002, 3.892167E+001, 2.030606E+003, 5.380281E+001, -1.776373E+002, 9.392163E+002
4.200000E-003, 1.879810E+002, -3.541249E+002, 1.454987E+002, 2.290179E+003, 6.550061E+000, -2.003297E+002, 8.604726E+002
4.208000E-003, 2.520257E+002, -4.916856E+002, 3.150828E+002, 1.747916E+003, -3.012041E+001, -2.068816E+002, 6.560078E+002
4.216000E-003, 3.269341E+002, -6.142371E+002, 5.328168E+002, 7.463301E+002, -4.434311E+001, -2.001506E+002, 4.756879E+002
4.224000E-003, 4.007695E+002, -6.523661E+002, 7.411423E+002, -4.509691E+001, -3.407618E+001, -1.904121E+002, 4.459089E+002
4.232000E-003, 4.675302E+002, -5.826421E+002, 8.777864E+002, -3.661189E+002, -1.994689E+001, -1.711396E+002, 5.195822E+002
4.240000E-003, 5.389521E+002, -4.275199E+002, 9.055927E+002, -4.068875E+002, 2.429815E+000, -1.331090E+002, 6.157359E+002
4.248000E-003, 6.131227E+002, -2.047612E+002, 7.973445E+002, -3.920995E+002, 3.857245E+001, -8.549184E+001, 7.082264E+002
4.256000E-003, 6.680367E+002, 5.523304E+001, 5.571540E+002, -3.786848E+002, 7.069159E+001, -3.838763E+001, 7.773827E+002
4.264000E-003, 6.815921E+002, 2.890923E+002, 2.266552E+002, -3.341507E+002, 1.055336E+002, 4.703982E+000, 8.022137E+002
4.272000E-003, 6.351937E+002, 4.358235E+002, -1.579832E+002, -2.581922E+002, 1.518265E+002, 3.200433E+001, 7.897310E+002
4.280000E-003, 5.287174E+002, 4.629199E+002, -5.732164E+002, -1.721364E+002, 1.866115E+002, 3.648702E+001, 7.530689E+002
4.288000E-003, 3.936066E+002, 3.785244E+002, -9.911797E+002, -8.979420E+001, 2.067575E+002, 2.875626E+001, 6.934695E+002
4.296000E-003, 2.587705E+002, 2.321007E+002, -1.384156E+003, -1.304886E+001, 2.230253E+002, 1.678441E+001, 6.280311E+002
4.304000E-003, 1.213240E+002, 7.512330E+001, -1.714577E+003, 1.530528E+002, 2.262410E+002, 1.655343E+000, 5.781216E+002
4.312000E-003, -1.349829E+001, -5.478266E+001, -1.930872E+003, 5.591467E+002, 2.226517E+002, -1.017875E+001, 5.399806E+002
4.320000E-003, -9.895062E+001, -1.152899E+002, -1.996043E+003, 1.127892E+003, 2.271343E+002, -1.724813E+001, 5.097619E+002
4.328000E-003, -1.075492E+002, -8.525520E+001, -1.901818E+003, 1.485251E+003, 2.306527E+002, -2.881072E+001, 4.933066E+002
4.336000E-003, -7.782466E+001, 7.041748E+000, -1.675784E+003, 1.338291E+003, 2.297567E+002, -5.018794E+001, 4.804376E+002
4.344000E-003, -5.259894E+001, 1.072705E+002, -1.391546E+003, 7.776746E+002, 2.318143E+002, -8.315019E+001, 4.575143E+002
4.352000E-003, -2.949825E+001, 1.604893E+002, -1.119781E+003, 1.458575E+002, 2.315310E+002, -1.327693E+002, 4.272564E+002
4.360000E-003, 2.059384E+000, 1.308854E+002, -8.723489E+002, -2.602747E+002, 2.297606E+002, -1.943003E+002, 3.926775E+002
4.368000E-003, 3.252686E+001, 2.442450E+001, -6.382455E+002, -3.703559E+002, 2.351495E+002, -2.520848E+002, 3.541729E+002
4.376000E-003, 5.079180E+001, -1.243083E+002, -4.205473E+002, -3.204265E+002, 2.417344E+002, -2.988284E+002, 3.202674E+002
4.384000E-003, 5.229832E+001, -2.815681E+002, -2.120772E+002, -2.773490E+002, 2.451716E+002, -3.325319E+002, 2.949990E+002
4.392000E-003, 4.120840E+001, -4.075278E+002, -2.851928E+000, -2.993853E+002, 2.494601E+002, -3.434361E+002, 2.743111E+002
4.400000E-003, 3.939608E+001, -4.583195E+002, 1.989285E+002, -3.457823E+002, 2.486526E+002, -3.246837E+002, 2.608820E+002
4.408000E-003, 5.918309E+001, -4.301686E+002, 3.847309E+002, -3.688486E+002, 2.381339E+002, -2.815279E+002, 2.534107E+002
4.416000E-003, 7.696082E+001, -3.639476E+002, 5.417526E+002, -3.599670E+002, 2.206551E+002, -2.248123E+002, 2.351827E+002
4.424000E-003, 7.010197E+001, -2.986631E+002, 6.559531E+002, -3.222568E+002, 1.958668E+002, -1.659072E+002, 1.977149E+002
4.432000E-003, 4.799297E+001, -2.497980E+002, 7.461039E+002, -2.568076E+002, 1.679789E+002, -1.113581E+002, 1.473403E+002
4.440000E-003, 2.236643E+001, -2.122640E+002, 8.294286E+002, -1.693537E+002, 1.385739E+002, -6.606711E+001, 8.228236E+001
4.448000E-003, -7.843626E+000, -1.684747E+002, 8.772797E+002, -4.861015E+001, 1.039589E+002, -4.161881E+001, 3.651389E+000
4.456000E-003, -3.843204E+001, -1.117600E+002, 8.619254E+002, 9.670473E+001, 7.433823E+001, -3.751276E+001, -6.593607E+001
4.464000E-003, -6.921568E+001, -5.849655E+001, 7.862437E+002, 1.656930E+002, 5.570777E+001, -3.324380E+001, -1.127769E+002
4.472000E-003, -1.100820E+002, -3.454567E+001, 6.580742E+002, 8.352643E+001, 4.038006E+001, -2.232947E+001, -1.455507E+002
4.480000E-003, -1.567291E+002, -5.867706E+001, 4.983923E+002, -6.955226E+001, 2.889858E+001, -1.372289E+001, -1.733734E+002
4.488000E-003, -1.958038E+002, -1.223674E+002, 3.491663E+002, -1.904107E+002, 1.868707E+001, -3.900471E+000, -2.063546E+002
4.496000E-003, -2.249721E+002, -1.833857E+002, 2.425876E+002, -2.636889E+002, 6.729950E+000, 7.275902E+000, -2.432399E+002
4.504000E-003, -2.397523E+002, -2.006362E+002, 1.928689E+002, -3.075453E+002, 2.980113E+000, 8.472484E+000, -2.648752E+002
4.512000E-003, -2.319277E+002, -1.644373E+002, 1.996528E+002, -3.373747E+002, 4.676038E+000, 5.810419E+000, -2.761444E+002
4.520000E-003, -2.092901E+002, -8.961250E+001, 2.356170E+002, -3.531161E+002, 4.468198E+000, 1.050554E+001, -2.947680E+002
4.528000E-003, -1.841317E+002, -6.337574E+000, 2.673179E+002, -3.356231E+002, 1.074138E+001, 1.331611E+001, -3.072014E+002
4.536000E-003, -1.563888E+002, 5.185157E+001, 2.818000E+002, -2.725604E+002, 2.233048E+001, 1.088408E+001, -3.070809E+002
4.544000E-003, -1.279651E+002, 7.069093E+001, 2.704475E+002, -1.737214E+002, 2.996477E+001, 1.380441E+001, -3.134969E+002
4.552000E-003, -1.063019E+002, 5.326886E+001, 2.288298E+002, -6.745399E+001, 3.639145E+001, 1.765184E+001, -3.206649E+002
4.560000E-003, -8.945016E+001, 5.610164E+000, 1.739855E+002, 1.532610E+001, 4.163391E+001, 1.536028E+001, -3.163347E+002
4.568000E-003, -7.124915E+001, -5.661637E+001, 1.264885E+002, 5.937050E+001, 4.029704E+001, 1.512162E+001, -3.168600E+002
4.576000E-003, -5.020612E+001, -1.070703E+002, 9.999288E+001, 6.738083E+001, 3.565791E+001, 1.656371E+001, -3.246400E+002
4.584000E-003, -2.147840E+001, -1.248766E+002, 1.109085E+002, 4.964577E+001, 2.964489E+001, 1.216856E+001, -3.260547E+002
4.592000E-003, 1.998570E+001, -1.004504E+002, 1.600701E+002, 1.321658E+001, 1.876770E+001, 8.793960E+000, -3.319795E+002
4.600000E-003, 6.815144E+001, -3.613632E+001, 2.208669E+002, -3.268744E+001, 7.529058E+000, 1.020769E+001, -3.493797E+002
4.608000E-003, 1.129862E+002, 5.026450E+001, 2.617651E+002, -6.716019E+001, 7.887164E-001, 8.404196E+000, -3.640599E+002
4.616000E-003, 1.478593E+002, 1.353302E+002, 2.570763E+002, -7.708755E+001, -5.072248E+000, 6.035841E+000, -3.806083E+002
4.624000E-003, 1.651895E+002, 2.029239E+002, 1.907803E+002, -7.578851E+001, -1.166830E+001, 9.233462E+000, -4.091553E+002
4.632000E-003, 1.606889E+002, 2.441413E+002, 7.002003E+001, -8.217336E+001, -2.001856E+001, 1.171784E+001, -4.374419E+002
4.640000E-003, 1.398446E+002, 2.591363E+002, -8.552210E+001, -1.008303E+002, -3.414450E+001, 1.215639E+001, -4.665714E+002
4.648000E-003, 1.117475E+002, 2.603517E+002, -2.566475E+002, -1.261727E+002, -5.181830E+001, 1.629292E+001, -5.105146E+002
4.656000E-003, 8.271570E+001, 2.635312E+002, -4.139550E+002, -1.432504E+002, -6.717814E+001, 2.072079E+001, -5.577889E+002
4.664000E-003, 5.565346E+001, 2.766799E+002, -5.324319E+002, -1.334525E+002, -7.681438E+001, 2.436891E+001, -5.979202E+002
4.672000E-003, 3.135550E+001, 2.943629E+002, -6.140399E+002, -9.490928E+001, -7.950269E+001, 2.885845E+001, -6.328962E+002
4.680000E-003, 8.700550E+000, 2.999963E+002, -6.667356E+002, -4.897712E+001, -7.902752E+001, 2.762123E+001, -6.467305E+002
4.688000E-003, -1.786239E+001, 2.813911E+002, -6.893821E+002, -1.756395E+001, -6.983204E+001, 5.114716E+001, -6.650345E+002
4.696000E-003, -4.984676E+001, 2.417589E+002, -6.845812E+002, -4.175139E+000, -3.647530E+001, 1.508600E+002, -7.560066E+002
4.704000E-003, -7.579119E+001, 1.930762E+002, -6.566694E+002, -5.910934E+000, 1.462978E+001, 2.774492E+002, -8.608232E+002
4.712000E-003, -8.489429E+001, 1.496908E+002, -6.087534E+002, -2.205316E+001, 6.705344E+001, 3.370809E+002, -8.536334E+002
4.720000E-003, -7.411708E+001, 1.254164E+002, -5.499251E+002, -4.456671E+001, 1.131491E+002, 3.489720E+002, -7.732969E+002
4.728000E-003, -4.022709E+001, 1.211788E+002, -4.857551E+002, -6.141586E+001, 1.405252E+002, 3.510567E+002, -6.889271E+002
4.736000E-003, 8.971795E+000, 1.195918E+002, -4.135247E+002, -6.479627E+001, 1.512945E+002, 3.079985E+002, -5.500026E+002
4.744000E-003, 4.964462E+001, 9.797502E+001, -3.343122E+002, -5.404492E+001, 1.575375E+002, 2.326737E+002, -3.753881E+002
4.752000E-003, 6.936426E+001, 4.192342E+001, -2.481291E+002, -3.885277E+001, 1.525683E+002, 1.693094E+002, -2.364743E+002
4.760000E-003, 7.633195E+001, -4.420752E+001, -1.487647E+002, -2.735285E+001, 1.366892E+002, 9.856351E+001, -9.905007E+001
4.768000E-003, 7.737029E+001, -1.360880E+002, -3.706694E+001, -1.705402E+001, 1.208834E+002, 2.960348E+001, 3.225266E+001
4.776000E-003, 7.502238E+001, -2.090631E+002, 8.033472E+001, -8.783665E+000, 1.050902E+002, 8.512535E+000, 8.705840E+001
4.784000E-003, 7.725280E+001, -2.522644E+002, 1.992939E+002, -9.106734E+000, 9.334184E+001, 6.880939E+000, 1.112451E+002
4.792000E-003, 8.872972E+001, -2.623605E+002, 3.113068E+002, -1.568069E+001, 8.939837E+001, -9.726249E+000, 1.548478E+002
4.800000E-003, 1.077168E+002, -2.423648E+002, 4.052239E+002, -2.106594E+001, 8.459548E+001, -1.241844E+001, 1.622153E+002
4.808000E-003, 1.339273E+002, -2.058889E+002, 4.742321E+002, -2.331729E+001, 7.138355E+001, 1.064779E+001, 1.478880E+002
4.816000E-003, 1.625997E+002, -1.705265E+002, 5.071917E+002, -2.000892E+001, 3.932187E+001, 6.422215E+001, 1.570445E+002
4.824000E-003, 1.823678E+002, -1.498302E+002, 4.901986E+002, -4.441925E+000, -1.558871E+001, 1.717273E+002, 1.346747E+002
4.832000E-003, 1.901354E+002, -1.494012E+002, 4.257688E+002, 3.682317E+001, -7.614249E+001, 2.982838E+002, 9.884762E+001
4.840000E-003, 1.924798E+002, -1.629414E+002, 3.340556E+002, 1.161958E+002, -1.455770E+002, 4.051173E+002, 1.307732E+002
4.848000E-003, 1.928754E+002, -1.769945E+002, 2.383325E+002, 2.064302E+002, -2.471557E+002, 5.278833E+002, 1.736146E+002
4.856000E-003, 1.923969E+002, -1.832463E+002, 1.572994E+002, 2.396230E+002, -3.571454E+002, 6.464479E+002, 1.883571E+002
4.864000E-003, 1.941263E+002, -1.816306E+002, 9.865787E+001, 1.774327E+002, -4.264819E+002, 6.628913E+002, 2.395235E+002
4.872000E-003, 1.974797E+002, -1.750250E+002, 5.889491E+001, 5.916000E+001, -4.426559E+002, 5.712460E+002, 2.837576E+002
4.880000E-003, 1.985508E+002, -1.666642E+002, 3.449761E+001, -3.742541E+001, -3.962617E+002, 4.431685E+002, 2.614220E+002
4.888000E-003, 1.972534E+002, -1.573920E+002, 2.291125E+001, -7.970362E+001, -2.740557E+002, 3.173708E+002, 2.424081E+002
4.896000E-003, 1.962219E+002, -1.438643E+002, 1.650902E+001, -1.004060E+002, -1.126585E+002, 2.225419E+002, 2.384962E+002
4.904000E-003, 1.962375E+002, -1.240795E+002, 9.678040E+000, -1.289892E+002, 4.001765E+001, 1.644391E+002, 2.054457E+002
4.912000E-003, 1.967299E+002, -9.994636E+001, 2.177924E+000, -1.561934E+002, 1.693510E+002, 1.006237E+002, 1.914363E+002
4.920000E-003, 1.959973E+002, -7.471223E+001, -8.229339E+000, -1.725687E+002, 2.581180E+002, 3.389856E+001, 2.038934E+002
4.928000E-003, 1.895220E+002, -5.502751E+001, -2.233956E+001, -1.821369E+002, 2.941032E+002, 5.383085E+000, 1.881344E+002
4.936000E-003, 1.728448E+002, -4.944415E+001, -3.528205E+001, -1.798011E+002, 2.948274E+002, -5.297902E+000, 1.857408E+002
4.944000E-003, 1.454457E+002, -6.116491E+001, -4.245085E+001, -1.575510E+002, 2.777725E+002, -2.242682E+001, 2.225733E+002
4.952000E-003, 1.086187E+002, -8.756610E+001, -3.885183E+001, -1.232820E+002, 2.486312E+002, -2.401317E+001, 2.323474E+002
4.960000E-003, 6.589855E+001, -1.199742E+002, -1.898091E+001, -9.147596E+001, 2.131950E+002, -2.318934E+001, 2.278822E+002
4.968000E-003, 2.815413E+001, -1.410190E+002, 1.473388E+001, -6.904233E+001, 1.755677E+002, -4.235297E+001, 2.545926E+002
4.976000E-003, 7.988750E+000, -1.347369E+002, 5.248132E+001, -5.887295E+001, 1.390304E+002, -5.070671E+001, 2.637512E+002
4.984000E-003, 6.010567E+000, -9.947810E+001, 8.201079E+001, -6.097234E+001, 1.068646E+002, -4.516590E+001, 2.486081E+002
4.992000E-003, 1.159613E+001, -4.517800E+001, 8.821487E+001, -6.823409E+001, 8.189272E+001, -5.624965E+001, 2.616893E+002
5.000000E-003, 1.717650E+001, 1.467686E+001, 6.016821E+001, -7.257921E+001, 6.574691E+001, -6.434620E+001, 2.714093E+002
5.008000E-003, 2.194488E+001, 6.754180E+001, 1.396730E+000, -7.070833E+001, 5.565282E+001, -5.633685E+001, 2.540131E+002
5.016000E-003, 2.441890E+001, 1.068523E+002, -7.165225E+001, -6.073257E+001, 4.967671E+001, -6.432422E+001, 2.615840E+002
5.024000E-003, 2.117088E+001, 1.331623E+002, -1.410405E+002, -4.155102E+001, 4.426822E+001, -8.232258E+001, 2.772154E+002
5.032000E-003, 1.083077E+001, 1.497194E+002, -2.003073E+002, -1.702138E+001, 3.609175E+001, -9.081810E+001, 2.626316E+002
5.040000E-003, -5.364418E+000, 1.593097E+002, -2.543640E+002, 6.935301E+000, 3.317781E+001, -1.153119E+002, 2.807043E+002
5.048000E-003, -2.554361E+001, 1.642121E+002, -3.048315E+002, 2.586132E+001, 3.009808E+001, -1.545489E+002, 3.524564E+002
5.056000E-003, -4.663675E+001, 1.690180E+002, -3.462169E+002, 3.100117E+001, 1.257933E+001, -1.786013E+002, 4.105434E+002
5.064000E-003, -6.371132E+001, 1.810534E+002, -3.761199E+002, 3.705169E+001, 1.941033E-001, -2.023321E+002, 4.534243E+002
5.072000E-003, -7.393568E+001, 2.025486E+002, -3.959876E+002, 1.075686E+002, 3.786985E+000, -2.269209E+002, 4.860348E+002
5.080000E-003, -7.798016E+001, 2.281723E+002, -4.059774E+002, 2.548569E+002, 3.692024E+000, -2.137508E+002, 4.470864E+002
5.088000E-003, -7.620583E+001, 2.524485E+002, -4.070169E+002, 3.543195E+002, 8.553446E+000, -1.819052E+002, 3.567467E+002
5.096000E-003, -6.841576E+001, 2.709697E+002, -4.003239E+002, 2.828874E+002, 2.425288E+001, -1.716519E+002, 2.814253E+002
5.104000E-003, -5.714617E+001, 2.779149E+002, -3.838701E+002, 8.875069E+001, 2.637117E+001, -1.558755E+002, 1.938172E+002
5.112000E-003, -4.657973E+001, 2.696024E+002, -3.550471E+002, -7.215257E+001, 1.779420E+001, -1.214649E+002, 9.095398E+001
5.120000E-003, -3.855989E+001, 2.471654E+002, -3.130348E+002, -1.263866E+002, 1.070984E+001, -1.058665E+002, 3.566881E+001
5.128000E-003, -3.381397E+001, 2.141817E+002, -2.570958E+002, -1.234463E+002, 1.489161E+000, -1.065960E+002, 1.206514E+001
5.136000E-003, -3.335960E+001, 1.759829E+002, -1.868224E+002, -1.211477E+002, 3.504610E-001, -1.015596E+002, -1.662233E+001
5.144000E-003, -3.416124E+001, 1.407099E+002, -1.032947E+002, -1.294665E+002, 7.962656E+000, -1.063284E+002, -1.967897E+001
5.152000E-003, -3.024806E+001, 1.159136E+002, -7.941872E+000, -1.391968E+002, 1.132166E+001, -1.205294E+002, -4.026586E+000
5.160000E-003, -2.043316E+001, 1.049399E+002, 9.702726E+001, -1.424444E+002, 1.704896E+001, -1.224663E+002, -8.451833E+000
5.168000E-003, -7.848809E+000, 1.084233E+002, 2.057059E+002, -1.381151E+002, 3.118637E+001, -1.203818E+002, -1.437433E+001
5.176000E-003, 5.853349E+000, 1.240760E+002, 3.088235E+002, -1.294766E+002, 4.818755E+001, -1.210462E+002, -1.177260E+001
5.184000E-003, 1.876769E+001, 1.443237E+002, 3.959713E+002, -1.185586E+002, 6.701891E+001, -1.102545E+002, -2.609257E+001
5.192000E-003, 2.783796E+001, 1.609272E+002, 4.559349E+002, -1.050618E+002, 8.463251E+001, -9.113201E+001, -4.881532E+001
5.200000E-003, 3.550709E+001, 1.710055E+002, 4.777840E+002, -8.476017E+001, 9.574704E+001, -7.023424E+001, -6.987434E+001
5.208000E-003, 4.823139E+001, 1.757417E+002, 4.545561E+002, -5.864557E+001, 9.961478E+001, -4.137023E+001, -1.061294E+002
5.216000E-003, 6.813243E+001, 1.785834E+002, 3.913118E+002, -3.366790E+001, 9.689590E+001, -1.340142E+001, -1.461784E+002
5.224000E-003, 9.381599E+001, 1.838504E+002, 3.111281E+002, 1.787014E+001, 8.895403E+001, 5.084766E+000, -1.734535E+002
5.232000E-003, 1.207106E+002, 1.921468E+002, 2.420143E+002, 1.506765E+002, 7.716688E+001, 2.259660E+001, -2.041365E+002
5.240000E-003, 1.398567E+002, 2.030401E+002, 1.933432E+002, 3.401236E+002, 6.195766E+001, 3.075222E+001, -2.375506E+002
5.248000E-003, 1.483085E+002, 2.197687E+002, 1.567066E+002, 4.610270E+002, 4.186898E+001, 1.104984E+001, -2.621395E+002
5.256000E-003, 1.515807E+002, 2.424310E+002, 1.261962E+002, 4.198418E+002, 1.505191E+001, -3.300739E+001, -2.964094E+002
5.264000E-003, 1.512593E+002, 2.664229E+002, 9.949265E+001, 2.419116E+002, -1.397030E+001, -9.305791E+001, -3.422480E+002
5.272000E-003, 1.450604E+002, 2.881576E+002, 7.010773E+001, 3.594402E+001, -3.748260E+001, -1.604908E+002, -3.753059E+002
5.280000E-003, 1.346115E+002, 3.015191E+002, 3.447162E+001, -8.943510E+001, -5.087991E+001, -2.095380E+002, -3.983936E+002
5.288000E-003, 1.210268E+002, 2.995889E+002, -5.923110E+000, -1.068448E+002, -5.091204E+001, -2.236015E+002, -4.150825E+002
5.296000E-003, 1.024025E+002, 2.840166E+002, -4.871015E+001, -7.403246E+001, -3.852061E+001, -2.102714E+002, -4.064375E+002
5.304000E-003, 8.182076E+001, 2.621443E+002, -8.651768E+001, -5.231588E+001, -1.831571E+001, -1.733861E+002, -3.798034E+002
5.312000E-003, 6.563249E+001, 2.403238E+002, -1.101793E+002, -5.433985E+001, 7.284070E+000, -1.161760E+002, -3.531086E+002
5.320000E-003, 5.388605E+001, 2.229267E+002, -1.169307E+002, -6.568781E+001, 3.481138E+001, -5.730942E+001, -3.167207E+002
5.328000E-003, 4.464647E+001, 2.105679E+002, -1.060069E+002, -7.660576E+001, 5.807714E+001, -1.141609E+001, -2.765514E+002
5.336000E-003, 4.001458E+001, 2.012153E+002, -7.746817E+001, -8.290955E+001, 7.192322E+001, 1.634715E+001, -2.570439E+002
5.344000E-003, 4.049315E+001, 1.946686E+002, -3.984741E+001, -7.602266E+001, 7.525307E+001, 2.160973E+001, -2.521793E+002
5.352000E-003, 4.508875E+001, 1.926079E+002, -5.973457E+000, -5.410571E+001, 7.396973E+001, 1.564536E+001, -2.506441E+002
5.360000E-003, 5.517835E+001, 1.956426E+002, 1.573920E+001, -3.025597E+001, 7.335480E+001, 1.675948E+001, -2.599503E+002
5.368000E-003, 6.857644E+001, 2.016549E+002, 2.042961E+001, 1.619851E+000, 7.098579E+001, 2.133657E+001, -2.725111E+002
5.376000E-003, 7.902885E+001, 2.052258E+002, 7.485498E+000, 7.287976E+001, 6.641367E+001, 2.127844E+001, -2.795897E+002
5.384000E-003, 8.487010E+001, 2.006577E+002, -1.739903E+001, 1.697241E+002, 6.236283E+001, 2.373718E+001, -2.952583E+002
5.392000E-003, 8.803001E+001, 1.878896E+002, -4.664753E+001, 2.227041E+002, 5.707294E+001, 2.823004E+001, -3.204696E+002
5.400000E-003, 8.889731E+001, 1.723084E+002, -7.246105E+001, 1.991448E+002, 5.137885E+001, 2.760020E+001, -3.426886E+002
5.408000E-003, 8.859496E+001, 1.588629E+002, -8.688473E+001, 1.362487E+002, 4.839204E+001, 2.834511E+001, -3.667406E+002
5.416000E-003, 8.883165E+001, 1.502216E+002, -8.797288E+001, 8.109158E+001, 4.524709E+001, 3.310734E+001, -3.909584E+002
5.424000E-003, 8.838592E+001, 1.471958E+002, -8.011546E+001, 5.042474E+001, 4.172743E+001, 3.413604E+001, -3.992310E+002
5.432000E-003, 8.522082E+001, 1.474496E+002, -6.775603E+001, 4.043097E+001, 4.073769E+001, 3.504718E+001, -3.949655E+002
5.440000E-003, 7.937611E+001, 1.472333E+002, -5.604298E+001, 4.333297E+001, 4.009231E+001, 4.043026E+001, -3.854655E+002
5.448000E-003, 7.110575E+001, 1.436445E+002, -5.122264E+001, 4.919775E+001, 4.078869E+001, 4.314726E+001, -3.600341E+002
5.456000E-003, 5.983788E+001, 1.338468E+002, -5.518870E+001, 4.544024E+001, 4.605755E+001, 4.417844E+001, -3.206419E+002
5.464000E-003, 4.639833E+001, 1.166553E+002, -6.507625E+001, 2.539304E+001, 5.226910E+001, 4.947304E+001, -2.806384E+002
5.472000E-003, 3.341143E+001, 9.409134E+001, -7.556310E+001, -3.679841E+000, 5.758705E+001, 5.335579E+001, -2.360625E+002
5.480000E-003, 2.291237E+001, 6.884292E+001, -7.886003E+001, -2.629246E+001, 6.305252E+001, 5.426409E+001, -1.873023E+002
5.488000E-003, 1.535899E+001, 4.287603E+001, -6.882956E+001, -3.585172E+001, 6.516974E+001, 5.833458E+001, -1.482723E+002
5.496000E-003, 1.054916E+001, 1.671611E+001, -4.520046E+001, -3.939647E+001, 6.350738E+001, 6.293341E+001, -1.149478E+002
5.504000E-003, 8.018121E+000, -1.044645E+001, -1.177801E+001, -4.294686E+001, 6.088537E+001, 6.563198E+001, -8.164681E+001
5.512000E-003, 7.586203E+000, -3.667250E+001, 2.607825E+001, -4.585561E+001, 5.646818E+001, 6.645924E+001, -6.299486E+001
5.520000E-003, 9.730243E+000, -5.749212E+001, 6.418624E+001, -4.790435E+001, 5.026177E+001, 6.828448E+001, -4.685008E+001
5.528000E-003, 1.347756E+001, -7.189017E+001, 1.018232E+002, -4.881840E+001, 3.413758E+001, 1.074099E+002, 4.890529E+000
5.536000E-003, 1.571489E+001, -8.239203E+001, 1.385881E+002, -4.651301E+001, -2.147702E+001, 2.134566E+002, 9.049731E+001
5.544000E-003, 1.486834E+001, -9.124247E+001, 1.717751E+002, -4.115929E+001, -1.373842E+002, 3.418668E+002, 1.902905E+002
5.552000E-003, 1.246169E+001, -9.970150E+001, 1.990568E+002, -3.536655E+001, -2.832751E+002, 4.442892E+002, 2.940526E+002
5.560000E-003, 1.023127E+001, -1.072562E+002, 2.190901E+002, -3.121505E+001, -3.952875E+002, 5.167561E+002, 3.651238E+002
5.568000E-003, 9.222307E+000, -1.118298E+002, 2.305189E+002, -2.986761E+001, -4.245647E+002, 5.303271E+002, 3.792203E+002
5.576000E-003, 1.134907E+001, -1.125357E+002, 2.343453E+002, -3.114976E+001, -3.651964E+002, 4.604967E+002, 3.479091E+002
5.584000E-003, 1.761706E+001, -1.097262E+002, 2.331695E+002, -3.263115E+001, -2.582355E+002, 3.459857E+002, 2.727033E+002
5.592000E-003, 2.636080E+001, -1.031866E+002, 2.271651E+002, -3.205593E+001, -1.535185E+002, 2.212933E+002, 1.761331E+002
5.600000E-003, 3.616533E+001, -9.314410E+001, 2.162609E+002, -2.901772E+001, -7.531387E+001, 9.415691E+001, 1.025385E+002
5.608000E-003, 4.646743E+001, -8.090147E+001, 2.024203E+002, -2.130683E+001, -2.526735E+001, -3.974312E+000, 4.366220E+001
5.616000E-003, 5.540122E+001, -6.689124E+001, 1.853558E+002, -4.256188E+000, 1.019144E+001, -5.351410E+001, -1.520962E+001
5.624000E-003, 6.157764E+001, -5.104731E+001, 1.633443E+002, 2.254395E+001, 3.612830E+001, -7.619907E+001, -4.493400E+001
5.632000E-003, 6.511765E+001, -3.449920E+001, 1.375568E+002, 5.117557E+001, 4.586572E+001, -7.759343E+001, -5.650096E+001
5.640000E-003, 6.486540E+001, -1.797433E+001, 1.090067E+002, 6.972674E+001, 4.705124E+001, -5.488885E+001, -8.262254E+001
5.648000E-003, 5.901033E+001, -1.208178E+000, 7.736423E+001, 6.920105E+001, 5.261573E+001, -3.420113E+001, -9.532110E+001
5.656000E-003, 4.836096E+001, 1.514333E+001, 4.493573E+001, 4.875536E+001, 6.378307E+001, -2.100943E+001, -8.710980E+001
5.664000E-003, 3.560557E+001, 3.055475E+001, 1.476798E+001, 1.690993E+001, 7.693622E+001, 2.669390E+000, -9.480923E+001
5.672000E-003, 2.347905E+001, 4.602158E+001, -1.192743E+001, -1.426459E+001, 9.011267E+001, 2.293249E+001, -1.031791E+002
5.680000E-003, 1.471803E+001, 6.172432E+001, -3.292385E+001, -3.630424E+001, 1.043016E+002, 2.918300E+001, -9.550044E+001
5.688000E-003, 1.034702E+001, 7.603122E+001, -4.622689E+001, -4.696666E+001, 1.182968E+002, 4.214716E+001, -1.045850E+002
5.696000E-003, 9.089276E+000, 8.758398E+001, -5.272493E+001, -4.994183E+001, 1.276531E+002, 5.737511E+001, -1.220095E+002
5.704000E-003, 1.009651E+001, 9.642727E+001, -5.295393E+001, -5.099546E+001, 1.326889E+002, 5.824974E+001, -1.193796E+002
5.712000E-003, 1.299554E+001, 1.037389E+002, -4.739462E+001, -5.292149E+001, 1.337256E+002, 6.068426E+001, -1.239081E+002
5.720000E-003, 1.635068E+001, 1.113418E+002, -3.959080E+001, -5.588766E+001, 1.279407E+002, 6.768311E+001, -1.428025E+002
5.728000E-003, 1.922379E+001, 1.205479E+002, -3.303592E+001, -5.949320E+001, 1.162762E+002, 6.162104E+001, -1.457632E+002
5.736000E-003, 2.197425E+001, 1.314448E+002, -2.914293E+001, -6.216556E+001, 9.842448E+001, 5.411995E+001, -1.503006E+002
5.744000E-003, 2.471779E+001, 1.432692E+002, -2.915105E+001, -6.202373E+001, 7.283163E+001, 5.470159E+001, -1.744079E+002
5.752000E-003, 2.724364E+001, 1.544752E+002, -3.305865E+001, -5.817391E+001, 4.502516E+001, 4.586533E+001, -1.894151E+002
5.760000E-003, 2.955181E+001, 1.635634E+002, -3.923025E+001, -4.983601E+001, 1.949394E+001, 3.234837E+001, -2.005485E+002
5.768000E-003, 3.128121E+001, 1.703460E+002, -4.657932E+001, -3.687946E+001, -4.580122E+000, 2.769779E+001, -2.296426E+002
5.776000E-003, 3.167166E+001, 1.750965E+002, -5.406969E+001, -2.127419E+001, -2.450910E+001, 1.701975E+001, -2.499169E+002
5.784000E-003, 3.053140E+001, 1.782724E+002, -6.064082E+001, -6.125939E+000, -3.785970E+001, -1.221157E+000, -2.552289E+002
5.792000E-003, 2.830961E+001, 1.814769E+002, -6.658504E+001, 7.651233E+000, -4.621845E+001, -1.054429E+001, -2.730224E+002
5.800000E-003, 2.534148E+001, 1.857627E+002, -7.196895E+001, 2.393867E+001, -4.857994E+001, -2.087557E+001, -2.869299E+002
5.808000E-003, 2.173583E+001, 1.902201E+002, -7.644661E+001, 4.890958E+001, -4.463982E+001, -3.976817E+001, -2.821537E+002
5.816000E-003, 1.740974E+001, 1.938107E+002, -8.094376E+001, 8.413429E+001, -3.836628E+001, -5.076106E+001, -2.856186E+002
5.824000E-003, 1.232693E+001, 1.956820E+002, -8.556108E+001, 1.204858E+002, -3.180523E+001, -5.813904E+001, -2.911471E+002
5.832000E-003, 6.810479E+000, 1.946096E+002, -8.863714E+001, 1.404159E+002, -2.561853E+001, -7.491801E+001, -2.775793E+002
5.840000E-003, 8.707461E-001, 1.905490E+002, -8.922993E+001, 1.310435E+002, -2.304072E+001, -8.809011E+001, -2.681354E+002
5.848000E-003, -5.898268E+000, 1.843723E+002, -8.595899E+001, 9.514455E+001, -2.696925E+001, -9.564059E+001, -2.677443E+002
5.856000E-003, -1.354321E+001, 1.763851E+002, -7.612341E+001, 4.832760E+001, -3.755654E+001, -1.117051E+002, -2.521835E+002
5.864000E-003, -2.241998E+001, 1.670074E+002, -5.956079E+001, 7.191956E+000, -5.408877E+001, -1.265070E+002, -2.366715E+002
5.872000E-003, -3.350817E+001, 1.561517E+002, -3.900125E+001, -2.013275E+001, -7.537444E+001, -1.316315E+002, -2.347066E+002
5.880000E-003, -4.661429E+001, 1.421289E+002, -1.734057E+001, -3.407202E+001, -9.683378E+001, -1.399778E+002, -2.225932E+002
5.888000E-003, -5.965993E+001, 1.241171E+002, 2.450774E+000, -3.862876E+001, -1.113322E+002, -1.462954E+002, -2.056525E+002
5.896000E-003, -7.075330E+001, 1.037443E+002, 1.913195E+001, -3.905990E+001, -1.132911E+002, -1.378098E+002, -2.016439E+002
5.904000E-003, -7.943140E+001, 8.368063E+001, 3.516512E+001, -3.976119E+001, -9.897095E+001, -1.252652E+002, -1.886837E+002
5.912000E-003, -8.567866E+001, 6.653916E+001, 5.302539E+001, -4.154202E+001, -7.003200E+001, -1.110648E+002, -1.623271E+002
5.920000E-003, -8.957973E+001, 5.358342E+001, 7.208588E+001, -4.377987E+001, -3.700051E+001, -8.586861E+001, -1.459398E+002
5.928000E-003, -9.174277E+001, 4.355339E+001, 9.088652E+001, -4.695765E+001, -8.930305E+000, -6.227155E+001, -1.298588E+002
5.936000E-003, -9.325622E+001, 3.380754E+001, 1.084853E+002, -5.015683E+001, 1.192021E+001, -4.873486E+001, -1.065084E+002
5.944000E-003, -9.509446E+001, 2.284458E+001, 1.235733E+002, -5.024238E+001, 2.229023E+001, -3.269867E+001, -9.859198E+001
5.952000E-003, -9.725405E+001, 1.098977E+001, 1.356355E+002, -4.487515E+001, 2.097009E+001, -1.802388E+001, -9.999219E+001
5.960000E-003, -9.922186E+001, -9.847724E-001, 1.448036E+002, -3.396058E+001, 1.230233E+001, -1.474993E+001, -9.293562E+001
5.968000E-003, -1.006748E+002, -1.210323E+001, 1.503044E+002, -1.905660E+001, -2.224484E+000, -1.202761E+001, -9.442744E+001
5.976000E-003, -1.008251E+002, -2.060694E+001, 1.518846E+002, -3.348892E+000, -2.183346E+001, -8.042078E+000, -1.059133E+002
5.984000E-003, -9.903182E+001, -2.525021E+001, 1.500137E+002, 7.475627E+000, -4.266606E+001, -1.274275E+001, -1.060370E+002
5.992000E-003, -9.604641E+001, -2.644051E+001, 1.440630E+002, 7.114284E+000, -6.499702E+001, -1.737726E+001, -1.041551E+002
6.000000E-003, -9.285194E+001, -2.548612E+001, 1.331912E+002, -5.536084E+000, -8.902044E+001, -1.576812E+001, -1.065784E+002
6.008000E-003, -8.972486E+001, -2.402773E+001, 1.178873E+002, -2.422684E+001, -1.095027E+002, -1.853250E+001, -9.137988E+001
6.016000E-003, -8.763783E+001, -2.371675E+001, 9.934648E+001, -4.101633E+001, -1.243378E+002, -2.246782E+001, -6.355412E+001
6.024000E-003, -8.841874E+001, -2.526272E+001, 7.858068E+001, -5.140295E+001, -1.341199E+002, -1.961152E+001, -4.081167E+001
6.032000E-003, -9.271027E+001, -2.814018E+001, 5.672186E+001, -5.364981E+001, -1.370907E+002, -1.924220E+001, -1.032393E+001
6.040000E-003, -9.955358E+001, -3.180404E+001, 3.518460E+001, -4.754863E+001, -1.336626E+002, -2.234164E+001, 2.836839E+001
6.048000E-003, -1.078049E+002, -3.653130E+001, 1.542412E+001, -3.551739E+001, -1.251442E+002, -1.977752E+001, 5.654624E+001
6.056000E-003, -1.166627E+002, -4.245066E+001, -1.343135E+000, -2.239536E+001, -1.103138E+002, -1.844542E+001, 8.253045E+001
6.064000E-003, -1.255222E+002, -4.917070E+001, -1.451787E+001, -1.145377E+001, -9.122247E+001, -2.317847E+001, 1.123731E+002
6.072000E-003, -1.339964E+002, -5.648769E+001, -2.385160E+001, -1.212355E+000, -7.376797E+001, -2.443058E+001, 1.283773E+002
6.080000E-003, -1.417053E+002, -6.402451E+001, -2.913644E+001, 1.114421E+001, -6.120167E+001, -2.453892E+001, 1.351328E+002
6.088000E-003, -1.480234E+002, -7.102515E+001, -3.083525E+001, 2.428538E+001, -5.372409E+001, -3.018712E+001, 1.456839E+002
6.096000E-003, -1.522821E+002, -7.729301E+001, -2.976497E+001, 3.356884E+001, -5.123611E+001, -3.344712E+001, 1.474386E+002
6.104000E-003, -1.543432E+002, -8.326063E+001, -2.626340E+001, 3.569412E+001, -5.299212E+001, -3.388498E+001, 1.408875E+002
6.112000E-003, -1.550032E+002, -8.932654E+001, -2.129201E+001, 2.968750E+001, -5.698861E+001, -3.965345E+001, 1.417251E+002
6.120000E-003, -1.552399E+002, -9.595365E+001, -1.623618E+001, 1.498165E+001, -6.166429E+001, -4.453205E+001, 1.408892E+002
6.128000E-003, -1.550222E+002, -1.034905E+002, -1.107152E+001, -7.938281E+000, -6.646301E+001, -4.456608E+001, 1.330699E+002
6.136000E-003, -1.538525E+002, -1.113222E+002, -5.599913E+000, -3.442323E+001, -6.963137E+001, -4.804713E+001, 1.339095E+002
6.144000E-003, -1.522804E+002, -1.183568E+002, -3.930333E-001, -5.670602E+001, -6.952769E+001, -5.181055E+001, 1.388496E+002
6.152000E-003, -1.512852E+002, -1.240849E+002, 4.971385E+000, -6.945320E+001, -6.728062E+001, -4.991360E+001, 1.370038E+002
6.160000E-003, -1.504629E+002, -1.280329E+002, 1.109751E+001, -7.220435E+001, -6.395053E+001, -5.017825E+001, 1.407348E+002
6.168000E-003, -1.488769E+002, -1.297612E+002, 1.721876E+001, -6.779733E+001, -6.019365E+001, -5.296555E+001, 1.505491E+002
6.176000E-003, -1.464685E+002, -1.298934E+002, 2.273584E+001, -6.060087E+001, -5.887470E+001, -5.117836E+001, 1.530080E+002
6.184000E-003, -1.433138E+002, -1.295574E+002, 2.771860E+001, -5.415749E+001, -6.122042E+001, -5.064492E+001, 1.557403E+002
6.192000E-003, -1.396597E+002, -1.295682E+002, 3.157422E+001, -4.861803E+001, -6.569292E+001, -5.453689E+001, 1.630012E+002
6.200000E-003, -1.364670E+002, -1.304117E+002, 3.342408E+001, -4.168385E+001, -7.204553E+001, -5.524506E+001, 1.612845E+002
6.208000E-003, -1.342832E+002, -1.318487E+002, 3.351178E+001, -3.164281E+001, -7.900781E+001, -5.502625E+001, 1.538362E+002
6.216000E-003, -1.330082E+002, -1.333339E+002, 3.283453E+001, -1.747165E+001, -8.363213E+001, -5.820095E+001, 1.479190E+002
6.224000E-003, -1.328683E+002, -1.347315E+002, 3.195751E+001, 2.041980E+000, -8.574863E+001, -5.774526E+001, 1.347520E+002
6.232000E-003, -1.337027E+002, -1.358485E+002, 3.157747E+001, 2.714347E+001, -8.599207E+001, -5.388520E+001, 1.213324E+002
6.240000E-003, -1.341001E+002, -1.365313E+002, 3.300181E+001, 5.717881E+001, -8.384355E+001, -5.328218E+001, 1.218444E+002
6.248000E-003, -1.327611E+002, -1.369245E+002, 3.692889E+001, 8.969176E+001, -8.047942E+001, -5.088606E+001, 1.247024E+002
6.256000E-003, -1.293507E+002, -1.366993E+002, 4.307450E+001, 1.156105E+002, -7.745821E+001, -4.420644E+001, 1.230720E+002
6.264000E-003, -1.236166E+002, -1.353660E+002, 5.088320E+001, 1.214134E+002, -7.462263E+001, -4.036528E+001, 1.285669E+002
6.272000E-003, -1.155881E+002, -1.331284E+002, 5.946497E+001, 1.013369E+002, -7.212497E+001, -3.700781E+001, 1.357430E+002
6.280000E-003, -1.063502E+002, -1.304725E+002, 6.752378E+001, 6.423681E+001, -7.045162E+001, -3.016633E+001, 1.356950E+002
6.288000E-003, -9.723677E+001, -1.274110E+002, 7.392924E+001, 2.657951E+001, -6.868498E+001, -2.642382E+001, 1.390358E+002
6.296000E-003, -8.849821E+001, -1.235827E+002, 7.807558E+001, -4.536482E-001, -6.588691E+001, -2.496661E+001, 1.449703E+002
6.304000E-003, -7.966463E+001, -1.190288E+002, 8.016906E+001, -1.604541E+001, -6.215319E+001, -1.933695E+001, 1.430218E+002
6.312000E-003, -7.079477E+001, -1.139887E+002, 8.115002E+001, -2.369102E+001, -5.757940E+001, -1.484528E+001, 1.416370E+002
6.320000E-003, -6.194046E+001, -1.078817E+002, 8.184676E+001, -2.545608E+001, -5.291232E+001, -1.433902E+001, 1.436701E+002
6.328000E-003, -5.267150E+001, -9.983376E+001, 8.242818E+001, -2.263400E+001, -4.965927E+001, -1.153648E+001, 1.373296E+002
6.336000E-003, -4.357013E+001, -9.021301E+001, 8.233237E+001, -1.626154E+001, -4.789240E+001, -9.147452E+000, 1.282073E+002
6.344000E-003, -3.607722E+001, -8.032240E+001, 8.087879E+001, -5.771350E+000, -4.696811E+001, -1.112911E+001, 1.244452E+002
6.352000E-003, -3.064888E+001, -7.080531E+001, 7.802361E+001, 8.733009E+000, -4.734449E+001, -1.134509E+001, 1.162480E+002
6.360000E-003, -2.701041E+001, -6.143657E+001, 7.324062E+001, 2.335444E+001, -4.870942E+001, -1.032903E+001, 1.051000E+002
6.368000E-003, -2.550733E+001, -5.204459E+001, 6.539783E+001, 3.354745E+001, -4.978839E+001, -1.337271E+001, 1.010434E+002
6.376000E-003, -2.655430E+001, -4.269909E+001, 5.529752E+001, 3.829218E+001, -5.055334E+001, -1.533169E+001, 9.583920E+001
6.384000E-003, -2.944988E+001, -3.291928E+001, 4.479930E+001, 3.828656E+001, -5.079152E+001, -1.433879E+001, 8.650291E+001
6.392000E-003, -3.342698E+001, -2.229410E+001, 3.394866E+001, 3.365214E+001, -4.883293E+001, -1.654256E+001, 8.425031E+001
6.400000E-003, -3.854088E+001, -1.171897E+001, 2.256369E+001, 2.484146E+001, -4.429366E+001, -1.897873E+001, 8.399680E+001
6.408000E-003, -4.448580E+001, -1.851587E+000, 1.142395E+001, 1.338769E+001, -3.880991E+001, -1.794519E+001, 7.830341E+001
6.416000E-003, -5.063458E+001, 7.577922E+000, 2.777219E-001, 1.709905E+000, -3.315607E+001, -1.944151E+001, 7.735764E+001
6.424000E-003, -5.667970E+001, 1.601730E+001, -1.150191E+001, -7.849352E+000, -2.731709E+001, -2.266087E+001, 8.066602E+001
6.432000E-003, -6.196464E+001, 2.269445E+001, -2.324256E+001, -1.413964E+001, -2.262325E+001, -2.224417E+001, 7.865266E+001
6.440000E-003, -6.584499E+001, 2.814197E+001, -3.437742E+001, -1.610845E+001, -1.971218E+001, -2.314680E+001, 7.875348E+001
6.448000E-003, -6.830520E+001, 3.298362E+001, -4.477819E+001, -1.219559E+001, -1.798328E+001, -2.724765E+001, 8.406755E+001
6.456000E-003, -6.975816E+001, 3.677615E+001, -5.355323E+001, -3.684344E+000, -1.866581E+001, -2.859806E+001, 8.417249E+001
6.464000E-003, -7.129234E+001, 3.915676E+001, -6.014384E+001, 4.435171E+000, -2.221211E+001, -2.977763E+001, 8.320538E+001
6.472000E-003, -7.370762E+001, 4.043465E+001, -6.484238E+001, 8.632824E+000, -2.652909E+001, -3.407743E+001, 8.756105E+001
6.480000E-003, -7.651854E+001, 4.057227E+001, -6.708364E+001, 9.063958E+000, -3.186221E+001, -3.602105E+001, 8.763121E+001
6.488000E-003, -7.942622E+001, 3.943915E+001, -6.600362E+001, 6.217119E+000, -3.938816E+001, -3.670406E+001, 8.411707E+001
6.496000E-003, -8.292302E+001, 3.760007E+001, -6.208465E+001, -3.557142E-001, -4.739179E+001, -4.083302E+001, 8.624339E+001
6.504000E-003, -8.688802E+001, 3.529989E+001, -5.615504E+001, -9.751747E+000, -5.490006E+001, -4.343176E+001, 8.700203E+001
6.512000E-003, -9.042975E+001, 3.224370E+001, -4.867767E+001, -1.913877E+001, -6.201236E+001, -4.317349E+001, 8.330866E+001
6.520000E-003, -9.322339E+001, 2.843329E+001, -4.039311E+001, -2.641853E+001, -6.729198E+001, -4.594154E+001, 8.482549E+001
6.528000E-003, -9.598248E+001, 2.391871E+001, -3.236353E+001, -3.200978E+001, -7.015144E+001, -4.905882E+001, 8.764913E+001
6.536000E-003, -9.931171E+001, 1.869995E+001, -2.546759E+001, -3.707533E+001, -7.105901E+001, -4.896016E+001, 8.573825E+001
6.544000E-003, -1.028759E+002, 1.304332E+001, -1.977348E+001, -4.092627E+001, -6.943439E+001, -5.040296E+001, 8.753465E+001
6.552000E-003, -1.059892E+002, 7.288388E+000, -1.497587E+001, -4.154877E+001, -6.515397E+001, -5.243543E+001, 9.207580E+001
6.560000E-003, -1.085496E+002, 1.690735E+000, -1.112512E+001, -3.828543E+001, -5.940051E+001, -5.080997E+001, 9.168056E+001
6.568000E-003, -1.109648E+002, -3.572704E+000, -7.930503E+000, -3.215611E+001, -5.292439E+001, -5.006459E+001, 9.315929E+001
6.576000E-003, -1.133784E+002, -8.385757E+000, -4.797606E+000, -2.371691E+001, -4.582499E+001, -5.147904E+001, 9.826937E+001
6.584000E-003, -1.155449E+002, -1.264476E+001, -1.758905E+000, -1.321433E+001, -3.869787E+001, -4.993357E+001, 9.814120E+001
6.592000E-003, -1.174229E+002, -1.646589E+001, 1.270050E+000, -3.122630E+000, -3.233044E+001, -4.808978E+001, 9.732820E+001
6.600000E-003, -1.190262E+002, -2.030847E+001, 4.947023E+000, 2.996555E+000, -2.691072E+001, -4.897434E+001, 1.010546E+002
6.608000E-003, -1.200524E+002, -2.490527E+001, 8.979675E+000, 4.175139E+000, -2.261417E+001, -4.775708E+001, 1.010434E+002
6.616000E-003, -1.201509E+002, -3.100156E+001, 1.268101E+001, 1.626605E+000, -1.961495E+001, -4.520785E+001, 9.845768E+001
6.624000E-003, -1.184923E+002, -3.825242E+001, 1.662271E+001, -3.307242E+000, -1.756856E+001, -4.571918E+001, 1.004492E+002
6.632000E-003, -1.136877E+002, -4.459178E+001, 2.122705E+001, -8.999795E+000, -1.654728E+001, -4.564948E+001, 1.004931E+002
6.640000E-003, -1.051547E+002, -4.826457E+001, 2.617245E+001, -1.369950E+001, -1.674078E+001, -4.383617E+001, 9.674818E+001
6.648000E-003, -9.387127E+001, -4.989811E+001, 3.147190E+001, -1.623790E+001, -1.728762E+001, -4.473172E+001, 9.729825E+001
6.656000E-003, -8.172575E+001, -5.134399E+001, 3.669015E+001, -1.622327E+001, -1.789644E+001, -4.588341E+001, 9.784489E+001
6.664000E-003, -7.057536E+001, -5.371746E+001, 4.078452E+001, -1.425446E+001, -1.937402E+001, -4.479410E+001, 9.340018E+001
6.672000E-003, -6.170377E+001, -5.766191E+001, 4.352276E+001, -1.105078E+001, -2.149267E+001, -4.593693E+001, 9.163787E+001
6.680000E-003, -5.507469E+001, -6.327386E+001, 4.559674E+001, -6.814854E+000, -2.394052E+001, -4.856319E+001, 9.176168E+001
6.688000E-003, -4.933018E+001, -6.875356E+001, 4.754079E+001, -1.792079E+000, -2.750868E+001, -4.906685E+001, 8.748040E+001
6.696000E-003, -4.340427E+001, -7.173111E+001, 4.951733E+001, 4.544362E+000, -3.172353E+001, -5.092481E+001, 8.484306E+001
6.704000E-003, -3.722267E+001, -7.195630E+001, 5.153772E+001, 1.404733E+001, -3.544864E+001, -5.476562E+001, 8.531624E+001
6.712000E-003, -3.069726E+001, -7.100906E+001, 5.325764E+001, 2.757686E+001, -3.916193E+001, -5.645026E+001, 8.151427E+001
6.720000E-003, -2.364836E+001, -7.002608E+001, 5.426459E+001, 4.287032E+001, -4.298415E+001, -5.841928E+001, 7.755702E+001
6.728000E-003, -1.660983E+001, -6.871423E+001, 5.408593E+001, 5.609365E+001, -4.598098E+001, -6.284196E+001, 7.781136E+001
6.736000E-003, -9.833902E+000, -6.696989E+001, 5.201683E+001, 6.482892E+001, -4.789872E+001, -6.561945E+001, 7.534711E+001
6.744000E-003, -2.512033E+000, -6.529166E+001, 4.798093E+001, 6.809451E+001, -4.834880E+001, -6.761317E+001, 7.162781E+001
6.752000E-003, 5.563100E+000, -6.286279E+001, 4.238101E+001, 6.492572E+001, -4.663162E+001, -7.175146E+001, 7.279596E+001
6.760000E-003, 1.363823E+001, -5.859485E+001, 3.529829E+001, 5.482839E+001, -4.280283E+001, -7.393386E+001, 7.331053E+001
6.768000E-003, 2.148704E+001, -5.330282E+001, 2.719238E+001, 3.908016E+001, -3.673390E+001, -7.309692E+001, 7.193108E+001
6.776000E-003, 2.929439E+001, -4.806976E+001, 1.857489E+001, 2.100402E+001, -2.826037E+001, -7.333722E+001, 7.529075E+001
6.784000E-003, 3.650223E+001, -4.271875E+001, 9.262269E+000, 4.459936E+000, -1.830806E+001, -7.272665E+001, 7.927783E+001
6.792000E-003, 4.256463E+001, -3.705675E+001, -3.508066E-001, -8.669971E+000, -7.579107E+000, -6.921014E+001, 7.952675E+001
6.800000E-003, 4.816228E+001, -3.135723E+001, -9.465282E+000, -1.872002E+001, 4.084651E+000, -6.660987E+001, 8.200491E+001
6.808000E-003, 5.397935E+001, -2.586681E+001, -1.797721E+001, -2.616188E+001, 1.565906E+001, -6.442902E+001, 8.541010E+001
6.816000E-003, 5.983961E+001, -2.053545E+001, -2.552605E+001, -3.132086E+001, 2.408398E+001, -6.008727E+001, 8.428580E+001
6.824000E-003, 6.574651E+001, -1.501108E+001, -3.142805E+001, -3.515830E+001, 2.680728E+001, -5.701713E+001, 8.332529E+001
6.832000E-003, 7.188838E+001, -9.275805E+000, -3.587323E+001, -3.854771E+001, 2.462544E+001, -5.571906E+001, 8.340842E+001
6.840000E-003, 7.814947E+001, -3.654917E+000, -3.914742E+001, -4.130900E+001, 2.109622E+001, -5.232071E+001, 7.900841E+001
6.848000E-003, 8.471116E+001, 1.787246E+000, -4.093393E+001, -4.219941E+001, 1.992193E+001, -4.858316E+001, 7.440948E+001
6.856000E-003, 9.196046E+001, 7.032812E+000, -4.146989E+001, -4.039720E+001, 2.298052E+001, -4.618562E+001, 7.354800E+001
6.864000E-003, 9.965551E+001, 1.197991E+001, -4.132372E+001, -3.663857E+001, 2.930626E+001, -4.172951E+001, 7.081409E+001
6.872000E-003, 1.072555E+002, 1.681262E+001, -4.045320E+001, -3.157977E+001, 3.609951E+001, -3.624022E+001, 6.711271E+001
6.880000E-003, 1.148452E+002, 2.189197E+001, -3.885995E+001, -2.436417E+001, 4.101552E+001, -3.264846E+001, 6.672596E+001
6.888000E-003, 1.227683E+002, 2.739312E+001, -3.673238E+001, -1.440755E+001, 4.269353E+001, -2.821503E+001, 6.480811E+001
6.896000E-003, 1.307743E+002, 3.326243E+001, -3.385609E+001, -3.558268E+000, 4.071439E+001, -2.275905E+001, 6.062140E+001
6.904000E-003, 1.385765E+002, 3.940877E+001, -3.022134E+001, 5.677919E+000, 3.652511E+001, -1.992744E+001, 5.978175E+001
6.912000E-003, 1.463475E+002, 4.583928E+001, -2.629913E+001, 1.382220E+001, 3.259908E+001, -1.825580E+001, 5.926247E+001
6.920000E-003, 1.537834E+002, 5.223047E+001, -2.233631E+001, 2.312818E+001, 3.081560E+001, -1.634325E+001, 5.610053E+001
6.928000E-003, 1.601896E+002, 5.796574E+001, -1.845633E+001, 3.314333E+001, 3.272295E+001, -1.678181E+001, 5.522786E+001
6.936000E-003, 1.657562E+002, 6.330603E+001, -1.496937E+001, 4.122120E+001, 3.856469E+001, -1.785375E+001, 5.531229E+001
6.944000E-003, 1.710964E+002, 6.926471E+001, -1.219540E+001, 4.579933E+001, 4.586631E+001, -1.676704E+001, 5.217228E+001
6.952000E-003, 1.758752E+002, 7.581496E+001, -1.031956E+001, 4.607512E+001, 5.160078E+001, -1.619651E+001, 4.973056E+001
6.960000E-003, 1.794774E+002, 8.189160E+001, -9.198929E+000, 4.070676E+001, 5.403597E+001, -1.648715E+001, 4.800680E+001
6.968000E-003, 1.820481E+002, 8.694951E+001, -8.500564E+000, 2.922598E+001, 5.245137E+001, -1.497642E+001, 4.202652E+001
6.976000E-003, 1.837205E+002, 9.136579E+001, -8.170871E+000, 1.321658E+001, 4.795809E+001, -1.379106E+001, 3.526579E+001
6.984000E-003, 1.844530E+002, 9.596616E+001, -8.263445E+000, -5.013769E+000, 4.308270E+001, -1.429661E+001, 3.069551E+001
6.992000E-003, 1.844893E+002, 1.010938E+002, -8.458337E+000, -2.346363E+001, 3.947596E+001, -1.345352E+001, 2.383537E+001
7.000000E-003, 1.835443E+002, 1.060766E+002, -8.732811E+000, -3.988614E+001, 3.784035E+001, -1.198520E+001, 1.605187E+001
7.008000E-003, 1.811238E+002, 1.101640E+002, -9.533495E+000, -5.221344E+001, 3.850711E+001, -1.198295E+001, 1.093955E+001
7.016000E-003, 1.777670E+002, 1.133310E+002, -1.045599E+001, -5.940765E+001, 4.075417E+001, -1.103141E+001, 4.330681E+000
7.024000E-003, 1.739886E+002, 1.162496E+002, -1.088150E+001, -6.128190E+001, 4.362248E+001, -9.005441E+000, -4.136480E+000
7.032000E-003, 1.695657E+002, 1.195703E+002, -1.132001E+001, -5.834726E+001, 4.684304E+001, -8.513953E+000, -9.874208E+000
7.040000E-003, 1.646315E+002, 1.229464E+002, -1.187058E+001, -5.132078E+001, 4.971207E+001, -7.903257E+000, -1.572053E+001
7.048000E-003, 1.595089E+002, 1.257560E+002, -1.179587E+001, -4.142157E+001, 5.087454E+001, -6.158004E+000, -2.399338E+001
7.056000E-003, 1.543847E+002, 1.284601E+002, -1.135899E+001, -3.191522E+001, 4.959895E+001, -5.958692E+000, -3.052359E+001
7.064000E-003, 1.496042E+002, 1.316807E+002, -1.125505E+001, -2.648045E+001, 4.655171E+001, -6.397841E+000, -3.663357E+001
7.072000E-003, 1.451157E+002, 1.350711E+002, -1.154414E+001, -2.543131E+001, 4.404867E+001, -5.472285E+000, -4.531356E+001
7.080000E-003, 1.406549E+002, 1.382595E+002, -1.259331E+001, -2.522757E+001, 4.453375E+001, -5.454681E+000, -5.229456E+001
7.088000E-003, 1.363184E+002, 1.412264E+002, -1.471926E+001, -2.167155E+001, 4.749069E+001, -6.400558E+000, -5.728944E+001
7.096000E-003, 1.320994E+002, 1.439448E+002, -1.733245E+001, -1.345185E+001, 4.958139E+001, -5.758671E+000, -6.487780E+001
7.104000E-003, 1.276421E+002, 1.463754E+002, -2.021686E+001, -2.435967E+000, 4.854088E+001, -5.088192E+000, -7.262511E+001
7.112000E-003, 1.225903E+002, 1.481770E+002, -2.371355E+001, 8.655337E+000, 4.510961E+001, -5.481264E+000, -7.839420E+001
7.120000E-003, 1.169616E+002, 1.493065E+002, -2.750421E+001, 1.808514E+001, 4.158684E+001, -4.587490E+000, -8.576006E+001
7.128000E-003, 1.111100E+002, 1.503860E+002, -3.122991E+001, 2.528835E+001, 4.026825E+001, -3.359953E+000, -9.290154E+001
7.136000E-003, 1.051806E+002, 1.518140E+002, -3.512614E+001, 2.992952E+001, 4.206870E+001, -3.644212E+000, -9.657238E+001
7.144000E-003, 9.891779E+001, 1.535798E+002, -3.938129E+001, 3.180153E+001, 4.565537E+001, -3.166548E+000, -1.007613E+002
7.152000E-003, 9.216606E+001, 1.552706E+002, -4.371603E+001, 3.172048E+001, 4.900494E+001, -1.711463E+000, -1.062345E+002
7.160000E-003, 8.517763E+001, 1.562535E+002, -4.777466E+001, 3.109122E+001, 5.114783E+001, -1.514513E+000, -1.093504E+002
7.168000E-003, 7.848809E+001, 1.565091E+002, -5.170824E+001, 3.082781E+001, 5.189032E+001, -1.072884E+000, -1.127495E+002
7.176000E-003, 7.237386E+001, 1.561981E+002, -5.572953E+001, 3.104620E+001, 5.168547E+001, 4.165827E-001, -1.182159E+002
7.184000E-003, 6.663281E+001, 1.552312E+002, -5.945847E+001, 3.145594E+001, 5.168846E+001, 4.604149E-001, -1.216060E+002
7.192000E-003, 6.113018E+001, 1.540928E+002, -6.252153E+001, 3.173286E+001, 5.236609E+001, -1.246440E-001, -1.238915E+002
7.200000E-003, 5.597135E+001, 1.530990E+002, -6.492683E+001, 3.132311E+001, 5.328333E+001, 5.640289E-001, -1.281062E+002
7.208000E-003, 5.126863E+001, 1.514119E+002, -6.645999E+001, 2.975167E+001, 5.457337E+001, 6.591364E-001, -1.311872E+002
7.216000E-003, 4.692872E+001, 1.486863E+002, -6.695696E+001, 2.665268E+001, 5.635530E+001, 1.405937E-002, -1.330393E+002
7.224000E-003, 4.275294E+001, 1.455015E+002, -6.674908E+001, 2.117062E+001, 5.792688E+001, 6.989516E-001, -1.372815E+002
7.232000E-003, 3.881385E+001, 1.418322E+002, -6.577624E+001, 1.316030E+001, 5.902066E+001, 1.395777E+000, -1.415284E+002
7.240000E-003, 3.541380E+001, 1.377913E+002, -6.352848E+001, 4.080582E+000, 5.958709E+001, 1.144716E+000, -1.438739E+002
7.248000E-003, 3.273418E+001, 1.338290E+002, -6.020394E+001, -4.778502E+000, 5.902723E+001, 1.964295E+000, -1.477291E+002
7.256000E-003, 3.053140E+001, 1.294824E+002, -5.632233E+001, -1.335279E+001, 5.741026E+001, 3.164894E+000, -1.521698E+002
7.264000E-003, 2.840809E+001, 1.245174E+002, -5.196810E+001, -2.176048E+001, 5.543423E+001, 3.083964E+000, -1.545014E+002
7.272000E-003, 2.640745E+001, 1.194756E+002, -4.744822E+001, -2.967287E+001, 5.321369E+001, 3.472547E+000, -1.575792E+002
7.280000E-003, 2.490610E+001, 1.145053E+002, -4.309887E+001, -3.629861E+001, 5.086188E+001, 4.591153E+000, -1.616826E+002
7.288000E-003, 2.391269E+001, 1.095439E+002, -3.874952E+001, -4.037694E+001, 4.913860E+001, 4.671256E+000, -1.635802E+002
7.296000E-003, 2.296247E+001, 1.045432E+002, -3.455120E+001, -4.111088E+001, 4.887450E+001, 4.976190E+000, -1.653464E+002
7.304000E-003, 2.198980E+001, 9.934942E+001, -3.106587E+001, -3.850944E+001, 5.057317E+001, 6.270479E+000, -1.686400E+002
7.312000E-003, 2.139893E+001, 9.433440E+001, -2.852740E+001, -3.223491E+001, 5.408471E+001, 6.547059E+000, -1.703044E+002
7.320000E-003, 2.134883E+001, 9.020766E+001, -2.685782E+001, -2.196535E+001, 5.819540E+001, 6.345620E+000, -1.714575E+002
7.328000E-003, 2.176174E+001, 8.686193E+001, -2.563974E+001, -9.284591E+000, 6.125387E+001, 7.078952E+000, -1.755419E+002
7.336000E-003, 2.269641E+001, 8.344472E+001, -2.446551E+001, 3.107997E+000, 6.223143E+001, 7.155747E+000, -1.811422E+002
7.344000E-003, 2.420812E+001, 7.950920E+001, -2.347643E+001, 1.404058E+001, 6.076879E+001, 6.456087E+000, -1.884363E+002
7.352000E-003, 2.602045E+001, 7.520551E+001, -2.253608E+001, 2.338033E+001, 5.702922E+001, 6.599988E+000, -2.000982E+002
7.360000E-003, 2.773776E+001, 7.071238E+001, -2.110362E+001, 2.991151E+001, 5.235701E+001, 6.573642E+000, -2.136116E+002
7.368000E-003, 2.931857E+001, 6.631396E+001, -1.947301E+001, 3.215049E+001, 4.910049E+001, 5.997444E+000, -2.257428E+002
7.376000E-003, 3.105143E+001, 6.246960E+001, -1.805355E+001, 3.037642E+001, 4.854064E+001, 6.631652E+000, -2.368026E+002
7.384000E-003, 3.306935E+001, 5.960643E+001, -1.645705E+001, 2.597276E+001, 5.024743E+001, 8.211145E+000, -2.453280E+002
7.392000E-003, 3.520302E+001, 5.793893E+001, -1.475662E+001, 1.980405E+001, 5.375324E+001, 1.107252E+001, -2.511806E+002
7.400000E-003, 3.723994E+001, 5.676471E+001, -1.340536E+001, 1.243649E+001, 5.852914E+001, 1.829431E+001, -2.587969E+002
7.408000E-003, 3.913693E+001, 5.495245E+001, -1.238542E+001, 4.851672E+000, 6.352135E+001, 2.952492E+001, -2.682534E+002
7.416000E-003, 4.089397E+001, 5.259507E+001, -1.181861E+001, -1.432988E+000, 6.844513E+001, 4.130005E+001, -2.753211E+002
7.424000E-003, 4.239704E+001, 5.040927E+001, -1.184135E+001, -5.327834E+000, 7.306036E+001, 5.333298E+001, -2.806082E+002
7.432000E-003, 4.372908E+001, 4.867743E+001, -1.220677E+001, -7.003968E+000, 7.598936E+001, 6.554715E+001, -2.853959E+002
7.440000E-003, 4.518550E+001, 4.765512E+001, -1.290189E+001, -6.792340E+000, 7.689788E+001, 7.466637E+001, -2.866916E+002
7.448000E-003, 4.674386E+001, 4.734056E+001, -1.398029E+001, -5.008141E+000, 7.692953E+001, 8.000703E+001, -2.836326E+002
7.456000E-003, 4.802925E+001, 4.720116E+001, -1.513341E+001, -2.887364E+000, 7.603642E+001, 8.495251E+001, -2.763807E+002
7.464000E-003, 4.892591E+001, 4.706712E+001, -1.634824E+001, -2.156799E+000, 7.330882E+001, 9.111831E+001, -2.612644E+002
7.472000E-003, 4.955651E+001, 4.713682E+001, -1.789601E+001, -4.196527E+000, 6.879726E+001, 9.718865E+001, -2.375025E+002
7.480000E-003, 4.988823E+001, 4.730125E+001, -1.971338E+001, -9.375772E+000, 6.282091E+001, 1.020849E+002, -2.100992E+002
7.488000E-003, 4.991587E+001, 4.742635E+001, -2.156649E+001, -1.687053E+001, 5.527143E+001, 1.047997E+002, -1.827349E+002
7.496000E-003, 4.943557E+001, 4.767836E+001, -2.351054E+001, -2.519380E+001, 4.684483E+001, 1.025277E+002, -1.566091E+002
7.504000E-003, 4.824694E+001, 4.820559E+001, -2.586224E+001, -3.276511E+001, 3.857651E+001, 9.657370E+001, -1.333884E+002
7.512000E-003, 4.668167E+001, 4.899377E+001, -2.857775E+001, -3.825166E+001, 2.343669E+001, 9.862543E+001, -1.149318E+002
7.520000E-003, 4.480542E+001, 5.007505E+001, -3.130787E+001, -4.094541E+001, -1.499935E+001, 1.169375E+002, -1.030053E+002
7.528000E-003, 4.246615E+001, 5.150663E+001, -3.417928E+001, -4.106923E+001, -8.141673E+001, 1.410309E+002, -9.608234E+001
7.536000E-003, 3.974852E+001, 5.313124E+001, -3.731868E+001, -3.902725E+001, -1.622244E+002, 1.548636E+002, -9.252551E+001
7.544000E-003, 3.682358E+001, 5.472546E+001, -4.020958E+001, -3.468551E+001, -2.412650E+002, 1.533887E+002, -9.984327E+001
7.552000E-003, 3.393837E+001, 5.604803E+001, -4.262138E+001, -2.724253E+001, -2.945344E+002, 1.349496E+002, -1.186934E+002
7.560000E-003, 3.090285E+001, 5.701850E+001, -4.498120E+001, -1.528558E+001, -2.934374E+002, 9.748650E+001, -1.306109E+002
7.568000E-003, 2.749761E+001, 5.791748E+001, -4.733453E+001, 1.416103E+000, -2.392126E+002, 5.322110E+001, -1.284089E+002
7.576000E-003, 2.407164E+001, 5.893979E+001, -4.939552E+001, 2.105693E+001, -1.640612E+002, 2.286432E+001, -1.259107E+002
7.584000E-003, 2.059902E+001, 5.994065E+001, -5.110408E+001, 4.131013E+001, -9.475096E+001, 1.084651E+001, -1.286741E+002
7.592000E-003, 1.669276E+001, 6.065554E+001, -5.234002E+001, 5.928495E+001, -3.853745E+001, 8.039598E+000, -1.329081E+002
7.600000E-003, 1.212134E+001, 6.083248E+001, -5.318456E+001, 7.131732E+001, 6.276166E+000, 7.971900E+000, -1.382419E+002
7.608000E-003, 6.832938E+000, 6.055367E+001, -5.366529E+001, 7.484182E+001, 4.109758E+001, 6.325181E+000, -1.400442E+002
7.616000E-003, 1.252561E+000, 6.019980E+001, -5.331773E+001, 6.962881E+001, 6.342627E+001, 1.643529E+000, -1.342251E+002
7.624000E-003, -4.255253E+000, 5.971903E+001, -5.211752E+001, 5.740169E+001, 7.090015E+001, -2.879926E+000, -1.254345E+002
7.632000E-003, -9.920286E+000, 5.875928E+001, -5.038622E+001, 4.089813E+001, 6.804713E+001, -6.531464E+000, -1.147720E+002
7.640000E-003, -1.577536E+001, 5.747067E+001, -4.804264E+001, 2.333981E+001, 6.221662E+001, -9.820057E+000, -1.010285E+002
7.648000E-003, -2.153196E+001, 5.616062E+001, -4.525730E+001, 7.831341E+000, 5.503850E+001, -1.044954E+001, -8.985445E+001
7.656000E-003, -2.720563E+001, 5.466470E+001, -4.258240E+001, -3.888091E+000, 4.542125E+001, -9.512051E+000, -8.177934E+001
7.664000E-003, -3.298815E+001, 5.285243E+001, -4.006666E+001, -1.193894E+001, 3.465921E+001, -1.015110E+001, -7.157062E+001
7.672000E-003, -3.893997E+001, 5.091148E+001, -3.726183E+001, -1.735120E+001, 2.292844E+001, -1.031840E+001, -6.194615E+001
7.680000E-003, -4.485725E+001, 4.892585E+001, -3.418740E+001, -2.062692E+001, 9.708510E+000, -8.989372E+000, -5.505323E+001
7.688000E-003, -5.039270E+001, 4.694201E+001, -3.125427E+001, -2.135861E+001, -2.933648E+000, -9.493738E+000, -4.641463E+001
7.696000E-003, -5.542196E+001, 4.505468E+001, -2.834712E+001, -1.978491E+001, -1.355247E+001, -1.081591E+001, -3.807552E+001
7.704000E-003, -6.014368E+001, 4.315841E+001, -2.538313E+001, -1.748403E+001, -2.127862E+001, -1.055114E+001, -3.369249E+001
7.712000E-003, -6.509345E+001, 4.103516E+001, -2.276670E+001, -1.535987E+001, -2.464503E+001, -1.141266E+001, -2.829246E+001
7.720000E-003, -7.029720E+001, 3.865276E+001, -2.043936E+001, -1.284173E+001, -2.532457E+001, -1.372384E+001, -2.132078E+001
7.728000E-003, -7.497227E+001, 3.624534E+001, -1.822245E+001, -9.777638E+000, -2.587738E+001, -1.512906E+001, -1.793139E+001
7.736000E-003, -7.919989E+001, 3.399878E+001, -1.650902E+001, -7.304524E+000, -2.642624E+001, -1.792983E+001, -1.518568E+001
7.744000E-003, -8.366765E+001, 3.179331E+001, -1.533967E+001, -6.442255E+000, -2.753484E+001, -2.296380E+001, -1.089403E+001
7.752000E-003, -8.821142E+001, 2.948062E+001, -1.428725E+001, -7.038864E+000, -2.971142E+001, -2.668587E+001, -9.954153E+000
7.760000E-003, -9.254269E+001, 2.711252E+001, -1.329167E+001, -8.952517E+000, -3.176080E+001, -2.975459E+001, -1.033041E+001
7.768000E-003, -9.680140E+001, 2.471046E+001, -1.265015E+001, -1.250741E+001, -3.295898E+001, -3.404459E+001, -7.820177E+000
7.776000E-003, -1.011050E+002, 2.205819E+001, -1.255433E+001, -1.636623E+001, -3.301022E+001, -3.648336E+001, -6.816036E+000
7.784000E-003, -1.054968E+002, 1.911459E+001, -1.276546E+001, -1.747502E+001, -3.104817E+001, -3.626503E+001, -7.560888E+000
7.792000E-003, -1.097762E+002, 1.635509E+001, -1.281094E+001, -1.450549E+001, -2.659717E+001, -3.554055E+001, -5.017403E+000
7.800000E-003, -1.138138E+002, 1.397805E+001, -1.252185E+001, -8.755523E+000, -2.017802E+001, -3.213334E+001, -2.074902E+000
7.808000E-003, -1.179343E+002, 1.130612E+001, -1.212719E+001, -1.498277E+000, -1.309212E+001, -2.461760E+001, -1.057083E+000
7.816000E-003, -1.221895E+002, 8.044393E+000, -1.183323E+001, 6.671893E+000, -6.208559E+000, -1.577402E+001, 2.441609E+000
7.824000E-003, -1.262323E+002, 4.850585E+000, -1.158799E+001, 1.468334E+001, -2.146484E-001, -5.290931E+000, 7.211867E+000
7.832000E-003, -1.300884E+002, 1.878395E+000, -1.141908E+001, 2.121678E+001, 3.637078E+000, 8.105050E+000, 9.844377E+000
7.840000E-003, -1.340103E+002, -1.554904E+000, -1.134924E+001, 2.500806E+001, 5.181065E+000, 2.163584E+001, 1.343940E+001
7.848000E-003, -1.379856E+002, -5.735271E+000, -1.111537E+001, 2.540880E+001, 4.761205E+000, 3.446803E+001, 1.797525E+001
7.856000E-003, -1.420353E+002, -1.015692E+001, -1.062977E+001, 2.281186E+001, 2.078996E+000, 4.802693E+001, 1.964418E+001
7.864000E-003, -1.460642E+002, -1.423720E+001, -1.014578E+001, 1.787576E+001, -2.269874E+000, 6.000008E+001, 2.058241E+001
7.872000E-003, -1.495455E+002, -1.803688E+001, -9.661798E+000, 1.180386E+001, -7.406982E+000, 6.842967E+001, 2.242986E+001
7.880000E-003, -1.523201E+002, -2.196704E+001, -9.018654E+000, 5.984104E+000, -1.308877E+001, 7.456499E+001, 2.213932E+001
7.888000E-003, -1.547544E+002, -2.602409E+001, -8.318665E+000, 4.277576E-002, -1.869961E+001, 7.724939E+001, 2.126489E+001
7.896000E-003, -1.566652E+002, -2.980232E+001, -7.719369E+000, -7.125541E+000, -2.366245E+001, 7.475002E+001, 2.280824E+001
7.904000E-003, -1.575480E+002, -3.327494E+001, -7.233762E+000, -1.492761E+001, -2.789999E+001, 6.902856E+001, 2.436291E+001
7.912000E-003, -1.578106E+002, -3.688518E+001, -6.827736E+000, -2.156799E+001, -3.145047E+001, 6.109494E+001, 2.574426E+001
7.920000E-003, -1.580802E+002, -4.075278E+001, -6.431455E+000, -2.589059E+001, -3.447669E+001, 5.051945E+001, 2.909049E+001
7.928000E-003, -1.577865E+002, -4.467221E+001, -5.830536E+000, -2.801700E+001, -3.719808E+001, 3.967992E+001, 3.134179E+001
7.936000E-003, -1.563421E+002, -4.863453E+001, -4.977881E+000, -2.846051E+001, -3.935627E+001, 3.018311E+001, 3.057158E+001
7.944000E-003, -1.541774E+002, -5.258792E+001, -4.199935E+000, -2.699938E+001, -3.984409E+001, 2.101155E+001, 2.934129E+001
7.952000E-003, -1.513820E+002, -5.626428E+001, -3.467463E+000, -2.289629E+001, -3.838754E+001, 1.304213E+001, 2.682610E+001
7.960000E-003, -1.477711E+002, -5.979409E+001, -2.452398E+000, -1.631107E+001, -3.649739E+001, 7.489037E+000, 2.147807E+001
7.968000E-003, -1.437111E+002, -6.357412E+001, -1.440581E+000, -9.008801E+000, -3.513903E+001, 3.199747E+000, 1.596426E+001
7.976000E-003, -1.389773E+002, -6.731303E+001, -6.366491E-001, -2.909877E+000, -3.431794E+001, 9.428049E-002, 1.097079E+001
7.984000E-003, -1.330583E+002, -7.047467E+001, 4.466288E-001, 1.515162E+000, -3.442055E+001, -1.139518E+000, 5.192384E+000
7.992000E-003, -1.265899E+002, -7.329674E+001, 1.848231E+000, 5.055419E+000, -3.552473E+001, -1.890454E+000, 6.599549E-001
8.000000E-003, -1.202062E+002, -7.635828E+001, 3.162132E+000, 8.671097E+000, -3.722973E+001, -2.894458E+000, -1.469423E+000
8.008000E-003, -1.136566E+002, -7.968614E+001, 4.476033E+000, 1.218546E+001, -3.887107E+001, -3.289184E+000, -2.688753E+000
8.016000E-003, -1.070258E+002, -8.304437E+001, 6.036797E+000, 1.456852E+001, -3.952409E+001, -3.655200E+000, -2.186329E+000
8.024000E-003, -1.008130E+002, -8.639188E+001, 7.769717E+000, 1.561653E+001, -3.960317E+001, -4.632267E+000, 3.398231E-001
8.032000E-003, -9.507373E+001, -8.948918E+001, 9.617948E+000, 1.581915E+001, -4.020280E+001, -5.251825E+000, 2.293276E+000
8.040000E-003, -8.961601E+001, -9.210750E+001, 1.182835E+001, 1.563567E+001, -4.036549E+001, -5.673960E+000, 4.047456E+000
8.048000E-003, -8.431552E+001, -9.444879E+001, 1.452599E+001, 1.610845E+001, -3.871185E+001, -6.623854E+000, 7.349589E+000
8.056000E-003, -7.904440E+001, -9.665961E+001, 1.732595E+001, 1.846787E+001, -3.587196E+001, -7.022597E+000, 1.033454E+001
8.064000E-003, -7.371799E+001, -9.878643E+001, 1.986118E+001, 2.212070E+001, -3.226033E+001, -6.487750E+000, 1.247606E+001
8.072000E-003, -6.846932E+001, -1.011045E+002, 2.223562E+001, 2.470525E+001, -2.755503E+001, -6.098459E+000, 1.564590E+001
8.080000E-003, -6.368886E+001, -1.035477E+002, 2.468801E+001, 2.522982E+001, -2.335809E+001, -5.505839E+000, 1.856823E+001
8.088000E-003, -5.938523E+001, -1.054743E+002, 2.706895E+001, 2.495178E+001, -2.110052E+001, -4.054179E+000, 1.979747E+001
8.096000E-003, -5.484319E+001, -1.067111E+002, 2.889445E+001, 2.439682E+001, -1.896682E+001, -2.477285E+000, 2.103779E+001
8.104000E-003, -4.979666E+001, -1.078102E+002, 3.025057E+001, 2.247641E+001, -1.495671E+001, -7.679488E-001, 2.272429E+001
8.112000E-003, -4.487971E+001, -1.088165E+002, 3.184545E+001, 1.842960E+001, -9.470689E+000, 1.752459E+000, 2.405457E+001
8.120000E-003, -4.029792E+001, -1.092525E+002, 3.364495E+001, 1.255131E+001, -4.135655E+000, 4.605330E+000, 2.581795E+001
8.128000E-003, -3.560730E+001, -1.090595E+002, 3.494749E+001, 5.294063E+000, -5.106410E-001, 7.467535E+000, 2.784592E+001
8.136000E-003, -3.074390E+001, -1.084322E+002, 3.570269E+001, -3.274597E+000, 1.836038E+000, 1.070107E+001, 2.932490E+001
8.144000E-003, -2.613448E+001, -1.075600E+002, 3.618668E+001, -1.223049E+001, 4.277081E+000, 1.372171E+001, 3.146241E+001
8.152000E-003, -2.197425E+001, -1.066253E+002, 3.643679E+001, -1.920181E+001, 5.567600E+000, 1.601859E+001, 3.406556E+001
8.160000E-003, -1.788830E+001, -1.054850E+002, 3.639943E+001, -2.278259E+001, 4.449803E+000, 1.813316E+001, 3.507218E+001
8.168000E-003, -1.372807E+001, -1.039301E+002, 3.607786E+001, -2.449250E+001, 2.398161E+000, 1.978969E+001, 3.519669E+001
8.176000E-003, -9.814898E+000, -1.020589E+002, 3.578390E+001, -2.658176E+001, -4.097073E-002, 2.033363E+001, 3.543299E+001
8.184000E-003, -6.193700E+000, -9.998925E+001, 3.571569E+001, -2.863387E+001, -3.469731E+000, 2.018713E+001, 3.427226E+001
8.192000E-003, -3.009603E+000, -9.787315E+001, 3.552567E+001, -2.880497E+001, -6.742492E+000, 1.936661E+001, 3.233131E+001
8.200000E-003, -5.096629E-001, -9.589288E+001, 3.489552E+001, -2.698588E+001, -8.380008E+000, 1.767606E+001, 3.115277E+001
8.208000E-003, 1.525533E+000, -9.391440E+001, 3.388207E+001, -2.348051E+001, -7.682072E+000, 1.597310E+001, 2.902894E+001
8.216000E-003, 3.308490E+000, -9.166248E+001, 3.278093E+001, -1.728703E+001, -4.552410E+000, 1.422797E+001, 2.614351E+001
8.224000E-003, 4.775282E+000, -8.889403E+001, 3.192990E+001, -7.942783E+000, -1.167726E+000, 1.153483E+001, 2.515493E+001
8.232000E-003, 5.677126E+000, -8.556796E+001, 3.132573E+001, 2.993177E+000, -1.284068E-001, 8.735477E+000, 2.471358E+001
8.240000E-003, 5.756599E+000, -8.220794E+001, 3.057215E+001, 1.283160E+001, 3.344549E-003, 6.725105E+000, 2.331231E+001
8.248000E-003, 5.029250E+000, -7.943592E+001, 2.944989E+001, 1.987835E+001, 2.049970E+000, 4.240377E+000, 2.329640E+001
8.256000E-003, 3.564185E+000, -7.713216E+001, 2.820745E+001, 2.401634E+001, 4.992695E+000, 9.409145E-001, 2.454450E+001
8.264000E-003, 1.454699E+000, -7.490704E+001, 2.705434E+001, 2.515890E+001, 7.000261E+000, -1.858554E+000, 2.483857E+001
8.272000E-003, -9.778617E-001, -7.267834E+001, 2.581190E+001, 2.333418E+001, 8.428025E+000, -4.468281E+000, 2.553319E+001
8.280000E-003, -3.246294E+000, -6.996352E+001, 2.442978E+001, 1.968811E+001, 8.953836E+000, -7.356477E+000, 2.747379E+001
8.288000E-003, -4.771827E+000, -6.631754E+001, 2.331565E+001, 1.525969E+001, 9.086663E+000, -9.318055E+000, 2.843041E+001
8.296000E-003, -5.326409E+000, -6.220509E+001, 2.269524E+001, 9.955495E+000, 1.064451E+001, -1.049160E+001, 2.910770E+001
8.304000E-003, -5.390333E+000, -5.817664E+001, 2.217715E+001, 3.889217E+000, 1.216460E+001, -1.184945E+001, 3.174976E+001
8.312000E-003, -5.468078E+000, -5.426435E+001, 2.141382E+001, -1.479141E+000, 1.238487E+001, -1.247952E+001, 3.455254E+001
8.320000E-003, -5.556190E+000, -5.026271E+001, 2.058065E+001, -4.779628E+000, 1.314002E+001, -1.213347E+001, 3.629151E+001
8.328000E-003, -5.582105E+000, -4.628609E+001, 1.986442E+001, -6.713543E+000, 1.431133E+001, -1.200363E+001, 3.880221E+001
8.336000E-003, -5.454257E+000, -4.252930E+001, 1.906861E+001, -9.081969E+000, 1.530024E+001, -1.141633E+001, 4.124441E+001
8.344000E-003, -5.022339E+000, -3.845795E+001, 1.820621E+001, -1.226539E+001, 1.719576E+001, -9.518312E+000, 4.217486E+001
8.352000E-003, -4.346820E+000, -3.370209E+001, 1.772873E+001, -1.522367E+001, 1.878299E+001, -7.639437E+000, 4.338475E+001
8.360000E-003, -3.469163E+000, -2.891585E+001, 1.765727E+001, -1.706077E+001, 1.855580E+001, -5.969680E+000, 4.470455E+001
8.368000E-003, -2.411829E+000, -2.486595E+001, 1.767838E+001, -1.729829E+001, 1.762339E+001, -3.628381E+000, 4.450150E+001
8.376000E-003, -1.309574E+000, -2.148091E+001, 1.797884E+001, -1.570321E+001, 1.649914E+001, -1.544877E+000, 4.438831E+001
8.384000E-003, -3.455342E-002, -1.802259E+001, 1.866746E+001, -1.231154E+001, 1.547786E+001, 3.100150E-001, 4.452638E+001
8.392000E-003, 1.622283E+000, -1.406562E+001, 1.946652E+001, -7.376567E+000, 1.592029E+001, 3.151308E+000, 4.316956E+001
8.400000E-003, 3.427699E+000, -1.000143E+001, 2.029319E+001, -1.662626E+000, 1.709411E+001, 5.723700E+000, 4.249405E+001
8.408000E-003, 4.992969E+000, -6.410851E+000, 2.139758E+001, 3.744005E+000, 1.704908E+001, 7.511485E+000, 4.324350E+001
8.416000E-003, 6.452851E+000, -3.324277E+000, 2.287064E+001, 8.229831E+000, 1.619598E+001, 1.043950E+001, 4.203325E+001
8.424000E-003, 8.113142E+000, -4.646839E-001, 2.428686E+001, 1.149880E+001, 1.558011E+001, 1.351141E+001, 4.045369E+001
8.432000E-003, 9.787255E+000, 2.241206E+000, 2.537501E+001, 1.312991E+001, 1.451021E+001, 1.472453E+001, 4.174176E+001
8.440000E-003, 1.135425E+001, 4.879181E+000, 2.640632E+001, 1.317493E+001, 1.219196E+001, 1.562221E+001, 4.293610E+001
8.448000E-003, 1.305083E+001, 7.576135E+000, 2.757243E+001, 1.247701E+001, 9.572698E+000, 1.655473E+001, 4.351635E+001
8.456000E-003, 1.500482E+001, 1.024628E+001, 2.861023E+001, 1.199973E+001, 8.358984E+000, 1.595160E+001, 4.681659E+001
8.464000E-003, 1.743220E+001, 1.287353E+001, 2.948075E+001, 1.212130E+001, 8.366509E+000, 1.527887E+001, 5.043638E+001
8.472000E-003, 2.046426E+001, 1.552223E+001, 3.058676E+001, 1.273479E+001, 7.839982E+000, 1.540588E+001, 5.239360E+001
8.480000E-003, 2.354988E+001, 1.809586E+001, 3.165218E+001, 1.395615E+001, 6.699252E+000, 1.427983E+001, 5.626266E+001
8.488000E-003, 2.634525E+001, 2.058907E+001, 3.202085E+001, 1.582591E+001, 6.221937E+000, 1.272101E+001, 6.115685E+001
8.496000E-003, 2.935658E+001, 2.304475E+001, 3.202085E+001, 1.768778E+001, 6.501446E+000, 1.282557E+001, 6.354999E+001
8.504000E-003, 3.258387E+001, 2.533778E+001, 3.219463E+001, 1.870764E+001, 6.980194E+000, 1.295730E+001, 6.580813E+001
8.512000E-003, 3.543798E+001, 2.750750E+001, 3.218163E+001, 1.822585E+001, 7.421555E+000, 1.235240E+001, 6.892667E+001
8.520000E-003, 3.828864E+001, 2.960930E+001, 3.163918E+001, 1.591934E+001, 7.523922E+000, 1.302040E+001, 6.947685E+001
8.528000E-003, 4.161959E+001, 3.150557E+001, 3.101065E+001, 1.215057E+001, 7.216940E+000, 1.426577E+001, 6.868542E+001
8.536000E-003, 4.496609E+001, 3.345188E+001, 3.073131E+001, 7.554424E+000, 6.693160E+000, 1.465175E+001, 6.909647E+001
8.544000E-003, 4.825557E+001, 3.571453E+001, 3.050393E+001, 2.517016E+000, 5.745697E+000, 1.590481E+001, 6.797134E+001
8.552000E-003, 5.185777E+001, 3.794323E+001, 2.973736E+001, -2.541781E+000, 4.178059E+000, 1.821598E+001, 6.499560E+001
8.560000E-003, 5.538913E+001, 3.976443E+001, 2.844457E+001, -6.703412E+000, 2.514026E+000, 1.975743E+001, 6.329648E+001
8.568000E-003, 5.862160E+001, 4.109593E+001, 2.731095E+001, -9.276711E+000, 1.422986E+000, 2.142731E+001, 6.153251E+001
8.576000E-003, 6.215469E+001, 4.229696E+001, 2.662232E+001, -1.075473E+001, 1.047680E+000, 2.364822E+001, 5.880850E+001
8.584000E-003, 6.600221E+001, 4.391620E+001, 2.588011E+001, -1.161362E+001, 1.264240E+000, 2.447926E+001, 5.817638E+001
8.592000E-003, 6.959058E+001, 4.573204E+001, 2.491052E+001, -1.115772E+001, 1.822899E+000, 2.471838E+001, 5.841090E+001
8.600000E-003, 7.312540E+001, 4.734056E+001, 2.426088E+001, -9.146132E+000, 2.373674E+000, 2.570845E+001, 5.714830E+001
8.608000E-003, 7.686235E+001, 4.872926E+001, 2.398640E+001, -6.892526E+000, 2.726047E+000, 2.539359E+001, 5.758764E+001
8.616000E-003, 8.037643E+001, 4.983377E+001, 2.337736E+001, -5.679045E+000, 2.530510E+000, 2.357461E+001, 6.007653E+001
8.624000E-003, 8.358126E+001, 5.096331E+001, 2.224374E+001, -5.763471E+000, 1.340209E+000, 2.244301E+001, 6.095639E+001
8.632000E-003, 8.695713E+001, 5.256826E+001, 2.116046E+001, -7.428349E+000, -5.930603E-001, 2.105290E+001, 6.182317E+001
8.640000E-003, 9.048158E+001, 5.421967E+001, 2.043773E+001, -1.100688E+001, -2.837253E+000, 1.849469E+001, 6.440697E+001
8.648000E-003, 9.375724E+001, 5.528487E+001, 1.990665E+001, -1.537789E+001, -5.595192E+000, 1.675440E+001, 6.544272E+001
8.656000E-003, 9.704845E+001, 5.606232E+001, 1.935446E+001, -1.865361E+001, -8.727960E+000, 1.579813E+001, 6.511138E+001
8.664000E-003, 1.006316E+002, 5.712037E+001, 1.863498E+001, -2.007534E+001, -1.138043E+001, 1.441582E+001, 6.587793E+001
8.672000E-003, 1.042045E+002, 5.835894E+001, 1.780993E+001, -1.958905E+001, -1.336852E+001, 1.356930E+001, 6.599443E+001
8.680000E-003, 1.076304E+002, 5.965469E+001, 1.702711E+001, -1.681538E+001, -1.524565E+001, 1.320742E+001, 6.508898E+001
8.688000E-003, 1.108992E+002, 6.114346E+001, 1.624430E+001, -1.154833E+001, -1.705864E+001, 1.242943E+001, 6.489278E+001
8.696000E-003, 1.140055E+002, 6.256969E+001, 1.551670E+001, -4.403652E+000, -1.867190E+001, 1.224937E+001, 6.382626E+001
8.704000E-003, 1.169650E+002, 6.374391E+001, 1.500185E+001, 3.384913E+000, -2.045419E+001, 1.270754E+001, 6.153640E+001
8.712000E-003, 1.195635E+002, 6.501821E+001, 1.464455E+001, 1.066242E+001, -2.236058E+001, 1.264481E+001, 6.006321E+001
8.720000E-003, 1.219148E+002, 6.653201E+001, 1.432623E+001, 1.668255E+001, -2.373149E+001, 1.291465E+001, 5.818451E+001
8.728000E-003, 1.243768E+002, 6.787423E+001, 1.398192E+001, 2.059540E+001, -2.433542E+001, 1.414196E+001, 5.502116E+001
8.736000E-003, 1.267990E+002, 6.887330E+001, 1.371881E+001, 2.125280E+001, -2.431236E+001, 1.521767E+001, 5.264629E+001
8.744000E-003, 1.289223E+002, 6.994565E+001, 1.354991E+001, 1.802323E+001, -2.371214E+001, 1.626728E+001, 5.070015E+001
8.752000E-003, 1.307104E+002, 7.128251E+001, 1.315200E+001, 1.162938E+001, -2.274592E+001, 1.782775E+001, 4.799418E+001
8.760000E-003, 1.322411E+002, 7.268192E+001, 1.264528E+001, 3.606672E+000, -2.166969E+001, 1.905340E+001, 4.601196E+001
8.768000E-003, 1.336734E+002, 7.407955E+001, 1.248125E+001, -4.849421E+000, -2.037631E+001, 2.023061E+001, 4.492316E+001
8.776000E-003, 1.346374E+002, 7.557190E+001, 1.253971E+001, -1.277757E+001, -1.867334E+001, 2.259305E+001, 4.387598E+001
8.784000E-003, 1.347255E+002, 7.704280E+001, 1.274273E+001, -1.902846E+001, -1.667521E+001, 2.582506E+001, 4.436272E+001
8.792000E-003, 1.345458E+002, 7.810442E+001, 1.323645E+001, -2.273532E+001, -1.446207E+001, 2.983741E+001, 4.657110E+001
8.800000E-003, 1.343990E+002, 7.873354E+001, 1.370257E+001, -2.381034E+001, -1.187458E+001, 3.543375E+001, 4.856617E+001
8.808000E-003, 1.336509E+002, 7.952171E+001, 1.392507E+001, -2.252369E+001, -8.917524E+000, 4.179331E+001, 5.066796E+001
8.816000E-003, 1.324035E+002, 8.086572E+001, 1.415570E+001, -1.859620E+001, -5.663994E+000, 4.769435E+001, 5.341024E+001
8.824000E-003, 1.312201E+002, 8.247961E+001, 1.444804E+001, -1.167778E+001, -2.223289E+000, 5.311583E+001, 5.528104E+001
8.832000E-003, 1.299122E+002, 8.403451E+001, 1.471439E+001, -2.605944E+000, 8.747191E-001, 5.728320E+001, 5.627327E+001
8.840000E-003, 1.284178E+002, 8.548933E+001, 1.509768E+001, 6.793466E+000, 3.246363E+000, 5.925363E+001, 5.698912E+001
8.848000E-003, 1.269493E+002, 8.681904E+001, 1.544361E+001, 1.508971E+001, 4.966059E+000, 5.950611E+001, 5.610136E+001
8.856000E-003, 1.250989E+002, 8.829351E+001, 1.527795E+001, 2.169969E+001, 5.987221E+000, 5.794895E+001, 5.358735E+001
8.864000E-003, 1.222655E+002, 9.011829E+001, 1.475174E+001, 2.575326E+001, 6.306745E+000, 5.398019E+001, 5.068482E+001
8.872000E-003, 1.182694E+002, 9.191626E+001, 1.435221E+001, 2.621366E+001, 6.015292E+000, 4.857241E+001, 4.653655E+001
8.880000E-003, 1.136082E+002, 9.358733E+001, 1.406962E+001, 2.348389E+001, 5.010135E+000, 4.254507E+001, 4.075814E+001
8.888000E-003, 1.092855E+002, 9.531203E+001, 1.396730E+001, 1.890463E+001, 3.402840E+000, 3.561333E+001, 3.492608E+001
8.896000E-003, 1.057404E+002, 9.717076E+001, 1.419792E+001, 1.345973E+001, 1.313452E+000, 2.851713E+001, 2.907327E+001
8.904000E-003, 1.028500E+002, 9.949419E+001, 1.428887E+001, 8.037340E+000, -1.413669E+000, 2.218663E+001, 2.270554E+001
8.912000E-003, 1.005418E+002, 1.022376E+002, 1.381626E+001, 3.572901E+000, -4.461629E+000, 1.630710E+001, 1.697288E+001
8.920000E-003, 9.811961E+001, 1.048952E+002, 1.292787E+001, 8.926626E-001, -7.367684E+000, 1.111021E+001, 1.181799E+001
8.928000E-003, 9.481631E+001, 1.074939E+002, 1.165295E+001, 6.821608E-001, -1.021509E+001, 7.357068E+000, 6.259608E+000
8.936000E-003, 9.091868E+001, 1.102963E+002, 1.003209E+001, 2.763539E+000, -1.272374E+001, 4.674800E+000, 1.212610E+000
8.944000E-003, 8.660814E+001, 1.130630E+002, 8.490819E+000, 5.927820E+000, -1.418507E+001, 2.714286E+000, -2.863971E+000
8.952000E-003, 8.180521E+001, 1.154882E+002, 7.168798E+000, 8.904112E+000, -1.463216E+001, 1.712999E+000, -7.050210E+000
8.960000E-003, 7.721479E+001, 1.178206E+002, 5.911741E+000, 1.075247E+001, -1.457531E+001, 1.086234E+000, -1.100829E+001
8.968000E-003, 7.322906E+001, 1.203907E+002, 4.774868E+000, 1.078174E+001, -1.432494E+001, 3.356527E-001, -1.416456E+001
8.976000E-003, 6.942127E+001, 1.229286E+002, 3.780916E+000, 8.675599E+000, -1.405595E+001, -5.056648E-002, -1.750466E+001
8.984000E-003, 6.572233E+001, 1.252305E+002, 2.666780E+000, 4.636667E+000, -1.378635E+001, -2.371190E-001, -2.088179E+001
8.992000E-003, 6.239829E+001, 1.276951E+002, 1.271674E+000, -6.326309E-001, -1.393483E+001, -7.846074E-001, -2.347008E+001
9.000000E-003, 5.930403E+001, 1.304850E+002, -1.348007E-001, -6.444506E+000, -1.519871E+001, -1.231554E+000, -2.632934E+001
9.008000E-003, 5.605946E+001, 1.331963E+002, -1.289539E+000, -1.236557E+001, -1.669551E+001, -1.411136E+000, -2.982779E+001
9.016000E-003, 5.253502E+001, 1.354339E+002, -2.372817E+000, -1.787126E+001, -1.630790E+001, -1.931214E+000, -3.261205E+001
9.024000E-003, 4.875314E+001, 1.371425E+002, -3.730568E+000, -2.217698E+001, -1.351747E+001, -2.550063E+000, -3.484060E+001
9.032000E-003, 4.488316E+001, 1.385169E+002, -5.179270E+000, -2.463208E+001, -9.745061E+000, -2.824988E+000, -3.724825E+001
9.040000E-003, 4.133280E+001, 1.399128E+002, -6.204080E+000, -2.550223E+001, -6.544089E+000, -3.171983E+000, -3.919073E+001
9.048000E-003, 3.816598E+001, 1.415731E+002, -7.030749E+000, -2.564182E+001, -4.925446E+000, -3.552413E+000, -4.097970E+001
9.056000E-003, 3.511837E+001, 1.432871E+002, -8.075048E+000, -2.524333E+001, -5.110591E+000, -3.597663E+000, -4.359452E+001
9.064000E-003, 3.223834E+001, 1.446775E+002, -8.952065E+000, -2.391503E+001, -6.245110E+000, -3.853922E+000, -4.629200E+001
9.072000E-003, 2.941014E+001, 1.457034E+002, -9.397070E+000, -2.145767E+001, -7.142285E+000, -4.555000E+000, -4.859600E+001
9.080000E-003, 2.634698E+001, 1.464290E+002, -9.734883E+000, -1.780372E+001, -7.085547E+000, -5.102606E+000, -5.119526E+001
9.088000E-003, 2.335984E+001, 1.468097E+002, -1.015553E+001, -1.299820E+001, -5.701979E+000, -5.590077E+000, -5.355469E+001
9.096000E-003, 2.075451E+001, 1.468830E+002, -1.053719E+001, -7.652358E+000, -3.051185E+000, -6.282885E+000, -5.513494E+001
9.104000E-003, 1.843252E+001, 1.469170E+002, -1.062652E+001, -2.842337E+000, 7.955249E-002, -6.697577E+000, -5.695339E+001
9.112000E-003, 1.617791E+001, 1.470331E+002, -1.055343E+001, 5.988606E-001, 3.004958E+000, -6.888855E+000, -5.910635E+001
9.120000E-003, 1.380409E+001, 1.469027E+002, -1.086688E+001, 2.416830E+000, 5.726466E+000, -7.354115E+000, -6.081124E+001
9.128000E-003, 1.151493E+001, 1.464666E+002, -1.129402E+001, 2.706130E+000, 8.108501E+000, -7.778377E+000, -6.259148E+001
9.136000E-003, 9.536743E+000, 1.459590E+002, -1.111050E+001, 1.788702E+000, 9.674826E+000, -8.032154E+000, -6.470612E+001
9.144000E-003, 7.612118E+000, 1.452352E+002, -1.047548E+001, 3.028074E-001, 1.013530E+001, -8.617922E+000, -6.638377E+001
9.152000E-003, 5.466351E+000, 1.441003E+002, -9.892422E+000, -7.755921E-001, 9.328426E+000, -9.361650E+000, -6.793444E+001
9.160000E-003, 3.184098E+000, 1.425936E+002, -9.505885E+000, -8.206192E-001, 7.585438E+000, -9.974356E+000, -6.985169E+001
9.168000E-003, 1.224919E+000, 1.408600E+002, -9.070624E+000, -3.962386E-001, 6.096158E+000, -1.082631E+001, -7.140424E+001
9.176000E-003, -2.107759E-001, 1.390978E+002, -8.209849E+000, -3.208182E-001, 5.740799E+000, -1.176190E+001, -7.254163E+001
9.184000E-003, -1.480614E+000, 1.373534E+002, -7.232138E+000, -3.984900E-001, 5.937292E+000, -1.233326E+001, -7.394749E+001
9.192000E-003, -2.700350E+000, 1.354142E+002, -6.738410E+000, -3.140641E-001, 5.588025E+000, -1.282333E+001, -7.538897E+001
9.200000E-003, -3.740407E+000, 1.331355E+002, -6.480178E+000, -5.650903E-001, 5.231472E+000, -1.326271E+001, -7.674484E+001
9.208000E-003, -4.548957E+000, 1.306780E+002, -5.942599E+000, -1.376704E+000, 6.630689E+000, -1.332545E+001, -7.827841E+001
9.216000E-003, -4.979147E+000, 1.281741E+002, -5.252355E+000, -1.951925E+000, 9.370710E+000, -1.342930E+001, -7.940754E+001
9.224000E-003, -5.336775E+000, 1.255933E+002, -4.744010E+000, -1.706528E+000, 1.096881E+001, -1.383903E+001, -8.009638E+001
9.232000E-003, -6.205794E+000, 1.230465E+002, -4.432182E+000, -1.133558E+000, 1.098028E+001, -1.408324E+001, -8.135840E+001
9.240000E-003, -7.245852E+000, 1.205033E+002, -4.102489E+000, -8.397557E-001, 1.124581E+001, -1.426010E+001, -8.289067E+001
9.248000E-003, -7.819438E+000, 1.175811E+002, -3.621753E+000, -4.367630E-001, 1.294663E+001, -1.477049E+001, -8.376711E+001
9.256000E-003, -8.130419E+000, 1.141925E+002, -3.205983E+000, 1.147066E+000, 1.583740E+001, -1.529022E+001, -8.445795E+001
9.264000E-003, -8.377476E+000, 1.106984E+002, -3.102040E+000, 4.325980E+000, 1.849249E+001, -1.569687E+001, -8.517545E+001
9.272000E-003, -8.465588E+000, 1.073170E+002, -3.240089E+000, 8.251219E+000, 1.925720E+001, -1.632813E+001, -8.539630E+001
9.280000E-003, -8.724738E+000, 1.041357E+002, -3.447974E+000, 1.185676E+001, 1.817643E+001, -1.689251E+001, -8.572280E+001
9.288000E-003, -9.308691E+000, 1.011867E+002, -3.725696E+000, 1.496814E+001, 1.676838E+001, -1.710813E+001, -8.662637E+001
9.296000E-003, -9.935835E+000, 9.834677E+001, -4.362345E+000, 1.797370E+001, 1.620135E+001, -1.741294E+001, -8.724517E+001
9.304000E-003, -1.081349E+001, 9.549612E+001, -5.318943E+000, 2.097363E+001, 1.651335E+001, -1.780460E+001, -8.751530E+001
9.312000E-003, -1.201422E+001, 9.246852E+001, -5.824039E+000, 2.356607E+001, 1.701348E+001, -1.785398E+001, -8.812114E+001
9.320000E-003, -1.268456E+001, 8.920143E+001, -5.663253E+000, 2.518029E+001, 1.742558E+001, -1.774564E+001, -8.861932E+001
9.328000E-003, -1.272257E+001, 8.594150E+001, -5.554438E+000, 2.577690E+001, 1.790564E+001, -1.764546E+001, -8.867863E+001
9.336000E-003, -1.311648E+001, 8.285135E+001, -5.916614E+000, 2.602455E+001, 1.801327E+001, -1.732150E+001, -8.894958E+001
9.344000E-003, -1.394403E+001, 7.973618E+001, -6.603610E+000, 2.621591E+001, 1.774415E+001, -1.697947E+001, -8.934460E+001
9.352000E-003, -1.470421E+001, 7.646194E+001, -7.261372E+000, 2.593224E+001, 1.846036E+001, -1.688649E+001, -8.932573E+001
9.360000E-003, -1.580646E+001, 7.322524E+001, -7.688512E+000, 2.528272E+001, 2.065152E+001, -1.680567E+001, -8.922044E+001
9.368000E-003, -1.764643E+001, 7.021731E+001, -7.941872E+000, 2.466811E+001, 2.307237E+001, -1.672793E+001, -8.922845E+001
9.376000E-003, -1.965398E+001, 6.722010E+001, -7.876908E+000, 2.313718E+001, 2.504590E+001, -1.682470E+001, -8.906656E+001
9.384000E-003, -2.122789E+001, 6.389046E+001, -7.427031E+000, 1.921645E+001, 2.670396E+001, -1.688578E+001, -8.891339E+001
9.392000E-003, -2.269987E+001, 6.032312E+001, -6.933303E+000, 1.352052E+001, 2.751573E+001, -1.695584E+001, -8.881776E+001
9.400000E-003, -2.454329E+001, 5.693808E+001, -6.749779E+000, 8.064357E+000, 2.710363E+001, -1.734796E+001, -8.846497E+001
9.408000E-003, -2.635216E+001, 5.391763E+001, -6.822864E+000, 3.089986E+000, 2.596350E+001, -1.782941E+001, -8.815439E+001
9.416000E-003, -2.773430E+001, 5.106161E+001, -6.728666E+000, -2.601442E+000, 2.450456E+001, -1.819070E+001, -8.809378E+001
9.424000E-003, -2.917518E+001, 4.810908E+001, -6.361618E+000, -8.737512E+000, 2.318788E+001, -1.866884E+001, -8.780301E+001
9.432000E-003, -3.122592E+001, 4.510115E+001, -5.966961E+000, -1.364659E+001, 2.265215E+001, -1.914307E+001, -8.736520E+001
9.440000E-003, -3.358938E+001, 4.242921E+001, -5.543069E+000, -1.666228E+001, 2.279263E+001, -1.937570E+001, -8.716935E+001
9.448000E-003, -3.570923E+001, 4.014154E+001, -5.096441E+000, -1.835756E+001, 2.323267E+001, -1.956344E+001, -8.689886E+001
9.456000E-003, -3.761312E+001, 3.760901E+001, -4.731017E+000, -1.896880E+001, 2.399439E+001, -1.967237E+001, -8.651093E+001
9.464000E-003, -3.960513E+001, 3.450278E+001, -4.227544E+000, -1.836656E+001, 2.499669E+001, -1.947754E+001, -8.634408E+001
9.472000E-003, -4.204114E+001, 3.148591E+001, -3.529180E+000, -1.691444E+001, 2.595263E+001, -1.924681E+001, -8.602407E+001
9.480000E-003, -4.474840E+001, 2.927687E+001, -2.889282E+000, -1.538464E+001, 2.620431E+001, -1.916068E+001, -8.543722E+001
9.488000E-003, -4.707385E+001, 2.752537E+001, -2.168180E+000, -1.439967E+001, 2.496873E+001, -1.900094E+001, -8.528310E+001
9.496000E-003, -4.927835E+001, 2.555583E+001, -1.271674E+000, -1.385372E+001, 2.313628E+001, -1.890265E+001, -8.544076E+001
9.504000E-003, -5.180939E+001, 2.312338E+001, -5.115930E-001, -1.330889E+001, 2.303785E+001, -1.904903E+001, -8.520847E+001
9.512000E-003, -5.421431E+001, 2.023520E+001, 1.510417E-001, -1.271341E+001, 2.528300E+001, -1.914934E+001, -8.468435E+001
9.520000E-003, -5.644819E+001, 1.746675E+001, 8.656478E-001, -1.192093E+001, 2.803831E+001, -1.913788E+001, -8.398241E+001
9.528000E-003, -5.903452E+001, 1.530061E+001, 1.398354E+000, -1.100238E+001, 2.933397E+001, -1.920026E+001, -8.299207E+001
9.536000E-003, -6.173832E+001, 1.341864E+001, 1.866096E+000, -1.085941E+001, 2.838806E+001, -1.919872E+001, -8.226868E+001
9.544000E-003, -6.401366E+001, 1.165106E+001, 2.678149E+000, -1.204813E+001, 2.592671E+001, -1.912831E+001, -8.203120E+001
9.552000E-003, -6.596420E+001, 1.011402E+001, 3.675349E+000, -1.392464E+001, 2.399619E+001, -1.926571E+001, -8.158549E+001
9.560000E-003, -6.793375E+001, 8.727121E+000, 4.571855E+000, -1.500866E+001, 2.405233E+001, -1.951464E+001, -8.076223E+001
9.568000E-003, -7.013998E+001, 7.256217E+000, 5.465112E+000, -1.438504E+001, 2.533281E+001, -1.965394E+001, -7.985973E+001
9.576000E-003, -7.249653E+001, 5.356376E+000, 6.257676E+000, -1.301171E+001, 2.610313E+001, -1.978071E+001, -7.879321E+001
9.584000E-003, -7.459392E+001, 3.109807E+000, 6.887828E+000, -1.206952E+001, 2.581574E+001, -1.983281E+001, -7.778259E+001
9.592000E-003, -7.634750E+001, 1.340434E+000, 7.768093E+000, -1.094271E+001, 2.537880E+001, -1.967012E+001, -7.714574E+001
9.600000E-003, -7.810800E+001, 3.556619E-001, 8.789655E+000, -8.669971E+000, 2.606407E+001, -1.953166E+001, -7.644547E+001
9.608000E-003, -7.992724E+001, -4.468114E-001, 9.380829E+000, -5.506816E+000, 2.826443E+001, -1.948251E+001, -7.545807E+001
9.616000E-003, -8.144586E+001, -1.301115E+000, 9.665047E+000, -1.902396E+000, 3.091283E+001, -1.927044E+001, -7.453941E+001
9.624000E-003, -8.259303E+001, -2.192950E+000, 9.968755E+000, 2.305388E+000, 3.245204E+001, -1.897708E+001, -7.363432E+001
9.632000E-003, -8.368838E+001, -3.309979E+000, 1.022211E+001, 6.820482E+000, 3.203577E+001, -1.875437E+001, -7.269951E+001
9.640000E-003, -8.509988E+001, -4.602158E+000, 1.053394E+001, 1.013560E+001, 2.982633E+001, -1.848146E+001, -7.208035E+001
9.648000E-003, -8.684656E+001, -5.683442E+000, 1.094971E+001, 1.103164E+001, 2.708225E+001, -1.827884E+001, -7.151426E+001
9.656000E-003, -8.838764E+001, -6.298254E+000, 1.122906E+001, 1.025267E+001, 2.522388E+001, -1.836378E+001, -7.050517E+001
9.664000E-003, -8.905106E+001, -6.764725E+000, 1.148729E+001, 9.559257E+000, 2.451053E+001, -1.850922E+001, -6.935894E+001
9.672000E-003, -8.856213E+001, -7.343793E+000, 1.186409E+001, 9.575016E+000, 2.467812E+001, -1.850508E+001, -6.831647E+001
9.680000E-003, -8.754800E+001, -7.837072E+000, 1.203624E+001, 9.561508E+000, 2.568256E+001, -1.844613E+001, -6.703029E+001
9.688000E-003, -8.719382E+001, -8.484056E+000, 1.202000E+001, 9.033565E+000, 2.699983E+001, -1.825048E+001, -6.557726E+001
9.696000E-003, -8.805074E+001, -9.543892E+000, 1.195341E+001, 8.400934E+000, 2.792627E+001, -1.782067E+001, -6.427032E+001
9.704000E-003, -8.988035E+001, -1.054832E+001, 1.147917E+001, 7.957417E+000, 2.839917E+001, -1.740621E+001, -6.288556E+001
9.712000E-003, -9.180843E+001, -1.129718E+001, 1.089612E+001, 7.572435E+000, 2.840896E+001, -1.715338E+001, -6.133360E+001
9.720000E-003, -9.273792E+001, -1.202638E+001, 1.089287E+001, 7.418217E+000, 2.775665E+001, -1.694331E+001, -5.991865E+001
9.728000E-003, -9.258415E+001, -1.288247E+001, 1.124205E+001, 8.074488E+000, 2.671375E+001, -1.680674E+001, -5.859968E+001
9.736000E-003, -9.181016E+001, -1.409422E+001, 1.150029E+001, 9.952118E+000, 2.612738E+001, -1.677212E+001, -5.719216E+001
9.744000E-003, -9.046085E+001, -1.552223E+001, 1.165133E+001, 1.233856E+001, 2.720253E+001, -1.665137E+001, -5.569302E+001
9.752000E-003, -8.897332E+001, -1.670896E+001, 1.167569E+001, 1.363421E+001, 3.019232E+001, -1.642962E+001, -5.382836E+001
9.760000E-003, -8.803174E+001, -1.771875E+001, 1.164970E+001, 1.352164E+001, 3.240319E+001, -1.623160E+001, -5.158366E+001
9.768000E-003, -8.760846E+001, -1.883400E+001, 1.154251E+001, 1.343384E+001, 3.039264E+001, -1.592915E+001, -4.976180E+001
9.776000E-003, -8.738387E+001, -1.997783E+001, 1.110400E+001, 1.444920E+001, 2.499740E+001, -1.546082E+001, -4.858492E+001
9.784000E-003, -8.701414E+001, -2.112346E+001, 1.077756E+001, 1.622890E+001, 2.021362E+001, -1.508015E+001, -4.724485E+001
9.792000E-003, -8.604147E+001, -2.241564E+001, 1.104716E+001, 1.805025E+001, 1.778643E+001, -1.484929E+001, -4.553606E+001
9.800000E-003, -8.443127E+001, -2.389190E+001, 1.147755E+001, 1.946747E+001, 1.739070E+001, -1.458547E+001, -4.376361E+001
9.808000E-003, -8.244445E+001, -2.553438E+001, 1.195991E+001, 2.007309E+001, 1.913226E+001, -1.428881E+001, -4.162350E+001
9.816000E-003, -8.010001E+001, -2.722333E+001, 1.268588E+001, 1.958680E+001, 2.199841E+001, -1.390826E+001, -3.912600E+001
9.824000E-003, -7.739966E+001, -2.888547E+001, 1.325269E+001, 1.782173E+001, 2.417333E+001, -1.321605E+001, -3.696620E+001
9.832000E-003, -7.471658E+001, -3.070667E+001, 1.348332E+001, 1.495125E+001, 2.584166E+001, -1.238300E+001, -3.509269E+001
9.840000E-003, -7.253108E+001, -3.255289E+001, 1.361325E+001, 1.179035E+001, 2.761809E+001, -1.178719E+001, -3.299998E+001
9.848000E-003, -7.080859E+001, -3.419895E+001, 1.382438E+001, 8.439207E+000, 2.846797E+001, -1.136068E+001, -3.096706E+001
9.856000E-003, -6.912238E+001, -3.590577E+001, 1.441068E+001, 4.060320E+000, 2.744991E+001, -1.099585E+001, -2.923269E+001
9.864000E-003, -6.706473E+001, -3.767514E+001, 1.533805E+001, -1.439742E+000, 2.465638E+001, -1.082642E+001, -2.747450E+001
9.872000E-003, -6.449568E+001, -3.929260E+001, 1.610462E+001, -7.304524E+000, 2.084478E+001, -1.072057E+001, -2.578069E+001
9.880000E-003, -6.178669E+001, -4.114418E+001, 1.666494E+001, -1.284173E+001, 1.755757E+001, -1.051511E+001, -2.420691E+001
9.888000E-003, -5.916582E+001, -4.344616E+001, 1.738604E+001, -1.763149E+001, 1.609325E+001, -1.036176E+001, -2.217741E+001
9.896000E-003, -5.639118E+001, -4.567664E+001, 1.819322E+001, -2.124717E+001, 1.654835E+001, -1.015051E+001, -1.964029E+001
9.904000E-003, -5.364418E+001, -4.746746E+001, 1.887047E+001, -2.312593E+001, 1.822588E+001, -9.588609E+000, -1.704988E+001
9.912000E-003, -5.137575E+001, -4.901700E+001, 1.949738E+001, -2.349627E+001, 2.006550E+001, -8.811917E+000, -1.434131E+001
9.920000E-003, -4.924035E+001, -5.072382E+001, 2.013078E+001, -2.355819E+001, 2.120432E+001, -7.969891E+000, -1.159266E+001
9.928000E-003, -4.674041E+001, -5.275413E+001, 2.079828E+001, -2.355031E+001, 2.136761E+001, -7.008656E+000, -9.281110E+000
9.936000E-003, -4.432685E+001, -5.491312E+001, 2.158110E+001, -2.245727E+001, 2.048441E+001, -6.163439E+000, -7.264692E+000
9.944000E-003, -4.229166E+001, -5.692556E+001, 2.244675E+001, -1.989523E+001, 1.861803E+001, -5.636981E+000, -5.224574E+000
9.952000E-003, -3.986600E+001, -5.878251E+001, 2.336275E+001, -1.631332E+001, 1.614187E+001, -5.279707E+000, -3.341162E+000
9.960000E-003, -3.663699E+001, -6.056440E+001, 2.437781E+001, -1.207740E+001, 1.354256E+001, -5.089728E+000, -1.523544E+000
9.968000E-003, -3.342179E+001, -6.208713E+001, 2.530842E+001, -7.954040E+000, 1.143179E+001, -5.114303E+000, 5.005375E-001
9.976000E-003, -3.088212E+001, -6.333641E+001, 2.581352E+001, -5.402128E+000, 1.053258E+001, -5.136396E+000, 2.542070E+000
9.984000E-003, -2.854112E+001, -6.451064E+001, 2.605551E+001, -5.172490E+000, 1.120973E+001, -5.075551E+000, 4.632183E+000
9.992000E-003, -2.599626E+001, -6.572954E+001, 2.649727E+001, -6.579587E+000, 1.311649E+001, -4.960713E+000, 7.132159E+000
1.000000E-002, -2.358098E+001, -6.713789E+001, 2.703485E+001, -8.650834E+000, 1.522917E+001, -4.620098E+000, 9.918307E+000
1.000800E-002, -2.137129E+001, -6.844615E+001, 2.740027E+001, -1.088868E+001, 1.636440E+001, -4.061504E+000, 1.287979E+001
1.001600E-002, -1.918233E+001, -6.923790E+001, 2.772834E+001, -1.324810E+001, 1.601466E+001, -3.539653E+000, 1.634759E+001
1.002400E-002, -1.702447E+001, -6.973296E+001, 2.812787E+001, -1.573360E+001, 1.437248E+001, -3.104167E+000, 2.028020E+001
1.003200E-002, -1.482687E+001, -7.021731E+001, 2.852253E+001, -1.761798E+001, 1.172133E+001, -2.768987E+000, 2.442682E+001
1.004000E-002, -1.270875E+001, -7.054259E+001, 2.871417E+001, -1.805362E+001, 8.564197E+000, -2.673289E+000, 2.883238E+001
1.004800E-002, -1.081004E+001, -7.051399E+001, 2.858424E+001, -1.701912E+001, 5.614901E+000, -2.699517E+000, 3.327142E+001
1.005600E-002, -8.754108E+000, -7.037637E+001, 2.844295E+001, -1.458879E+001, 3.278614E+000, -2.628039E+000, 3.745094E+001
1.006400E-002, -6.635984E+000, -7.046037E+001, 2.830652E+001, -1.072884E+001, 2.013538E+000, -2.473386E+000, 4.155428E+001
1.007200E-002, -5.018884E+000, -7.050863E+001, 2.768287E+001, -5.914311E+000, 2.253271E+000, -2.195743E+000, 4.556955E+001
1.008000E-002, -3.567640E+000, -7.022625E+001, 2.683183E+001, -8.048597E-001, 3.483826E+000, -1.698230E+000, 4.907095E+001
1.008800E-002, -1.798505E+000, -6.971688E+001, 2.653300E+001, 4.051315E+000, 4.934644E+000, -1.118134E+000, 5.181300E+001
1.009600E-002, -2.487846E-001, -6.907705E+001, 2.647615E+001, 8.153285E+000, 6.349149E+000, -5.640289E-001, 5.364619E+001
1.010400E-002, 4.077303E-001, -6.825849E+001, 2.600517E+001, 1.134458E+001, 7.105615E+000, -2.481065E-003, 5.440861E+001
1.011200E-002, 4.371007E-001, -6.735057E+001, 2.547895E+001, 1.381432E+001, 6.586970E+000, 4.359587E-001, 5.427737E+001
1.012000E-002, 1.228374E+000, -6.654631E+001, 2.516875E+001, 1.568407E+001, 5.143439E+000, 6.257011E-001, 5.351389E+001
1.012800E-002, 3.876894E+000, -6.569379E+001, 2.494625E+001, 1.713619E+001, 3.144354E+000, 6.216841E-001, 5.217488E+001
1.013600E-002, 7.276950E+000, -6.450885E+001, 2.490727E+001, 1.859732E+001, 7.392648E-001, 3.899999E-001, 5.050241E+001
1.014400E-002, 9.554020E+000, -6.309335E+001, 2.470913E+001, 1.985583E+001, -1.383688E+000, -5.044833E-002, 4.884645E+001
1.015200E-002, 1.007405E+001, -6.160636E+001, 2.397016E+001, 2.008772E+001, -2.711952E+000, -4.480095E-001, 4.732774E+001
1.016000E-002, 8.564064E+000, -6.001035E+001, 2.309639E+001, 1.960481E+001, -3.295098E+000, -6.864281E-001, 4.608860E+001
1.016800E-002, 5.665033E+000, -5.837502E+001, 2.251009E+001, 1.969599E+001, -3.284467E+000, -8.248952E-001, 4.522100E+001
1.017600E-002, 3.894170E+000, -5.673611E+001, 2.237854E+001, 2.074737E+001, -3.278614E+000, -8.324565E-001, 4.450645E+001
1.018400E-002, 4.991241E+000, -5.496317E+001, 2.292749E+001, 2.197548E+001, -3.953974E+000, -7.416023E-001, 4.385688E+001
1.019200E-002, 7.978384E+000, -5.314018E+001, 2.372817E+001, 2.210043E+001, -5.252615E+000, -7.033230E-001, 4.341636E+001
1.020000E-002, 1.097589E+001, -5.133149E+001, 2.388246E+001, 2.010123E+001, -7.022956E+000, -7.147831E-001, 4.307912E+001
1.020800E-002, 1.321323E+001, -4.923862E+001, 2.331727E+001, 1.595086E+001, -9.211486E+000, -7.277792E-001, 4.272668E+001
1.021600E-002, 1.451589E+001, -4.685979E+001, 2.252146E+001, 1.053747E+001, -1.113842E+001, -8.342287E-001, 4.255123E+001
1.022400E-002, 1.445888E+001, -4.447382E+001, 2.170616E+001, 5.648652E+000, -1.212447E+001, -1.028697E+000, 4.261184E+001
1.023200E-002, 1.337908E+001, -4.209857E+001, 2.099643E+001, 3.330881E+000, -1.232024E+001, -1.208043E+000, 4.276123E+001
1.024000E-002, 1.258781E+001, -3.976264E+001, 2.041175E+001, 3.937621E+000, -1.218216E+001, -1.376755E+000, 4.299553E+001
1.024800E-002, 1.288670E+001, -3.744280E+001, 2.005932E+001, 6.034759E+000, -1.210846E+001, -1.525737E+000, 4.329962E+001
1.025600E-002, 1.413062E+001, -3.488882E+001, 2.038089E+001, 8.425699E+000, -1.244340E+001, -1.629351E+000, 4.352295E+001
1.026400E-002, 1.579437E+001, -3.206676E+001, 2.114260E+001, 1.099112E+001, -1.311816E+001, -1.784359E+000, 4.361881E+001
1.027200E-002, 1.750476E+001, -2.922326E+001, 2.143331E+001, 1.365898E+001, -1.383903E+001, -2.046643E+000, 4.358285E+001
1.028000E-002, 1.912359E+001, -2.642800E+001, 2.107113E+001, 1.538802E+001, -1.458319E+001, -2.335746E+000, 4.329609E+001
1.028800E-002, 2.026731E+001, -2.372390E+001, 2.037764E+001, 1.485445E+001, -1.541706E+001, -2.608072E+000, 4.274555E+001
1.029600E-002, 2.063703E+001, -2.130754E+001, 1.935608E+001, 1.173069E+001, -1.639582E+001, -2.917615E+000, 4.206980E+001
1.030400E-002, 2.061457E+001, -1.894123E+001, 1.816074E+001, 6.412987E+000, -1.755829E+001, -3.269572E+000, 4.126823E+001
1.031200E-002, 2.049018E+001, -1.620853E+001, 1.724150E+001, -4.694077E-001, -1.858662E+001, -3.571671E+000, 4.025195E+001
1.032000E-002, 2.018438E+001, -1.345081E+001, 1.689556E+001, -7.553298E+000, -1.911601E+001, -3.810562E+000, 3.911834E+001
1.032800E-002, 2.018956E+001, -1.102194E+001, 1.692480E+001, -1.332578E+001, -1.925935E+001, -4.033031E+000, 3.800760E+001
1.033600E-002, 2.098947E+001, -8.492991E+000, 1.672341E+001, -1.758534E+001, -1.933556E+001, -4.174570E+000, 3.690017E+001
1.034400E-002, 2.224376E+001, -5.799613E+000, 1.617933E+001, -2.090271E+001, -1.953707E+001, -4.189220E+000, 3.579557E+001
1.035200E-002, 2.358962E+001, -3.361809E+000, 1.563201E+001, -2.317658E+001, -1.980774E+001, -4.140307E+000, 3.475700E+001
1.036000E-002, 2.482490E+001, -1.079496E+000, 1.493364E+001, -2.389139E+001, -1.992109E+001, -4.021216E+000, 3.374012E+001
1.036800E-002, 2.571984E+001, 1.242136E+000, 1.389097E+001, -2.300886E+001, -1.997210E+001, -3.801701E+000, 3.273197E+001
1.037600E-002, 2.625196E+001, 3.406490E+000, 1.283855E+001, -2.093085E+001, -2.032590E+001, -3.604516E+000, 3.185695E+001
1.038400E-002, 2.647137E+001, 5.379610E+000, 1.217591E+001, -1.805700E+001, -2.104785E+001, -3.512716E+000, 3.110997E+001
1.039200E-002, 2.669251E+001, 7.408134E+000, 1.204761E+001, -1.424770E+001, -2.193260E+001, -3.453052E+000, 3.034779E+001
1.040000E-002, 2.744578E+001, 9.584999E+000, 1.209471E+001, -9.247444E+000, -2.269313E+001, -3.427887E+000, 2.959751E+001
1.040800E-002, 2.850311E+001, 1.192808E+001, 1.165945E+001, -4.047938E+000, -2.308360E+001, -3.490741E+000, 2.896715E+001
1.041600E-002, 2.906461E+001, 1.429797E+001, 1.077594E+001, -2.892992E-001, -2.323064E+001, -3.577578E+000, 2.837617E+001
1.042400E-002, 2.933758E+001, 1.634258E+001, 9.908663E+000, 1.287776E+000, -2.351983E+001, -3.655082E+000, 2.774240E+001
1.043200E-002, 3.021696E+001, 1.792965E+001, 9.122596E+000, 6.393850E-001, -2.423938E+001, -3.778899E+000, 2.711628E+001
1.044000E-002, 3.142979E+001, 1.920574E+001, 8.406366E+000, -1.935040E+000, -2.543864E+001, -3.889365E+000, 2.645479E+001
1.044800E-002, 3.212604E+001, 2.047469E+001, 7.794078E+000, -5.887295E+000, -2.677814E+001, -3.898226E+000, 2.569579E+001
1.045600E-002, 3.233681E+001, 2.194917E+001, 7.064856E+000, -1.062302E+001, -2.779727E+001, -3.906379E+000, 2.501485E+001
1.046400E-002, 3.246121E+001, 2.358807E+001, 6.156981E+000, -1.521804E+001, -2.840024E+001, -3.998769E+000, 2.457692E+001
1.047200E-002, 3.292941E+001, 2.536459E+001, 5.424510E+000, -1.899807E+001, -2.868548E+001, -4.086551E+000, 2.427082E+001
1.048000E-002, 3.402648E+001, 2.710358E+001, 5.164653E+000, -2.182915E+001, -2.869396E+001, -4.146688E+000, 2.403488E+001
1.048800E-002, 3.520302E+001, 2.845474E+001, 5.158156E+000, -2.308428E+001, -2.852542E+001, -4.227736E+000, 2.396861E+001
1.049600E-002, 3.621025E+001, 2.953602E+001, 4.882059E+000, -2.190682E+001, -2.827852E+001, -4.259162E+000, 2.399585E+001
1.050400E-002, 3.750774E+001, 3.060658E+001, 4.250282E+000, -1.810991E+001, -2.802493E+001, -4.223837E+000, 2.398748E+001
1.051200E-002, 3.869292E+001, 3.150914E+001, 3.561662E+000, -1.207402E+001, -2.791409E+001, -4.261643E+000, 2.394822E+001
1.052000E-002, 3.925787E+001, 3.220795E+001, 2.803205E+000, -4.789759E+000, -2.803246E+001, -4.420432E+000, 2.377347E+001
1.052800E-002, 3.954293E+001, 3.294788E+001, 2.033379E+000, 2.220963E+000, -2.830480E+001, -4.647862E+000, 2.337351E+001
1.053600E-002, 3.970188E+001, 3.377001E+001, 1.620857E+000, 7.815581E+000, -2.862062E+001, -4.940746E+000, 2.285033E+001
1.054400E-002, 3.966214E+001, 3.454388E+001, 1.464942E+000, 1.179598E+001, -2.890073E+001, -5.235166E+000, 2.219061E+001
1.055200E-002, 3.952738E+001, 3.519981E+001, 1.196965E+000, 1.427022E+001, -2.910833E+001, -5.474648E+000, 2.130580E+001
1.056000E-002, 3.951874E+001, 3.563947E+001, 9.338602E-001, 1.513924E+001, -2.931665E+001, -5.751346E+000, 2.026735E+001
1.056800E-002, 4.008024E+001, 3.586645E+001, 8.835130E-001, 1.438954E+001, -2.969052E+001, -6.063606E+000, 1.907042E+001
1.057600E-002, 4.117385E+001, 3.615062E+001, 7.714497E-001, 1.211455E+001, -3.030233E+001, -6.297889E+000, 1.763189E+001
1.058400E-002, 4.216381E+001, 3.662960E+001, 3.637995E-001, 8.603556E+000, -3.103873E+001, -6.502046E+000, 1.609939E+001
1.059200E-002, 4.277022E+001, 3.691735E+001, -1.737792E-001, 5.185998E+000, -3.172412E+001, -6.697577E+000, 1.455450E+001
1.060000E-002, 4.293781E+001, 3.682262E+001, -6.074151E-001, 3.789032E+000, -3.226869E+001, -6.757713E+000, 1.280574E+001
1.060800E-002, 4.258881E+001, 3.671896E+001, -7.893149E-001, 5.106075E+000, -3.274541E+001, -6.781815E+000, 1.094014E+001
1.061600E-002, 4.204114E+001, 3.672611E+001, -7.422159E-001, 8.134149E+000, -3.330478E+001, -6.954190E+000, 9.232176E+000
1.062400E-002, 4.161095E+001, 3.678509E+001, -6.171598E-001, 1.141325E+001, -3.393105E+001, -7.138616E+000, 7.577042E+000
1.063200E-002, 4.132589E+001, 3.691020E+001, -5.099689E-001, 1.450098E+001, -3.442222E+001, -7.246956E+000, 5.942070E+000
1.064000E-002, 4.129479E+001, 3.685479E+001, -4.076503E-001, 1.775532E+001, -3.469683E+001, -7.427719E+000, 4.559903E+000
1.064800E-002, 4.115830E+001, 3.673326E+001, -3.053317E-001, 2.075637E+001, -3.484614E+001, -7.626914E+000, 3.263576E+000
1.065600E-002, 4.037740E+001, 3.693164E+001, -1.851479E-001, 2.265202E+001, -3.488042E+001, -7.736907E+000, 1.830352E+000
1.066400E-002, 3.962759E+001, 3.724977E+001, -1.624105E-002, 2.328802E+001, -3.481138E+001, -7.896995E+000, 5.079660E-001
1.067200E-002, 3.951356E+001, 3.726407E+001, 1.299284E-002, 2.307640E+001, -3.478224E+001, -8.100325E+000, -6.879001E-001
1.068000E-002, 3.925268E+001, 3.681548E+001, -1.559141E-001, 2.241225E+001, -3.483169E+001, -8.183618E+000, -2.043891E+000
1.068800E-002, 3.835602E+001, 3.622211E+001, -3.069558E-001, 2.107044E+001, -3.487350E+001, -8.253442E+000, -3.432072E+000
1.069600E-002, 3.715183E+001, 3.615240E+001, -4.742386E-001, 1.854554E+001, -3.489930E+001, -8.428415E+000, -4.714368E+000
1.070400E-002, 3.590619E+001, 3.658134E+001, -6.740034E-001, 1.450774E+001, -3.491088E+001, -8.571254E+000, -6.137805E+000
1.071200E-002, 3.482812E+001, 3.690305E+001, -6.334009E-001, 8.862462E+000, -3.491650E+001, -8.657028E+000, -7.702383E+000
1.072000E-002, 3.399020E+001, 3.714969E+001, -3.573030E-001, 2.386437E+000, -3.495986E+001, -8.761115E+000, -9.223215E+000
1.072800E-002, 3.323693E+001, 3.756969E+001, -1.591623E-001, -3.548137E+000, -3.487409E+001, -8.773756E+000, -1.081267E+001
1.073600E-002, 3.233336E+001, 3.790033E+001, -1.997649E-001, -8.119514E+000, -3.447024E+001, -8.683847E+000, -1.244257E+001
1.074400E-002, 3.124147E+001, 3.803974E+001, -4.352601E-001, -1.131081E+001, -3.395279E+001, -8.613432E+000, -1.390492E+001
1.075200E-002, 3.018587E+001, 3.823634E+001, -8.640237E-001, -1.343159E+001, -3.358142E+001, -8.462323E+000, -1.538142E+001
1.076000E-002, 2.915617E+001, 3.860987E+001, -1.551020E+000, -1.441093E+001, -3.330861E+001, -8.190942E+000, -1.700920E+001
1.076800E-002, 2.786215E+001, 3.930332E+001, -2.496249E+000, -1.361057E+001, -3.305800E+001, -8.004980E+000, -1.851670E+001
1.077600E-002, 2.633143E+001, 4.030775E+001, -3.517811E+000, -1.080200E+001, -3.284145E+001, -7.895341E+000, -1.988897E+001
1.078400E-002, 2.484909E+001, 4.100478E+001, -4.243785E+000, -7.118787E+000, -3.256194E+001, -7.728873E+000, -2.126760E+001
1.079200E-002, 2.353433E+001, 4.129074E+001, -4.648188E+000, -4.500460E+000, -3.210218E+001, -7.630103E+000, -2.238776E+001
1.080000E-002, 2.242862E+001, 4.184121E+001, -5.093193E+000, -3.999533E+000, -3.153838E+001, -7.662475E+000, -2.313297E+001
1.080800E-002, 2.145594E+001, 4.262045E+001, -5.560935E+000, -5.201757E+000, -3.095715E+001, -7.682678E+000, -2.375578E+001
1.081600E-002, 2.030704E+001, 4.332284E+001, -5.962089E+000, -7.334917E+000, -3.007992E+001, -7.718004E+000, -2.420385E+001
1.082400E-002, 1.890245E+001, 4.406812E+001, -6.554886E+000, -9.620043E+000, -2.866303E+001, -7.863796E+000, -2.432919E+001
1.083200E-002, 1.745811E+001, 4.462574E+001, -7.224018E+000, -1.125678E+001, -2.756136E+001, -8.035699E+000, -2.439310E+001
1.084000E-002, 1.604833E+001, 4.502787E+001, -7.758348E+000, -1.214606E+001, -2.803521E+001, -8.197204E+000, -2.465769E+001
1.084800E-002, 1.452453E+001, 4.583034E+001, -8.360891E+000, -1.268639E+001, -2.924856E+001, -8.393444E+000, -2.503666E+001
1.085600E-002, 1.273985E+001, 4.689018E+001, -8.976427E+000, -1.276294E+001, -2.867139E+001, -8.591339E+000, -2.526978E+001
1.086400E-002, 1.080313E+001, 4.772303E+001, -9.390574E+000, -1.173857E+001, -2.593782E+001, -8.784389E+000, -2.520693E+001
1.087200E-002, 9.001165E+000, 4.836823E+001, -9.850195E+000, -9.475956E+000, -2.346739E+001, -8.925338E+000, -2.507381E+001
1.088000E-002, 7.458355E+000, 4.885794E+001, -1.048197E+001, -6.589718E+000, -2.283336E+001, -8.853150E+000, -2.526919E+001
1.088800E-002, 6.114227E+000, 4.904381E+001, -1.098544E+001, -3.738376E+000, -2.374403E+001, -8.615559E+000, -2.584861E+001
1.089600E-002, 4.880670E+000, 4.941198E+001, -1.137198E+001, -1.380081E+000, -2.553970E+001, -8.413411E+000, -2.664970E+001
1.090400E-002, 3.512355E+000, 5.037709E+001, -1.174553E+001, 1.046880E-001, -2.661043E+001, -8.222014E+000, -2.759501E+001
1.091200E-002, 1.860702E+000, 5.126714E+001, -1.199239E+001, 2.195072E-001, -2.497745E+001, -7.990330E+000, -2.838785E+001
1.092000E-002, 1.572181E-001, 5.148876E+001, -1.230909E+001, -1.559064E+000, -2.117410E+001, -7.767153E+000, -2.872543E+001
1.092800E-002, -1.490980E+000, 5.136187E+001, -1.282880E+001, -4.897824E+000, -1.773877E+001, -7.378098E+000, -2.898896E+001
1.093600E-002, -3.101169E+000, 5.144765E+001, -1.318448E+001, -8.673348E+000, -1.615716E+001, -6.658471E+000, -2.967062E+001
1.094400E-002, -4.493672E+000, 5.184264E+001, -1.324620E+001, -1.219334E+001, -1.587024E+001, -5.828259E+000, -3.059446E+001
1.095200E-002, -5.770421E+000, 5.225013E+001, -1.347845E+001, -1.527545E+001, -1.541109E+001, -5.114303E+000, -3.148505E+001
1.096000E-002, -7.164651E+000, 5.257719E+001, -1.394456E+001, -1.756733E+001, -1.432423E+001, -4.519910E+000, -3.237482E+001
1.096800E-002, -8.489775E+000, 5.286673E+001, -1.399653E+001, -1.842172E+001, -1.353252E+001, -4.080408E+000, -3.322107E+001
1.097600E-002, -9.678412E+000, 5.304903E+001, -1.369607E+001, -1.732531E+001, -1.347029E+001, -3.776182E+000, -3.395932E+001
1.098400E-002, -1.098280E+001, 5.293107E+001, -1.379515E+001, -1.436590E+001, -1.366380E+001, -3.471011E+000, -3.470205E+001
1.099200E-002, -1.247551E+001, 5.232519E+001, -1.417681E+001, -9.987014E+000, -1.399336E+001, -3.184979E+000, -3.546730E+001
1.100000E-002, -1.426192E+001, 5.154238E+001, -1.436033E+001, -4.558995E+000, -1.419140E+001, -2.968063E+000, -3.614966E+001
1.100800E-002, -1.640596E+001, 5.105982E+001, -1.445940E+001, 1.421731E+000, -1.322769E+001, -2.703298E+000, -3.673085E+001
1.101600E-002, -1.800751E+001, 5.080425E+001, -1.456660E+001, 7.074885E+000, -1.085270E+001, -2.370245E+000, -3.717833E+001
1.102400E-002, -1.785375E+001, 5.052008E+001, -1.443667E+001, 1.151906E+001, -8.080551E+000, -2.046288E+000, -3.750529E+001
1.103200E-002, -1.654418E+001, 5.018407E+001, -1.406312E+001, 1.464169E+001, -5.722763E+000, -1.651208E+000, -3.793225E+001
1.104000E-002, -1.597404E+001, 4.976228E+001, -1.398517E+001, 1.683564E+001, -4.102687E+000, -1.122977E+000, -3.859162E+001
1.104800E-002, -1.682233E+001, 4.900449E+001, -1.443829E+001, 1.824386E+001, -3.556092E+000, -5.863585E-001, -3.941300E+001
1.105600E-002, -1.886962E+001, 4.779095E+001, -1.492065E+001, 1.889338E+001, -4.021462E+000, -1.437836E-001, -4.035524E+001
1.106400E-002, -2.222303E+001, 4.643979E+001, -1.526496E+001, 1.869188E+001, -4.919951E+000, 1.833626E-001, -4.134027E+001
1.107200E-002, -2.571120E+001, 4.528702E+001, -1.566774E+001, 1.727240E+001, -5.673072E+000, 3.786578E-001, -4.222509E+001
1.108000E-002, -2.694821E+001, 4.433442E+001, -1.567099E+001, 1.442218E+001, -5.794909E+000, 5.342561E-001, -4.300861E+001
1.108800E-002, -2.575093E+001, 4.325314E+001, -1.500673E+001, 1.055098E+001, -4.984334E+000, 7.842530E-001, -4.370937E+001
1.109600E-002, -2.404227E+001, 4.176436E+001, -1.447402E+001, 6.852001E+000, -3.393165E+000, 1.130539E+000, -4.422393E+001
1.110400E-002, -2.279662E+001, 4.015047E+001, -1.456822E+001, 4.616405E+000, -1.463121E+000, 1.567797E+000, -4.460208E+001
1.111200E-002, -2.225758E+001, 3.879038E+001, -1.505220E+001, 4.192024E+000, 2.048537E-001, 2.111151E+000, -4.503694E+001
1.112000E-002, -2.306095E+001, 3.732127E+001, -1.579604E+001, 5.092567E+000, 1.064044E+000, 2.657694E+000, -4.552250E+001
1.112800E-002, -2.494238E+001, 3.529989E+001, -1.643919E+001, 6.715794E+000, 1.315841E+000, 3.155561E+000, -4.599769E+001
1.113600E-002, -2.668906E+001, 3.324456E+001, -1.652364E+001, 8.545021E+000, 1.649580E+000, 3.671268E+000, -4.654303E+001
1.114400E-002, -2.789325E+001, 3.163067E+001, -1.624105E+001, 1.033147E+001, 2.095599E+000, 4.134755E+000, -4.711267E+001
1.115200E-002, -2.865860E+001, 3.010079E+001, -1.576356E+001, 1.218209E+001, 2.248015E+000, 4.462728E+000, -4.759977E+001
1.116000E-002, -2.872080E+001, 2.840648E+001, -1.505220E+001, 1.381770E+001, 2.191755E+000, 4.774397E+000, -4.814004E+001
1.116800E-002, -2.823705E+001, 2.655490E+001, -1.457472E+001, 1.403945E+001, 2.404014E+000, 5.133088E+000, -4.878679E+001
1.117600E-002, -2.781896E+001, 2.434944E+001, -1.447077E+001, 1.175208E+001, 3.485259E+000, 5.513518E+000, -4.933213E+001
1.118400E-002, -2.781032E+001, 2.182227E+001, -1.444154E+001, 7.340546E+000, 5.767317E+000, 6.005478E+000, -4.973303E+001
1.119200E-002, -2.829579E+001, 1.939162E+001, -1.476798E+001, 2.258110E+000, 8.665369E+000, 6.635905E+000, -5.008724E+001
1.120000E-002, -2.901278E+001, 1.712718E+001, -1.531531E+001, -2.491125E+000, 1.111991E+001, 7.308156E+000, -5.044027E+001
1.120800E-002, -2.969002E+001, 1.477874E+001, -1.523735E+001, -6.711291E+000, 1.252080E+001, 8.017032E+000, -5.095366E+001
1.121600E-002, -3.059532E+001, 1.252859E+001, -1.459745E+001, -1.032247E+001, 1.292107E+001, 8.750718E+000, -5.164415E+001
1.122400E-002, -3.178914E+001, 1.042143E+001, -1.408261E+001, -1.290027E+001, 1.284713E+001, 9.372874E+000, -5.219598E+001
1.123200E-002, -3.257523E+001, 7.867455E+000, -1.390396E+001, -1.371864E+001, 1.265470E+001, 9.858100E+000, -5.247626E+001
1.124000E-002, -3.250785E+001, 4.975692E+000, -1.386336E+001, -1.243424E+001, 1.184866E+001, 1.030316E+001, -5.265207E+001
1.124800E-002, -3.223143E+001, 2.441378E+000, -1.360513E+001, -9.859813E+000, 9.781851E+000, 1.069835E+001, -5.288011E+001
1.125600E-002, -3.238174E+001, -7.148983E-003, -1.315687E+001, -7.433977E+000, 7.809762E+000, 1.104358E+001, -5.322029E+001
1.126400E-002, -3.252513E+001, -2.720188E+000, -1.292300E+001, -5.904181E+000, 9.700985E+000, 1.141834E+001, -5.332275E+001
1.127200E-002, -3.250613E+001, -5.225906E+000, -1.277683E+001, -4.900076E+000, 1.725680E+001, 1.179262E+001, -5.255314E+001
1.128000E-002, -3.286548E+001, -7.561837E+000, -1.244714E+001, -4.025424E+000, 2.634394E+001, 1.220318E+001, -5.115199E+001
1.128800E-002, -3.347881E+001, -1.025522E+001, -1.202000E+001, -3.811545E+000, 3.075456E+001, 1.284105E+001, -5.022190E+001
1.129600E-002, -3.388136E+001, -1.306834E+001, -1.135087E+001, -4.516220E+000, 2.870280E+001, 1.363735E+001, -5.023263E+001
1.130400E-002, -3.419233E+001, -1.554189E+001, -1.043000E+001, -5.354850E+000, 2.293823E+001, 1.428089E+001, -5.085001E+001
1.131200E-002, -3.460179E+001, -1.784207E+001, -9.908663E+000, -5.891798E+000, 1.720365E+001, 1.461820E+001, -5.168130E+001
1.132000E-002, -3.488513E+001, -2.028703E+001, -1.000449E+001, -6.019000E+000, 1.420466E+001, 1.463545E+001, -5.220931E+001
1.132800E-002, -3.504580E+001, -2.283206E+001, -1.003534E+001, -5.197255E+000, 1.445526E+001, 1.444594E+001, -5.207135E+001
1.133600E-002, -3.541034E+001, -2.534136E+001, -9.614699E+000, -3.665207E+000, 1.672083E+001, 1.443023E+001, -5.160241E+001
1.134400E-002, -3.577661E+001, -2.790248E+001, -8.939073E+000, -2.742151E+000, 1.999300E+001, 1.483736E+001, -5.120304E+001
1.135200E-002, -3.575587E+001, -3.040284E+001, -8.217970E+000, -3.117002E+000, 2.380758E+001, 1.549425E+001, -5.073623E+001
1.136000E-002, -3.561248E+001, -3.244209E+001, -7.685264E+000, -4.179642E+000, 2.770087E+001, 1.627485E+001, -5.008028E+001
1.136800E-002, -3.567813E+001, -3.408278E+001, -7.371811E+000, -5.119583E+000, 3.105952E+001, 1.716980E+001, -4.939851E+001
1.137600E-002, -3.572132E+001, -3.582534E+001, -6.902445E+000, -5.625012E+000, 3.256301E+001, 1.797024E+001, -4.875955E+001
1.138400E-002, -3.556756E+001, -3.785208E+001, -6.306398E+000, -5.486554E+000, 3.113429E+001, 1.852694E+001, -4.827953E+001
1.139200E-002, -3.547772E+001, -3.989311E+001, -5.971833E+000, -4.598394E+000, 2.752851E+001, 1.885598E+001, -4.811681E+001
1.140000E-002, -3.563148E+001, -4.179117E+001, -5.733089E+000, -3.327504E+000, 2.364871E+001, 1.889887E+001, -4.798027E+001
1.140800E-002, -3.586472E+001, -4.359629E+001, -5.354673E+000, -2.291880E+000, 2.143593E+001, 1.870664E+001, -4.747407E+001
1.141600E-002, -3.576451E+001, -4.522089E+001, -5.026604E+000, -1.920406E+000, 2.201155E+001, 1.850178E+001, -4.655836E+001
1.142400E-002, -3.520993E+001, -4.675077E+001, -4.727769E+000, -2.246853E+000, 2.453012E+001, 1.837725E+001, -4.524730E+001
1.143200E-002, -3.481430E+001, -4.831640E+001, -4.376962E+000, -3.112499E+000, 2.723096E+001, 1.840442E+001, -4.370890E+001
1.144000E-002, -3.492659E+001, -4.972654E+001, -4.191814E+000, -4.570252E+000, 2.950060E+001, 1.874114E+001, -4.234547E+001
1.144800E-002, -3.505444E+001, -5.094544E+001, -4.031028E+000, -6.737182E+000, 3.147627E+001, 1.927055E+001, -4.114017E+001
1.145600E-002, -3.492314E+001, -5.197132E+001, -3.686718E+000, -9.311607E+000, 3.286235E+001, 1.973026E+001, -3.981767E+001
1.146400E-002, -3.488858E+001, -5.264869E+001, -3.439854E+000, -1.154720E+001, 3.309360E+001, 2.012298E+001, -3.858101E+001
1.147200E-002, -3.498706E+001, -5.326350E+001, -3.313174E+000, -1.257832E+001, 3.194893E+001, 2.042661E+001, -3.764219E+001
1.148000E-002, -3.480738E+001, -5.420001E+001, -3.162132E+000, -1.169692E+001, 3.015971E+001, 2.050140E+001, -3.674370E+001
1.148800E-002, -3.432536E+001, -5.529023E+001, -3.228720E+000, -8.672222E+000, 2.909065E+001, 2.046572E+001, -3.573874E+001
1.149600E-002, -3.378633E+001, -5.623390E+001, -3.413868E+000, -3.796911E+000, 2.910618E+001, 2.047907E+001, -3.463496E+001
1.150400E-002, -3.327321E+001, -5.694880E+001, -3.292060E+000, 2.225465E+000, 2.941232E+001, 2.051853E+001, -3.334016E+001
1.151200E-002, -3.291040E+001, -5.759757E+001, -3.121529E+000, 8.354781E+000, 2.963199E+001, 2.069468E+001, -3.207308E+001
1.152000E-002, -3.263398E+001, -5.829638E+001, -3.306677E+000, 1.384921E+001, 3.002295E+001, 2.113490E+001, -3.108627E+001
1.152800E-002, -3.226080E+001, -5.881111E+001, -3.594144E+000, 1.862772E+001, 3.076782E+001, 2.166620E+001, -3.008578E+001
1.153600E-002, -3.192563E+001, -5.914532E+001, -3.646115E+000, 2.228505E+001, 3.185994E+001, 2.217907E+001, -2.882365E+001
1.154400E-002, -3.159392E+001, -5.948311E+001, -3.436605E+000, 2.392178E+001, 3.274995E+001, 2.275964E+001, -2.744644E+001
1.155200E-002, -3.092876E+001, -5.978516E+001, -3.205983E+000, 2.318446E+001, 3.253172E+001, 2.330465E+001, -2.602430E+001
1.156000E-002, -2.998546E+001, -6.009435E+001, -3.282315E+000, 2.056163E+001, 3.125362E+001, 2.370894E+001, -2.464154E+001
1.156800E-002, -2.926847E+001, -6.036601E+001, -3.616881E+000, 1.705852E+001, 3.008995E+001, 2.407401E+001, -2.341832E+001
1.157600E-002, -2.881064E+001, -6.054295E+001, -3.943326E+000, 1.327174E+001, 3.011492E+001, 2.435756E+001, -2.205089E+001
1.158400E-002, -2.822669E+001, -6.072167E+001, -4.273019E+000, 8.763402E+000, 3.152369E+001, 2.449426E+001, -2.027867E+001
1.159200E-002, -2.769456E+001, -6.072167E+001, -4.726145E+000, 3.446826E+000, 3.353771E+001, 2.468010E+001, -1.842874E+001
1.160000E-002, -2.735249E+001, -6.063231E+001, -5.171149E+000, -1.377830E+000, 3.506043E+001, 2.499697E+001, -1.673092E+001
1.160800E-002, -2.686701E+001, -6.079853E+001, -5.266972E+000, -4.301215E+000, 3.561240E+001, 2.531868E+001, -1.510208E+001
1.161600E-002, -2.633316E+001, -6.091291E+001, -5.013611E+000, -5.235528E+000, 3.509101E+001, 2.566875E+001, -1.367841E+001
1.162400E-002, -2.590988E+001, -6.083606E+001, -4.859321E+000, -5.215266E+000, 3.349733E+001, 2.607269E+001, -1.250625E+001
1.163200E-002, -2.519290E+001, -6.090576E+001, -4.973009E+000, -4.955234E+000, 3.162451E+001, 2.640539E+001, -1.129092E+001
1.164000E-002, -2.386604E+001, -6.092363E+001, -5.104561E+000, -4.468941E+000, 3.066175E+001, 2.672155E+001, -9.954624E+000
1.164800E-002, -2.217811E+001, -6.072704E+001, -5.159781E+000, -3.981523E+000, 3.101950E+001, 2.715455E+001, -8.570570E+000
1.165600E-002, -2.065949E+001, -6.076278E+001, -5.302702E+000, -3.791283E+000, 3.245216E+001, 2.764167E+001, -6.934538E+000
1.166400E-002, -1.957278E+001, -6.108627E+001, -5.609658E+000, -3.849818E+000, 3.438149E+001, 2.820735E+001, -4.925077E+000
1.167200E-002, -1.876596E+001, -6.116848E+001, -5.903621E+000, -4.149249E+000, 3.584079E+001, 2.896927E+001, -2.670477E+000
1.168000E-002, -1.797642E+001, -6.107734E+001, -5.944223E+000, -4.808896E+000, 3.627964E+001, 2.985017E+001, -2.005688E-001
1.168800E-002, -1.708321E+001, -6.122746E+001, -5.710352E+000, -5.969470E+000, 3.593898E+001, 3.073130E+001, 2.418027E+000
1.169600E-002, -1.605006E+001, -6.129538E+001, -5.422885E+000, -7.511649E+000, 3.525215E+001, 3.155596E+001, 5.089329E+000
1.170400E-002, -1.490980E+001, -6.110415E+001, -5.202007E+000, -8.726255E+000, 3.477041E+001, 3.220104E+001, 8.035721E+000
1.171200E-002, -1.375399E+001, -6.128108E+001, -4.873938E+000, -8.995292E+000, 3.491184E+001, 3.263995E+001, 1.138007E+001
1.172000E-002, -1.249970E+001, -6.185121E+001, -4.570230E+000, -8.610311E+000, 3.557358E+001, 3.306457E+001, 1.483949E+001
1.172800E-002, -1.110374E+001, -6.211930E+001, -4.732641E+000, -8.148782E+000, 3.665459E+001, 3.355854E+001, 1.835163E+001
1.173600E-002, -9.826992E+000, -6.213538E+001, -5.078576E+000, -7.553298E+000, 3.803159E+001, 3.401009E+001, 2.206622E+001
1.174400E-002, -8.614167E+000, -6.238739E+001, -5.055838E+000, -6.643751E+000, 3.917339E+001, 3.444144E+001, 2.569532E+001
1.175200E-002, -7.200932E+000, -6.287173E+001, -4.784613E+000, -5.861405E+000, 3.977147E+001, 3.496719E+001, 2.885584E+001
1.176000E-002, -5.815340E+000, -6.342578E+001, -4.472785E+000, -5.616007E+000, 3.990644E+001, 3.553854E+001, 3.161912E+001
1.176800E-002, -4.637069E+000, -6.374212E+001, -4.305501E+000, -5.683547E+000, 3.960818E+001, 3.606087E+001, 3.407959E+001
1.177600E-002, -3.510627E+000, -6.354195E+001, -4.415941E+000, -5.659908E+000, 3.906828E+001, 3.655555E+001, 3.612831E+001
1.178400E-002, -2.207963E+000, -6.336680E+001, -4.459792E+000, -5.214140E+000, 3.865284E+001, 3.707220E+001, 3.787849E+001
1.179200E-002, -5.096629E-001, -6.387080E+001, -4.342856E+000, -4.220166E+000, 3.863540E+001, 3.762311E+001, 3.956310E+001
1.180000E-002, 1.119531E+000, -6.460715E+001, -4.367218E+000, -2.956030E+000, 3.917769E+001, 3.824432E+001, 4.119406E+001
1.180800E-002, 2.156133E+000, -6.502536E+001, -4.502018E+000, -1.720036E+000, 4.006902E+001, 3.896726E+001, 4.275593E+001
1.181600E-002, 3.142633E+000, -6.525234E+001, -4.513387E+000, -7.328163E-001, 4.089775E+001, 3.976900E+001, 4.426709E+001
1.182400E-002, 4.543775E+000, -6.537923E+001, -4.365593E+000, -3.332007E-001, 4.166449E+001, 4.064836E+001, 4.564325E+001
1.183200E-002, 6.112500E+000, -6.551685E+001, -4.324991E+000, -6.022376E-001, 4.253717E+001, 4.156600E+001, 4.692613E+001
1.184000E-002, 7.543011E+000, -6.586716E+001, -4.536124E+000, -1.350814E+000, 4.341739E+001, 4.241169E+001, 4.832952E+001
1.184800E-002, 8.482864E+000, -6.626929E+001, -4.716400E+000, -2.787179E+000, 4.411293E+001, 4.317869E+001, 4.984871E+001
1.185600E-002, 9.220579E+000, -6.656239E+001, -4.656308E+000, -5.304194E+000, 4.438480E+001, 4.389017E+001, 5.129277E+001
1.186400E-002, 1.057853E+001, -6.682512E+001, -4.399700E+000, -8.490989E+000, 4.403720E+001, 4.444025E+001, 5.264877E+001
1.187200E-002, 1.226646E+001, -6.715397E+001, -4.121978E+000, -1.132432E+001, 4.322233E+001, 4.477189E+001, 5.397363E+001
1.188000E-002, 1.342746E+001, -6.767406E+001, -4.078127E+000, -1.317493E+001, 4.223712E+001, 4.495785E+001, 5.521831E+001
1.188800E-002, 1.408743E+001, -6.823347E+001, -4.212928E+000, -1.387623E+001, 4.122515E+001, 4.502141E+001, 5.639472E+001
1.189600E-002, 1.476986E+001, -6.851942E+001, -4.286012E+000, -1.322559E+001, 4.032906E+001, 4.496931E+001, 5.753033E+001
1.190400E-002, 1.586693E+001, -6.863203E+001, -4.354225E+000, -1.111382E+001, 3.963638E+001, 4.492276E+001, 5.852599E+001
1.191200E-002, 1.729226E+001, -6.886079E+001, -4.588096E+000, -8.053100E+000, 3.902707E+001, 4.497416E+001, 5.934477E+001
1.192000E-002, 1.844807E+001, -6.912709E+001, -4.810598E+000, -4.795388E+000, 3.841920E+001, 4.511369E+001, 6.002206E+001
1.192800E-002, 1.914087E+001, -6.918607E+001, -4.813846E+000, -1.299032E+000, 3.774993E+001, 4.534738E+001, 6.045562E+001
1.193600E-002, 1.985785E+001, -6.907705E+001, -4.748882E+000, 3.065221E+000, 3.677499E+001, 4.564735E+001, 6.054653E+001
1.194400E-002, 2.105340E+001, -6.903058E+001, -4.714776E+000, 8.080116E+000, 3.534854E+001, 4.592747E+001, 6.033299E+001
1.195200E-002, 2.272924E+001, -6.899662E+001, -4.680670E+000, 1.239146E+001, 3.356673E+001, 4.619933E+001, 5.982514E+001
1.196000E-002, 2.438953E+001, -6.871423E+001, -4.657932E+000, 1.491073E+001, 3.149908E+001, 4.650958E+001, 5.902758E+001
1.196800E-002, 2.574057E+001, -6.838181E+001, -4.672549E+000, 1.542629E+001, 2.912601E+001, 4.678545E+001, 5.804655E+001
1.197600E-002, 2.676681E+001, -6.823347E+001, -5.003867E+000, 1.396516E+001, 2.655536E+001, 4.696669E+001, 5.694678E+001
1.198400E-002, 2.709333E+001, -6.796538E+001, -5.757451E+000, 1.083352E+001, 2.410847E+001, 4.707904E+001, 5.575929E+001
1.199200E-002, 2.708642E+001, -6.750606E+001, -6.317767E+000, 6.812603E+000, 2.208072E+001, 4.713103E+001, 5.459868E+001
1.200000E-002, 2.792953E+001, -6.717006E+001, -6.273916E+000, 2.676862E+000, 2.050185E+001, 4.714592E+001, 5.351283E+001
1.200800E-002, 2.944124E+001, -6.683227E+001, -5.973457E+000, -8.487611E-001, 1.915949E+001, 4.715926E+001, 5.250904E+001
1.201600E-002, 3.071626E+001, -6.609592E+001, -5.827288E+000, -3.088860E+000, 1.772277E+001, 4.714391E+001, 5.167823E+001
1.202400E-002, 3.196882E+001, -6.509506E+001, -5.910117E+000, -3.411930E+000, 1.597273E+001, 4.710421E+001, 5.095755E+001
1.203200E-002, 3.339415E+001, -6.426757E+001, -6.166726E+000, -9.692087E-001, 1.398440E+001, 4.708661E+001, 5.019112E+001
1.204000E-002, 3.441520E+001, -6.356518E+001, -6.600361E+000, 4.390144E+000, 1.202330E+001, 4.703923E+001, 4.946938E+001
1.204800E-002, 3.500261E+001, -6.267871E+001, -7.128196E+000, 1.095510E+001, 1.034959E+001, 4.692735E+001, 4.891283E+001
1.205600E-002, 3.571787E+001, -6.162244E+001, -7.600810E+000, 1.650582E+001, 9.069104E+000, 4.684370E+001, 4.843753E+001
1.206400E-002, 3.662835E+001, -6.056440E+001, -8.005212E+000, 2.021717E+001, 8.168106E+000, 4.679738E+001, 4.800975E+001
1.207200E-002, 3.763904E+001, -5.939732E+001, -8.191984E+000, 2.208693E+001, 7.640623E+000, 4.671303E+001, 4.768902E+001
1.208000E-002, 3.871883E+001, -5.805331E+001, -8.105906E+000, 2.181113E+001, 7.272723E+000, 4.663009E+001, 4.740096E+001
1.208800E-002, 3.947728E+001, -5.672182E+001, -8.250452E+000, 1.880445E+001, 6.617311E+000, 4.659831E+001, 4.705407E+001
1.209600E-002, 3.992820E+001, -5.541891E+001, -8.880605E+000, 1.278545E+001, 5.639507E+000, 4.660173E+001, 4.671719E+001
1.210400E-002, 4.060027E+001, -5.412138E+001, -9.445793E+000, 4.511717E+000, 4.826185E+000, 4.664403E+001, 4.647087E+001
1.211200E-002, 4.150038E+001, -5.287566E+001, -9.671543E+000, -4.217915E+000, 4.355917E+000, 4.667215E+001, 4.635661E+001
1.212000E-002, 4.223637E+001, -5.138332E+001, -9.988244E+000, -1.157084E+001, 3.860327E+000, 4.660646E+001, 4.641027E+001
1.212800E-002, 4.282723E+001, -4.961394E+001, -1.057942E+001, -1.665328E+001, 3.080091E+000, 4.649115E+001, 4.653596E+001
1.213600E-002, 4.351139E+001, -4.800900E+001, -1.125829E+001, -1.939993E+001, 2.077921E+000, 4.635186E+001, 4.664314E+001
1.214400E-002, 4.408152E+001, -4.634507E+001, -1.186084E+001, -1.981193E+001, 9.807891E-001, 4.610895E+001, 4.685928E+001
1.215200E-002, 4.432512E+001, -4.427187E+001, -1.222139E+001, -1.810203E+001, -8.958614E-003, 4.577259E+001, 4.727138E+001
1.216000E-002, 4.459982E+001, -4.234164E+001, -1.259006E+001, -1.480379E+001, -7.979139E-001, 4.540964E+001, 4.776189E+001
1.216800E-002, 4.510258E+001, -4.085465E+001, -1.331441E+001, -1.013223E+001, -1.652805E+000, 4.499578E+001, 4.823000E+001
1.217600E-002, 4.571417E+001, -3.938911E+001, -1.407124E+001, -4.436296E+000, -2.677670E+000, 4.452898E+001, 4.861770E+001
1.218400E-002, 4.660738E+001, -3.768050E+001, -1.449351E+001, 9.635803E-001, -3.466506E+000, 4.407530E+001, 4.889692E+001
1.219200E-002, 4.745566E+001, -3.569666E+001, -1.461857E+001, 4.530853E+000, -3.710180E+000, 4.365269E+001, 4.913357E+001
1.220000E-002, 4.760252E+001, -3.348047E+001, -1.474362E+001, 5.698182E+000, -3.545700E+000, 4.326021E+001, 4.928732E+001
1.220800E-002, 4.749886E+001, -3.143587E+001, -1.532668E+001, 4.724470E+000, -3.303937E+000, 4.292054E+001, 4.923686E+001
1.221600E-002, 4.773036E+001, -2.983092E+001, -1.630601E+001, 1.915904E+000, -3.271925E+000, 4.261147E+001, 4.905115E+001
1.222400E-002, 4.796360E+001, -2.819023E+001, -1.706284E+001, -2.451726E+000, -3.449544E+000, 4.228799E+001, 4.880943E+001
1.223200E-002, 4.803789E+001, -2.613132E+001, -1.754683E+001, -7.582566E+000, -3.645678E+000, 4.193922E+001, 4.844862E+001
1.224000E-002, 4.835923E+001, -2.395088E+001, -1.800970E+001, -1.209316E+001, -3.895205E+000, 4.157628E+001, 4.796883E+001
1.224800E-002, 4.888099E+001, -2.200993E+001, -1.828255E+001, -1.490960E+001, -4.427586E+000, 4.122869E+001, 4.740427E+001
1.225600E-002, 4.907104E+001, -2.037996E+001, -1.859600E+001, -1.582816E+001, -5.403239E+000, 4.090545E+001, 4.672144E+001
1.226400E-002, 4.905030E+001, -1.878753E+001, -1.933984E+001, -1.492424E+001, -6.799947E+000, 4.057404E+001, 4.593673E+001
1.227200E-002, 4.928008E+001, -1.704317E+001, -2.010642E+001, -1.217983E+001, -8.215407E+000, 4.022941E+001, 4.513127E+001
1.228000E-002, 4.951677E+001, -1.522555E+001, -2.064562E+001, -7.994565E+000, -8.997435E+000, 3.989034E+001, 4.439526E+001
1.228800E-002, 4.953060E+001, -1.327209E+001, -2.114747E+001, -3.524498E+000, -8.861861E+000, 3.955492E+001, 4.381584E+001
1.229600E-002, 4.958415E+001, -1.135616E+001, -2.145605E+001, 5.065551E-002, -8.026202E+000, 3.924868E+001, 4.336895E+001
1.230400E-002, 4.975001E+001, -9.842362E+000, -2.173864E+001, 2.147793E+000, -6.921545E+000, 3.900093E+001, 4.293952E+001
1.231200E-002, 4.992623E+001, -8.423289E+000, -2.234281E+001, 2.476491E+000, -6.273539E+000, 3.875944E+001, 4.246834E+001
1.232000E-002, 4.994869E+001, -6.793321E+000, -2.290800E+001, 1.004105E+000, -6.882127E+000, 3.845710E+001, 4.182961E+001
1.232800E-002, 4.976729E+001, -5.367099E+000, -2.324906E+001, -1.886636E+000, -8.672775E+000, 3.810042E+001, 4.086226E+001
1.233600E-002, 4.976038E+001, -4.166070E+000, -2.372655E+001, -5.533833E+000, -1.013267E+001, 3.771314E+001, 3.972676E+001
1.234400E-002, 4.995733E+001, -2.752358E+000, -2.442329E+001, -8.841074E+000, -9.374533E+000, 3.728238E+001, 3.879514E+001
1.235200E-002, 4.990550E+001, -1.311838E+000, -2.522235E+001, -1.064328E+001, -6.360138E+000, 3.678664E+001, 3.822268E+001
1.236000E-002, 4.953751E+001, -2.091078E-001, -2.590772E+001, -1.063991E+001, -3.356853E+000, 3.623820E+001, 3.782755E+001
1.236800E-002, 4.908659E+001, 6.737916E-001, -2.618544E+001, -9.087598E+000, -2.869026E+000, 3.567488E+001, 3.718351E+001
1.237600E-002, 4.876006E+001, 1.622819E+000, -2.627477E+001, -6.186726E+000, -5.750594E+000, 3.512385E+001, 3.597126E+001
1.238400E-002, 4.854755E+001, 2.693379E+000, -2.653462E+001, -2.365049E+000, -1.050834E+001, 3.459704E+001, 3.437779E+001
1.239200E-002, 4.821411E+001, 3.722833E+000, -2.678798E+001, 2.020592E+000, -1.438144E+001, 3.406054E+001, 3.294020E+001
1.240000E-002, 4.792559E+001, 4.664711E+000, -2.687406E+001, 7.047869E+000, -1.593594E+001, 3.348316E+001, 3.200610E+001
1.240800E-002, 4.787030E+001, 5.468972E+000, -2.709494E+001, 1.245675E+001, -1.547499E+001, 3.295647E+001, 3.149212E+001
1.241600E-002, 4.758870E+001, 5.971188E+000, -2.760328E+001, 1.687279E+001, -1.350266E+001, 3.260203E+001, 3.116433E+001
1.242400E-002, 4.694946E+001, 6.278594E+000, -2.806128E+001, 1.852078E+001, -1.083825E+001, 3.242221E+001, 3.088075E+001
1.243200E-002, 4.641042E+001, 6.670001E+000, -2.822856E+001, 1.694821E+001, -8.745996E+000, 3.238310E+001, 3.045119E+001
1.244000E-002, 4.603379E+001, 7.288388E+000, -2.832763E+001, 1.335729E+001, -7.724476E+000, 3.247266E+001, 2.968925E+001
1.244800E-002, 4.570208E+001, 7.915711E+000, -2.860536E+001, 9.122494E+000, -7.598697E+000, 3.258183E+001, 2.868228E+001
1.245600E-002, 4.551031E+001, 8.144479E+000, -2.880350E+001, 4.619782E+000, -8.229980E+000, 3.256316E+001, 2.763191E+001
1.246400E-002, 4.518205E+001, 8.105160E+000, -2.868981E+001, -3.377034E-002, -9.108402E+000, 3.237625E+001, 2.661292E+001
1.247200E-002, 4.441323E+001, 8.223118E+000, -2.853390E+001, -4.002911E+000, -9.583568E+000, 3.201153E+001, 2.576324E+001
1.248000E-002, 4.363060E+001, 8.382182E+000, -2.852740E+001, -6.275654E+000, -9.717708E+000, 3.148366E+001, 2.526423E+001
1.248800E-002, 4.326779E+001, 8.280310E+000, -2.862485E+001, -6.127065E+000, -9.851251E+000, 3.094231E+001, 2.501957E+001
1.249600E-002, 4.311057E+001, 8.124819E+000, -2.878726E+001, -3.174412E+000, -9.903928E+000, 3.051392E+001, 2.486640E+001
1.250400E-002, 4.286524E+001, 8.255288E+000, -2.887171E+001, 1.868625E+000, -9.680678E+000, 3.013360E+001, 2.487866E+001
1.251200E-002, 4.229856E+001, 8.489417E+000, -2.893992E+001, 7.292141E+000, -9.113299E+000, 2.974656E+001, 2.508418E+001
1.252000E-002, 4.132243E+001, 8.408991E+000, -2.912345E+001, 1.149880E+001, -8.205016E+000, 2.939968E+001, 2.539901E+001
1.252800E-002, 4.034630E+001, 8.053329E+000, -2.915430E+001, 1.349463E+001, -7.277859E+000, 2.910053E+001, 2.582278E+001
1.253600E-002, 3.950319E+001, 7.785243E+000, -2.897403E+001, 1.322672E+001, -6.828495E+000, 2.889791E+001, 2.622086E+001
1.254400E-002, 3.851669E+001, 7.638688E+000, -2.897078E+001, 1.128380E+001, -6.987241E+000, 2.887204E+001, 2.635091E+001
1.255200E-002, 3.768741E+001, 7.356303E+000, -2.914781E+001, 7.889876E+000, -7.512216E+000, 2.894576E+001, 2.623949E+001
1.256000E-002, 3.723131E+001, 6.922003E+000, -2.914618E+001, 2.984172E+000, -7.990367E+000, 2.903307E+001, 2.602135E+001
1.256800E-002, 3.662317E+001, 6.636044E+000, -2.899514E+001, -2.824326E+000, -7.970300E+000, 2.917071E+001, 2.569898E+001
1.257600E-002, 3.566949E+001, 6.507362E+000, -2.900164E+001, -8.046346E+000, -7.191140E+000, 2.933789E+001, 2.532802E+001
1.258400E-002, 3.480566E+001, 6.124891E+000, -2.922576E+001, -1.149542E+001, -5.522687E+000, 2.948451E+001, 2.496898E+001
1.259200E-002, 3.418542E+001, 5.508291E+000, -2.953110E+001, -1.322672E+001, -3.052499E+000, 2.963763E+001, 2.455582E+001
1.260000E-002, 3.349781E+001, 5.048969E+000, -2.976172E+001, -1.363759E+001, -4.316858E-001, 2.977279E+001, 2.407002E+001
1.260800E-002, 3.258042E+001, 4.763010E+000, -2.982993E+001, -1.259521E+001, 1.486413E+000, 2.983009E+001, 2.349260E+001
1.261600E-002, 3.171313E+001, 4.403773E+000, -2.984942E+001, -9.847430E+000, 2.174077E+000, 2.982477E+001, 2.269292E+001
1.262400E-002, 3.101687E+001, 3.928366E+000, -3.001508E+001, -5.700433E+000, 1.489877E+000, 2.973096E+001, 2.166532E+001
1.263200E-002, 3.027570E+001, 3.578066E+000, -3.021160E+001, -1.044629E+000, -1.508631E-001, 2.946100E+001, 2.057498E+001
1.264000E-002, 2.949134E+001, 3.456533E+000, -3.020997E+001, 3.264466E+000, -1.918577E+000, 2.903296E+001, 1.955315E+001
1.264800E-002, 2.854803E+001, 3.320703E+000, -3.018236E+001, 6.486156E+000, -3.077105E+000, 2.854241E+001, 1.870501E+001
1.265600E-002, 2.728511E+001, 3.020445E+000, -3.027006E+001, 7.636599E+000, -3.061457E+000, 2.807869E+001, 1.809151E+001
1.266400E-002, 2.615175E+001, 2.655847E+000, -3.037401E+001, 6.076409E+000, -1.658777E+000, 2.776076E+001, 1.761916E+001
1.267200E-002, 2.542268E+001, 2.312696E+000, -3.059001E+001, 2.483245E+000, 6.841992E-001, 2.763470E+001, 1.715942E+001
1.268000E-002, 2.465905E+001, 1.935587E+000, -3.081739E+001, -1.693020E+000, 3.140890E+000, 2.762785E+001, 1.663046E+001
1.268800E-002, 2.367600E+001, 1.697883E+000, -3.083200E+001, -5.715066E+000, 4.857600E+000, 2.771681E+001, 1.590955E+001
1.269600E-002, 2.274479E+001, 1.746139E+000, -3.088885E+001, -9.491716E+000, 5.244731E+000, 2.788292E+001, 1.491508E+001
1.270400E-002, 2.198116E+001, 1.726479E+000, -3.119255E+001, -1.245450E+001, 4.405966E+000, 2.802163E+001, 1.368490E+001
1.271200E-002, 2.147149E+001, 1.554904E+000, -3.150276E+001, -1.375016E+001, 3.079494E+000, 2.809299E+001, 1.227632E+001
1.272000E-002, 2.098947E+001, 1.494137E+000, -3.157097E+001, -1.311302E+001, 2.207761E+000, 2.811224E+001, 1.081503E+001
1.272800E-002, 1.991313E+001, 1.453031E+000, -3.150276E+001, -1.102714E+001, 2.493242E+000, 2.806168E+001, 9.521887E+000
1.273600E-002, 1.844116E+001, 1.338647E+000, -3.157747E+001, -8.306377E+000, 3.883977E+000, 2.798276E+001, 8.451833E+000
1.274400E-002, 1.737000E+001, 1.156348E+000, -3.170577E+001, -5.647526E+000, 5.628518E+000, 2.794211E+001, 7.453941E+000
1.275200E-002, 1.672040E+001, 9.490275E-001, -3.174150E+001, -3.736125E+000, 6.910197E+000, 2.795393E+001, 6.372922E+000
1.276000E-002, 1.597232E+001, 9.150698E-001, -3.175774E+001, -3.061844E+000, 7.292790E+000, 2.802186E+001, 5.074826E+000
1.276800E-002, 1.493571E+001, 1.052688E+000, -3.176262E+001, -3.254335E+000, 6.884994E+000, 2.811035E+001, 3.553993E+000
1.277600E-002, 1.377990E+001, 1.134901E+000, -3.193802E+001, -3.694475E+000, 6.188133E+000, 2.818384E+001, 2.007810E+000
1.278400E-002, 1.265864E+001, 9.847724E-001, -3.239277E+001, -4.669312E+000, 5.697798E+000, 2.828048E+001, 5.659788E-001
1.279200E-002, 1.153911E+001, 6.809406E-001, -3.279230E+001, -6.848624E+000, 5.725510E+000, 2.841316E+001, -7.637177E-001
1.280000E-002, 1.040058E+001, 5.147268E-001, -3.291898E+001, -9.918347E+000, 6.342938E+000, 2.855399E+001, -1.944845E+000
1.280800E-002, 9.415806E+000, 5.111523E-001, -3.287025E+001, -1.235319E+001, 7.296373E+000, 2.872519E+001, -3.029284E+000
1.281600E-002, 8.709188E+000, 4.807691E-001, -3.265263E+001, -1.283611E+001, 8.210152E+000, 2.893584E+001, -4.115963E+000
1.282400E-002, 8.082045E+000, 4.825563E-001, -3.231156E+001, -1.160686E+001, 8.882525E+000, 2.913870E+001, -5.183777E+000
1.283200E-002, 7.306320E+000, 5.719186E-001, -3.212317E+001, -9.670699E+000, 9.318990E+000, 2.933305E+001, -6.221640E+000
1.284000E-002, 6.380289E+000, 3.931940E-001, -3.227258E+001, -7.136798E+000, 9.724277E+000, 2.954276E+001, -7.242053E+000
1.284800E-002, 5.404154E+000, -5.897911E-002, -3.263638E+001, -3.461459E+000, 1.035592E+001, 2.972423E+001, -8.157406E+000
1.285600E-002, 4.310539E+000, -2.216185E-001, -3.297420E+001, 1.144814E+000, 1.114535E+001, 2.984840E+001, -8.934566E+000
1.286400E-002, 3.051067E+000, -1.179582E-001, -3.309276E+001, 5.590117E+000, 1.172288E+001, 2.993772E+001, -9.659726E+000
1.287200E-002, 2.031741E+000, -1.912353E-001, -3.290274E+001, 9.110111E+000, 1.186025E+001, 2.998486E+001, -1.034798E+001
1.288000E-002, 1.285387E+000, -4.575349E-001, -3.264613E+001, 1.167215E+001, 1.164560E+001, 2.998604E+001, -1.097586E+001
1.288800E-002, 1.969545E-001, -8.114095E-001, -3.261689E+001, 1.296668E+001, 1.132679E+001, 2.996855E+001, -1.158429E+001
1.289600E-002, -1.147173E+000, -1.159922E+000, -3.262826E+001, 1.231379E+001, 1.116279E+001, 2.993937E+001, -1.212338E+001
1.290400E-002, -2.206236E+000, -1.579925E+000, -3.240414E+001, 1.000052E+001, 1.135319E+001, 2.991350E+001, -1.249457E+001
1.291200E-002, -2.966411E+000, -2.173291E+000, -3.220437E+001, 7.481255E+000, 1.195939E+001, 2.992815E+001, -1.275764E+001
1.292000E-002, -3.679939E+000, -2.545038E+000, -3.231806E+001, 5.989732E+000, 1.290303E+001, 2.999939E+001, -1.300242E+001
1.292800E-002, -4.630158E+000, -2.589719E+000, -3.247560E+001, 5.513570E+000, 1.400984E+001, 3.013266E+001, -1.324673E+001
1.293600E-002, -5.727229E+000, -2.797040E+000, -3.231644E+001, 5.538335E+000, 1.498478E+001, 3.031756E+001, -1.354104E+001
1.294400E-002, -6.582426E+000, -3.393980E+000, -3.195588E+001, 6.539063E+000, 1.559516E+001, 3.052762E+001, -1.392261E+001
1.295200E-002, -7.522279E+000, -4.189304E+000, -3.171714E+001, 9.174274E+000, 1.592304E+001, 3.076450E+001, -1.435558E+001
1.296000E-002, -8.833581E+000, -4.977479E+000, -3.153687E+001, 1.263011E+001, 1.620040E+001, 3.101367E+001, -1.477995E+001
1.296800E-002, -1.003431E+001, -5.885400E+000, -3.124128E+001, 1.542854E+001, 1.658885E+001, 3.122066E+001, -1.513734E+001
1.297600E-002, -1.094479E+001, -6.830853E+000, -3.099766E+001, 1.684014E+001, 1.717414E+001, 3.136504E+001, -1.538189E+001
1.298400E-002, -1.170152E+001, -7.408134E+000, -3.085799E+001, 1.656435E+001, 1.792511E+001, 3.146440E+001, -1.549438E+001
1.299200E-002, -1.242886E+001, -7.897839E+000, -3.065498E+001, 1.411713E+001, 1.872350E+001, 3.156270E+001, -1.550770E+001
1.300000E-002, -1.341709E+001, -8.664567E+000, -3.031879E+001, 9.572764E+000, 1.945835E+001, 3.169892E+001, -1.549520E+001
1.300800E-002, -1.448652E+001, -9.347295E+000, -2.976497E+001, 4.080582E+000, 2.007996E+001, 3.183550E+001, -1.547256E+001
1.301600E-002, -1.525706E+001, -9.967469E+000, -2.915755E+001, -1.347436E+000, 2.060410E+001, 3.190898E+001, -1.539333E+001
1.302400E-002, -1.602069E+001, -1.088254E+001, -2.896591E+001, -6.427621E+000, 2.102623E+001, 3.193722E+001, -1.527636E+001
1.303200E-002, -1.703483E+001, -1.198170E+001, -2.907147E+001, -1.058025E+001, 2.132413E+001, 3.198838E+001, -1.518403E+001
1.304000E-002, -1.791768E+001, -1.320417E+001, -2.894642E+001, -1.272804E+001, 2.149446E+001, 3.206198E+001, -1.508852E+001
1.304800E-002, -1.858110E+001, -1.449814E+001, -2.855826E+001, -1.232392E+001, 2.152612E+001, 3.209707E+001, -1.495104E+001
1.305600E-002, -1.936374E+001, -1.576708E+001, -2.810676E+001, -9.963375E+000, 2.151692E+001, 3.210073E+001, -1.480483E+001
1.306400E-002, -2.021721E+001, -1.712718E+001, -2.758379E+001, -6.874515E+000, 2.164807E+001, 3.211208E+001, -1.462454E+001
1.307200E-002, -2.089964E+001, -1.839969E+001, -2.689517E+001, -3.722617E+000, 2.197441E+001, 3.212200E+001, -1.432964E+001
1.308000E-002, -2.151123E+001, -1.948634E+001, -2.619194E+001, -4.435171E-001, 2.245124E+001, 3.216158E+001, -1.392862E+001
1.308800E-002, -2.219539E+001, -2.067665E+001, -2.586062E+001, 2.664479E+000, 2.298697E+001, 3.227736E+001, -1.345202E+001
1.309600E-002, -2.279662E+001, -2.190091E+001, -2.576967E+001, 4.685071E+000, 2.345580E+001, 3.243308E+001, -1.286623E+001
1.310400E-002, -2.334429E+001, -2.308764E+001, -2.533441E+001, 5.059922E+000, 2.380101E+001, 3.257686E+001, -1.217102E+001
1.311200E-002, -2.405263E+001, -2.451922E+001, -2.471887E+001, 3.611175E+000, 2.401996E+001, 3.268709E+001, -1.142452E+001
1.312000E-002, -2.469360E+001, -2.613668E+001, -2.447363E+001, 1.125678E-001, 2.417751E+001, 3.277369E+001, -1.066964E+001
1.312800E-002, -2.508060E+001, -2.755218E+001, -2.425600E+001, -4.862928E+000, 2.436683E+001, 3.287908E+001, -9.893192E+000
1.313600E-002, -2.548660E+001, -2.874427E+001, -2.358200E+001, -9.722480E+000, 2.454768E+001, 3.299498E+001, -9.070518E+000
1.314400E-002, -2.595653E+001, -3.004360E+001, -2.285927E+001, -1.301509E+001, 2.471765E+001, 3.307154E+001, -8.238412E+000
1.315200E-002, -2.643682E+001, -3.149306E+001, -2.246786E+001, -1.424208E+001, 2.501448E+001, 3.310273E+001, -7.428354E+000
1.316000E-002, -2.697585E+001, -3.283707E+001, -2.205372E+001, -1.395503E+001, 2.545071E+001, 3.310580E+001, -6.607096E+000
1.316800E-002, -2.732484E+001, -3.406669E+001, -2.133586E+001, -1.285637E+001, 2.593782E+001, 3.311195E+001, -5.754944E+000
1.317600E-002, -2.763064E+001, -3.528381E+001, -2.061801E+001, -1.064103E+001, 2.641203E+001, 3.317385E+001, -4.891590E+000
1.318400E-002, -2.821805E+001, -3.645445E+001, -2.009342E+001, -6.710166E+000, 2.681934E+001, 3.330169E+001, -4.053706E+000
1.319200E-002, -2.859468E+001, -3.768586E+001, -1.959645E+001, -1.760560E+000, 2.728185E+001, 3.344441E+001, -3.199078E+000
1.320000E-002, -2.858777E+001, -3.899591E+001, -1.914007E+001, 2.746654E+000, 2.746269E+001, 3.354672E+001, -2.197767E+000
1.320800E-002, -2.862923E+001, -4.021482E+001, -1.872593E+001, 6.136070E+000, 2.574049E+001, 3.358252E+001, -1.225226E+000
1.321600E-002, -2.856358E+001, -4.145874E+001, -1.821271E+001, 8.057602E+000, 2.146209E+001, 3.358665E+001, -5.940419E-001
1.322400E-002, -2.824569E+001, -4.270087E+001, -1.779531E+001, 7.666992E+000, 1.725453E+001, 3.357000E+001, 2.829894E-003
1.323200E-002, -2.810575E+001, -4.364096E+001, -1.749810E+001, 4.692951E+000, 1.574411E+001, 3.343425E+001, 1.010036E+000
1.324000E-002, -2.827333E+001, -4.461502E+001, -1.681598E+001, 9.230559E-002, 1.696021E+001, 3.320835E+001, 2.363315E+000
1.324800E-002, -2.829579E+001, -4.595366E+001, -1.586750E+001, -5.003638E+000, 2.081636E+001, 3.304472E+001, 4.022812E+000
1.325600E-002, -2.802109E+001, -4.710643E+001, -1.524710E+001, -9.893583E+000, 2.636640E+001, 3.289007E+001, 5.912239E+000
1.326400E-002, -2.778095E+001, -4.774806E+001, -1.478260E+001, -1.384921E+001, 3.070834E+001, 3.271817E+001, 7.542729E+000
1.327200E-002, -2.763064E+001, -4.824670E+001, -1.410535E+001, -1.591033E+001, 3.320827E+001, 3.262294E+001, 8.605237E+000
1.328000E-002, -2.748033E+001, -4.892049E+001, -1.347195E+001, -1.538351E+001, 3.484244E+001, 3.246179E+001, 9.245147E+000
1.328800E-002, -2.741641E+001, -4.980696E+001, -1.317149E+001, -1.248377E+001, 3.516853E+001, 3.220919E+001, 9.445479E+000
1.329600E-002, -2.730929E+001, -5.071131E+001, -1.303994E+001, -8.153285E+000, 3.481126E+001, 3.200267E+001, 9.130182E+000
1.330400E-002, -2.704841E+001, -5.139940E+001, -1.277521E+001, -2.979669E+000, 3.426814E+001, 3.156069E+001, 8.883981E+000
1.331200E-002, -2.675471E+001, -5.189447E+001, -1.240166E+001, 2.769168E+000, 3.206802E+001, 3.067755E+001, 9.310234E+000
1.332000E-002, -2.633316E+001, -5.230732E+001, -1.210283E+001, 8.214071E+000, 2.843954E+001, 2.960915E+001, 1.052119E+001
1.332800E-002, -2.569392E+001, -5.255575E+001, -1.178938E+001, 1.213706E+001, 2.451973E+001, 2.847873E+001, 1.279879E+001
1.333600E-002, -2.518599E+001, -5.268800E+001, -1.135249E+001, 1.365335E+001, 2.013729E+001, 2.743066E+001, 1.596166E+001
1.334400E-002, -2.493375E+001, -5.298290E+001, -1.081004E+001, 1.234418E+001, 1.610484E+001, 2.682575E+001, 1.890499E+001
1.335200E-002, -2.464004E+001, -5.342435E+001, -1.022049E+001, 8.445961E+000, 1.344712E+001, 2.662727E+001, 2.088085E+001
1.336000E-002, -2.422367E+001, -5.372639E+001, -9.911911E+000, 3.047210E+000, 1.185906E+001, 2.653582E+001, 2.168123E+001
1.336800E-002, -2.367082E+001, -5.385865E+001, -9.928152E+000, -2.363924E+000, 1.150418E+001, 2.653889E+001, 2.116667E+001
1.337600E-002, -2.300566E+001, -5.395874E+001, -9.710522E+000, -6.714669E+000, 1.265446E+001, 2.662089E+001, 1.989911E+001
1.338400E-002, -2.239925E+001, -5.387831E+001, -9.224915E+000, -9.164144E+000, 1.484944E+001, 2.672663E+001, 1.887634E+001
1.339200E-002, -2.182221E+001, -5.357805E+001, -8.859491E+000, -8.411065E+000, 1.813068E+001, 2.708650E+001, 1.845280E+001
1.340000E-002, -2.132119E+001, -5.340826E+001, -8.607755E+000, -3.488476E+000, 2.235198E+001, 2.774008E+001, 1.863933E+001
1.340800E-002, -2.100848E+001, -5.324920E+001, -8.451840E+000, 4.844918E+000, 2.600769E+001, 2.824268E+001, 1.963227E+001
1.341600E-002, -2.056792E+001, -5.275413E+001, -8.307296E+000, 1.411938E+001, 2.783537E+001, 2.833519E+001, 2.127149E+001
1.342400E-002, -1.974210E+001, -5.221617E+001, -7.920759E+000, 2.128094E+001, 2.798719E+001, 2.816742E+001, 2.304182E+001
1.343200E-002, -1.886271E+001, -5.194630E+001, -7.457889E+000, 2.442271E+001, 2.700974E+001, 2.786319E+001, 2.460758E+001
1.344000E-002, -1.829776E+001, -5.175685E+001, -7.201280E+000, 2.397919E+001, 2.549705E+001, 2.766695E+001, 2.535798E+001
1.344800E-002, -1.787103E+001, -5.135472E+001, -6.938175E+000, 2.134285E+001, 2.386360E+001, 2.792817E+001, 2.454285E+001
1.345600E-002, -1.728189E+001, -5.065769E+001, -6.499667E+000, 1.693808E+001, 2.190943E+001, 2.872070E+001, 2.226702E+001
1.346400E-002, -1.661328E+001, -4.999820E+001, -6.249555E+000, 1.086167E+001, 1.989613E+001, 3.011116E+001, 1.912891E+001
1.347200E-002, -1.607598E+001, -4.975335E+001, -6.329136E+000, 4.189773E+000, 1.843563E+001, 3.219690E+001, 1.569943E+001
1.348000E-002, -1.550585E+001, -4.954781E+001, -6.283661E+000, -1.644615E+000, 1.735308E+001, 3.474082E+001, 1.281317E+001
1.348800E-002, -1.480787E+001, -4.890798E+001, -5.916614E+000, -6.089917E+000, 1.663591E+001, 3.737135E+001, 1.114908E+001
1.349600E-002, -1.425156E+001, -4.816449E+001, -5.530077E+000, -9.336372E+000, 1.672215E+001, 3.986623E+001, 1.084923E+001
1.350400E-002, -1.376608E+001, -4.768908E+001, -5.231241E+000, -1.129955E+001, 1.723805E+001, 4.194962E+001, 1.198578E+001
1.351200E-002, -1.307674E+001, -4.719222E+001, -4.934030E+000, -1.155846E+001, 1.769111E+001, 4.327285E+001, 1.451759E+001
1.352000E-002, -1.228374E+001, -4.630932E+001, -4.690414E+000, -1.025155E+001, 1.832921E+001, 4.376718E+001, 1.803350E+001
1.352800E-002, -1.174125E+001, -4.534600E+001, -4.524755E+000, -8.282738E+000, 1.896778E+001, 4.348481E+001, 2.213225E+001
1.353600E-002, -1.152011E+001, -4.476157E+001, -4.417565E+000, -6.596472E+000, 1.917036E+001, 4.238262E+001, 2.640739E+001
1.354400E-002, -1.108646E+001, -4.443450E+001, -4.292509E+000, -5.587865E+000, 1.938764E+001, 4.068250E+001, 3.024638E+001
1.355200E-002, -1.016216E+001, -4.406812E+001, -4.050517E+000, -5.008141E+000, 1.988263E+001, 3.864756E+001, 3.328085E+001
1.356000E-002, -9.300053E+000, -4.339075E+001, -3.764675E+000, -4.390144E+000, 2.008724E+001, 3.627708E+001, 3.544407E+001
1.356800E-002, -8.797300E+000, -4.233806E+001, -3.499946E+000, -3.759764E+000, 1.970632E+001, 3.380227E+001, 3.660740E+001
1.357600E-002, -8.280726E+000, -4.141406E+001, -3.254706E+000, -3.668584E+000, 1.880592E+001, 3.155892E+001, 3.688166E+001
1.358400E-002, -7.720961E+000, -4.075814E+001, -3.054941E+000, -4.656929E+000, 1.749080E+001, 2.956119E+001, 3.673710E+001
1.359200E-002, -7.389248E+000, -3.992528E+001, -2.816198E+000, -6.965695E+000, 1.605587E+001, 2.785457E+001, 3.642427E+001
1.360000E-002, -6.945237E+000, -3.908528E+001, -2.488128E+000, -1.010971E+001, 1.459263E+001, 2.650191E+001, 3.605686E+001
1.360800E-002, -6.105589E+000, -3.862238E+001, -2.202286E+000, -1.280684E+001, 1.303741E+001, 2.532388E+001, 3.600451E+001
1.361600E-002, -5.354052E+000, -3.818987E+001, -2.044748E+000, -1.406647E+001, 1.156844E+001, 2.428880E+001, 3.642180E+001
1.362400E-002, -4.832295E+000, -3.749284E+001, -1.875841E+000, -1.384134E+001, 1.027410E+001, 2.352641E+001, 3.713599E+001
1.363200E-002, -4.205151E+000, -3.679760E+001, -1.555892E+000, -1.239146E+001, 9.305134E+000, 2.292528E+001, 3.822362E+001
1.364000E-002, -3.640203E+000, -3.632041E+001, -1.244064E+000, -9.671824E+000, 8.872731E+000, 2.233975E+001, 3.973124E+001
1.364800E-002, -3.260115E+000, -3.593615E+001, -1.188845E+000, -5.609253E+000, 8.370810E+000, 2.175079E+001, 4.125561E+001
1.365600E-002, -2.805737E+000, -3.534278E+001, -1.226199E+000, -9.095477E-001, 7.051624E+000, 2.101498E+001, 4.250949E+001
1.366400E-002, -2.163044E+000, -3.450635E+001, -9.647182E-001, 2.878358E+000, 5.138781E+000, 2.002846E+001, 4.350727E+001
1.367200E-002, -1.485797E+000, -3.379503E+001, -5.213376E-001, 4.708711E+000, 2.932453E+000, 1.887382E+001, 4.419611E+001
1.368000E-002, -1.065973E+000, -3.330175E+001, -2.387434E-001, 4.870808E+000, 4.515142E-001, 1.755035E+001, 4.463557E+001
1.368800E-002, -6.997067E-001, -3.275485E+001, -8.120524E-003, 4.325980E+000, -2.001116E+000, 1.605190E+001, 4.501572E+001
1.369600E-002, -5.528547E-002, -3.209179E+001, 3.134522E-001, 3.888091E+000, -4.338478E+000, 1.452073E+001, 4.526770E+001
1.370400E-002, 6.824300E-001, -3.139655E+001, 5.521956E-001, 3.684344E+000, -6.676795E+000, 1.304568E+001, 4.531132E+001
1.371200E-002, 1.442605E+000, -3.073527E+001, 6.512660E-001, 3.334258E+000, -8.807154E+000, 1.164990E+001, 4.531274E+001
1.372000E-002, 2.144040E+000, -3.020624E+001, 8.185488E-001, 2.587934E+000, -1.051526E+001, 1.044469E+001, 4.528243E+001
1.372800E-002, 2.760818E+000, -2.971117E+001, 1.042675E+000, 1.420606E+000, -1.165767E+001, 9.538043E+000, 4.515238E+001
1.373600E-002, 3.550364E+000, -2.907849E+001, 1.086526E+000, 7.767177E-002, -1.209043E+001, 8.920730E+000, 4.502645E+001
1.374400E-002, 4.376190E+000, -2.843687E+001, 1.115760E+000, -9.084221E-001, -1.195294E+001, 8.550696E+000, 4.485052E+001
1.375200E-002, 5.020612E+000, -2.788282E+001, 1.401602E+000, -1.342934E+000, -1.146655E+001, 8.446492E+000, 4.457084E+001
1.376000E-002, 5.709952E+000, -2.734665E+001, 1.862848E+000, -1.436365E+000, -1.076766E+001, 8.577634E+000, 4.441401E+001
1.376800E-002, 6.501225E+000, -2.678903E+001, 2.325718E+000, -1.185339E+000, -1.000402E+001, 8.875244E+000, 4.448393E+001
1.377600E-002, 7.283860E+000, -2.604732E+001, 2.515738E+000, -5.459538E-001, -9.155824E+000, 9.342629E+000, 4.469299E+001
1.378400E-002, 8.116598E+000, -2.526808E+001, 2.385810E+000, 3.782278E-001, -8.219110E+000, 9.873932E+000, 4.505474E+001
1.379200E-002, 8.935513E+000, -2.486416E+001, 2.359824E+000, 1.600714E+000, -7.345347E+000, 1.031509E+001, 4.556731E+001
1.380000E-002, 9.631765E+000, -2.444059E+001, 2.567709E+000, 2.800687E+000, -6.667479E+000, 1.066586E+001, 4.611961E+001
1.380800E-002, 1.038848E+001, -2.351837E+001, 2.705758E+000, 3.198051E+000, -6.496668E+000, 1.092413E+001, 4.667981E+001
1.381600E-002, 1.131970E+001, -2.253181E+001, 2.812949E+000, 2.259236E+000, -7.163069E+000, 1.100778E+001, 4.726831E+001
1.382400E-002, 1.215071E+001, -2.180440E+001, 3.100416E+000, 2.262613E-001, -8.524420E+000, 1.089259E+001, 4.783488E+001
1.383200E-002, 1.278131E+001, -2.106090E+001, 3.417116E+000, -2.091510E+000, -1.029440E+001, 1.054760E+001, 4.837680E+001
1.384000E-002, 1.363478E+001, -2.020660E+001, 3.498322E+000, -4.177391E+000, -1.234461E+001, 9.866252E+000, 4.896566E+001
1.384800E-002, 1.481305E+001, -1.937732E+001, 3.394379E+000, -5.815252E+000, -1.441728E+001, 8.935735E+000, 4.957067E+001
1.385600E-002, 1.577709E+001, -1.856233E+001, 3.379762E+000, -6.513172E+000, -1.630014E+001, 7.968001E+000, 5.012250E+001
1.386400E-002, 1.638350E+001, -1.782063E+001, 3.574654E+000, -5.872662E+000, -1.787697E+001, 7.004993E+000, 5.067916E+001
1.387200E-002, 1.712295E+001, -1.711109E+001, 3.808526E+000, -3.738376E+000, -1.895607E+001, 6.087708E+000, 5.123854E+001
1.388000E-002, 1.804207E+001, -1.610487E+001, 3.866993E+000, 8.780287E-002, -1.955140E+001, 5.319995E+000, 5.166373E+001
1.388800E-002, 1.874350E+001, -1.493423E+001, 3.863745E+000, 5.442653E+000, -1.968936E+001, 4.707172E+000, 5.193811E+001
1.389600E-002, 1.949158E+001, -1.401379E+001, 3.975808E+000, 1.153257E+001, -1.935061E+001, 4.237542E+000, 5.208727E+001
1.390400E-002, 2.057310E+001, -1.309694E+001, 4.099240E+000, 1.724201E+001, -1.892955E+001, 3.925754E+000, 5.200709E+001
1.391200E-002, 2.146804E+001, -1.189591E+001, 4.245409E+000, 2.147118E+001, -1.871526E+001, 3.743691E+000, 5.170016E+001
1.392000E-002, 2.206236E+001, -1.073777E+001, 4.513387E+000, 2.340735E+001, -1.864347E+001, 3.654846E+000, 5.132072E+001
1.392800E-002, 2.284672E+001, -9.788745E+000, 4.623826E+000, 2.268128E+001, -1.902798E+001, 3.637478E+000, 5.083905E+001
1.393600E-002, 2.370710E+001, -8.812909E+000, 4.490650E+000, 1.948436E+001, -2.009596E+001, 3.656972E+000, 5.013523E+001
1.394400E-002, 2.429105E+001, -7.711966E+000, 4.453295E+000, 1.443344E+001, -2.126166E+001, 3.669850E+000, 4.945476E+001
1.395200E-002, 2.491129E+001, -6.510936E+000, 4.544245E+000, 8.209569E+000, -2.339524E+001, 3.601089E+000, 4.914406E+001
1.396000E-002, 2.589779E+001, -5.208034E+000, 4.643315E+000, 1.739172E+000, -3.166237E+001, 3.368932E+000, 4.860485E+001
1.396800E-002, 2.683246E+001, -3.842578E+000, 4.666053E+000, -3.882463E+000, -5.023632E+001, 3.053483E+000, 4.669455E+001
1.397600E-002, 2.739568E+001, -2.514655E+000, 4.477657E+000, -8.206192E+000, -7.305058E+001, 2.706370E+000, 4.399424E+001
1.398400E-002, 2.792953E+001, -1.397626E+000, 4.279516E+000, -1.139636E+001, -8.874606E+001, 2.058575E+000, 4.251232E+001
1.399200E-002, 2.853248E+001, -4.789819E-001, 4.286012E+000, -1.344059E+001, -9.313913E+001, 1.065559E+000, 4.281135E+001
1.400000E-002, 2.901278E+001, 6.201743E-001, 4.324991E+000, -1.416553E+001, -8.754812E+001, 8.341106E-002, 4.417642E+001
1.400800E-002, 2.960019E+001, 2.037460E+000, 4.396451E+000, -1.351601E+001, -7.338061E+001, -7.557798E-001, 4.629919E+001
1.401600E-002, 3.041046E+001, 3.492278E+000, 4.589720E+000, -1.154945E+001, -5.495095E+001, -1.275504E+000, 4.834414E+001
1.402400E-002, 3.103588E+001, 4.866670E+000, 4.672549E+000, -8.714998E+000, -3.694019E+001, -1.044410E+000, 4.881544E+001
1.403200E-002, 3.129330E+001, 6.232126E+000, 4.445175E+000, -5.953711E+000, -2.013359E+001, -1.773371E-001, 4.759127E+001
1.404000E-002, 3.150235E+001, 7.615454E+000, 4.167453E+000, -4.411531E+000, -5.861203E+000, 6.911539E-001, 4.556979E+001
1.404800E-002, 3.183579E+001, 8.909420E+000, 4.256778E+000, -4.900076E+000, 3.384684E+000, 1.245967E+000, 4.293987E+001
1.405600E-002, 3.209149E+001, 1.005147E+001, 4.542621E+000, -7.208841E+000, 7.618406E+000, 1.596507E+000, 4.006329E+001
1.406400E-002, 3.231263E+001, 1.122927E+001, 4.401324E+000, -1.028532E+001, 7.426692E+000, 2.131590E+000, 3.796197E+001
1.407200E-002, 3.260115E+001, 1.269659E+001, 4.013163E+000, -1.315017E+001, 3.800722E+000, 3.716282E+000, 3.668663E+001
1.408000E-002, 3.280674E+001, 1.432835E+001, 4.123602E+000, -1.525744E+001, -3.939401E-001, 6.839352E+000, 3.576232E+001
1.408800E-002, 3.299160E+001, 1.572419E+001, 4.464664E+000, -1.623115E+001, -4.254625E+000, 1.041858E+001, 3.534125E+001
1.409600E-002, 3.314364E+001, 1.694130E+001, 4.386707E+000, -1.585292E+001, -9.793438E+000, 1.279237E+001, 3.497207E+001
1.410400E-002, 3.315573E+001, 1.830140E+001, 4.157708E+000, -1.425108E+001, -1.833673E+001, 1.286302E+001, 3.391003E+001
1.411200E-002, 3.324730E+001, 1.955247E+001, 4.071630E+000, -1.161474E+001, -2.972874E+001, 9.941156E+000, 3.280732E+001
1.412000E-002, 3.339069E+001, 2.057656E+001, 3.854001E+000, -8.156662E+000, -4.227713E+001, 4.517784E+000, 3.245464E+001
1.412800E-002, 3.334750E+001, 2.186874E+001, 3.568158E+000, -4.606274E+000, -5.267176E+001, -1.698939E+000, 3.272950E+001
1.413600E-002, 3.309699E+001, 2.344688E+001, 3.597392E+000, -1.687391E+000, -5.844982E+001, -7.437289E+000, 3.385791E+001
1.414400E-002, 3.276701E+001, 2.484808E+001, 3.746809E+000, 6.618986E-001, -5.940648E+001, -1.194893E+001, 3.595900E+001
1.415200E-002, 3.259769E+001, 2.602051E+001, 3.626626E+000, 2.608196E+000, -5.622355E+001, -1.430819E+001, 3.813330E+001
1.416000E-002, 3.261324E+001, 2.715541E+001, 3.319670E+000, 4.109850E+000, -4.994607E+001, -1.410722E+001, 3.982357E+001
1.416800E-002, 3.251304E+001, 2.829746E+001, 2.989977E+000, 5.228774E+000, -4.242620E+001, -1.162864E+001, 4.098489E+001
1.417600E-002, 3.214159E+001, 2.936266E+001, 2.811325E+000, 5.716192E+000, -3.527448E+001, -7.147831E+000, 4.087994E+001
1.418400E-002, 3.173559E+001, 3.049756E+001, 2.936381E+000, 5.525953E+000, -2.902961E+001, -1.164565E+000, 3.902094E+001
1.419200E-002, 3.148507E+001, 3.187195E+001, 3.030579E+000, 5.339090E+000, -2.401171E+001, 5.422191E+000, 3.595381E+001
1.420000E-002, 3.120865E+001, 3.304260E+001, 2.824318E+000, 5.614882E+000, -2.047772E+001, 1.210193E+001, 3.188076E+001
1.420800E-002, 3.081992E+001, 3.372712E+001, 2.702510E+000, 6.435501E+000, -1.813546E+001, 1.881746E+001, 2.680900E+001
1.421600E-002, 3.042601E+001, 3.443129E+001, 2.892530E+000, 7.705265E+000, -1.639008E+001, 2.527887E+001, 2.166744E+001
1.422400E-002, 2.996472E+001, 3.535529E+001, 3.105288E+000, 8.902987E+000, -1.440724E+001, 3.127773E+001, 1.712263E+001
1.423200E-002, 2.941187E+001, 3.615956E+001, 3.267699E+000, 9.665071E+000, -1.153977E+001, 3.694070E+001, 1.318648E+001
1.424000E-002, 2.882446E+001, 3.700850E+001, 3.387882E+000, 1.021440E+001, -7.685655E+000, 4.206079E+001, 1.041590E+001
1.424800E-002, 2.815931E+001, 3.807906E+001, 3.176749E+000, 1.069394E+001, -2.562761E+000, 4.640266E+001, 9.215786E+000
1.425600E-002, 2.755808E+001, 3.876000E+001, 2.913644E+000, 1.053634E+001, 3.929248E+000, 5.010181E+001, 9.248448E+000
1.426400E-002, 2.715553E+001, 3.909600E+001, 3.093920E+000, 8.972778E+000, 1.095746E+001, 5.294038E+001, 1.043983E+001
1.427200E-002, 2.667351E+001, 3.988060E+001, 3.262826E+000, 6.007743E+000, 1.748578E+001, 5.459159E+001, 1.270611E+001
1.428000E-002, 2.603255E+001, 4.083320E+001, 3.050069E+000, 2.287377E+000, 2.261692E+001, 5.520548E+001, 1.530195E+001
1.428800E-002, 2.541922E+001, 4.139797E+001, 2.869793E+000, -1.748178E+000, 2.544820E+001, 5.477732E+001, 1.770889E+001
1.429600E-002, 2.463486E+001, 4.191985E+001, 2.944502E+000, -5.787110E+000, 2.553838E+001, 5.315068E+001, 1.985171E+001
1.430400E-002, 2.372092E+001, 4.244351E+001, 3.131274E+000, -8.896233E+000, 2.298231E+001, 5.059472E+001, 2.122244E+001
1.431200E-002, 2.307823E+001, 4.281526E+001, 3.152387E+000, -1.022678E+001, 1.819065E+001, 4.733613E+001, 2.145248E+001
1.432000E-002, 2.254265E+001, 4.327279E+001, 2.983480E+000, -1.024592E+001, 1.230173E+001, 4.334858E+001, 2.095018E+001
1.432800E-002, 2.186195E+001, 4.367671E+001, 3.085799E+000, -9.738239E+000, 7.048399E+000, 3.902834E+001, 1.989180E+001
1.433600E-002, 2.118125E+001, 4.393229E+001, 3.478832E+000, -8.479732E+000, 3.383609E+000, 3.496376E+001, 1.821273E+001
1.434400E-002, 2.051782E+001, 4.427008E+001, 3.647739E+000, -6.029131E+000, 1.263165E+000, 3.133763E+001, 1.628934E+001
1.435200E-002, 1.972136E+001, 4.450599E+001, 3.529180E+000, -2.723015E+000, 4.197409E-001, 2.831274E+001, 1.428719E+001
1.436000E-002, 1.882297E+001, 4.469008E+001, 3.459343E+000, 6.483905E-001, 3.523722E-002, 2.608888E+001, 1.200229E+001
1.436800E-002, 1.810081E+001, 4.510830E+001, 3.561662E+000, 3.396170E+000, -1.020207E+000, 2.454282E+001, 9.455620E+000
1.437600E-002, 1.770172E+001, 4.538174E+001, 3.704583E+000, 5.395374E+000, -3.100875E+000, 2.356729E+001, 6.674541E+000
1.438400E-002, 1.737691E+001, 4.539247E+001, 3.784164E+000, 7.184076E+000, -5.793476E+000, 2.313121E+001, 3.613303E+000
1.439200E-002, 1.682406E+001, 4.550864E+001, 3.815022E+000, 8.719501E+000, -8.553088E+000, 2.294324E+001, 5.235304E-001
1.440000E-002, 1.612435E+001, 4.557655E+001, 3.873490E+000, 8.918746E+000, -1.103558E+001, 2.279059E+001, -2.421210E+000
1.440800E-002, 1.543156E+001, 4.546038E+001, 3.915716E+000, 7.213344E+000, -1.295559E+001, 2.268379E+001, -5.359348E+000
1.441600E-002, 1.466274E+001, 4.542285E+001, 3.836135E+000, 4.134615E+000, -1.394128E+001, 2.246557E+001, -8.148562E+000
1.442400E-002, 1.414099E+001, 4.553009E+001, 3.769547E+000, 5.909809E-001, -1.396839E+001, 2.193841E+001, -1.053475E+001
1.443200E-002, 1.418591E+001, 4.572490E+001, 4.037524E+000, -2.479868E+000, -1.350159E+001, 2.113726E+001, -1.271342E+001
1.444000E-002, 1.337908E+001, 4.595009E+001, 4.386707E+000, -4.357499E+000, -1.305366E+001, 2.014968E+001, -1.485105E+001
1.444800E-002, 1.156330E+001, 4.595724E+001, 3.738689E+000, -4.830284E+000, -1.282838E+001, 1.903190E+001, -1.683563E+001
1.445600E-002, 1.726980E+001, 4.557119E+001, 2.976984E+000, -4.400275E+000, -1.246048E+001, 1.793621E+001, -1.871834E+001
1.446400E-002, 3.975716E+001, 4.544787E+001, 5.703856E+000, -3.908354E+000, -1.143812E+001, 1.700321E+001, -2.053183E+001
1.447200E-002, 6.155346E+001, 4.659707E+001, 1.023998E+001, -3.724868E+000, -9.904644E+000, 1.628630E+001, -2.212683E+001
1.448000E-002, 4.391566E+001, 4.826100E+001, 8.328409E+000, -3.783403E+000, -8.327808E+000, 1.593470E+001, -2.361594E+001
1.448800E-002, -1.368315E+001, 4.834678E+001, 1.283043E-001, -4.028801E+000, -6.802216E+000, 1.604529E+001, -2.522013E+001
1.449600E-002, -5.948198E+001, 4.603230E+001, -3.215727E+000, -4.742481E+000, -5.211524E+000, 1.643895E+001, -2.684355E+001
1.450400E-002, -6.034409E+001, 4.259007E+001, 2.670028E+000, -6.264398E+000, -3.520855E+000, 1.695123E+001, -2.840211E+001
1.451200E-002, -2.850311E+001, 4.120316E+001, 1.171954E+001, -8.046346E+000, -1.794709E+000, 1.755330E+001, -2.999546E+001
1.452000E-002, 1.896292E+001, 4.388403E+001, 1.851804E+001, -9.123619E+000, -2.043758E-001, 1.811485E+001, -3.156122E+001
1.452800E-002, 6.111808E+001, 4.777308E+001, 1.893381E+001, -9.372394E+000, 1.003365E+000, 1.854597E+001, -3.298372E+001
1.453600E-002, 7.156013E+001, 4.860057E+001, 1.012304E+001, -9.410667E+000, 1.559993E+000, 1.896148E+001, -3.429973E+001
1.454400E-002, 5.223095E+001, 4.591970E+001, -2.754482E+000, -9.855309E+000, 1.379149E+000, 1.941316E+001, -3.541943E+001
1.455200E-002, 2.097565E+001, 4.299934E+001, -1.177963E+001, -1.064891E+001, 7.231393E-001, 1.982903E+001, -3.614188E+001
1.456000E-002, -1.389220E+001, 4.316377E+001, -1.470952E+001, -1.130631E+001, -1.339014E-001, 2.020202E+001, -3.649455E+001
1.456800E-002, -3.702917E+001, 4.567128E+001, -9.790103E+000, -1.169016E+001, -1.167128E+000, 2.050140E+001, -3.662355E+001
1.457600E-002, -3.561766E+001, 4.715469E+001, 2.629426E+000, -1.169692E+001, -2.270949E+000, 2.063786E+001, -3.661058E+001
1.458400E-002, -2.073205E+001, 4.646660E+001, 1.419468E+001, -1.104853E+001, -3.149490E+000, 2.060997E+001, -3.658051E+001
1.459200E-002, -2.864478E+000, 4.447203E+001, 1.979296E+001, -9.785518E+000, -3.601243E+000, 2.044989E+001, -3.663216E+001
1.460000E-002, 1.818719E+001, 4.254360E+001, 2.109550E+001, -8.140903E+000, -3.603632E+000, 2.017165E+001, -3.676740E+001
1.460800E-002, 3.162674E+001, 4.212181E+001, 1.669742E+001, -5.977350E+000, -3.363183E+000, 1.983600E+001, -3.708624E+001
1.461600E-002, 2.697412E+001, 4.267228E+001, 7.084345E+000, -3.075352E+000, -3.132051E+000, 1.955233E+001, -3.774171E+001
1.462400E-002, 1.311821E+001, 4.301900E+001, -1.128753E+000, 1.418354E-001, -2.917164E+000, 1.941942E+001, -3.870588E+001
1.463200E-002, -7.688136E-001, 4.386080E+001, -4.744010E+000, 2.959407E+000, -2.771556E+000, 1.950484E+001, -3.992320E+001
1.464000E-002, -1.473530E+001, 4.503859E+001, -4.212928E+000, 5.119583E+000, -2.872610E+000, 1.986518E+001, -4.145335E+001
1.464800E-002, -2.304886E+001, 4.506898E+001, 5.863018E-001, 6.550320E+000, -3.199300E+000, 2.045060E+001, -4.325729E+001
1.465600E-002, -2.059729E+001, 4.428080E+001, 6.860218E+000, 7.263999E+000, -3.625492E+000, 2.112131E+001, -4.522218E+001
1.466400E-002, -1.371598E+001, 4.347118E+001, 1.074508E+001, 7.744664E+000, -4.026479E+000, 2.177194E+001, -4.731147E+001
1.467200E-002, -6.404476E+000, 4.272768E+001, 1.149054E+001, 8.406563E+000, -4.396052E+000, 2.226166E+001, -4.939227E+001
1.468000E-002, 2.905942E+000, 4.294573E+001, 9.359715E+000, 9.062833E+000, -5.090524E+000, 2.246605E+001, -5.129584E+001
1.468800E-002, 9.006349E+000, 4.397161E+001, 5.609658E+000, 9.448940E+000, -6.358466E+000, 2.243190E+001, -5.303799E+001
1.469600E-002, 6.903773E+000, 4.393944E+001, 2.972112E+000, 9.401662E+000, -7.894331E+000, 2.225161E+001, -5.458064E+001
1.470400E-002, 8.638355E-001, 4.233449E+001, 2.694390E+000, 8.660966E+000, -9.264999E+000, 2.198023E+001, -5.577910E+001
1.471200E-002, -6.330186E+000, 4.003431E+001, 4.703407E+000, 7.395704E+000, -9.994111E+000, 2.175186E+001, -5.669056E+001
1.472000E-002, -1.560778E+001, 3.809336E+001, 8.204977E+000, 6.389348E+000, -9.403559E+000, 2.168676E+001, -5.739756E+001
1.472800E-002, -2.264113E+001, 3.810944E+001, 1.076619E+001, 6.042639E+000, -7.250267E+000, 2.173850E+001, -5.777877E+001
1.473600E-002, -2.326654E+001, 4.037924E+001, 1.091561E+001, 5.766848E+000, -4.192990E+000, 2.187981E+001, -5.789539E+001
1.474400E-002, -2.022757E+001, 4.279202E+001, 9.111227E+000, 5.003638E+000, -1.349167E+000, 2.219644E+001, -5.809938E+001
1.475200E-002, -1.625393E+001, 4.366420E+001, 5.742834E+000, 4.103096E+000, 6.002272E-001, 2.267930E+001, -5.852693E+001
1.476000E-002, -1.161340E+001, 4.297611E+001, 2.493001E+000, 3.552639E+000, 2.042206E+000, 2.328622E+001, -5.909031E+001
1.476800E-002, -9.334606E+000, 4.133899E+001, 1.741040E+000, 3.288105E+000, 3.745059E+000, 2.405842E+001, -5.978647E+001
1.477600E-002, -1.193821E+001, 3.999141E+001, 2.929885E+000, 2.862599E+000, 5.899068E+000, 2.495397E+001, -6.050078E+001
1.478400E-002, -1.631094E+001, 3.979303E+001, 4.917789E+000, 1.816844E+000, 8.295079E+000, 2.589890E+001, -6.105025E+001
1.479200E-002, -1.952614E+001, 4.016656E+001, 8.000340E+000, 6.528932E-002, 1.041684E+001, 2.693905E+001, -6.154466E+001
1.480000E-002, -2.232669E+001, 4.031133E+001, 1.040889E+001, -2.134285E+000, 1.155076E+001, 2.806664E+001, -6.213622E+001
1.480800E-002, -2.401463E+001, 3.980554E+001, 1.037965E+001, -4.239303E+000, 1.149366E+001, 2.913645E+001, -6.275278E+001
1.481600E-002, -2.362763E+001, 3.843114E+001, 9.713770E+000, -5.607001E+000, 1.051741E+001, 3.004795E+001, -6.337819E+001
1.482400E-002, -2.316116E+001, 3.692271E+001, 9.338602E+000, -6.164212E+000, 9.031597E+000, 3.076486E+001, -6.403992E+001
1.483200E-002, -2.288300E+001, 3.625249E+001, 8.294303E+000, -6.211491E+000, 7.628678E+000, 3.126461E+001, -6.458349E+001
1.484000E-002, -2.147668E+001, 3.608807E+001, 7.634916E+000, -5.760094E+000, 6.593062E+000, 3.159448E+001, -6.493216E+001
1.484800E-002, -2.080634E+001, 3.596653E+001, 7.813568E+000, -4.700831E+000, 5.719777E+000, 3.178328E+001, -6.519228E+001
1.485600E-002, -2.222303E+001, 3.610236E+001, 7.383180E+000, -3.089986E+000, 4.994248E+000, 3.179131E+001, -6.536136E+001
1.486400E-002, -2.415975E+001, 3.601122E+001, 6.884580E+000, -1.193219E+000, 4.648207E+000, 3.166726E+001, -6.540935E+001
1.487200E-002, -2.675644E+001, 3.521053E+001, 6.884580E+000, 4.187522E-001, 4.817346E+000, 3.153907E+001, -6.541654E+001
1.488000E-002, -3.034308E+001, 3.415963E+001, 6.476930E+000, 1.303535E+000, 5.692304E+000, 3.146806E+001, -6.538718E+001
1.488800E-002, -3.222625E+001, 3.323205E+001, 6.767644E+000, 1.652495E+000, 7.471484E+000, 3.151189E+001, -6.528672E+001
1.489600E-002, -3.146607E+001, 3.291570E+001, 8.731187E+000, 1.923784E+000, 9.935223E+000, 3.177217E+001, -6.515430E+001
1.490400E-002, -3.029816E+001, 3.368601E+001, 1.094322E+001, 2.141039E+000, 1.241855E+001, 3.225125E+001, -6.503498E+001
1.491200E-002, -2.934103E+001, 3.481018E+001, 1.285804E+001, 1.829227E+000, 1.433558E+001, 3.286360E+001, -6.501328E+001
1.492000E-002, -2.848756E+001, 3.522483E+001, 1.419305E+001, 5.909809E-001, 1.559754E+001, 3.354554E+001, -6.514523E+001
1.492800E-002, -2.907670E+001, 3.456712E+001, 1.344271E+001, -1.489272E+000, 1.640059E+001, 3.418885E+001, -6.531302E+001
1.493600E-002, -3.059014E+001, 3.272268E+001, 1.110076E+001, -3.904977E+000, 1.679203E+001, 3.464394E+001, -6.541595E+001
1.494400E-002, -3.112399E+001, 3.025271E+001, 9.099858E+000, -5.914311E+000, 1.666720E+001, 3.483605E+001, -6.550875E+001
1.495200E-002, -3.124147E+001, 2.851550E+001, 7.514732E+000, -7.103027E+000, 1.604380E+001, 3.471873E+001, -6.555827E+001
1.496000E-002, -3.188935E+001, 2.806512E+001, 6.588993E+000, -7.585943E+000, 1.504331E+001, 3.427356E+001, -6.544437E+001
1.496800E-002, -3.218132E+001, 2.830104E+001, 7.612179E+000, -7.303398E+000, 1.354220E+001, 3.358099E+001, -6.520760E+001
1.497600E-002, -3.218478E+001, 2.884436E+001, 1.000611E+001, -5.967218E+000, 1.118369E+001, 3.271545E+001, -6.492898E+001
1.498400E-002, -3.279465E+001, 2.946632E+001, 1.229285E+001, -3.724868E+000, 7.869486E+000, 3.169727E+001, -6.459599E+001
1.499200E-002, -3.338551E+001, 2.948062E+001, 1.392183E+001, -9.973506E-001, 4.040693E+000, 3.058752E+001, -6.424014E+001
1.500000E-002, -3.372586E+001, 2.854231E+001, 1.427913E+001, 1.924909E+000, 6.615041E-001, 2.949113E+001, -6.386140E+001
1.500800E-002, -3.457242E+001, 2.700528E+001, 1.330791E+001, 4.503837E+000, -1.199140E+000, 2.849126E+001, -6.330438E+001
1.501600E-002, -3.524794E+001, 2.553259E+001, 1.213044E+001, 5.953711E+000, -1.166412E+000, 2.767369E+001, -6.248925E+001
1.502400E-002, -3.497497E+001, 2.472118E+001, 1.133950E+001, 5.810749E+000, 3.284825E-001, 2.713553E+001, -6.152709E+001
1.503200E-002, -3.437547E+001, 2.452280E+001, 1.108614E+001, 4.083960E+000, 2.584620E+000, 2.689877E+001, -6.050891E+001
1.504000E-002, -3.364985E+001, 2.447276E+001, 1.187870E+001, 1.305786E+000, 4.935241E+000, 2.690916E+001, -5.948638E+001
1.504800E-002, -3.278601E+001, 2.455140E+001, 1.334040E+001, -1.803336E+000, 6.940896E+000, 2.708248E+001, -5.855464E+001
1.505600E-002, -3.248539E+001, 2.480340E+001, 1.450163E+001, -5.023901E+000, 8.384665E+000, 2.731429E+001, -5.770060E+001
1.506400E-002, -3.252686E+001, 2.459071E+001, 1.508956E+001, -8.306377E+000, 9.031119E+000, 2.753699E+001, -5.683866E+001
1.507200E-002, -3.204657E+001, 2.377930E+001, 1.485569E+001, -1.121513E+001, 8.792462E+000, 2.774044E+001, -5.601021E+001
1.508000E-002, -3.127430E+001, 2.303045E+001, 1.380002E+001, -1.324585E+001, 7.994309E+000, 2.791801E+001, -5.525828E+001
1.508800E-002, -3.039146E+001, 2.237810E+001, 1.289214E+001, -1.395390E+001, 7.049355E+000, 2.804017E+001, -5.450695E+001
1.509600E-002, -2.922355E+001, 2.176508E+001, 1.256895E+001, -1.303873E+001, 6.068565E+000, 2.806558E+001, -5.370844E+001
1.510400E-002, -2.848411E+001, 2.150414E+001, 1.252022E+001, -1.058925E+001, 5.046447E+000, 2.798701E+001, -5.290027E+001
1.511200E-002, -2.851348E+001, 2.112167E+001, 1.302045E+001, -6.879017E+000, 4.040335E+000, 2.784334E+001, -5.208385E+001
1.512000E-002, -2.894367E+001, 2.015477E+001, 1.407612E+001, -2.299760E+000, 3.048437E+000, 2.766211E+001, -5.121401E+001
1.512800E-002, -2.971421E+001, 1.921825E+001, 1.503271E+001, 2.652097E+000, 2.130836E+000, 2.746008E+001, -5.029017E+001
1.513600E-002, -3.024288E+001, 1.876251E+001, 1.594708E+001, 7.484632E+000, 1.341523E+000, 2.722686E+001, -4.931374E+001
1.514400E-002, -2.991980E+001, 1.851587E+001, 1.693616E+001, 1.138060E+001, 4.375387E-001, 2.692771E+001, -4.830052E+001
1.515200E-002, -2.904906E+001, 1.833893E+001, 1.735518E+001, 1.354303E+001, -7.602878E-001, 2.657186E+001, -4.732279E+001
1.516000E-002, -2.797963E+001, 1.819595E+001, 1.693779E+001, 1.397304E+001, -1.899465E+000, 2.614641E+001, -4.634129E+001
1.516800E-002, -2.700868E+001, 1.779382E+001, 1.594384E+001, 1.294192E+001, -2.395534E+000, 2.560991E+001, -4.522171E+001
1.517600E-002, -2.639536E+001, 1.700564E+001, 1.473875E+001, 1.056561E+001, -2.003743E+000, 2.500524E+001, -4.394213E+001
1.518400E-002, -2.604637E+001, 1.625500E+001, 1.396080E+001, 7.284262E+000, -9.577356E-001, 2.439277E+001, -4.255100E+001
1.519200E-002, -2.581140E+001, 1.606019E+001, 1.405825E+001, 3.845316E+000, 1.273318E-001, 2.375514E+001, -4.109631E+001
1.520000E-002, -2.550215E+001, 1.619781E+001, 1.504408E+001, 8.600179E-001, 6.775101E-001, 2.310155E+001, -3.969823E+001
1.520800E-002, -2.507196E+001, 1.613168E+001, 1.669580E+001, -1.225863E+000, 7.649462E-001, 2.250055E+001, -3.844199E+001
1.521600E-002, -2.470051E+001, 1.606913E+001, 1.834913E+001, -2.180438E+000, 7.668574E-001, 2.195601E+001, -3.725155E+001
1.522400E-002, -2.429796E+001, 1.631040E+001, 1.923427E+001, -2.107269E+000, 6.832436E-001, 2.145342E+001, -3.609613E+001
1.523200E-002, -2.362072E+001, 1.638011E+001, 1.933821E+001, -1.058137E+000, 3.878483E-001, 2.104534E+001, -3.505036E+001
1.524000E-002, -2.285190E+001, 1.606734E+001, 1.894681E+001, 8.521382E-001, -7.859691E-002, 2.076144E+001, -3.408619E+001
1.524800E-002, -2.215911E+001, 1.593330E+001, 1.796910E+001, 3.129385E+000, -7.249311E-001, 2.060088E+001, -3.318016E+001
1.525600E-002, -2.120198E+001, 1.610308E+001, 1.680136E+001, 5.376237E+000, -1.526070E+000, 2.056721E+001, -3.240194E+001
1.526400E-002, -1.988549E+001, 1.614955E+001, 1.622805E+001, 7.351802E+000, -2.216959E+000, 2.061517E+001, -3.166640E+001
1.527200E-002, -1.885753E+001, 1.587789E+001, 1.633849E+001, 8.631698E+000, -2.564433E+000, 2.071737E+001, -3.081189E+001
1.528000E-002, -1.873141E+001, 1.535244E+001, 1.705310E+001, 8.682354E+000, -2.591070E+000, 2.091160E+001, -2.987166E+001
1.528800E-002, -1.907003E+001, 1.487703E+001, 1.828255E+001, 7.002842E+000, -2.332704E+000, 2.116727E+001, -2.889369E+001
1.529600E-002, -1.904930E+001, 1.478052E+001, 1.940643E+001, 3.669710E+000, -1.876651E+000, 2.136493E+001, -2.782505E+001
1.530400E-002, -1.855519E+001, 1.495925E+001, 2.014702E+001, -3.951129E-001, -1.661405E+000, 2.143038E+001, -2.672175E+001
1.531200E-002, -1.748748E+001, 1.522376E+001, 2.063912E+001, -4.373259E+000, -2.008641E+000, 2.134496E+001, -2.565016E+001
1.532000E-002, -1.573563E+001, 1.562589E+001, 2.057741E+001, -7.965297E+000, -2.738230E+000, 2.106153E+001, -2.450594E+001
1.532800E-002, -1.394576E+001, 1.592078E+001, 1.984493E+001, -1.083352E+001, -3.638153E+000, 2.058245E+001, -2.320053E+001
1.533600E-002, -1.265692E+001, 1.573491E+001, 1.880226E+001, -1.294192E+001, -4.538434E+000, 2.002503E+001, -2.177946E+001
1.534400E-002, -1.219908E+001, 1.527916E+001, 1.776121E+001, -1.441318E+001, -5.256437E+000, 1.946904E+001, -2.029977E+001
1.535200E-002, -1.285905E+001, 1.491457E+001, 1.724312E+001, -1.463156E+001, -5.945295E+000, 1.893915E+001, -1.883813E+001
1.536000E-002, -1.382655E+001, 1.473763E+001, 1.749161E+001, -1.312203E+001, -6.799349E+000, 1.851135E+001, -1.753391E+001
1.536800E-002, -1.409779E+001, 1.482699E+001, 1.814450E+001, -1.051271E+001, -7.707275E+000, 1.822473E+001, -1.641881E+001
1.537600E-002, -1.361059E+001, 1.516478E+001, 1.925214E+001, -7.582566E+000, -8.556790E+000, 1.803333E+001, -1.541632E+001
1.538400E-002, -1.232866E+001, 1.555619E+001, 2.062126E+001, -4.605148E+000, -9.274435E+000, 1.792381E+001, -1.452207E+001
1.539200E-002, -1.024336E+001, 1.585287E+001, 2.117995E+001, -1.852866E+000, -9.796185E+000, 1.791601E+001, -1.371638E+001
1.540000E-002, -8.610712E+000, 1.616028E+001, 2.070571E+001, 1.891139E-001, -1.026072E+001, 1.799032E+001, -1.292802E+001
1.540800E-002, -8.698823E+000, 1.662675E+001, 2.002683E+001, 1.287776E+000, -1.084446E+001, 1.812229E+001, -1.216595E+001
1.541600E-002, -9.424444E+000, 1.705747E+001, 1.952499E+001, 1.660375E+000, -1.155494E+001, 1.828782E+001, -1.144044E+001
1.542400E-002, -8.881956E+000, 1.735773E+001, 1.923752E+001, 1.448747E+000, -1.233111E+001, 1.840407E+001, -1.069570E+001
1.543200E-002, -6.953875E+000, 1.775093E+001, 1.961106E+001, 5.133091E-001, -1.309917E+001, 1.839131E+001, -9.916421E+000
1.544000E-002, -4.669894E+000, 1.806190E+001, 2.094608E+001, -1.002979E+000, -1.371409E+001, 1.823938E+001, -9.112731E+000
1.544800E-002, -2.909398E+000, 1.790820E+001, 2.270986E+001, -2.576677E+000, -1.399634E+001, 1.795476E+001, -8.256688E+000
1.545600E-002, -2.175138E+000, 1.735952E+001, 2.415206E+001, -3.724868E+000, -1.386459E+001, 1.757162E+001, -7.364682E+000
1.546400E-002, -2.776367E+000, 1.682334E+001, 2.511191E+001, -4.279827E+000, -1.343398E+001, 1.712668E+001, -6.470553E+000
1.547200E-002, -4.398650E+000, 1.676079E+001, 2.573881E+001, -4.429543E+000, -1.301854E+001, 1.657706E+001, -5.531264E+000
1.548000E-002, -5.499177E+000, 1.716292E+001, 2.613997E+001, -4.239303E+000, -1.298784E+001, 1.590127E+001, -4.561907E+000
1.548800E-002, -5.018884E+000, 1.750428E+001, 2.651513E+001, -3.387165E+000, -1.342705E+001, 1.519369E+001, -3.656695E+000
1.549600E-002, -3.591828E+000, 1.773126E+001, 2.710793E+001, -1.744801E+000, -1.400231E+001, 1.452794E+001, -2.778367E+000
1.550400E-002, -1.953996E+000, 1.817808E+001, 2.781767E+001, 3.320750E-001, -1.438945E+001, 1.388960E+001, -1.795214E+000
1.551200E-002, -5.390333E-001, 1.848012E+001, 2.828053E+001, 2.329028E+000, -1.460374E+001, 1.331883E+001, -7.105393E-001
1.552000E-002, 2.107759E-001, 1.812803E+001, 2.852415E+001, 3.713611E+000, -1.485697E+001, 1.289894E+001, 3.414739E-001
1.552800E-002, 4.474668E-001, 1.769373E+001, 2.871417E+001, 4.123358E+000, -1.535650E+001, 1.259956E+001, 1.304935E+000
1.553600E-002, 4.630158E-001, 1.809408E+001, 2.867844E+001, 3.563896E+000, -1.611153E+001, 1.233586E+001, 2.223354E+000
1.554400E-002, 4.820202E-001, 1.906991E+001, 2.872879E+001, 2.081378E+000, -1.687743E+001, 1.209023E+001, 3.119251E+000
1.555200E-002, 9.761341E-001, 1.975979E+001, 2.938493E+001, -4.243806E-001, -1.739500E+001, 1.186694E+001, 4.062549E+000
1.556000E-002, 1.988549E+000, 2.013154E+001, 3.022621E+001, -3.827305E+000, -1.761634E+001, 1.163962E+001, 5.154770E+000
1.556800E-002, 3.310217E+000, 2.039426E+001, 3.076542E+001, -7.619714E+000, -1.775370E+001, 1.142093E+001, 6.352405E+000
1.557600E-002, 4.961871E+000, 2.040677E+001, 3.112272E+001, -1.113858E+001, -1.817822E+001, 1.124844E+001, 7.594611E+000
1.558400E-002, 6.494315E+000, 2.058907E+001, 3.138095E+001, -1.379743E+001, -1.904530E+001, 1.108127E+001, 9.021938E+000
1.559200E-002, 7.373699E+000, 2.124856E+001, 3.196725E+001, -1.523492E+001, -2.013025E+001, 1.087439E+001, 1.079463E+001
1.560000E-002, 7.940375E+000, 2.145588E+001, 3.439042E+001, -1.531147E+001, -2.129176E+001, 1.063715E+001, 1.285020E+001
1.560800E-002, 8.529511E+000, 1.998677E+001, 4.088846E+001, -1.409912E+001, -2.264105E+001, 1.035006E+001, 1.501813E+001
1.561600E-002, 8.847403E+000, 1.625142E+001, 5.344766E+001, -1.186690E+001, -2.414275E+001, 9.998458E+000, 1.715187E+001
1.562400E-002, 8.605529E+000, 1.085931E+001, 7.233762E+001, -8.946888E+000, -2.553790E+001, 9.610821E+000, 1.911723E+001
1.563200E-002, 7.772791E+000, 5.703101E+000, 9.538367E+001, -5.649777E+000, -2.650651E+001, 9.187149E+000, 2.086764E+001
1.564000E-002, 6.668809E+000, 2.078567E+000, 1.192077E+002, -2.135411E+000, -2.679522E+001, 8.734414E+000, 2.240816E+001
1.564800E-002, 5.639118E+000, -2.984701E-001, 1.407871E+002, 1.368824E+000, -2.647916E+001, 8.286877E+000, 2.363469E+001
1.565600E-002, 4.453936E+000, -1.724692E+000, 1.581748E+002, 4.221292E+000, -2.581491E+001, 7.828943E+000, 2.447917E+001
1.566400E-002, 2.817831E+000, -2.123248E+000, 1.709760E+002, 5.887295E+000, -2.486995E+001, 7.354705E+000, 2.503112E+001
1.567200E-002, 9.519467E-001, -2.160780E+000, 1.801977E+002, 6.408484E+000, -2.380543E+001, 6.926308E+000, 2.531270E+001
1.568000E-002, -2.574230E-001, -2.879253E+000, 1.873941E+002, 6.089917E+000, -2.309304E+001, 6.565017E+000, 2.526801E+001
1.568800E-002, 1.606734E-001, -4.514583E+000, 1.938743E+002, 5.330085E+000, -2.302698E+001, 6.211524E+000, 2.492689E+001
1.569600E-002, 1.912532E+000, -6.321488E+000, 2.001628E+002, 4.360876E+000, -2.349701E+001, 5.811364E+000, 2.434169E+001
1.570400E-002, 3.880349E+000, -7.302686E+000, 2.055483E+002, 2.965035E+000, -2.425742E+001, 5.345160E+000, 2.355627E+001
1.571200E-002, 5.354052E+000, -6.825491E+000, 2.081550E+002, 1.105416E+000, -2.498414E+001, 4.854736E+000, 2.263456E+001
1.572000E-002, 6.084857E+000, -4.755861E+000, 2.062516E+002, -5.583363E-001, -2.533317E+001, 4.463909E+000, 2.158926E+001
1.572800E-002, 6.319820E+000, -1.844438E+000, 1.996561E+002, -1.317043E+000, -2.525075E+001, 4.246048E+000, 2.042122E+001
1.573600E-002, 6.813934E+000, 4.914926E-001, 1.895558E+002, -1.076148E+000, -2.494365E+001, 4.171971E+000, 1.920130E+001
1.574400E-002, 8.296275E+000, 1.871246E+000, 1.772597E+002, -3.771021E-001, -2.460633E+001, 4.232934E+000, 1.800579E+001
1.575200E-002, 1.129724E+001, 3.476193E+000, 1.633931E+002, 2.971790E-001, -2.445140E+001, 4.439807E+000, 1.687230E+001
1.576000E-002, 1.616409E+001, 6.294680E+000, 1.483149E+002, 1.023241E+000, -2.463930E+001, 4.756320E+000, 1.584811E+001
1.576800E-002, 2.263940E+001, 9.786958E+000, 1.325156E+002, 1.761686E+000, -2.504255E+001, 5.124464E+000, 1.500363E+001
1.577600E-002, 2.997854E+001, 1.257864E+001, 1.162924E+002, 2.039728E+000, -2.546588E+001, 5.497686E+000, 1.439072E+001
1.578400E-002, 3.744036E+001, 1.419431E+001, 1.002430E+002, 1.508408E+000, -2.593411E+001, 5.827314E+000, 1.400302E+001
1.579200E-002, 4.453763E+001, 1.517908E+001, 8.552535E+001, 8.330017E-002, -2.648943E+001, 6.071522E+000, 1.380458E+001
1.580000E-002, 5.153469E+001, 1.596904E+001, 7.269492E+001, -2.142165E+000, -2.706708E+001, 6.215896E+000, 1.379125E+001
1.580800E-002, 5.919519E+001, 1.689305E+001, 6.169324E+001, -4.831409E+000, -2.766217E+001, 6.232318E+000, 1.396659E+001
1.581600E-002, 6.769187E+001, 1.839969E+001, 5.267296E+001, -7.392327E+000, -2.827482E+001, 6.090307E+000, 1.428507E+001
1.582400E-002, 7.628358E+001, 2.070345E+001, 4.538885E+001, -9.217051E+000, -2.880194E+001, 5.795060E+000, 1.468408E+001
1.583200E-002, 8.371429E+001, 2.328066E+001, 3.909382E+001, -1.015812E+001, -2.912123E+001, 5.370798E+000, 1.513357E+001
1.584000E-002, 8.892495E+001, 2.499642E+001, 3.334774E+001, -1.043841E+001, -2.918382E+001, 4.874112E+000, 1.559401E+001
1.584800E-002, 9.180325E+001, 2.560229E+001, 2.795084E+001, -1.009170E+001, -2.914846E+001, 4.360414E+000, 1.596839E+001
1.585600E-002, 9.296252E+001, 2.591685E+001, 2.276020E+001, -8.968276E+000, -2.932788E+001, 3.864555E+000, 1.615834E+001
1.586400E-002, 9.282257E+001, 2.636902E+001, 1.790413E+001, -6.972449E+000, -2.972492E+001, 3.457896E+000, 1.611979E+001
1.587200E-002, 9.145425E+001, 2.708571E+001, 1.352067E+001, -4.151500E+000, -2.994208E+001, 3.194549E+000, 1.585389E+001
1.588000E-002, 8.882301E+001, 2.817593E+001, 9.354843E+000, -8.442584E-001, -2.965863E+001, 3.073686E+000, 1.539286E+001
1.588800E-002, 8.439500E+001, 2.904274E+001, 5.021732E+000, 2.380809E+000, -2.880696E+001, 3.117754E+000, 1.477464E+001
1.589600E-002, 7.718888E+001, 2.876215E+001, 6.301526E-001, 5.249036E+000, -2.754045E+001, 3.344949E+000, 1.403639E+001
1.590400E-002, 6.658789E+001, 2.690162E+001, -3.137770E+000, 7.938281E+000, -2.621135E+001, 3.740620E+000, 1.319839E+001
1.591200E-002, 5.284427E+001, 2.372747E+001, -5.239362E+000, 1.045192E+001, -2.507480E+001, 4.305003E+000, 1.227254E+001
1.592000E-002, 3.712938E+001, 2.018158E+001, -4.830087E+000, 1.238809E+001, -2.421107E+001, 4.984343E+000, 1.133314E+001
1.592800E-002, 2.145940E+001, 1.698241E+001, -2.294860E+000, 1.334716E+001, -2.364740E+001, 5.650804E+000, 1.046684E+001
1.593600E-002, 7.769336E+000, 1.396375E+001, 1.073533E+000, 1.317493E+001, -2.322634E+001, 6.227829E+000, 9.707245E+000
1.594400E-002, -3.533087E+000, 1.101122E+001, 4.156084E+000, 1.213031E+001, -2.273565E+001, 6.695096E+000, 9.079480E+000
1.595200E-002, -1.295580E+001, 8.321416E+000, 5.728217E+000, 1.072546E+001, -2.216660E+001, 7.052842E+000, 8.571868E+000
1.596000E-002, -2.062666E+001, 5.544036E+000, 5.011987E+000, 9.263204E+000, -2.149673E+001, 7.330958E+000, 8.140898E+000
1.596800E-002, -2.685319E+001, 2.407420E+000, 2.762602E+000, 7.799822E+000, -2.055572E+001, 7.549409E+000, 7.801900E+000
1.597600E-002, -3.201547E+001, -4.646839E-001, 2.127577E-001, 6.434375E+000, -1.936996E+001, 7.708670E+000, 7.550394E+000
1.598400E-002, -3.607550E+001, -2.412782E+000, -1.742664E+000, 5.268172E+000, -1.825670E+001, 7.827879E+000, 7.261862E+000
1.599200E-002, -3.918703E+001, -3.422575E+000, -2.330590E+000, 4.258440E+000, -1.744589E+001, 7.923696E+000, 6.860135E+000
1.600000E-002, -4.161959E+001, -3.839004E+000, -1.676076E+000, 3.417558E+000, -1.684697E+001, 7.985605E+000, 6.419969E+000
1.600800E-002, -4.355286E+001, -4.146410E+000, -4.563734E-001, 2.739900E+000, -1.612180E+001, 8.030618E+000, 6.005389E+000
1.601600E-002, -4.513713E+001, -4.670073E+000, 1.343135E+000, 2.038603E+000, -1.489734E+001, 8.081539E+000, 5.662029E+000
1.602400E-002, -4.637069E+001, -5.084714E+000, 3.660732E+000, 1.144814E+000, -1.312246E+001, 8.090164E+000, 5.491645E+000
1.603200E-002, -4.713432E+001, -4.911351E+000, 5.660005E+000, 3.377034E-003, -1.127185E+001, 8.015732E+000, 5.479854E+000
1.604000E-002, -4.709285E+001, -3.958749E+000, 6.766020E+000, -1.332803E+000, -9.953498E+000, 7.881518E+000, 5.491645E+000
1.604800E-002, -4.618064E+001, -1.928438E+000, 6.912189E+000, -2.671234E+000, -9.297728E+000, 7.677125E+000, 5.520062E+000
1.605600E-002, -4.491080E+001, 1.472690E+000, 5.867890E+000, -3.772147E+000, -8.976890E+000, 7.366756E+000, 5.636678E+000
1.606400E-002, -4.357531E+001, 5.942592E+000, 3.417116E+000, -4.503837E+000, -8.754478E+000, 6.949110E+000, 5.832412E+000
1.607200E-002, -4.231930E+001, 1.054475E+001, 3.897851E-002, -4.856174E+000, -8.622965E+000, 6.409773E+000, 6.099011E+000
1.608000E-002, -4.151247E+001, 1.436231E+001, -3.119905E+000, -4.744732E+000, -8.545921E+000, 5.743312E+000, 6.417846E+000
1.608800E-002, -4.133107E+001, 1.715220E+001, -5.268596E+000, -4.235926E+000, -8.477715E+000, 5.008326E+000, 6.667702E+000
1.609600E-002, -4.174053E+001, 1.944702E+001, -6.329136E+000, -3.659579E+000, -8.468877E+000, 4.257390E+000, 6.737506E+000
1.610400E-002, -4.249207E+001, 2.197240E+001, -6.288533E+000, -2.897495E+000, -8.579486E+000, 3.519569E+000, 6.609571E+000
1.611200E-002, -4.342155E+001, 2.505897E+001, -5.286461E+000, -1.474638E+000, -8.713865E+000, 2.886542E+000, 6.246166E+000
1.612000E-002, -4.481233E+001, 2.877823E+001, -3.883234E+000, 7.283136E-001, -8.667161E+000, 2.451174E+000, 5.600479E+000
1.612800E-002, -4.678706E+001, 3.286924E+001, -2.614809E+000, 3.656202E+000, -8.366749E+000, 2.223153E+000, 4.720617E+000
1.613600E-002, -4.891036E+001, 3.643122E+001, -1.672828E+000, 7.179574E+000, -7.888239E+000, 2.185464E+000, 3.665185E+000
1.614400E-002, -5.081080E+001, 3.879574E+001, -1.005321E+000, 1.105528E+001, -7.300793E+000, 2.319324E+000, 2.487359E+000
1.615200E-002, -5.253674E+001, 4.040605E+001, -4.336360E-001, 1.488822E+001, -6.609427E+000, 2.588460E+000, 1.271566E+000
1.616000E-002, -5.395171E+001, 4.218793E+001, 1.916444E-001, 1.778346E+001, -5.814977E+000, 2.954240E+000, 4.787238E-002
1.616800E-002, -5.455984E+001, 4.472404E+001, 8.331657E-001, 1.879094E+001, -4.892120E+000, 3.379093E+000, -1.151060E+000
1.617600E-002, -5.404673E+001, 4.776236E+001, 1.378865E+000, 1.768215E+001, -3.741834E+000, 3.770983E+000, -2.208615E+000
1.618400E-002, -5.253502E+001, 5.038246E+001, 1.739416E+000, 1.504243E+001, -2.415959E+000, 4.044609E+000, -3.052513E+000
1.619200E-002, -5.045490E+001, 5.211966E+001, 1.898578E+000, 1.173969E+001, -1.204277E+000, 4.204933E+000, -3.732041E+000
1.620000E-002, -4.814328E+001, 5.333141E+001, 2.125953E+000, 8.098126E+000, -2.292211E-001, 4.257036E+000, -4.320541E+000
1.620800E-002, -4.561224E+001, 5.451814E+001, 2.398803E+000, 3.997282E+000, 6.261474E-001, 4.188747E+000, -4.880624E+000
1.621600E-002, -4.273912E+001, 5.587824E+001, 1.986280E+000, -2.037477E-001, 1.349167E+000, 4.040592E+000, -5.523718E+000
1.622400E-002, -3.939435E+001, 5.754752E+001, 5.115930E-001, -3.625808E+000, 1.860286E+000, 3.868217E+000, -6.371507E+000
1.623200E-002, -3.577315E+001, 5.961179E+001, -1.820621E+000, -5.749963E+000, 2.221617E+000, 3.708602E+000, -7.452880E+000
1.624000E-002, -3.241801E+001, 6.166713E+001, -5.247482E+000, -6.579587E+000, 2.522149E+000, 3.615976E+000, -8.744137E+000
1.624800E-002, -2.963992E+001, 6.329352E+001, -1.016040E+001, -6.006617E+000, 2.769526E+000, 3.646694E+000, -1.024033E+001
1.625600E-002, -2.735940E+001, 6.456068E+001, -1.616796E+001, -4.223544E+000, 2.944398E+000, 3.810090E+000, -1.187860E+001
1.626400E-002, -2.532247E+001, 6.547575E+001, -2.238016E+001, -2.235596E+000, 3.065877E+000, 4.089505E+000, -1.354281E+001
1.627200E-002, -2.328382E+001, 6.603158E+001, -2.832439E+001, -9.005423E-001, 3.149132E+000, 4.483521E+000, -1.516941E+001
1.628000E-002, -2.128490E+001, 6.653737E+001, -3.374727E+001, -3.545885E-001, 3.217695E+000, 4.975127E+000, -1.671701E+001
1.628800E-002, -1.963152E+001, 6.710393E+001, -3.815997E+001, -4.480198E-001, 3.347058E+000, 5.505484E+000, -1.814245E+001
1.629600E-002, -1.835477E+001, 6.744529E+001, -4.133184E+001, -1.177459E+000, 3.542594E+000, 6.026863E+000, -1.944503E+001
1.630400E-002, -1.697091E+001, 6.737380E+001, -4.348378E+001, -2.698250E+000, 3.743387E+000, 6.518586E+000, -2.061472E+001
1.631200E-002, -1.514649E+001, 6.707533E+001, -4.500394E+001, -4.865180E+000, 3.941551E+000, 6.942376E+000, -2.163749E+001
1.632000E-002, -1.282450E+001, 6.678401E+001, -4.611158E+001, -7.126667E+000, 4.157633E+000, 7.268340E+000, -2.256239E+001
1.632800E-002, -9.700871E+000, 6.665891E+001, -4.651923E+001, -8.901860E+000, 4.411341E+000, 7.499670E+000, -2.340629E+001
1.633600E-002, -5.696131E+000, 6.676614E+001, -4.600114E+001, -9.975758E+000, 4.736479E+000, 7.624314E+000, -2.411011E+001
1.634400E-002, -1.155812E+000, 6.670358E+001, -4.514199E+001, -1.058362E+001, 5.162192E+000, 7.636365E+000, -2.467232E+001
1.635200E-002, 3.692033E+000, 6.616205E+001, -4.433156E+001, -1.081551E+001, 5.607973E+000, 7.562406E+000, -2.514054E+001
1.636000E-002, 8.572702E+000, 6.536672E+001, -4.266848E+001, -1.035286E+001, 5.904802E+000, 7.401845E+000, -2.550383E+001
1.636800E-002, 1.312512E+001, 6.436945E+001, -3.950148E+001, -9.051576E+000, 6.110372E+000, 7.154684E+000, -2.572091E+001
1.637600E-002, 1.748057E+001, 6.312373E+001, -3.558900E+001, -6.980329E+000, 6.504313E+000, 6.874087E+000, -2.578694E+001
1.638400E-002, 2.190341E+001, 6.172432E+001, -3.134035E+001, -4.192024E+000, 7.212640E+000, 6.611331E+000, -2.575781E+001
1.639200E-002, 2.606537E+001, 5.997997E+001, -2.631537E+001, -1.131306E+000, 8.139319E+000, 6.400913E+000, -2.572787E+001
1.640000E-002, 2.957945E+001, 5.777987E+001, -2.081777E+001, 1.437491E+000, 9.075076E+000, 6.286429E+000, -2.575829E+001
1.640800E-002, 3.252168E+001, 5.533313E+001, -1.575382E+001, 3.044959E+000, 9.804905E+000, 6.300725E+000, -2.587420E+001
1.641600E-002, 3.508036E+001, 5.281490E+001, -1.139959E+001, 3.719240E+000, 1.031543E+001, 6.452542E+000, -2.610931E+001
1.642400E-002, 3.719330E+001, 5.020910E+001, -7.615427E+000, 3.601043E+000, 1.076467E+001, 6.721797E+000, -2.647920E+001
1.643200E-002, 3.859962E+001, 4.752644E+001, -4.711528E+000, 2.478743E+000, 1.131139E+001, 7.070446E+000, -2.691795E+001
1.644000E-002, 3.932179E+001, 4.502430E+001, -3.170252E+000, 1.587206E-001, 1.203429E+001, 7.462454E+000, -2.730541E+001
1.644800E-002, 3.957576E+001, 4.260973E+001, -2.811325E+000, -2.961658E+000, 1.280162E+001, 7.868640E+000, -2.761092E+001
1.645600E-002, 3.931833E+001, 3.992171E+001, -3.155635E+000, -6.190103E+000, 1.337354E+001, 8.258404E+000, -2.790287E+001
1.646400E-002, 3.839921E+001, 3.714254E+001, -3.977432E+000, -9.038068E+000, 1.366487E+001, 8.585904E+000, -2.820732E+001
1.647200E-002, 3.696006E+001, 3.457963E+001, -5.138667E+000, -1.117348E+001, 1.374885E+001, 8.810617E+000, -2.849031E+001
1.648000E-002, 3.517710E+001, 3.216327E+001, -6.545142E+000, -1.230816E+001, 1.379961E+001, 8.925692E+000, -2.872095E+001
1.648800E-002, 3.283957E+001, 2.968079E+001, -8.146509E+000, -1.244775E+001, 1.400076E+001, 8.935143E+000, -2.889605E+001
1.649600E-002, 2.996818E+001, 2.711252E+001, -9.952514E+000, -1.181286E+001, 1.433211E+001, 8.830230E+000, -2.903448E+001
1.650400E-002, 2.694476E+001, 2.470867E+001, -1.195666E+001, -1.071645E+001, 1.463061E+001, 8.593702E+000, -2.916595E+001
1.651200E-002, 2.374511E+001, 2.251215E+001, -1.412321E+001, -9.685332E+000, 1.479246E+001, 8.229931E+000, -2.933009E+001
1.652000E-002, 2.034851E+001, 2.038711E+001, -1.652202E+001, -8.820812E+000, 1.475914E+001, 7.774596E+000, -2.956567E+001
1.652800E-002, 1.713849E+001, 1.840327E+001, -1.892244E+001, -8.041842E+000, 1.459896E+001, 7.271767E+000, -2.988085E+001
1.653600E-002, 1.433449E+001, 1.663032E+001, -2.104190E+001, -7.878620E+000, 1.460338E+001, 6.772364E+000, -3.023011E+001
1.654400E-002, 1.180690E+001, 1.495210E+001, -2.303630E+001, -8.405437E+000, 1.498334E+001, 6.311358E+000, -3.057300E+001
1.655200E-002, 9.274137E+000, 1.314162E+001, -2.488778E+001, -8.836572E+000, 1.553077E+001, 5.886150E+000, -3.094218E+001
1.656000E-002, 6.559966E+000, 1.118637E+001, -2.615296E+001, -8.555152E+000, 1.583286E+001, 5.489298E+000, -3.137079E+001
1.656800E-002, 3.693760E+000, 9.456317E+000, -2.655736E+001, -7.555550E+000, 1.583381E+001, 5.128480E+000, -3.181910E+001
1.657600E-002, 6.357829E-001, 8.131968E+000, -2.622767E+001, -6.249763E+000, 1.588207E+001, 4.805706E+000, -3.225018E+001
1.658400E-002, -2.562136E+000, 6.941662E+000, -2.518824E+001, -4.834786E+000, 1.619574E+001, 4.532080E+000, -3.269141E+001
1.659200E-002, -5.720318E+000, 5.576207E+000, -2.342446E+001, -3.346640E+000, 1.669503E+001, 4.327805E+000, -3.316565E+001
1.660000E-002, -8.678091E+000, 4.071346E+000, -2.142032E+001, -1.939543E+000, 1.721583E+001, 4.163464E+000, -3.362964E+001
1.660800E-002, -1.122468E+001, 2.952530E+000, -1.957371E+001, -4.727847E-001, 1.755781E+001, 3.993688E+000, -3.405707E+001
1.661600E-002, -1.343091E+001, 2.586145E+000, -1.779207E+001, 9.782141E-001, 1.762912E+001, 3.833719E+000, -3.450608E+001
1.662400E-002, -1.544365E+001, 2.630826E+000, -1.605103E+001, 1.733544E+000, 1.753045E+001, 3.703758E+000, -3.498610E+001
1.663200E-002, -1.714368E+001, 2.854231E+000, -1.447402E+001, 1.518539E+000, 1.734256E+001, 3.579350E+000, -3.543865E+001
1.664000E-002, -1.844289E+001, 3.497640E+000, -1.317961E+001, 6.134945E-001, 1.715121E+001, 3.450690E+000, -3.589980E+001
1.664800E-002, -1.935682E+001, 4.598583E+000, -1.222464E+001, -6.821608E-001, 1.714046E+001, 3.316830E+000, -3.641166E+001
1.665600E-002, -1.999261E+001, 5.967614E+000, -1.160260E+001, -2.010461E+000, 1.742737E+001, 3.169857E+000, -3.691420E+001
1.666400E-002, -2.037269E+001, 7.468900E+000, -1.141421E+001, -3.171035E+000, 1.798089E+001, 3.063407E+000, -3.741450E+001
1.667200E-002, -2.018611E+001, 9.080996E+000, -1.135899E+001, -4.260691E+000, 1.865219E+001, 3.001144E+000, -3.792860E+001
1.668000E-002, -1.932918E+001, 1.087360E+001, -1.102767E+001, -5.354850E+000, 1.929351E+001, 2.809511E+000, -3.821737E+001
1.668800E-002, -1.836341E+001, 1.288783E+001, -1.090749E+001, -6.347698E+000, 1.982721E+001, 2.425537E+000, -3.810358E+001
1.669600E-002, -1.789694E+001, 1.527916E+001, -1.151165E+001, -6.942056E+000, 2.012021E+001, 2.098273E+000, -3.797659E+001
1.670400E-002, -1.789694E+001, 1.791714E+001, -1.255920E+001, -6.808100E+000, 2.009238E+001, 1.872023E+000, -3.799051E+001
1.671200E-002, -1.763434E+001, 2.029775E+001, -1.375292E+001, -5.916563E+000, 1.999611E+001, 1.429212E+000, -3.761578E+001
1.672000E-002, -1.636968E+001, 2.255325E+001, -1.502622E+001, -4.490329E+000, 2.022389E+001, 8.318658E-001, -3.687529E+001
1.672800E-002, -1.384383E+001, 2.507148E+001, -1.624592E+001, -2.670108E+000, 2.079880E+001, 2.339290E-001, -3.566103E+001
1.673600E-002, -1.012242E+001, 2.750929E+001, -1.743801E+001, -6.540189E-001, 2.131732E+001, -6.664615E-001, -3.303843E+001
1.674400E-002, -6.007112E+000, 2.958964E+001, -1.881525E+001, 8.037340E-001, 2.111892E+001, -2.081496E+000, -2.879901E+001
1.675200E-002, -2.729720E+000, 3.150914E+001, -2.032892E+001, 8.656463E-001, 1.995394E+001, -4.547793E+000, -2.178559E+001
1.676000E-002, -5.891358E-001, 3.330890E+001, -2.161034E+001, -7.710894E-001, 1.867501E+001, -8.275771E+000, -1.002148E+001
1.676800E-002, 8.932058E-001, 3.498355E+001, -2.236879E+001, -4.083960E+000, 1.815350E+001, -1.162084E+001, 5.494004E+000
1.677600E-002, 2.049018E+000, 3.644551E+001, -2.252633E+001, -8.507874E+000, 1.907659E+001, -1.391677E+001, 2.524667E+001
1.678400E-002, 3.294668E+000, 3.763582E+001, -2.220801E+001, -1.297231E+001, 2.244599E+001, -1.624980E+001, 5.435578E+001
1.679200E-002, 5.165736E+000, 3.883149E+001, -2.172078E+001, -1.677598E+001, 2.663301E+001, -1.763801E+001, 9.581927E+001
1.680000E-002, 7.499819E+000, 3.999141E+001, -2.123192E+001, -1.984232E+001, 2.829525E+001, -1.733591E+001, 1.506667E+002
1.680800E-002, 9.775162E+000, 4.077244E+001, -2.068297E+001, -2.220963E+001, 2.887744E+001, -1.674388E+001, 2.198448E+002
1.681600E-002, 1.199695E+001, 4.126751E+001, -2.012915E+001, -2.366625E+001, 3.145047E+001, -1.491664E+001, 2.969469E+002
1.682400E-002, 1.420145E+001, 4.178938E+001, -1.974424E+001, -2.401971E+001, 3.460641E+001, -1.108209E+001, 3.695163E+002
1.683200E-002, 1.609671E+001, 4.235415E+001, -1.949250E+001, -2.336119E+001, 3.837966E+001, -8.411521E+000, 4.267656E+002
1.684000E-002, 1.733891E+001, 4.283849E+001, -1.931385E+001, -2.179763E+001, 4.477026E+001, -8.034989E+000, 4.583883E+002
1.684800E-002, 1.753931E+001, 4.320667E+001, -1.923427E+001, -1.923783E+001, 5.050329E+001, -8.416838E+000, 4.582589E+002
1.685600E-002, 1.684825E+001, 4.337109E+001, -1.894681E+001, -1.516513E+001, 5.268095E+001, -1.066504E+001, 4.312300E+002
1.686400E-002, 1.610016E+001, 4.321203E+001, -1.817048E+001, -8.790419E+000, 5.299737E+001, -1.475289E+001, 3.854724E+002
1.687200E-002, 1.580992E+001, 4.279024E+001, -1.708558E+001, -9.117991E-002, 4.962977E+001, -1.809394E+001, 3.277188E+002
1.688000E-002, 1.596022E+001, 4.237024E+001, -1.580741E+001, 9.686459E+000, 4.047622E+001, -2.110891E+001, 2.680443E+002
1.688800E-002, 1.658391E+001, 4.211645E+001, -1.454711E+001, 1.859958E+001, 2.951338E+001, -2.398493E+001, 2.143526E+002
1.689600E-002, 1.797814E+001, 4.185193E+001, -1.386336E+001, 2.480882E+001, 1.832622E+001, -2.418862E+001, 1.687809E+002
1.690400E-002, 2.000297E+001, 4.140334E+001, -1.376104E+001, 2.672697E+001, 6.597243E+000, -2.249086E+001, 1.351376E+002
1.691200E-002, 2.196733E+001, 4.090290E+001, -1.378702E+001, 2.346025E+001, -1.415342E+000, -2.092838E+001, 1.154317E+002
1.692000E-002, 2.370364E+001, 4.044001E+001, -1.389584E+001, 1.612421E+001, -5.209016E+000, -1.830672E+001, 1.048176E+002
1.692800E-002, 2.519981E+001, 3.983771E+001, -1.405825E+001, 7.370939E+000, -8.344890E+000, -1.477274E+001, 1.012403E+002
1.693600E-002, 2.616039E+001, 3.900306E+001, -1.410535E+001, -7.193081E-001, -1.022345E+001, -1.203907E+001, 1.063744E+002
1.694400E-002, 2.704669E+001, 3.811838E+001, -1.415407E+001, -7.127792E+000, -1.110367E+001, -9.127131E+000, 1.167024E+002
1.695200E-002, 2.850830E+001, 3.730875E+001, -1.424665E+001, -1.121400E+001, -1.331895E+001, -5.581688E+000, 1.280360E+002
1.696000E-002, 3.029125E+001, 3.638296E+001, -1.430836E+001, -1.266275E+001, -1.558082E+001, -2.285770E+000, 1.387180E+002
1.696800E-002, 3.228498E+001, 3.508363E+001, -1.438632E+001, -1.156634E+001, -1.691649E+001, 3.210617E+000, 1.426156E+002
1.697600E-002, 3.467954E+001, 3.341971E+001, -1.439444E+001, -8.129645E+000, -1.830962E+001, 1.223886E+001, 1.356836E+002
1.698400E-002, 3.700325E+001, 3.157706E+001, -1.452762E+001, -2.333530E+000, -1.822971E+001, 2.088124E+001, 1.231296E+002
1.699200E-002, 3.882595E+001, 2.960751E+001, -1.512691E+001, 5.940202E+000, -1.521436E+001, 2.731003E+001, 1.077514E+002
1.700000E-002, 4.034630E+001, 2.743243E+001, -1.578630E+001, 1.629306E+001, -1.099198E+001, 3.246557E+001, 8.866624E+001
1.700800E-002, 4.167315E+001, 2.489812E+001, -1.610625E+001, 2.760387E+001, -7.175611E+000, 3.436193E+001, 7.109579E+001
1.701600E-002, 4.260609E+001, 2.205819E+001, -1.642295E+001, 3.809294E+001, -3.736937E+000, 3.232486E+001, 5.893396E+001
1.702400E-002, 4.312612E+001, 1.923076E+001, -1.691667E+001, 4.522298E+001, 2.472578E-002, 2.921088E+001, 5.003725E+001
1.703200E-002, 4.349757E+001, 1.641943E+001, -1.726423E+001, 4.647812E+001, 5.153114E+000, 2.530061E+001, 4.563299E+001
1.704000E-002, 4.387075E+001, 1.343115E+001, -1.718952E+001, 4.076755E+001, 1.117975E+001, 1.955103E+001, 4.763337E+001
1.704800E-002, 4.415581E+001, 1.033028E+001, -1.664220E+001, 2.907063E+001, 1.638853E+001, 1.362932E+001, 5.262625E+001
1.705600E-002, 4.435277E+001, 7.304473E+000, -1.581716E+001, 1.421731E+001, 2.061270E+001, 8.338270E+000, 5.919573E+001
1.706400E-002, 4.463092E+001, 4.407348E+000, -1.505545E+001, -7.316906E-002, 2.412483E+001, 3.359599E+000, 6.809079E+001
1.707200E-002, 4.482442E+001, 1.506648E+000, -1.413783E+001, -1.081889E+001, 2.624814E+001, 5.835230E-001, 7.509489E+001
1.708000E-002, 4.452381E+001, -1.308264E+000, -1.242115E+001, -1.718347E+001, 2.720719E+001, 6.154224E-001, 7.738900E+001
1.708800E-002, 4.388284E+001, -3.935515E+000, -1.005158E+001, -2.019579E+001, 2.737514E+001, 1.210051E+000, 7.822771E+001
1.709600E-002, 4.308984E+001, -6.673575E+000, -7.777837E+000, -2.109520E+001, 2.582434E+001, 2.249027E+000, 7.783871E+001
1.710400E-002, 4.188565E+001, -9.506360E+000, -5.572303E+000, -2.036014E+001, 2.231639E+001, 4.918535E+000, 7.347620E+001
1.711200E-002, 4.037048E+001, -1.203710E+001, -2.894155E+000, -1.779472E+001, 1.738998E+001, 7.885771E+000, 6.655793E+001
1.712000E-002, 3.868255E+001, -1.443201E+001, 1.932685E-001, -1.308375E+001, 1.110713E+001, 1.011176E+001, 5.820691E+001
1.712800E-002, 3.653160E+001, -1.706641E+001, 3.350528E+000, -6.344321E+000, 4.444787E+000, 1.213017E+001, 4.746145E+001
1.713600E-002, 3.406967E+001, -1.968830E+001, 6.559759E+000, 2.101641E+000, -1.670602E+000, 1.320281E+001, 3.654136E+001
1.714400E-002, 3.159046E+001, -2.206712E+001, 9.872932E+000, 1.185789E+001, -7.785992E+000, 1.306411E+001, 2.682150E+001
1.715200E-002, 2.891948E+001, -2.432799E+001, 1.308866E+001, 2.179425E+001, -1.318887E+001, 1.314575E+001, 1.647446E+001
1.716000E-002, 2.612238E+001, -2.644945E+001, 1.599581E+001, 2.998919E+001, -1.645447E+001, 1.305442E+001, 7.211514E+000
1.716800E-002, 2.349287E+001, -2.846010E+001, 1.877140E+001, 3.446601E+001, -1.785201E+001, 1.171937E+001, 1.534628E+000
1.717600E-002, 2.099638E+001, -3.053688E+001, 2.151776E+001, 3.372081E+001, -1.743872E+001, 1.018702E+001, -2.736861E+000
1.718400E-002, 1.846189E+001, -3.263332E+001, 2.391656E+001, 2.758361E+001, -1.507269E+001, 8.509700E+000, -6.228126E+000
1.719200E-002, 1.588075E+001, -3.428474E+001, 2.582327E+001, 1.797032E+001, -1.155685E+001, 5.771549E+000, -7.554874E+000
1.720000E-002, 1.340327E+001, -3.508721E+001, 2.739865E+001, 7.898882E+000, -7.178478E+000, 3.207191E+000, -8.985975E+000
1.720800E-002, 1.127305E+001, -3.550542E+001, 2.878726E+001, -1.846112E-001, -2.319087E+000, 1.099821E+000, -1.119931E+001
1.721600E-002, 9.478003E+000, -3.603981E+001, 2.980395E+001, -5.181495E+000, 2.053912E+000, -2.191726E+000, -1.148548E+001
1.722400E-002, 7.788340E+000, -3.629181E+001, 2.998585E+001, -7.292141E+000, 5.826683E+000, -5.876699E+000, -1.116735E+001
1.723200E-002, 6.369923E+000, -3.595938E+001, 2.946451E+001, -7.211092E+000, 9.044975E+000, -8.576925E+000, -1.269880E+001
1.724000E-002, 5.487082E+000, -3.531776E+001, 2.887658E+001, -5.368358E+000, 1.141590E+001, -1.140404E+001, -1.435193E+001
1.724800E-002, 4.982603E+000, -3.435980E+001, 2.823506E+001, -2.088132E+000, 1.311469E+001, -1.424935E+001, -1.604291E+001
1.725600E-002, 4.802925E+000, -3.277272E+001, 2.699262E+001, 2.178187E+000, 1.406514E+001, -1.552497E+001, -2.011960E+001
1.726400E-002, 4.975692E+000, -3.072097E+001, 2.511191E+001, 6.884646E+000, 1.393901E+001, -1.581407E+001, -2.560418E+001
1.727200E-002, 5.298767E+000, -2.873891E+001, 2.306066E+001, 1.114196E+001, 1.308232E+001, -1.559314E+001, -3.154837E+001
1.728000E-002, 5.899996E+000, -2.690162E+001, 2.093471E+001, 1.396741E+001, 1.157119E+001, -1.389101E+001, -3.947066E+001
1.728800E-002, 6.927960E+000, -2.472118E+001, 1.855865E+001, 1.502780E+001, 9.202766E+000, -1.157358E+001, -4.817942E+001
1.729600E-002, 8.037125E+000, -2.196168E+001, 1.596820E+001, 1.442444E+001, 6.793855E+000, -9.571006E+000, -5.580811E+001
1.730400E-002, 9.056451E+000, -1.897340E+001, 1.331766E+001, 1.216745E+001, 4.683922E+000, -6.765511E+000, -6.345660E+001
1.731200E-002, 1.018808E+001, -1.605125E+001, 1.087500E+001, 8.430202E+000, 1.952739E+000, -3.571080E+000, -7.048122E+001
1.732000E-002, 1.145273E+001, -1.333821E+001, 8.890349E+000, 3.707983E+000, -9.290680E-001, -1.157476E+000, -7.531033E+001
1.732800E-002, 1.247033E+001, -1.093616E+001, 7.238635E+000, -1.512911E+000, -2.781471E+000, 1.710990E+000, -8.008825E+001
1.733600E-002, 1.298863E+001, -8.562695E+000, 5.762323E+000, -6.782209E+000, -4.287234E+000, 5.186018E+000, -8.536353E+001
1.734400E-002, 1.334626E+001, -6.165998E+000, 4.851201E+000, -1.132319E+001, -5.848781E+000, 7.404208E+000, -8.820863E+001
1.735200E-002, 1.376263E+001, -4.144623E+000, 5.219872E+000, -1.441993E+001, -6.892399E+000, 8.799040E+000, -8.929472E+001
1.736000E-002, 1.399932E+001, -2.578996E+000, 7.133068E+000, -1.612984E+001, -8.029547E+000, 1.025058E+001, -9.038022E+001
1.736800E-002, 1.390429E+001, -1.442307E+000, 1.043812E+001, -1.690993E+001, -9.402125E+000, 1.004902E+001, -8.896244E+001
1.737600E-002, 1.344473E+001, -6.809406E-001, 1.511392E+001, -1.706415E+001, -1.033764E+001, 7.666847E+000, -8.437931E+001
1.738400E-002, 1.271220E+001, 2.198312E-001, 2.056766E+001, -1.685590E+001, -1.165372E+001, 4.547084E+000, -7.935495E+001
1.739200E-002, 1.193302E+001, 1.535244E+000, 2.565598E+001, -1.633021E+001, -1.386220E+001, 5.734805E-001, -7.370047E+001
1.740000E-002, 1.118149E+001, 2.797040E+000, 3.005243E+001, -1.535987E+001, -1.599519E+001, -4.389477E+000, -6.678727E+001
1.740800E-002, 1.039021E+001, 3.640620E+000, 3.395516E+001, -1.415090E+001, -1.763868E+001, -8.886940E+000, -6.076974E+001
1.741600E-002, 9.635221E+000, 4.462753E+000, 3.731543E+001, -1.302297E+001, -1.861098E+001, -1.265781E+001, -5.579608E+001
1.742400E-002, 9.125558E+000, 5.674505E+000, 4.026480E+001, -1.180273E+001, -1.839741E+001, -1.600937E+001, -5.087855E+001
1.743200E-002, 8.881956E+000, 6.913066E+000, 4.305014E+001, -9.980260E+000, -1.718274E+001, -1.783425E+001, -4.771721E+001
1.744000E-002, 8.847403E+000, 7.667284E+000, 4.556263E+001, -7.310152E+000, -1.545755E+001, -1.825379E+001, -4.627007E+001
1.744800E-002, 9.077183E+000, 8.339289E+000, 4.749694E+001, -3.729371E+000, -1.334499E+001, -1.873441E+001, -4.421875E+001
1.745600E-002, 9.350155E+000, 9.763723E+000, 4.884008E+001, 8.082367E-001, -1.106329E+001, -1.885834E+001, -4.247341E+001
1.746400E-002, 9.348427E+000, 1.153667E+001, 4.993310E+001, 5.873787E+000, -9.079735E+000, -1.811828E+001, -4.214561E+001
1.747200E-002, 9.287958E+000, 1.236774E+001, 5.089944E+001, 1.081664E+001, -7.598697E+000, -1.768421E+001, -4.141362E+001
1.748000E-002, 9.611033E+000, 1.227123E+001, 5.156370E+001, 1.516963E+001, -6.650158E+000, -1.743882E+001, -4.049296E+001
1.748800E-002, 1.023991E+001, 1.234093E+001, 5.202819E+001, 1.827988E+001, -6.507298E+000, -1.660967E+001, -4.073798E+001
1.749600E-002, 1.083422E+001, 1.296468E+001, 5.226694E+001, 1.908699E+001, -7.034662E+000, -1.615753E+001, -4.065650E+001
1.750400E-002, 1.142854E+001, 1.384401E+001, 5.187228E+001, 1.665328E+001, -7.705603E+000, -1.621778E+001, -3.996365E+001
1.751200E-002, 1.242195E+001, 1.464648E+001, 5.077926E+001, 1.104290E+001, -8.557149E+000, -1.568423E+001, -4.034851E+001
1.752000E-002, 1.398204E+001, 1.505933E+001, 4.920225E+001, 3.510989E+000, -9.487172E+000, -1.499946E+001, -4.091296E+001
1.752800E-002, 1.564060E+001, 1.491278E+001, 4.729880E+001, -4.181893E+000, -9.912886E+000, -1.443248E+001, -4.089716E+001
1.753600E-002, 1.695882E+001, 1.418537E+001, 4.535637E+001, -1.066017E+001, -9.865465E+000, -1.301390E+001, -4.171688E+001
1.754400E-002, 1.805934E+001, 1.320238E+001, 4.383296E+001, -1.535199E+001, -9.397944E+000, -1.142519E+001, -4.223228E+001
1.755200E-002, 1.920997E+001, 1.263761E+001, 4.305502E+001, -1.819321E+001, -8.205613E+000, -1.073545E+001, -4.052161E+001
1.756000E-002, 2.046944E+001, 1.255183E+001, 4.280815E+001, -1.936391E+001, -6.760409E+000, -1.028177E+001, -3.768287E+001
1.756800E-002, 2.147840E+001, 1.221225E+001, 4.261001E+001, -1.934027E+001, -5.563897E+000, -1.035691E+001, -3.338520E+001
1.757600E-002, 2.189132E+001, 1.121318E+001, 4.235828E+001, -1.848025E+001, -4.577494E+000, -1.203080E+001, -2.580356E+001
1.758400E-002, 2.202435E+001, 9.935299E+000, 4.220723E+001, -1.665553E+001, -4.099581E+000, -1.439467E+001, -1.653826E+001
1.759200E-002, 2.226622E+001, 8.768228E+000, 4.192464E+001, -1.389649E+001, -4.009876E+000, -1.666532E+001, -7.067897E+000
1.760000E-002, 2.241307E+001, 7.858520E+000, 4.101514E+001, -1.080538E+001, -3.935460E+000, -1.953248E+001, 3.856320E+000
1.760800E-002, 2.232842E+001, 7.331282E+000, 3.941053E+001, -7.946160E+000, -4.393185E+000, -2.241052E+001, 1.509194E+001
1.761600E-002, 2.217638E+001, 6.991705E+000, 3.743561E+001, -5.683547E+000, -5.456393E+000, -2.411655E+001, 2.420444E+001
1.762400E-002, 2.177729E+001, 6.587788E+000, 3.517648E+001, -4.426166E+000, -6.642514E+000, -2.506112E+001, 3.177606E+001
1.763200E-002, 2.104994E+001, 6.119529E+000, 3.252757E+001, -4.474570E+000, -8.164762E+000, -2.536653E+001, 3.789523E+001
1.764000E-002, 2.034678E+001, 5.520802E+000, 2.975685E+001, -5.860279E+000, -9.951468E+000, -2.439832E+001, 4.111247E+001
1.764800E-002, 1.966953E+001, 4.659349E+000, 2.723461E+001, -8.118389E+000, -1.159496E+001, -2.279579E+001, 4.229312E+001
1.765600E-002, 1.874696E+001, 3.731769E+000, 2.486829E+001, -1.037762E+001, -1.315244E+001, -2.115014E+001, 4.219608E+001
1.766400E-002, 1.738555E+001, 2.979339E+000, 2.251171E+001, -1.202562E+001, -1.426677E+001, -1.886555E+001, 3.959482E+001
1.767200E-002, 1.552139E+001, 2.162567E+000, 2.032892E+001, -1.272804E+001, -1.448178E+001, -1.631608E+001, 3.537804E+001
1.768000E-002, 1.348102E+001, 1.077709E+000, 1.821758E+001, -1.225188E+001, -1.404663E+001, -1.431787E+001, 3.138247E+001
1.768800E-002, 1.152875E+001, -1.358307E-001, 1.582203E+001, -1.070295E+001, -1.308459E+001, -1.226462E+001, 2.710720E+001
1.769600E-002, 9.484913E+000, -1.451244E+000, 1.320072E+001, -8.207317E+000, -1.162553E+001, -1.004489E+001, 2.301388E+001
1.770400E-002, 7.273494E+000, -2.830997E+000, 1.062977E+001, -4.779628E+000, -1.003126E+001, -8.491624E+000, 2.102045E+001
1.771200E-002, 5.117361E+000, -4.008792E+000, 8.221218E+000, -7.553298E-001, -8.481060E+000, -7.192609E+000, 2.076848E+001
1.772000E-002, 3.210012E+000, -4.988203E+000, 5.940975E+000, 3.440072E+000, -7.059388E+000, -5.740004E+000, 2.168925E+001
1.772800E-002, 1.668930E+000, -6.178508E+000, 3.641243E+000, 7.328163E+000, -5.872670E+000, -4.851192E+000, 2.493561E+001
1.773600E-002, 1.088433E-001, -7.856732E+000, 1.479559E+000, 9.993769E+000, -4.856524E+000, -4.287518E+000, 2.998261E+001
1.774400E-002, -1.936719E+000, -9.915639E+000, -6.334008E-002, 1.064441E+001, -4.027554E+000, -3.400359E+000, 3.536071E+001
1.775200E-002, -3.878621E+000, -1.180833E+001, -8.380380E-001, 9.277837E+000, -3.457070E+000, -2.771586E+000, 4.149144E+001
1.776000E-002, -5.350597E+000, -1.316843E+001, -9.030022E-001, 6.370211E+000, -3.179591E+000, -2.484964E+000, 4.792614E+001
1.776800E-002, -6.838121E+000, -1.431763E+001, -3.118281E-001, 2.399945E+000, -3.276225E+000, -1.838351E+000, 5.271680E+001
1.777600E-002, -8.320463E+000, -1.557227E+001, 6.967409E-001, -2.168056E+000, -3.572576E+000, -1.244077E+000, 5.584702E+001
1.778400E-002, -9.764795E+000, -1.694309E+001, 1.926188E+000, -6.757444E+000, -3.760229E+000, -1.107855E+000, 5.765780E+001
1.779200E-002, -1.131279E+001, -1.822097E+001, 3.170252E+000, -1.071533E+001, -3.835840E+000, -7.938228E-001, 5.688913E+001
1.780000E-002, -1.261027E+001, -1.903953E+001, 4.003418E+000, -1.338769E+001, -3.842768E+000, -4.363131E-001, 5.372483E+001
1.780800E-002, -1.358813E+001, -1.947204E+001, 4.204807E+000, -1.451674E+001, -3.804186E+000, -5.621386E-001, 4.941738E+001
1.781600E-002, -1.456254E+001, -1.979553E+001, 4.126850E+000, -1.429723E+001, -3.963888E+000, -6.245196E-001, 4.358167E+001
1.782400E-002, -1.550239E+001, -1.987417E+001, 4.091120E+000, -1.274042E+001, -4.339553E+000, -4.771916E-001, 3.645128E+001
1.783200E-002, -1.633167E+001, -1.956141E+001, 4.076503E+000, -9.929605E+000, -4.572716E+000, -7.134835E-001, 2.953006E+001
1.784000E-002, -1.720760E+001, -1.919859E+001, 4.108985E+000, -6.512046E+000, -4.547273E+000, -1.035313E+000, 2.265330E+001
1.784800E-002, -1.821829E+001, -1.908421E+001, 4.333111E+000, -3.173286E+000, -4.313274E+000, -1.104901E+000, 1.547646E+001
1.785600E-002, -1.918579E+001, -1.881970E+001, 4.898300E+000, -2.960533E-001, -3.635884E+000, -1.407000E+000, 9.230408E+000
1.786400E-002, -1.980775E+001, -1.799578E+001, 5.754203E+000, 1.760560E+000, -2.548905E+000, -1.770299E+000, 3.948528E+000
1.787200E-002, -2.013255E+001, -1.685194E+001, 6.865090E+000, 2.631835E+000, -1.659613E+000, -1.673301E+000, -1.241852E+000
1.788000E-002, -2.053682E+001, -1.560087E+001, 8.304048E+000, 2.262613E+000, -1.190898E+000, -1.513214E+000, -5.704595E+000
1.788800E-002, -2.114324E+001, -1.419252E+001, 9.652054E+000, 7.249365E-001, -9.158093E-001, -1.396485E+000, -9.268493E+000
1.789600E-002, -2.182739E+001, -1.265370E+001, 1.062652E+001, -1.902396E+000, -1.102387E+000, -8.328110E-001, -1.286069E+001
1.790400E-002, -2.225586E+001, -1.102909E+001, 1.166919E+001, -4.974370E+000, -1.986184E+000, -1.213359E-001, -1.607427E+001
1.791200E-002, -2.207963E+001, -9.223975E+000, 1.295224E+001, -7.472250E+000, -3.117598E+000, 4.676218E-001, -1.848546E+001
1.792000E-002, -2.161143E+001, -7.156132E+000, 1.403389E+001, -8.861337E+000, -4.240769E+000, 1.414798E+000, -2.099440E+001
1.792800E-002, -2.131082E+001, -5.106161E+000, 1.477773E+001, -9.096603E+000, -5.397147E+000, 2.502332E+000, -2.344049E+001
1.793600E-002, -2.097565E+001, -3.129467E+000, 1.546960E+001, -8.085744E+000, -6.359422E+000, 3.182616E+000, -2.508430E+001
1.794400E-002, -2.066294E+001, -8.185586E-001, 1.593409E+001, -5.913186E+000, -7.110512E+000, 3.852268E+000, -2.662105E+001
1.795200E-002, -2.102403E+001, 1.692522E+000, 1.575219E+001, -3.052838E+000, -7.839026E+000, 4.654243E+000, -2.826215E+001
1.796000E-002, -2.174792E+001, 4.139261E+000, 1.525684E+001, 1.699774E-001, -8.432803E+000, 5.101070E+000, -2.925769E+001
1.796800E-002, -2.186022E+001, 6.743278E+000, 1.505383E+001, 3.375908E+000, -8.922183E+000, 5.435778E+000, -3.016184E+001
1.797600E-002, -2.144558E+001, 9.404487E+000, 1.488979E+001, 5.855776E+000, -9.496490E+000, 5.957629E+000, -3.156264E+001
1.798400E-002, -2.088063E+001, 1.191199E+001, 1.402739E+001, 7.346174E+000, -9.945256E+000, 6.281821E+000, -3.272030E+001
1.799200E-002, -1.997360E+001, 1.455354E+001, 1.239030E+001, 7.999067E+000, -1.005013E+001, 6.606959E+000, -3.378953E+001
1.800000E-002, -1.883507E+001, 1.759722E+001, 1.046898E+001, 7.843723E+000, -9.888638E+000, 7.366874E+000, -3.548003E+001
1.800800E-002, -1.777773E+001, 2.084822E+001, 8.367388E+000, 6.835116E+000, -9.372264E+000, 8.099380E+000, -3.710876E+001
1.801600E-002, -1.691044E+001, 2.398305E+001, 5.799678E+000, 4.925966E+000, -8.461829E+000, 8.590512E+000, -3.840249E+001
1.802400E-002, -1.664438E+001, 2.689090E+001, 2.873041E+000, 2.394317E+000, -7.505288E+000, 9.218103E+000, -4.013037E+001
1.803200E-002, -1.691044E+001, 2.954317E+001, 4.060262E-002, 1.620976E-001, -6.607277E+000, 9.776343E+000, -4.196544E+001
1.804000E-002, -1.674286E+001, 3.202744E+001, -2.398803E+000, -9.737114E-001, -5.651691E+000, 1.009037E+001, -4.349984E+001
1.804800E-002, -1.588075E+001, 3.469580E+001, -4.401324E+000, -1.167328E+000, -4.934046E+000, 1.061270E+001, -4.554196E+001
1.805600E-002, -1.496163E+001, 3.762331E+001, -6.095265E+000, -8.442584E-001, -4.643787E+000, 1.133043E+001, -4.810867E+001
1.806400E-002, -1.417554E+001, 4.040784E+001, -7.474130E+000, -5.515822E-002, -4.549304E+000, 1.200918E+001, -5.059167E+001
1.807200E-002, -1.340673E+001, 4.275092E+001, -8.481074E+000, 1.006356E+000, -4.558501E+000, 1.310097E+001, -5.352108E+001
1.808000E-002, -1.270875E+001, 4.477587E+001, -9.405190E+000, 2.055488E+000, -4.567101E+000, 1.482945E+001, -5.709783E+001
1.808800E-002, -1.186046E+001, 4.670609E+001, -1.040889E+001, 3.100117E+000, -4.299060E+000, 1.691390E+001, -6.061893E+001
1.809600E-002, -1.074438E+001, 4.847189E+001, -1.123231E+001, 4.142495E+000, -3.727022E+000, 1.950590E+001, -6.427763E+001
1.810400E-002, -9.654224E+000, 5.008220E+001, -1.164645E+001, 4.847169E+000, -2.950370E+000, 2.257261E+001, -6.820375E+001
1.811200E-002, -8.665998E+000, 5.162996E+001, -1.153277E+001, 4.681695E+000, -2.039578E+000, 2.538343E+001, -7.133397E+001
1.812000E-002, -7.853992E+000, 5.282741E+001, -1.088313E+001, 3.586410E+000, -1.222074E+000, 2.763942E+001, -7.336736E+001
1.812800E-002, -7.437623E+000, 5.353337E+001, -9.941145E+000, 2.057739E+000, -6.960246E-001, 2.936814E+001, -7.471911E+001
1.813600E-002, -7.137008E+000, 5.393014E+001, -8.864364E+000, 5.133091E-001, -5.256915E-001, 3.007760E+001, -7.486202E+001
1.814400E-002, -6.461489E+000, 5.421252E+001, -7.474130E+000, -7.159311E-001, -7.798772E-001, 2.959805E+001, -7.362866E+001
1.815200E-002, -5.435253E+000, 5.445023E+001, -5.752579E+000, -1.403720E+000, -1.457387E+000, 2.838055E+001, -7.179890E+001
1.816000E-002, -4.291534E+000, 5.444308E+001, -4.000170E+000, -1.552310E+000, -2.424918E+000, 2.650026E+001, -6.939915E+001
1.816800E-002, -3.076982E+000, 5.425900E+001, -2.429661E+000, -1.046880E+000, -3.478451E+000, 2.400100E+001, -6.632835E+001
1.817600E-002, -1.883161E+000, 5.403916E+001, -9.825833E-001, 3.061844E-001, -4.449803E+000, 2.144397E+001, -6.339671E+001
1.818400E-002, -7.446262E-001, 5.359950E+001, 4.937278E-001, 2.486622E+000, -5.307800E+000, 1.905080E+001, -6.085239E+001
1.819200E-002, 5.511270E-001, 5.312588E+001, 1.765402E+000, 5.152228E+000, -6.007050E+000, 1.673171E+001, -5.835890E+001
1.820000E-002, 1.862429E+000, 5.278094E+001, 2.424788E+000, 7.786314E+000, -6.450680E+000, 1.483394E+001, -5.630487E+001
1.820800E-002, 2.788461E+000, 5.218221E+001, 2.733368E+000, 1.009958E+001, -6.719558E+000, 1.348908E+001, -5.482708E+001
1.821600E-002, 3.508899E+000, 5.133327E+001, 3.113409E+000, 1.176446E+001, -6.924651E+000, 1.236315E+001, -5.338878E+001
1.822400E-002, 4.403833E+000, 5.052723E+001, 3.327790E+000, 1.206164E+001, -7.053655E+000, 1.154097E+001, -5.215872E+001
1.823200E-002, 5.295311E+000, 4.955139E+001, 3.111785E+000, 1.067480E+001, -7.164025E+000, 1.119587E+001, -5.140644E+001
1.824000E-002, 5.981196E+000, 4.826636E+001, 2.780467E+000, 8.003570E+000, -7.278575E+000, 1.105374E+001, -5.061183E+001
1.824800E-002, 6.670537E+000, 4.700278E+001, 2.746361E+000, 4.426166E+000, -7.363503E+000, 1.108304E+001, -4.968198E+001
1.825600E-002, 7.387521E+000, 4.583213E+001, 2.972112E+000, 3.230695E-001, -7.533717E+000, 1.142129E+001, -4.887959E+001
1.826400E-002, 7.779702E+000, 4.442378E+001, 3.126402E+000, -3.554891E+000, -7.821229E+000, 1.179191E+001, -4.777604E+001
1.827200E-002, 7.662220E+000, 4.261151E+001, 3.165380E+000, -6.515424E+000, -8.130958E+000, 1.207251E+001, -4.618187E+001
1.828000E-002, 7.349512E+000, 4.072061E+001, 3.300181E+000, -8.348027E+000, -8.432684E+000, 1.241395E+001, -4.447084E+001
1.828800E-002, 7.230303E+000, 3.902094E+001, 3.483705E+000, -9.049324E+000, -8.563719E+000, 1.262012E+001, -4.242648E+001
1.829600E-002, 7.197477E+000, 3.731590E+001, 3.582775E+000, -8.638453E+000, -8.410706E+000, 1.255396E+001, -3.981826E+001
1.830400E-002, 6.865764E+000, 3.556083E+001, 3.847504E+000, -7.230229E+000, -8.214572E+000, 1.244242E+001, -3.713422E+001
1.831200E-002, 6.247258E+000, 3.380575E+001, 4.383459E+000, -4.728973E+000, -8.162014E+000, 1.222740E+001, -3.442460E+001
1.832000E-002, 5.658122E+000, 3.190591E+001, 4.833335E+000, -1.070520E+000, -8.244911E+000, 1.172445E+001, -3.135393E+001
1.832800E-002, 5.271124E+000, 3.001501E+001, 5.202007E+000, 3.128259E+000, -8.472699E+000, 1.113927E+001, -2.824635E+001
1.833600E-002, 4.958416E+000, 2.824921E+001, 5.851649E+000, 7.178448E+000, -8.671700E+000, 1.053779E+001, -2.527119E+001
1.834400E-002, 4.415927E+000, 2.636545E+001, 6.660453E+000, 1.056224E+001, -8.548190E+000, 9.722232E+000, -2.210619E+001
1.835200E-002, 3.612560E+000, 2.443522E+001, 7.379932E+000, 1.245563E+001, -8.066934E+000, 8.874416E+000, -1.903564E+001
1.836000E-002, 2.771184E+000, 2.280526E+001, 8.133516E+000, 1.247701E+001, -7.340211E+000, 8.241155E+000, -1.645619E+001
1.836800E-002, 1.971272E+000, 2.144159E+001, 8.935824E+000, 1.091120E+001, -6.432763E+000, 7.622188E+000, -1.405384E+001
1.837600E-002, 1.321668E+000, 2.021554E+001, 9.574098E+000, 7.940532E+000, -5.440507E+000, 6.898307E+000, -1.172142E+001
1.838400E-002, 9.381253E-001, 1.922183E+001, 1.000936E+001, 3.675338E+000, -4.442995E+000, 6.249213E+000, -9.800395E+000
1.839200E-002, 6.634256E-001, 1.824063E+001, 1.034879E+001, -1.421731E+000, -3.487648E+000, 5.606735E+000, -8.169079E+000
1.840000E-002, 4.215517E-001, 1.712181E+001, 1.045923E+001, -6.504167E+000, -2.646375E+000, 4.808777E+000, -6.587876E+000
1.840800E-002, 3.420788E-001, 1.628181E+001, 1.007595E+001, -1.072096E+001, -1.970417E+000, 4.044019E+000, -5.337888E+000
1.841600E-002, 3.334405E-001, 1.587610E+001, 9.364588E+000, -1.365560E+001, -1.492625E+000, 3.392916E+000, -4.465219E+000
1.842400E-002, 4.595605E-001, 1.566700E+001, 8.840002E+000, -1.520228E+001, -1.186240E+000, 2.656985E+000, -3.599508E+000
1.843200E-002, 9.968661E-001, 1.557942E+001, 8.568776E+000, -1.535537E+001, -9.306208E-001, 1.898842E+000, -2.789568E+000
1.844000E-002, 1.518623E+000, 1.562410E+001, 8.144885E+000, -1.438729E+001, -6.194583E-001, 1.257191E+000, -2.148243E+000
1.844800E-002, 1.598096E+000, 1.571525E+001, 7.543966E+000, -1.258395E+001, -2.435549E-001, 5.668644E-001, -1.282414E+000
1.845600E-002, 1.489252E+000, 1.586359E+001, 7.022629E+000, -9.853059E+000, 1.895643E-001, -1.758012E-001, -1.276990E-001
1.846400E-002, 9.191209E-001, 1.614062E+001, 6.452568E+000, -6.309424E+000, 7.031915E-001, -7.770461E-001, 9.881047E-001
1.847200E-002, 1.554904E-002, 1.629968E+001, 5.715224E+000, -2.701627E+000, 1.245725E+000, -1.383726E+000, 2.284432E+000
1.848000E-002, 3.610832E-001, 1.628717E+001, 5.109433E+000, 2.161302E-001, 1.730327E+000, -2.124619E+000, 3.913744E+000
1.848800E-002, 2.052473E+000, 1.656241E+001, 4.685542E+000, 2.189444E+000, 2.104797E+000, -2.799351E+000, 5.454031E+000
1.849600E-002, 3.545181E+000, 1.712896E+001, 4.261651E+000, 3.187920E+000, 2.291972E+000, -3.422216E+000, 6.933476E+000
1.850400E-002, 4.849572E+000, 1.765084E+001, 3.923837E+000, 3.114751E+000, 2.291016E+000, -4.138417E+000, 8.588375E+000
1.851200E-002, 6.183334E+000, 1.829246E+001, 3.527555E+000, 1.937292E+000, 2.282536E+000, -4.841622E+000, 1.011157E+001
1.852000E-002, 6.663627E+000, 1.903953E+001, 2.890906E+000, -1.193219E-001, 2.359699E+000, -5.563612E+000, 1.149020E+001
1.852800E-002, 6.513319E+000, 1.953281E+001, 2.580702E+000, -2.724140E+000, 1.983318E+000, -6.454787E+000, 1.295868E+001
1.853600E-002, 6.458034E+000, 1.997605E+001, 2.925013E+000, -5.389746E+000, 1.494297E-001, -7.298586E+000, 1.400750E+001
1.854400E-002, 6.404476E+000, 2.064984E+001, 3.496697E+000, -7.367562E+000, -2.950609E+000, -7.909755E+000, 1.426561E+001
1.855200E-002, 6.908956E+000, 2.127537E+001, 4.227544E+000, -8.187056E+000, -4.778883E+000, -8.468349E+000, 1.429191E+001
1.856000E-002, 8.683273E+000, 2.181333E+001, 5.197135E+000, -7.963045E+000, -2.368299E+000, -8.972596E+000, 1.440534E+001
1.856800E-002, 1.079794E+001, 2.256219E+001, 5.897124E+000, -7.005094E+000, 5.161953E+000, -9.245276E+000, 1.453941E+001
1.857600E-002, 1.216799E+001, 2.350407E+001, 6.113130E+000, -5.460663E+000, 1.694134E+001, -9.321836E+000, 1.499160E+001
1.858400E-002, 1.293853E+001, 2.446918E+001, 6.184591E+000, -3.497481E+000, 3.100612E+001, -9.137292E+000, 1.561889E+001
1.859200E-002, 1.326333E+001, 2.543072E+001, 6.165102E+000, -1.471261E+000, 4.430047E+001, -8.518680E+000, 1.575084E+001
1.860000E-002, 1.316831E+001, 2.644588E+001, 6.031925E+000, 2.892992E-001, 5.456656E+001, -7.679961E+000, 1.535017E+001
1.860800E-002, 1.334626E+001, 2.744316E+001, 6.098513E+000, 1.389086E+000, 6.095179E+001, -6.965532E+000, 1.465437E+001
1.861600E-002, 1.421355E+001, 2.827244E+001, 6.554886E+000, 1.358693E+000, 6.265308E+001, -6.377874E+000, 1.356722E+001
1.862400E-002, 1.519487E+001, 2.903202E+001, 7.212649E+000, 1.823598E-001, 5.984641E+001, -5.740240E+000, 1.220215E+001
1.863200E-002, 1.589112E+001, 2.982377E+001, 7.774589E+000, -1.717784E+000, 5.355412E+001, -4.966975E+000, 1.076904E+001
1.864000E-002, 1.642151E+001, 3.059407E+001, 8.029573E+000, -3.867829E+000, 4.360253E+001, -4.320835E+000, 9.044106E+000
1.864800E-002, 1.664265E+001, 3.143765E+001, 8.157878E+000, -5.742083E+000, 2.982884E+001, -4.653297E+000, 6.971680E+000
1.865600E-002, 1.662019E+001, 3.241706E+001, 8.563904E+000, -6.951061E+000, 1.314898E+001, -6.960806E+000, 5.028132E+000
1.866400E-002, 1.667721E+001, 3.335715E+001, 9.103106E+000, -7.485758E+000, -5.521492E+000, -1.137167E+001, 3.431601E+000
1.867200E-002, 1.668757E+001, 3.396303E+001, 9.452290E+000, -7.438479E+000, -2.432037E+001, -1.690173E+001, 2.149305E+000
1.868000E-002, 1.674631E+001, 3.425971E+001, 9.720266E+000, -6.802472E+000, -3.989474E+001, -2.211622E+001, 1.423555E+000
1.868800E-002, 1.718341E+001, 3.470652E+001, 1.003209E+001, -5.649777E+000, -4.918686E+001, -2.551870E+001, 1.272509E+000
1.869600E-002, 1.758942E+001, 3.533385E+001, 1.024323E+001, -4.132363E+000, -5.043163E+001, -2.604504E+001, 1.429097E+000
1.870400E-002, 1.761360E+001, 3.579496E+001, 1.002073E+001, -2.383060E+000, -4.343494E+001, -2.359942E+001, 1.931521E+000
1.871200E-002, 1.767926E+001, 3.616671E+001, 9.280134E+000, -6.213742E-001, -2.975430E+001, -1.859216E+001, 2.696182E+000
1.872000E-002, 1.781056E+001, 3.664211E+001, 8.461585E+000, 9.151761E-001, -1.213701E+001, -1.174832E+001, 3.372173E+000
1.872800E-002, 1.769308E+001, 3.707820E+001, 7.886652E+000, 2.068996E+000, 6.390359E+000, -4.396448E+000, 4.099691E+000
1.873600E-002, 1.788658E+001, 3.726586E+001, 7.308471E+000, 2.614950E+000, 2.315014E+001, 2.057867E+000, 5.164675E+000
1.874400E-002, 1.867094E+001, 3.726407E+001, 6.621475E+000, 2.419082E+000, 3.595200E+001, 6.583803E+000, 6.413130E+000
1.875200E-002, 1.921688E+001, 3.715326E+001, 6.075776E+000, 1.608594E+000, 4.353743E+001, 8.557313E+000, 7.674437E+000
1.876000E-002, 1.948122E+001, 3.693164E+001, 5.606410E+000, 3.579656E-001, 4.585437E+001, 7.950751E+000, 8.708646E+000
1.876800E-002, 2.019302E+001, 3.686552E+001, 4.969760E+000, -1.149317E+000, 4.348846E+001, 5.250407E+000, 8.961922E+000
1.877600E-002, 2.093419E+001, 3.684050E+001, 4.221048E+000, -2.388689E+000, 3.756072E+001, 1.102302E+000, 8.187710E+000
1.878400E-002, 2.086681E+001, 3.635079E+001, 3.498322E+000, -2.733146E+000, 2.975908E+001, -3.696551E+000, 6.596130E+000
1.879200E-002, 2.020166E+001, 3.563768E+001, 2.921764E+000, -2.145542E+000, 2.169514E+001, -8.121472E+000, 4.330446E+000
1.880000E-002, 1.950540E+001, 3.513725E+001, 2.704134E+000, -9.590775E-001, 1.453959E+001, -1.144563E+001, 1.761020E+000
1.880800E-002, 1.889554E+001, 3.458321E+001, 2.822694E+000, 6.607729E-001, 8.865087E+000, -1.352559E+001, -3.881671E-001
1.881600E-002, 1.847744E+001, 3.376107E+001, 2.959119E+000, 2.574425E+000, 4.666721E+000, -1.430925E+001, -1.843086E+000
1.882400E-002, 1.843943E+001, 3.297290E+001, 2.939630E+000, 4.482450E+000, 1.952142E+000, -1.387624E+001, -2.604800E+000
1.883200E-002, 1.853100E+001, 3.241706E+001, 2.686269E+000, 5.982978E+000, 7.866858E-001, -1.269821E+001, -2.356123E+000
1.884000E-002, 1.838587E+001, 3.165391E+001, 2.264002E+000, 6.658385E+000, 8.697023E-001, -1.117708E+001, -1.071351E+000
1.884800E-002, 1.811463E+001, 3.020803E+001, 2.319221E+000, 6.136070E+000, 1.689117E+000, -9.563681E+000, 8.361158E-001
1.885600E-002, 1.779328E+001, 2.830640E+001, 3.170252E+000, 4.233675E+000, 2.507576E+000, -8.252378E+000, 3.205563E+000
1.886400E-002, 1.708321E+001, 2.647626E+001, 4.250282E+000, 1.168454E+000, 2.241445E+000, -7.496244E+000, 5.854226E+000
1.887200E-002, 1.587211E+001, 2.489812E+001, 5.312447E+000, -2.503508E+000, 2.170374E-001, -7.244121E+000, 8.321186E+000
1.888000E-002, 1.442260E+001, 2.333785E+001, 6.582496E+000, -6.043765E+000, -3.302623E+000, -7.478286E+000, 1.055350E+001
1.888800E-002, 1.302146E+001, 2.153810E+001, 7.992219E+000, -8.825315E+000, -7.505527E+000, -8.221778E+000, 1.274431E+001
1.889600E-002, 1.194339E+001, 1.957749E+001, 9.234659E+000, -1.075247E+001, -1.149856E+001, -9.283438E+000, 1.471156E+001
1.890400E-002, 1.131624E+001, 1.763475E+001, 1.023673E+001, -1.195020E+001, -1.471626E+001, -1.049621E+001, 1.632613E+001
1.891200E-002, 1.092406E+001, 1.559908E+001, 1.126154E+001, -1.209428E+001, -1.704860E+001, -1.188867E+001, 1.769898E+001
1.892000E-002, 1.041267E+001, 1.325779E+001, 1.241303E+001, -1.075022E+001, -1.874357E+001, -1.339055E+001, 1.869416E+001
1.892800E-002, 9.723331E+000, 1.074850E+001, 1.352230E+001, -8.137526E+000, -2.034848E+001, -1.489986E+001, 1.905462E+001
1.893600E-002, 9.175660E+000, 8.526949E+000, 1.465267E+001, -4.923715E+000, -2.229118E+001, -1.647475E+001, 1.875064E+001
1.894400E-002, 8.904416E+000, 6.718256E+000, 1.594546E+001, -1.581577E+000, -2.464993E+001, -1.812454E+001, 1.781147E+001
1.895200E-002, 8.550243E+000, 5.018586E+000, 1.727398E+001, 1.609719E+000, -2.734396E+001, -1.974314E+001, 1.625621E+001
1.896000E-002, 7.962835E+000, 3.254575E+000, 1.843684E+001, 4.187522E+000, -3.004624E+001, -2.125340E+001, 1.430370E+001
1.896800E-002, 7.404798E+000, 1.386903E+000, 1.924077E+001, 5.742083E+000, -3.230715E+001, -2.257770E+001, 1.220616E+001
1.897600E-002, 6.962513E+000, -6.165998E-001, 1.961431E+001, 6.295917E+000, -3.395124E+001, -2.359895E+001, 1.009058E+001
1.898400E-002, 6.668809E+000, -2.545038E+000, 1.969065E+001, 5.982978E+000, -3.491901E+001, -2.426612E+001, 8.212235E+000
1.899200E-002, 6.670537E+000, -4.167857E+000, 1.957696E+001, 4.852798E+000, -3.514930E+001, -2.458759E+001, 6.825941E+000
1.900000E-002, 6.969424E+000, -5.501143E+000, 1.936582E+001, 3.254335E+000, -3.486048E+001, -2.453632E+001, 5.909173E+000
1.900800E-002, 7.304593E+000, -6.655703E+000, 1.906861E+001, 1.696397E+000, -3.437659E+001, -2.413545E+001, 5.420662E+000
1.901600E-002, 7.591386E+000, -7.769157E+000, 1.860737E+001, 4.266319E-001, -3.382450E+001, -2.344666E+001, 5.372672E+000
1.902400E-002, 7.833260E+000, -8.939803E+000, 1.817698E+001, -3.163155E-001, -3.327814E+001, -2.244809E+001, 5.602837E+000
1.903200E-002, 7.556832E+000, -9.963895E+000, 1.794148E+001, -4.018670E-001, -3.269703E+001, -2.117649E+001, 5.926270E+000
1.904000E-002, 6.744827E+000, -1.057156E+001, 1.770924E+001, -2.307640E-001, -3.180153E+001, -1.974798E+001, 6.271046E+000
1.904800E-002, 6.212705E+000, -1.114705E+001, 1.734219E+001, -8.555152E-002, -3.040804E+001, -1.819980E+001, 6.508521E+000
1.905600E-002, 6.385471E+000, -1.209072E+001, 1.693779E+001, 3.872332E-001, -2.854274E+001, -1.657860E+001, 6.579858E+000
1.906400E-002, 7.131825E+000, -1.282528E+001, 1.669092E+001, 1.273142E+000, -2.630619E+001, -1.501718E+001, 6.635984E+000
1.907200E-002, 8.097593E+000, -1.293430E+001, 1.658373E+001, 2.020592E+000, -2.389489E+001, -1.360841E+001, 6.731493E+000
1.908000E-002, 8.797300E+000, -1.292179E+001, 1.630926E+001, 2.306514E+000, -2.153066E+001, -1.238465E+001, 6.825941E+000
1.908800E-002, 9.211941E+000, -1.302723E+001, 1.579279E+001, 2.238973E+000, -1.943243E+001, -1.142412E+001, 7.060586E+000
1.909600E-002, 9.630037E+000, -1.303617E+001, 1.523085E+001, 1.756058E+000, -1.783445E+001, -1.079098E+001, 7.548625E+000
1.910400E-002, 9.818354E+000, -1.291464E+001, 1.477773E+001, 7.755921E-001, -1.691219E+001, -1.044907E+001, 8.222611E+000
1.911200E-002, 9.690506E+000, -1.275200E+001, 1.456822E+001, -4.975496E-001, -1.678164E+001, -1.035124E+001, 9.028423E+000
1.912000E-002, 9.877094E+000, -1.251787E+001, 1.452274E+001, -1.999204E+000, -1.744672E+001, -1.043595E+001, 9.849447E+000
1.912800E-002, 1.052497E+001, -1.213540E+001, 1.440743E+001, -3.820551E+000, -1.874871E+001, -1.057336E+001, 1.046978E+001
1.913600E-002, 1.096725E+001, -1.165820E+001, 1.425477E+001, -5.798367E+000, -2.040605E+001, -1.068725E+001, 1.084062E+001
1.914400E-002, 1.106746E+001, -1.098977E+001, 1.426126E+001, -7.600577E+000, -2.202732E+001, -1.075802E+001, 1.104237E+001
1.915200E-002, 1.133525E+001, -1.014262E+001, 1.438145E+001, -8.893981E+000, -2.324510E+001, -1.069505E+001, 1.109130E+001
1.916000E-002, 1.182763E+001, -9.492062E+000, 1.427750E+001, -9.383651E+000, -2.385834E+001, -1.042426E+001, 1.105864E+001
1.916800E-002, 1.222845E+001, -8.952313E+000, 1.381951E+001, -8.971653E+000, -2.382788E+001, -9.953090E+000, 1.109460E+001
1.917600E-002, 1.244787E+001, -8.117670E+000, 1.335501E+001, -7.901133E+000, -2.321762E+001, -9.258391E+000, 1.127371E+001
1.918400E-002, 1.253252E+001, -7.023876E+000, 1.303994E+001, -6.501915E+000, -2.220219E+001, -8.350557E+000, 1.167744E+001
1.919200E-002, 1.256881E+001, -6.103444E+000, 1.244714E+001, -4.776251E+000, -2.115870E+001, -7.345962E+000, 1.242029E+001
1.920000E-002, 1.279686E+001, -5.392120E+000, 1.147917E+001, -2.635212E+000, -2.047031E+001, -6.315966E+000, 1.343551E+001
1.920800E-002, 1.326678E+001, -4.362667E+000, 1.059566E+001, -2.904249E-001, -2.013980E+001, -5.308063E+000, 1.460131E+001
1.921600E-002, 1.355358E+001, -3.018658E+000, 9.903790E+000, 1.908024E+000, -1.977190E+001, -4.459065E+000, 1.600223E+001
1.922400E-002, 1.338081E+001, -1.924864E+000, 9.257397E+000, 3.693349E+000, -1.894162E+001, -3.866327E+000, 1.770724E+001
1.923200E-002, 1.309402E+001, -1.258221E+000, 8.788031E+000, 5.056545E+000, -1.753452E+001, -3.539299E+000, 1.958735E+001
1.924000E-002, 1.284869E+001, -6.487702E-001, 8.490819E+000, 6.020125E+000, -1.570481E+001, -3.494049E+000, 2.150955E+001
1.924800E-002, 1.236494E+001, 2.287675E-001, 8.159502E+000, 6.264398E+000, -1.379089E+001, -3.721480E+000, 2.333413E+001
1.925600E-002, 1.189674E+001, 1.329711E+000, 7.781085E+000, 5.661034E+000, -1.231069E+001, -4.162401E+000, 2.482501E+001
1.926400E-002, 1.172052E+001, 2.561123E+000, 7.543966E+000, 4.593892E+000, -1.159687E+001, -4.768608E+000, 2.584802E+001
1.927200E-002, 1.146828E+001, 3.674577E+000, 7.440023E+000, 3.362400E+000, -1.154897E+001, -5.481382E+000, 2.641541E+001
1.928000E-002, 1.111065E+001, 4.400199E+000, 7.107082E+000, 2.064493E+000, -1.180172E+001, -6.179980E+000, 2.653049E+001
1.928800E-002, 1.095343E+001, 4.927436E+000, 6.519156E+000, 8.937882E-001, -1.192583E+001, -6.743418E+000, 2.629196E+001
1.929600E-002, 1.084632E+001, 5.427866E+000, 6.038421E+000, 2.589059E-002, -1.169971E+001, -7.093603E+000, 2.592230E+001
1.930400E-002, 1.052670E+001, 5.835357E+000, 5.733089E+000, -5.650903E-001, -1.121905E+001, -7.154684E+000, 2.554215E+001
1.931200E-002, 1.014143E+001, 6.314339E+000, 5.614530E+000, -1.060389E+000, -1.066971E+001, -6.880231E+000, 2.521837E+001
1.932000E-002, 9.980755E+000, 7.063195E+000, 5.845153E+000, -1.593960E+000, -1.015393E+001, -6.287256E+000, 2.508359E+001
1.932800E-002, 9.911648E+000, 7.856732E+000, 6.225194E+000, -2.035226E+000, -9.613668E+000, -5.393127E+000, 2.520752E+001
1.933600E-002, 9.536743E+000, 8.389332E+000, 6.537022E+000, -2.199574E+000, -8.897337E+000, -4.217220E+000, 2.563012E+001
1.934400E-002, 8.959702E+000, 8.719972E+000, 6.957664E+000, -2.236722E+000, -7.978900E+000, -2.832668E+000, 2.644843E+001
1.935200E-002, 8.472498E+000, 9.048825E+000, 7.207777E+000, -2.484371E+000, -6.919753E+000, -1.288500E+000, 2.765927E+001
1.936000E-002, 7.923099E+000, 9.388402E+000, 6.853722E+000, -3.019068E+000, -5.758955E+000, 3.866918E-001, 2.915487E+001
1.936800E-002, 7.150830E+000, 9.665425E+000, 6.385980E+000, -3.545885E+000, -4.592424E+000, 2.058575E+000, 3.087874E+001
1.937600E-002, 6.212705E+000, 9.954959E+000, 6.317767E+000, -3.811545E+000, -3.523841E+000, 3.569426E+000, 3.272702E+001
1.938400E-002, 5.286673E+000, 1.018194E+001, 6.390852E+000, -3.834059E+000, -2.631563E+000, 4.861588E+000, 3.452282E+001
1.939200E-002, 4.678533E+000, 1.014977E+001, 6.460689E+000, -3.619054E+000, -2.058690E+000, 5.885205E+000, 3.623750E+001
1.940000E-002, 4.298445E+000, 1.008721E+001, 6.613354E+000, -3.247581E+000, -1.904124E+000, 6.595735E+000, 3.793273E+001
1.940800E-002, 3.768050E+000, 1.029811E+001, 6.788758E+000, -2.936894E+000, -2.171329E+000, 7.042209E+000, 3.957312E+001
1.941600E-002, 2.994054E+000, 1.061803E+001, 6.925182E+000, -2.643092E+000, -2.888018E+000, 7.282400E+000, 4.116116E+001
1.942400E-002, 1.993732E+000, 1.076637E+001, 6.666950E+000, -2.137662E+000, -4.006889E+000, 7.358604E+000, 4.279166E+001
1.943200E-002, 9.312146E-001, 1.068952E+001, 5.801302E+000, -1.313666E+000, -5.359521E+000, 7.360022E+000, 4.447874E+001
1.944000E-002, -1.554904E-002, 1.045539E+001, 5.091568E+000, -2.318897E-001, -6.790869E+000, 7.347025E+000, 4.618635E+001
1.944800E-002, -1.071156E+000, 1.006756E+001, 4.986001E+000, 8.791544E-001, -8.113638E+000, 7.362384E+000, 4.790162E+001
1.945600E-002, -2.280525E+000, 9.518870E+000, 4.891803E+000, 1.879882E+000, -9.132053E+000, 7.489628E+000, 4.954379E+001
1.946400E-002, -3.220378E+000, 8.996995E+000, 4.703407E+000, 2.699376E+000, -9.740761E+000, 7.747540E+000, 5.099823E+001
1.947200E-002, -3.833702E+000, 8.630610E+000, 4.786237E+000, 3.156401E+000, -9.821747E+000, 8.077286E+000, 5.219999E+001
1.948000E-002, -4.545502E+000, 8.267798E+000, 4.747258E+000, 3.236324E+000, -9.258907E+000, 8.451809E+000, 5.308941E+001
1.948800E-002, -5.575194E+000, 7.767370E+000, 4.251906E+000, 3.059592E+000, -8.069800E+000, 8.873944E+000, 5.364312E+001
1.949600E-002, -6.729278E+000, 7.186515E+000, 3.761426E+000, 2.734272E+000, -6.393106E+000, 9.349600E+000, 5.392953E+001
1.950400E-002, -7.686408E+000, 6.578852E+000, 3.470712E+000, 2.322273E+000, -4.409191E+000, 9.900869E+000, 5.398919E+001
1.951200E-002, -8.391297E+000, 5.906847E+000, 3.269323E+000, 1.767314E+000, -2.253629E+000, 1.050200E+001, 5.381150E+001
1.952000E-002, -8.890594E+000, 5.318843E+000, 3.220600E+000, 1.299032E+000, -9.543911E-002, 1.104180E+001, 5.345717E+001
1.952800E-002, -9.255133E+000, 5.034671E+000, 3.205983E+000, 1.294530E+000, 1.806773E+000, 1.143476E+001, 5.297586E+001
1.953600E-002, -9.718148E+000, 4.830925E+000, 3.103664E+000, 1.709905E+000, 3.337502E+000, 1.166183E+001, 5.230411E+001
1.954400E-002, -1.016734E+001, 4.246496E+000, 2.913644E+000, 2.274995E+000, 4.513947E+000, 1.169692E+001, 5.140385E+001
1.955200E-002, -1.046278E+001, 3.404703E+000, 2.538476E+000, 2.806315E+000, 5.281999E+000, 1.151746E+001, 5.027189E+001
1.956000E-002, -1.071674E+001, 2.822061E+000, 2.189293E+000, 3.316247E+000, 5.649899E+000, 1.113479E+001, 4.883937E+001
1.956800E-002, -1.084114E+001, 2.461037E+000, 2.140570E+000, 3.759764E+000, 5.717985E+000, 1.056839E+001, 4.710170E+001
1.957600E-002, -1.115212E+001, 1.973119E+000, 2.150315E+000, 3.724868E+000, 5.520537E+000, 9.849121E+000, 4.513316E+001
1.958400E-002, -1.192611E+001, 1.356519E+000, 1.978160E+000, 2.763539E+000, 5.129703E+000, 9.033914E+000, 4.294860E+001
1.959200E-002, -1.248761E+001, 7.131110E-001, 1.901827E+000, 9.647059E-001, 4.686789E+000, 8.187870E+000, 4.059342E+001
1.960000E-002, -1.247551E+001, 1.519159E-001, 2.247761E+000, -1.079525E+000, 4.276484E+000, 7.388140E+000, 3.817598E+001
1.960800E-002, -1.236840E+001, -2.841721E-001, 2.777219E+000, -2.996555E+000, 3.995184E+000, 6.747907E+000, 3.574616E+001
1.961600E-002, -1.231657E+001, -7.667284E-001, 3.121529E+000, -4.626536E+000, 3.961738E+000, 6.358971E+000, 3.335172E+001
1.962400E-002, -1.204359E+001, -1.268945E+000, 3.209231E+000, -5.834388E+000, 4.207921E+000, 6.231137E+000, 3.108214E+001
1.963200E-002, -1.166523E+001, -1.528095E+000, 3.011090E+000, -6.799094E+000, 4.706975E+000, 6.388743E+000, 2.893260E+001
1.964000E-002, -1.146655E+001, -1.621032E+000, 2.861672E+000, -7.437354E+000, 5.381380E+000, 6.878104E+000, 2.683129E+001
1.964800E-002, -1.138017E+001, -1.833714E+000, 3.207607E+000, -7.382195E+000, 6.144773E+000, 7.598677E+000, 2.480673E+001
1.965600E-002, -1.128169E+001, -2.030311E+000, 3.756554E+000, -6.657259E+000, 7.027973E+000, 8.390491E+000, 2.288948E+001
1.966400E-002, -1.100699E+001, -1.998141E+000, 4.126850E+000, -5.380740E+000, 7.980334E+000, 9.216213E+000, 2.098697E+001
1.967200E-002, -1.036602E+001, -2.007077E+000, 4.398076E+000, -3.676464E+000, 8.732977E+000, 1.002173E+001, 1.901571E+001
1.968000E-002, -9.598939E+000, -2.024949E+000, 4.705031E+000, -1.858494E+000, 9.141609E+000, 1.067142E+001, 1.692477E+001
1.968800E-002, -8.978705E+000, -1.755075E+000, 5.145164E+000, -2.386437E-001, 9.272644E+000, 1.111328E+001, 1.463680E+001
1.969600E-002, -8.216803E+000, -1.486988E+000, 5.531701E+000, 9.872195E-001, 9.160481E+000, 1.132453E+001, 1.219838E+001
1.970400E-002, -7.010889E+000, -1.163497E+000, 5.491098E+000, 1.759435E+000, 8.847408E+000, 1.124750E+001, 9.776105E+000
1.971200E-002, -5.651211E+000, -4.986416E-001, 5.171149E+000, 2.071247E+000, 8.451557E+000, 1.096891E+001, 7.423048E+000
1.972000E-002, -4.592149E+000, -2.502144E-002, 4.945399E+000, 1.950800E+000, 8.015929E+000, 1.062333E+001, 5.164911E+000
1.972800E-002, -4.129133E+000, 2.448527E-001, 4.844704E+000, 1.440868E+000, 7.542914E+000, 1.021821E+001, 3.161110E+000
1.973600E-002, -4.260437E+000, 1.000858E+000, 4.735889E+000, 5.403254E-001, 7.077066E+000, 9.803398E+000, 1.476851E+000
1.974400E-002, -4.434931E+000, 2.089290E+000, 4.430558E+000, -6.157458E-001, 6.580042E+000, 9.465029E+000, 3.183631E-002
1.975200E-002, -4.234521E+000, 2.975764E+000, 3.920589E+000, -1.686265E+000, 6.002988E+000, 9.177225E+000, -1.201998E+000
1.976000E-002, -3.688577E+000, 3.780025E+000, 3.571406E+000, -2.297508E+000, 5.381141E+000, 8.924393E+000, -2.312259E+000
1.976800E-002, -2.693439E+000, 4.789819E+000, 3.582775E+000, -2.383060E+000, 4.755710E+000, 8.731814E+000, -3.439972E+000
1.977600E-002, -1.347583E+000, 5.876464E+000, 3.610385E+000, -2.219837E+000, 4.225838E+000, 8.564047E+000, -4.545989E+000
1.978400E-002, -2.349632E-001, 6.961322E+000, 3.168628E+000, -1.833729E+000, 3.896758E+000, 8.417546E+000, -5.581495E+000
1.979200E-002, 2.937040E-001, 8.101584E+000, 2.182797E+000, -1.069394E+000, 3.818520E+000, 8.359182E+000, -6.651548E+000
1.980000E-002, 4.215517E-001, 9.277593E+000, 1.065413E+000, -1.339557E-001, 4.055983E+000, 8.377140E+000, -7.757683E+000
1.980800E-002, 4.388284E-001, 1.053403E+001, 2.322470E-001, 5.572106E-001, 4.568416E+000, 8.414120E+000, -8.837406E+000
1.981600E-002, 4.595605E-001, 1.167965E+001, -3.248209E-001, 7.654610E-001, 5.218811E+000, 8.491860E+000, -9.998841E+000
1.982400E-002, 4.923862E-001, 1.262689E+001, -8.282934E-001, 6.371337E-001, 5.939561E+000, 8.613550E+000, -1.126086E+001
1.983200E-002, 5.908635E-001, 1.382077E+001, -1.177476E+000, 3.883589E-001, 6.658639E+000, 8.728861E+000, -1.248431E+001
1.984000E-002, 8.517417E-001, 1.532206E+001, -1.239192E+000, -4.052440E-002, 7.261017E+000, 8.851378E+000, -1.371756E+001
1.984800E-002, 1.223191E+000, 1.658207E+001, -1.273298E+000, -5.876039E-001, 7.658062E+000, 8.975077E+000, -1.502851E+001
1.985600E-002, 1.456427E+000, 1.746318E+001, -1.591623E+000, -1.124552E+000, 7.790889E+000, 8.984410E+000, -1.626222E+001
1.986400E-002, 1.420146E+000, 1.841578E+001, -2.098343E+000, -1.799959E+000, 7.662721E+000, 8.838146E+000, -1.737767E+001
1.987200E-002, 1.299209E+000, 1.967043E+001, -2.536852E+000, -2.564294E+000, 7.291237E+000, 8.595828E+000, -1.849583E+001
1.988000E-002, 1.313030E+000, 2.097690E+001, -2.957495E+000, -2.967287E+000, 6.702835E+000, 8.248007E+000, -1.955822E+001
1.988800E-002, 1.328579E+000, 2.214576E+001, -3.254706E+000, -2.756785E+000, 6.040256E+000, 7.820082E+000, -2.048065E+001
1.989600E-002, 1.110892E+000, 2.322347E+001, -3.244961E+000, -2.066745E+000, 5.433220E+000, 7.434572E+000, -2.135391E+001
1.990400E-002, 8.862951E-001, 2.427258E+001, -3.363521E+000, -1.127929E+000, 4.882206E+000, 7.114278E+000, -2.215595E+001
1.991200E-002, 9.502190E-001, 2.539140E+001, -3.855625E+000, -3.343263E-001, 4.388407E+000, 6.830255E+000, -2.275966E+001
1.992000E-002, 1.084977E+000, 2.654417E+001, -4.331487E+000, -3.489602E-002, 3.971652E+000, 6.650791E+000, -2.320855E+001
1.992800E-002, 1.048696E+000, 2.748248E+001, -4.568606E+000, 3.489602E-002, 3.663595E+000, 6.600343E+000, -2.353328E+001
1.993600E-002, 9.363976E-001, 2.817593E+001, -4.628698E+000, 3.478345E-001, 3.595510E+000, 6.626689E+000, -2.366110E+001
1.994400E-002, 7.014344E-001, 2.884078E+001, -4.669301E+000, 8.375043E-001, 3.882544E+000, 6.757477E+000, -2.366912E+001
1.995200E-002, 2.332356E-001, 2.963611E+001, -4.732641E+000, 1.188716E+000, 4.484444E+000, 6.996014E+000, -2.362844E+001
1.996000E-002, -2.401462E-001, 3.039748E+001, -4.602713E+000, 1.308038E+000, 5.286180E+000, 7.237504E+000, -2.345687E+001
1.996800E-002, -6.651533E-001, 3.088182E+001, -4.316870E+000, 1.285524E+000, 6.148596E+000, 7.449931E+000, -2.322671E+001
1.997600E-002, -1.404596E+000, 3.124105E+001, -4.185318E+000, 1.324923E+000, 6.927876E+000, 7.645344E+000, -2.309029E+001
1.998400E-002, -2.403190E+000, 3.175936E+001, -4.271395E+000, 1.693020E+000, 7.555098E+000, 7.745296E+000, -2.298770E+001
1.999200E-002, -3.068343E+000, 3.238847E+001, -4.412693E+000, 2.473114E+000, 7.995026E+000, 7.733599E+000, -2.289997E+001
2.000000E-002, -3.306762E+000, 3.291749E+001, -4.456543E+000, 3.318498E+000, 8.200596E+000, 7.695320E+000, -2.294349E+001
2.000800E-002, -3.617743E+000, 3.319273E+001, -4.560486E+000, 3.845316E+000, 8.177065E+000, 7.615689E+000, -2.304689E+001
2.001600E-002, -4.015107E+000, 3.315341E+001, -4.925910E+000, 4.068200E+000, 7.976273E+000, 7.455956E+000, -2.309948E+001
2.002400E-002, -4.118767E+000, 3.303724E+001, -5.075327E+000, 4.108724E+000, 7.647192E+000, 7.305793E+000, -2.318674E+001
2.003200E-002, -4.193057E+000, 3.313554E+001, -4.592968E+000, 4.015293E+000, 7.243816E+000, 7.190836E+000, -2.327694E+001
2.004000E-002, -4.642251E+000, 3.320345E+001, -3.996922E+000, 3.798037E+000, 6.843068E+000, 7.041146E+000, -2.323579E+001
2.004800E-002, -5.170919E+000, 3.303545E+001, -3.806901E+000, 3.259963E+000, 6.523663E+000, 6.897480E+000, -2.314523E+001
2.005600E-002, -5.592471E+000, 3.290141E+001, -3.746809E+000, 2.181564E+000, 6.313554E+000, 6.778035E+000, -2.306553E+001
2.006400E-002, -6.117682E+000, 3.269409E+001, -3.602264E+000, 8.960396E-001, 6.188611E+000, 6.625508E+000, -2.292945E+001
2.007200E-002, -6.630801E+000, 3.220438E+001, -3.602264E+000, -1.013110E-002, 6.107386E+000, 6.487514E+000, -2.282946E+001
2.008000E-002, -7.038531E+000, 3.185408E+001, -3.620129E+000, -5.324456E-001, 6.081585E+000, 6.396069E+000, -2.284267E+001
2.008800E-002, -7.543011E+000, 3.177187E+001, -3.220600E+000, -9.410667E-001, 6.200914E+000, 6.297771E+000, -2.285635E+001
2.009600E-002, -7.985295E+000, 3.143587E+001, -2.585575E+000, -1.141437E+000, 6.519482E+000, 6.202191E+000, -2.287969E+001
2.010400E-002, -8.126964E+000, 3.082999E+001, -2.205534E+000, -1.027744E+000, 7.015193E+000, 6.136974E+000, -2.299831E+001
2.011200E-002, -8.258266E+000, 3.038496E+001, -1.986280E+000, -7.789691E-001, 7.613150E+000, 6.044112E+000, -2.311811E+001
2.012000E-002, -8.593435E+000, 2.980411E+001, -1.695565E+000, -5.279430E-001, 8.248495E+000, 5.882843E+000, -2.321622E+001
2.012800E-002, -8.838764E+000, 2.886402E+001, -1.443829E+000, -2.802938E-001, 8.904862E+000, 5.675378E+000, -2.338165E+001
2.013600E-002, -8.843947E+000, 2.822776E+001, -1.268426E+000, -2.037477E-001, 9.521812E+000, 5.380131E+000, -2.353599E+001
2.014400E-002, -8.857769E+000, 2.794001E+001, -1.136873E+000, -4.525225E-001, 1.003866E+001, 4.957523E+000, -2.363775E+001
2.015200E-002, -9.061634E+000, 2.736094E+001, -1.123881E+000, -8.780288E-001, 1.047143E+001, 4.458475E+000, -2.380401E+001
2.016000E-002, -9.306963E+000, 2.657098E+001, -1.224575E+000, -1.356442E+000, 1.084231E+001, 3.882277E+000, -2.401319E+001
2.016800E-002, -9.346700E+000, 2.585430E+001, -1.309028E+000, -1.955302E+000, 1.113066E+001, 3.200693E+000, -2.418392E+001
2.017600E-002, -9.210214E+000, 2.510365E+001, -1.266802E+000, -2.711758E+000, 1.129884E+001, 2.486382E+000, -2.438720E+001
2.018400E-002, -9.089276E+000, 2.434407E+001, -1.185596E+000, -3.698977E+000, 1.132393E+001, 1.771244E+000, -2.463211E+001
2.019200E-002, -8.959702E+000, 2.364169E+001, -1.291163E+000, -4.889945E+000, 1.124019E+001, 1.013574E+000, -2.482595E+001
2.020000E-002, -8.627988E+000, 2.294109E+001, -1.482808E+000, -5.869285E+000, 1.115598E+001, 2.631111E-001, -2.499516E+001
2.020800E-002, -8.239263E+000, 2.229768E+001, -1.386985E+000, -6.289162E+000, 1.114977E+001, -4.302876E-001, -2.514479E+001
2.021600E-002, -8.071678E+000, 2.163282E+001, -1.068661E+000, -6.279031E+000, 1.120794E+001, -1.101002E+000, -2.517533E+001
2.022400E-002, -7.788340E+000, 2.079996E+001, -8.721442E-001, -5.939076E+000, 1.131449E+001, -1.732374E+000, -2.513335E+001
2.023200E-002, -7.119731E+000, 2.000107E+001, -8.867612E-001, -5.160108E+000, 1.149545E+001, -2.296994E+000, -2.510883E+001
2.024000E-002, -6.414842E+000, 1.945238E+001, -1.015065E+000, -3.915108E+000, 1.176983E+001, -2.844719E+000, -2.503619E+001
2.024800E-002, -5.799791E+000, 1.903417E+001, -1.039427E+000, -2.263738E+000, 1.211432E+001, -3.360544E+000, -2.492182E+001
2.025600E-002, -5.164008E+000, 1.857663E+001, -9.387325E-001, -3.309493E-001, 1.249846E+001, -3.762004E+000, -2.487383E+001
2.026400E-002, -4.500583E+000, 1.810301E+001, -9.695905E-001, 1.722287E+000, 1.293242E+001, -4.088796E+000, -2.485461E+001
2.027200E-002, -3.654024E+000, 1.764012E+001, -1.182348E+000, 3.442323E+000, 1.339982E+001, -4.412161E+000, -2.481051E+001
2.028000E-002, -2.579413E+000, 1.695918E+001, -1.300908E+000, 4.156003E+000, 1.377883E+001, -4.705045E+000, -2.483055E+001
2.028800E-002, -1.523806E+000, 1.608521E+001, -1.119008E+000, 3.862201E+000, 1.392921E+001, -5.001828E+000, -2.491003E+001
2.029600E-002, -5.891358E-001, 1.548470E+001, -9.078745E-001, 3.140641E+000, 1.379782E+001, -5.374697E+000, -2.496368E+001
2.030400E-002, 3.438065E-001, 1.520053E+001, -9.192433E-001, 2.265990E+000, 1.340280E+001, -5.780410E+000, -2.505577E+001
2.031200E-002, 1.219736E+000, 1.478231E+001, -9.224915E-001, 1.230366E+000, 1.279804E+001, -6.196638E+000, -2.520811E+001
2.032000E-002, 2.035196E+000, 1.429618E+001, -7.584569E-001, 1.215732E-001, 1.208696E+001, -6.660125E+000, -2.532130E+001
2.032800E-002, 3.139178E+000, 1.402630E+001, -4.791109E-001, -8.498868E-001, 1.140527E+001, -7.109316E+000, -2.544110E+001
2.033600E-002, 4.438386E+000, 1.359379E+001, -1.883961E-001, -1.544430E+000, 1.082105E+001, -7.486792E+000, -2.562363E+001
2.034400E-002, 5.336775E+000, 1.286281E+001, -9.257397E-002, -1.862997E+000, 1.032594E+001, -7.830597E+000, -2.576831E+001
2.035200E-002, 5.948371E+000, 1.238561E+001, -9.094986E-002, -1.703151E+000, 9.921725E+000, -8.128916E+000, -2.588634E+001
2.036000E-002, 6.725823E+000, 1.216399E+001, 8.932576E-002, -1.111044E+000, 9.646277E+000, -8.354338E+000, -2.607700E+001
2.036800E-002, 7.439351E+000, 1.173327E+001, 2.419916E-001, -2.544032E-001, 9.582373E+000, -8.554478E+000, -2.627922E+001
2.037600E-002, 7.935192E+000, 1.125607E+001, 2.825942E-001, 4.761617E-001, 9.777193E+000, -8.728388E+000, -2.645102E+001
2.038400E-002, 8.551970E+000, 1.100407E+001, 5.213376E-001, 7.294393E-001, 1.020518E+001, -8.815816E+000, -2.669121E+001
2.039200E-002, 9.379525E+000, 1.070024E+001, 8.835130E-001, 6.112431E-001, 1.086154E+001, -8.839210E+000, -2.698257E+001
2.040000E-002, 1.018289E+001, 1.030347E+001, 1.081654E+000, 2.363923E-001, 1.168956E+001, -8.856577E+000, -2.723219E+001
2.040800E-002, 1.084459E+001, 1.010151E+001, 1.162859E+000, -5.110577E-001, 1.254648E+001, -8.864138E+000, -2.750657E+001
2.041600E-002, 1.152356E+001, 9.990704E+000, 1.377241E+000, -1.647992E+000, 1.332480E+001, -8.889894E+000, -2.784333E+001
2.042400E-002, 1.217662E+001, 9.738702E+000, 1.754033E+000, -3.028074E+000, 1.391022E+001, -8.974486E+000, -2.817561E+001
2.043200E-002, 1.247897E+001, 9.449168E+000, 1.981408E+000, -4.354122E+000, 1.416524E+001, -9.065341E+000, -2.855293E+001
2.044000E-002, 1.260163E+001, 9.148911E+000, 2.124329E+000, -5.241156E+000, 1.404591E+001, -9.142726E+000, -2.898106E+001
2.044800E-002, 1.290743E+001, 8.793249E+000, 2.504369E+000, -5.455035E+000, 1.357995E+001, -9.260282E+000, -2.935001E+001
2.045600E-002, 1.332034E+001, 8.664567E+000, 2.845431E+000, -4.865180E+000, 1.280413E+001, -9.393196E+000, -2.970670E+001
2.046400E-002, 1.378681E+001, 8.703887E+000, 2.816198E+000, -3.486224E+000, 1.180017E+001, -9.484523E+000, -3.010064E+001
2.047200E-002, 1.422564E+001, 8.534099E+000, 2.627801E+000, -1.712156E+000, 1.067568E+001, -9.538870E+000, -3.042054E+001
2.048000E-002, 1.435695E+001, 8.299969E+000, 2.530355E+000, 1.958680E-001, 9.503418E+000, -9.517367E+000, -3.068702E+001
2.048800E-002, 1.434831E+001, 8.169500E+000, 2.468639E+000, 2.425836E+000, 8.383710E+000, -9.350427E+000, -3.101116E+001
2.049600E-002, 1.454526E+001, 7.930009E+000, 2.293236E+000, 4.846043E+000, 7.481279E+000, -9.073611E+000, -3.133400E+001
2.050400E-002, 1.484760E+001, 7.729838E+000, 2.177924E+000, 6.935301E+000, 6.895028E+000, -8.744456E+000, -3.160803E+001
2.051200E-002, 1.511021E+001, 7.856732E+000, 2.423164E+000, 8.443709E+000, 6.604649E+000, -8.355165E+000, -3.189704E+001
2.052000E-002, 1.517586E+001, 7.858520E+000, 2.655411E+000, 9.208045E+000, 6.555675E+000, -7.940473E+000, -3.216116E+001
2.052800E-002, 1.494608E+001, 7.420644E+000, 2.413419E+000, 8.970527E+000, 6.722783E+000, -7.556499E+000, -3.233626E+001
2.053600E-002, 1.462646E+001, 7.064982E+000, 2.039876E+000, 7.847101E+000, 7.051744E+000, -7.200170E+000, -3.247586E+001
2.054400E-002, 1.419973E+001, 6.968471E+000, 1.872593E+000, 6.220496E+000, 7.377956E+000, -6.912012E+000, -3.256796E+001
2.055200E-002, 1.352421E+001, 6.829066E+000, 1.828742E+000, 4.327106E+000, 7.548409E+000, -6.752515E+000, -3.254543E+001
2.056000E-002, 1.299727E+001, 6.709321E+000, 1.872593E+000, 2.243476E+000, 7.489999E+000, -6.685881E+000, -3.245499E+001
2.056800E-002, 1.296790E+001, 6.655703E+000, 1.955422E+000, 1.058137E-001, 7.152319E+000, -6.684345E+000, -3.231244E+001
2.057600E-002, 1.310438E+001, 6.489489E+000, 1.879089E+000, -1.623227E+000, 6.606560E+000, -6.777562E+000, -3.203888E+001
2.058400E-002, 1.293162E+001, 6.185658E+000, 1.606240E+000, -2.399945E+000, 5.989132E+000, -6.918392E+000, -3.165272E+001
2.059200E-002, 1.238222E+001, 5.772804E+000, 1.338262E+000, -2.294132E+000, 5.368719E+000, -7.017517E+000, -3.121031E+001
2.060000E-002, 1.166005E+001, 5.306333E+000, 1.193717E+000, -1.796582E+000, 4.838010E+000, -7.084387E+000, -3.065565E+001
2.060800E-002, 1.105018E+001, 5.011437E+000, 1.200213E+000, -1.099787E+000, 4.418627E+000, -7.139561E+000, -2.996893E+001
2.061600E-002, 1.072020E+001, 4.847011E+000, 1.373993E+000, -2.757911E-001, 3.998409E+000, -7.133890E+000, -2.924306E+001
2.062400E-002, 1.051115E+001, 4.507434E+000, 1.573757E+000, 3.647196E-001, 3.525513E+000, -7.068555E+000, -2.850659E+001
2.063200E-002, 1.023300E+001, 4.057048E+000, 1.671204E+000, 6.123688E-001, 2.986444E+000, -6.972503E+000, -2.772070E+001
2.064000E-002, 9.894371E+000, 3.715684E+000, 1.757281E+000, 3.388290E-001, 2.368777E+000, -6.809934E+000, -2.692880E+001
2.064800E-002, 9.393347E+000, 3.308192E+000, 1.866096E+000, -6.911662E-001, 1.728296E+000, -6.580849E+000, -2.613372E+001
2.065600E-002, 8.678091E+000, 2.650486E+000, 1.986280E+000, -2.387563E+000, 1.147658E+000, -6.315966E+000, -2.525221E+001
2.066400E-002, 8.061313E+000, 1.998141E+000, 2.242889E+000, -4.375510E+000, 6.867077E-001, -5.992718E+000, -2.431610E+001
2.067200E-002, 7.570654E+000, 1.506648E+000, 2.609936E+000, -6.354452E+000, 3.551195E-001, -5.609334E+000, -2.334085E+001
2.068000E-002, 7.045442E+000, 9.150698E-001, 2.890906E+000, -7.871865E+000, 1.387988E-001, -5.225360E+000, -2.224545E+001
2.068800E-002, 6.807023E+000, 1.805118E-001, 3.145891E+000, -8.556277E+000, 6.342699E-002, -4.883682E+000, -2.106809E+001
2.069600E-002, 6.734461E+000, -5.093650E-001, 3.514563E+000, -8.599053E+000, 1.723637E-001, -4.589499E+000, -1.986374E+001
2.070400E-002, 6.304271E+000, -1.208178E+000, 3.819894E+000, -8.292869E+000, 4.319247E-001, -4.375300E+000, -1.858498E+001
2.071200E-002, 5.810157E+000, -1.948098E+000, 3.925461E+000, -7.587069E+000, 7.129862E-001, -4.262589E+000, -1.728417E+001
2.072000E-002, 5.680582E+000, -2.652273E+000, 4.013163E+000, -6.277905E+000, 9.295458E-001, -4.229626E+000, -1.606731E+001
2.072800E-002, 5.609747E+000, -3.383256E+000, 4.221048E+000, -4.316975E+000, 1.071450E+000, -4.283855E+000, -1.488277E+001
2.073600E-002, 5.165736E+000, -4.248283E+000, 4.456543E+000, -1.938417E+000, 1.123649E+000, -4.422204E+000, -1.368277E+001
2.074400E-002, 4.574872E+000, -5.261652E+000, 4.757003E+000, 5.763471E-001, 1.108121E+000, -4.585245E+000, -1.252523E+001
2.075200E-002, 4.488489E+000, -6.305403E+000, 5.150036E+000, 2.976292E+000, 1.072167E+000, -4.737654E+000, -1.135613E+001
2.076000E-002, 4.661256E+000, -7.249069E+000, 5.403396E+000, 4.867431E+000, 1.038124E+000, -4.852491E+000, -1.005945E+001
2.076800E-002, 4.386556E+000, -8.046181E+000, 5.546318E+000, 5.989732E+000, 1.031913E+000, -4.882737E+000, -8.646388E+000
2.077600E-002, 4.113585E+000, -8.659205E+000, 5.882507E+000, 6.280157E+000, 1.051144E+000, -4.817284E+000, -7.110109E+000
2.078400E-002, 4.377918E+000, -9.282954E+000, 6.361618E+000, 5.634018E+000, 1.101551E+000, -4.673500E+000, -5.373851E+000
2.079200E-002, 4.676805E+000, -1.019266E+001, 6.627971E+000, 4.222418E+000, 1.218969E+000, -4.460956E+000, -3.460489E+000
2.080000E-002, 4.635341E+000, -1.116850E+001, 6.647460E+000, 2.495628E+000, 1.349406E+000, -4.194300E+000, -1.439827E+000
2.080800E-002, 4.619792E+000, -1.194238E+001, 6.746531E+000, 7.902259E-001, 1.462763E+000, -3.884876E+000, 6.382591E-001
2.081600E-002, 4.980875E+000, -1.267693E+001, 6.943048E+000, -5.763471E-001, 1.666780E+000, -3.520632E+000, 2.670595E+000
2.082400E-002, 5.414521E+000, -1.343830E+001, 6.999891E+000, -1.401469E+000, 2.019272E+000, -3.108657E+000, 4.579476E+000
2.083200E-002, 5.578649E+000, -1.412996E+001, 7.108706E+000, -1.776320E+000, 2.494437E+000, -2.678251E+000, 6.353466E+000
2.084000E-002, 5.739323E+000, -1.479303E+001, 7.496867E+000, -1.679511E+000, 3.073641E+000, -2.241347E+000, 7.930425E+000
2.084800E-002, 6.200611E+000, -1.551151E+001, 7.912638E+000, -9.849681E-001, 3.694174E+000, -1.817558E+000, 9.261065E+000
2.085600E-002, 6.803568E+000, -1.635151E+001, 8.031198E+000, 5.065551E-002, 4.243397E+000, -1.427203E+000, 1.040929E+001
2.086400E-002, 7.157741E+000, -1.726479E+001, 7.922383E+000, 9.950992E-001, 4.660271E+000, -1.048782E+000, 1.141367E+001
2.087200E-002, 7.318414E+000, -1.805476E+001, 7.972730E+000, 1.546681E+000, 4.966417E+000, -6.649255E-001, 1.227325E+001
2.088000E-002, 7.677769E+000, -1.863561E+001, 8.299175E+000, 1.421731E+000, 5.197310E+000, -3.069432E-001, 1.305807E+001
2.088800E-002, 8.289365E+000, -1.911996E+001, 8.533046E+000, 6.123688E-001, 5.365613E+000, 2.764616E-002, 1.378430E+001
2.089600E-002, 9.023625E+000, -1.965613E+001, 8.599634E+000, -5.256916E-001, 5.463082E+000, 3.762949E-001, 1.439520E+001
2.090400E-002, 9.554020E+000, -2.026022E+001, 8.755548E+000, -1.724539E+000, 5.500589E+000, 7.087577E-001, 1.494797E+001
2.091200E-002, 9.699144E+000, -2.075707E+001, 8.784782E+000, -2.887364E+000, 5.547413E+000, 9.986879E-001, 1.551006E+001
2.092000E-002, 9.923741E+000, -2.106448E+001, 8.578521E+000, -3.950004E+000, 5.635088E+000, 1.299015E+000, 1.602946E+001
2.092800E-002, 1.049906E+001, -2.134865E+001, 8.559031E+000, -4.924841E+000, 5.742711E+000, 1.636204E+000, 1.650217E+001
2.093600E-002, 1.125232E+001, -2.169359E+001, 8.701953E+000, -5.634018E+000, 5.937292E+000, 2.008127E+000, 1.700177E+001
2.094400E-002, 1.200040E+001, -2.199742E+001, 8.651606E+000, -5.667788E+000, 6.250485E+000, 2.458381E+000, 1.753851E+001
2.095200E-002, 1.256535E+001, -2.228159E+001, 8.578521E+000, -4.801016E+000, 6.537877E+000, 2.984958E+000, 1.810649E+001
2.096000E-002, 1.297308E+001, -2.255683E+001, 8.690584E+000, -3.115876E+000, 6.746912E+000, 3.530910E+000, 1.875972E+001
2.096800E-002, 1.332725E+001, -2.261581E+001, 8.641861E+000, -9.399410E-001, 6.985211E+000, 4.101556E+000, 1.951660E+001
2.097600E-002, 1.364169E+001, -2.262474E+001, 8.308920E+000, 1.375578E+000, 7.235096E+000, 4.698902E+000, 2.034081E+001
2.098400E-002, 1.398377E+001, -2.306619E+001, 8.185488E+000, 3.614552E+000, 7.412118E+000, 5.271791E+000, 2.122091E+001
2.099200E-002, 1.422737E+001, -2.361666E+001, 8.320289E+000, 5.465166E+000, 7.551992E+000, 5.800731E+000, 2.212800E+001
2.100000E-002, 1.428265E+001, -2.357020E+001, 8.317040E+000, 6.675270E+000, 7.700228E+000, 6.259610E+000, 2.301447E+001
2.100800E-002, 1.441741E+001, -2.326279E+001, 8.253700E+000, 7.266251E+000, 7.868291E+000, 6.589119E+000, 2.388478E+001
2.101600E-002, 1.467484E+001, -2.331105E+001, 8.227715E+000, 7.130044E+000, 8.090585E+000, 6.790204E+000, 2.472089E+001
2.102400E-002, 1.492189E+001, -2.347011E+001, 8.078297E+000, 6.067404E+000, 8.348234E+000, 6.897480E+000, 2.545761E+001
2.103200E-002, 1.526916E+001, -2.349513E+001, 7.917511E+000, 4.226921E+000, 8.592267E+000, 6.911894E+000, 2.608243E+001
2.104000E-002, 1.560951E+001, -2.360952E+001, 7.906142E+000, 1.944046E+000, 8.825310E+000, 6.851049E+000, 2.660973E+001
2.104800E-002, 1.561469E+001, -2.374713E+001, 7.904518E+000, -4.604023E-001, 9.006752E+000, 6.757950E+000, 2.702525E+001
2.105600E-002, 1.537282E+001, -2.365420E+001, 7.789206E+000, -2.505759E+000, 9.076987E+000, 6.645475E+000, 2.734939E+001
2.106400E-002, 1.530544E+001, -2.340934E+001, 7.774589E+000, -3.811545E+000, 9.063728E+000, 6.523312E+000, 2.762319E+001
2.107200E-002, 1.545574E+001, -2.322526E+001, 7.886652E+000, -4.473444E+000, 8.991821E+000, 6.415208E+000, 2.785866E+001
2.108000E-002, 1.541428E+001, -2.305368E+001, 7.906142E+000, -4.590514E+000, 8.854456E+000, 6.331325E+000, 2.809979E+001
2.108800E-002, 1.518795E+001, -2.278738E+001, 7.946744E+000, -3.981523E+000, 8.666922E+000, 6.292927E+000, 2.838490E+001
2.109600E-002, 1.504801E+001, -2.246925E+001, 8.045815E+000, -2.764665E+000, 8.461351E+000, 6.335696E+000, 2.867874E+001
2.110400E-002, 1.486661E+001, -2.212789E+001, 8.016581E+000, -1.311415E+000, 8.317297E+000, 6.457032E+000, 2.898000E+001
2.111200E-002, 1.453144E+001, -2.178831E+001, 7.941872E+000, 1.722287E-001, 8.288510E+000, 6.623027E+000, 2.932419E+001
2.112000E-002, 1.416517E+001, -2.142371E+001, 7.928879E+000, 1.389086E+000, 8.276207E+000, 6.818913E+000, 2.966047E+001
2.112800E-002, 1.375917E+001, -2.098405E+001, 8.021453E+000, 1.890013E+000, 8.174437E+000, 7.017398E+000, 2.992896E+001
2.113600E-002, 1.311821E+001, -2.066235E+001, 8.182240E+000, 1.516288E+000, 8.004701E+000, 7.159173E+000, 3.015111E+001
2.114400E-002, 1.234075E+001, -2.054975E+001, 8.156254E+000, 4.457684E-001, 7.763296E+000, 7.231360E+000, 3.030887E+001
2.115200E-002, 1.187083E+001, -2.033171E+001, 7.930503E+000, -1.183087E+000, 7.391215E+000, 7.256999E+000, 3.034885E+001
2.116000E-002, 1.158231E+001, -1.985094E+001, 7.876908E+000, -3.294859E+000, 6.912706E+000, 7.221200E+000, 3.031783E+001
2.116800E-002, 1.097244E+001, -1.933979E+001, 8.071800E+000, -5.538335E+000, 6.306865E+000, 7.112860E+000, 3.028305E+001
2.117600E-002, 1.031074E+001, -1.883221E+001, 8.130268E+000, -7.323660E+000, 5.439551E+000, 6.961397E+000, 3.025027E+001
2.118400E-002, 9.873639E+000, -1.823348E+001, 8.000340E+000, -8.151033E+000, 4.354006E+000, 6.785359E+000, 3.024355E+001
2.119200E-002, 9.263771E+000, -1.775093E+001, 8.019829E+000, -7.921395E+000, 3.217576E+000, 6.585220E+000, 3.031536E+001
2.120000E-002, 8.456949E+000, -1.739884E+001, 8.032822E+000, -7.001717E+000, 2.140273E+000, 6.393824E+000, 3.048032E+001
2.120800E-002, 7.821166E+000, -1.683407E+001, 7.774589E+000, -5.753340E+000, 1.338178E+000, 6.241416E+000, 3.070919E+001
2.121600E-002, 7.169834E+000, -1.603874E+001, 7.597562E+000, -4.225795E+000, 9.732639E-001, 6.120316E+000, 3.097437E+001
2.122400E-002, 6.250713E+000, -1.545789E+001, 7.599186E+000, -2.473114E+000, 1.027493E+000, 6.048247E+000, 3.121774E+001
2.123200E-002, 5.431797E+000, -1.513440E+001, 7.449768E+000, -5.774727E-001, 1.518545E+000, 6.026508E+000, 3.136030E+001
2.124000E-002, 4.830568E+000, -1.456605E+001, 7.295478E+000, 1.536550E+000, 2.401506E+000, 6.000988E+000, 3.140522E+001
2.124800E-002, 4.141227E+000, -1.381898E+001, 7.279237E+000, 3.607798E+000, 3.535428E+000, 5.961291E+000, 3.135594E+001
2.125600E-002, 3.451886E+000, -1.325779E+001, 7.042118E+000, 4.902327E+000, 4.784736E+000, 5.924902E+000, 3.116173E+001
2.126400E-002, 2.826470E+000, -1.261259E+001, 6.653957E+000, 5.140971E+000, 5.925825E+000, 5.866656E+000, 3.084490E+001
2.127200E-002, 1.993732E+000, -1.189769E+001, 6.485050E+000, 4.755989E+000, 6.739864E+000, 5.774266E+000, 3.045367E+001
2.128000E-002, 1.098799E+000, -1.160816E+001, 6.381107E+000, 4.161631E+000, 7.114095E+000, 5.661910E+000, 2.998025E+001
2.128800E-002, 4.388284E-001, -1.149556E+001, 6.247931E+000, 3.374782E+000, 6.963352E+000, 5.502531E+000, 2.945849E+001
2.129600E-002, -2.176865E-001, -1.094688E+001, 6.179718E+000, 2.219837E+000, 6.305192E+000, 5.277581E+000, 2.892718E+001
2.130400E-002, -1.065973E+000, -1.014262E+001, 6.059535E+000, 7.812204E-001, 5.308158E+000, 5.055112E+000, 2.833408E+001
2.131200E-002, -1.864157E+000, -9.542105E+000, 5.876011E+000, -5.121834E-001, 4.178656E+000, 4.869032E+000, 2.767330E+001
2.132000E-002, -2.489574E+000, -9.079208E+000, 5.734714E+000, -1.390212E+000, 3.100397E+000, 4.690513E+000, 2.699082E+001
2.132800E-002, -3.197919E+000, -8.575205E+000, 5.645388E+000, -1.869751E+000, 2.203341E+000, 4.588908E+000, 2.620128E+001
2.133600E-002, -3.932179E+000, -8.146266E+000, 5.468360E+000, -1.856243E+000, 1.558321E+000, 4.632267E+000, 2.523900E+001
2.134400E-002, -4.398650E+000, -7.745923E+000, 5.104561E+000, -1.329426E+000, 1.202843E+000, 4.764355E+000, 2.420609E+001
2.135200E-002, -4.882398E+000, -7.259792E+000, 4.774868E+000, -5.684673E-001, 1.151481E+000, 4.994385E+000, 2.312672E+001
2.136000E-002, -5.493993E+000, -6.836215E+000, 4.662805E+000, 1.992450E-001, 1.453565E+000, 5.390410E+000, 2.196104E+001
2.136800E-002, -5.822251E+000, -6.591362E+000, 4.721272E+000, 7.406961E-001, 2.187694E+000, 5.900801E+000, 2.085620E+001
2.137600E-002, -6.048576E+000, -6.221402E+000, 4.911293E+000, 8.059854E-001, 3.334755E+000, 6.471800E+000, 1.993071E+001
2.138400E-002, -6.606614E+000, -5.504717E+000, 5.023356E+000, 5.380740E-001, 4.724773E+000, 7.101164E+000, 1.911582E+001
2.139200E-002, -7.508458E+000, -4.913138E+000, 4.854449E+000, 1.823598E-001, 6.090425E+000, 7.686104E+000, 1.844171E+001
2.140000E-002, -8.410302E+000, -4.662924E+000, 4.716400E+000, -4.086211E-001, 7.196157E+000, 8.130924E+000, 1.796346E+001
2.140800E-002, -8.705733E+000, -4.425220E+000, 4.865818E+000, -1.250628E+000, 7.940319E+000, 8.463033E+000, 1.753933E+001
2.141600E-002, -8.237535E+000, -4.226836E+000, 4.828463E+000, -1.865248E+000, 8.325539E+000, 8.674632E+000, 1.710188E+001
2.142400E-002, -7.498092E+000, -4.008792E+000, 4.458168E+000, -2.154547E+000, 8.418111E+000, 8.743983E+000, 1.672267E+001
2.143200E-002, -7.002250E+000, -3.533385E+000, 4.299005E+000, -2.439344E+000, 8.276207E+000, 8.752608E+000, 1.632979E+001
2.144000E-002, -7.022982E+000, -3.015084E+000, 4.308750E+000, -2.571048E+000, 7.954055E+000, 8.755444E+000, 1.584104E+001
2.144800E-002, -7.503274E+000, -2.666571E+000, 4.212928E+000, -2.254733E+000, 7.556890E+000, 8.727679E+000, 1.532671E+001
2.145600E-002, -8.056129E+000, -2.450314E+000, 4.212928E+000, -1.541053E+000, 7.137746E+000, 8.717992E+000, 1.477511E+001
2.146400E-002, -8.410302E+000, -2.257291E+000, 4.329863E+000, -6.607729E-001, 6.714183E+000, 8.809791E+000, 1.414464E+001
2.147200E-002, -8.688457E+000, -1.924864E+000, 4.445175E+000, 2.082504E-001, 6.340788E+000, 8.972833E+000, 1.356557E+001
2.148000E-002, -8.831854E+000, -1.628181E+000, 4.579975E+000, 9.602032E-001, 6.024131E+000, 9.191166E+000, 1.310948E+001
2.148800E-002, -8.621078E+000, -1.631755E+000, 4.662805E+000, 1.211229E+000, 5.723719E+000, 9.488421E+000, 1.273240E+001
2.149600E-002, -8.178794E+000, -1.562053E+000, 4.709904E+000, 6.517675E-001, 5.428801E+000, 9.797846E+000, 1.249658E+001
2.150400E-002, -7.833260E+000, -1.140263E+000, 4.724521E+000, -1.924909E-001, 5.149173E+000, 1.008021E+001, 1.244729E+001
2.151200E-002, -7.831532E+000, -7.202600E-001, 4.539372E+000, -7.193081E-001, 4.933807E+000, 1.035668E+001, 1.249870E+001
2.152000E-002, -7.893728E+000, -4.879181E-001, 4.224296E+000, -1.114421E+000, 4.898212E+000, 1.058919E+001, 1.262498E+001
2.152800E-002, -7.600024E+000, -5.075778E-001, 4.057014E+000, -1.600714E+000, 5.124686E+000, 1.073084E+001, 1.283793E+001
2.153600E-002, -7.128370E+000, -5.987273E-001, 4.079751E+000, -2.021718E+000, 5.622427E+000, 1.077928E+001, 1.303107E+001
2.154400E-002, -6.705091E+000, -2.108950E-001, 4.138219E+000, -2.274995E+000, 6.305312E+000, 1.069292E+001, 1.315099E+001
2.155200E-002, -6.523685E+000, 4.325135E-001, 4.139843E+000, -2.179312E+000, 6.982344E+000, 1.040795E+001, 1.324744E+001
2.156000E-002, -6.870947E+000, 7.166855E-001, 4.032652E+000, -1.527545E+000, 7.477457E+000, 9.932768E+000, 1.323813E+001
2.156800E-002, -7.328780E+000, 7.774519E-001, 3.811774E+000, -6.562702E-001, 7.681355E+000, 9.296906E+000, 1.304369E+001
2.157600E-002, -7.378882E+000, 1.000858E+000, 3.659108E+000, -1.125678E-001, 7.567760E+000, 8.521869E+000, 1.275575E+001
2.158400E-002, -7.254490E+000, 1.317200E+000, 3.782540E+000, 4.390144E-002, 7.172386E+000, 7.688231E+000, 1.240944E+001
2.159200E-002, -7.035076E+000, 1.447669E+000, 4.008290E+000, -1.801085E-002, 6.522230E+000, 6.902678E+000, 1.198531E+001
2.160000E-002, -6.477038E+000, 1.610308E+000, 3.975808E+000, -9.117991E-002, 5.657186E+000, 6.198528E+000, 1.159101E+001
2.160800E-002, -5.925911E+000, 2.073205E+000, 3.754930E+000, 0.000000E+000, 4.631365E+000, 5.581098E+000, 1.130142E+001
2.161600E-002, -5.941460E+000, 2.514655E+000, 3.637995E+000, -8.104881E-002, 3.527425E+000, 5.095990E+000, 1.106630E+001
2.162400E-002, -6.269718E+000, 2.702316E+000, 3.412244E+000, -6.810351E-001, 2.499214E+000, 4.738244E+000, 1.089556E+001
2.163200E-002, -6.449395E+000, 2.820274E+000, 2.907147E+000, -1.523042E+000, 1.682667E+000, 4.466036E+000, 1.082104E+001
2.164000E-002, -6.623890E+000, 3.113382E+000, 2.611560E+000, -2.270492E+000, 1.156497E+000, 4.308902E+000, 1.075383E+001
2.164800E-002, -6.796657E+000, 3.633471E+000, 2.702510E+000, -2.889615E+000, 9.855670E-001, 4.266133E+000, 1.063120E+001
2.165600E-002, -6.755193E+000, 4.141048E+000, 2.743113E+000, -3.246455E+000, 1.191496E+000, 4.276530E+000, 1.046235E+001
2.166400E-002, -6.654988E+000, 4.405560E+000, 2.614809E+000, -3.132761E+000, 1.715634E+000, 4.336666E+000, 1.018915E+001
2.167200E-002, -6.637712E+000, 4.532455E+000, 2.527107E+000, -2.666731E+000, 2.404373E+000, 4.426812E+000, 9.796033E+000
2.168000E-002, -6.608341E+000, 4.780882E+000, 2.575830E+000, -2.161302E+000, 3.124765E+000, 4.484939E+000, 9.345018E+000
2.168800E-002, -6.661899E+000, 5.193736E+000, 2.728496E+000, -1.636736E+000, 3.827956E+000, 4.497227E+000, 8.824435E+000
2.169600E-002, -7.033348E+000, 5.679867E+000, 2.819446E+000, -8.408814E-001, 4.378613E+000, 4.427639E+000, 8.247845E+000
2.170400E-002, -7.669131E+000, 6.099870E+000, 2.812949E+000, 9.568262E-002, 4.683922E+000, 4.210841E+000, 7.692006E+000
2.171200E-002, -8.263450E+000, 6.257147E+000, 2.899027E+000, 6.956689E-001, 4.749499E+000, 3.835727E+000, 7.152793E+000
2.172000E-002, -8.726465E+000, 6.271445E+000, 2.889282E+000, 9.320613E-001, 4.476321E+000, 3.340696E+000, 6.571132E+000
2.172800E-002, -9.135923E+000, 6.560979E+000, 2.592071E+000, 1.008607E+000, 3.907270E+000, 2.764261E+000, 5.895731E+000
2.173600E-002, -9.296597E+000, 7.140047E+000, 2.415044E+000, 8.825315E-001, 3.246363E+000, 2.142577E+000, 5.098408E+000
2.174400E-002, -9.130740E+000, 7.626177E+000, 2.366321E+000, 5.932323E-001, 2.610062E+000, 1.574413E+000, 4.154167E+000
2.175200E-002, -9.089276E+000, 7.894264E+000, 2.004145E+000, 3.106871E-001, 2.143737E+000, 1.148970E+000, 3.045674E+000
2.176000E-002, -9.332878E+000, 8.182011E+000, 1.510417E+000, 1.711030E-001, 1.945572E+000, 8.774701E-001, 1.829527E+000
2.176800E-002, -9.600667E+000, 8.555545E+000, 1.312277E+000, 3.320750E-001, 1.943542E+000, 7.848437E-001, 5.593758E-001
2.177600E-002, -9.961750E+000, 8.791462E+000, 1.482808E+000, 7.834718E-001, 2.068604E+000, 8.860948E-001, -7.416681E-001
2.178400E-002, -1.053534E+001, 8.907633E+000, 1.778395E+000, 1.382332E+000, 2.328165E+000, 1.142944E+000, -1.993189E+000
2.179200E-002, -1.117285E+001, 9.156060E+000, 1.867720E+000, 2.083630E+000, 2.736916E+000, 1.526682E+000, -3.116303E+000
2.180000E-002, -1.190193E+001, 9.606446E+000, 1.921316E+000, 2.739900E+000, 3.255441E+000, 2.016515E+000, -4.096861E+000
2.180800E-002, -1.272430E+001, 1.007470E+001, 2.312725E+000, 3.171035E+000, 3.801797E+000, 2.560578E+000, -4.942410E+000
2.181600E-002, -1.327024E+001, 1.038390E+001, 2.717127E+000, 3.387165E+000, 4.281382E+000, 3.078648E+000, -5.663444E+000
2.182400E-002, -1.352421E+001, 1.071096E+001, 2.515738E+000, 3.311744E+000, 4.583585E+000, 3.497357E+000, -6.316324E+000
2.183200E-002, -1.385592E+001, 1.113275E+001, 1.979784E+000, 3.065221E+000, 4.668036E+000, 3.775473E+000, -6.983471E+000
2.184000E-002, -1.419800E+001, 1.127216E+001, 1.879089E+000, 3.064095E+000, 4.603414E+000, 3.908978E+000, -7.698963E+000
2.184800E-002, -1.428438E+001, 1.126322E+001, 2.051244E+000, 3.184543E+000, 4.482174E+000, 3.925400E+000, -8.483434E+000
2.185600E-002, -1.447443E+001, 1.151344E+001, 1.989528E+000, 2.845714E+000, 4.391274E+000, 3.847069E+000, -9.360465E+000
2.186400E-002, -1.509293E+001, 1.170825E+001, 1.981408E+000, 1.975565E+000, 4.405608E+000, 3.695015E+000, -1.029433E+001
2.187200E-002, -1.565615E+001, 1.164927E+001, 2.194165E+000, 1.009733E+000, 4.538195E+000, 3.503146E+000, -1.124694E+001
2.188000E-002, -1.598787E+001, 1.168323E+001, 2.264002E+000, 2.656600E-001, 4.757143E+000, 3.309269E+000, -1.222844E+001
2.188800E-002, -1.651653E+001, 1.193344E+001, 2.231520E+000, -2.048734E-001, 5.007149E+000, 3.141974E+000, -1.319686E+001
2.189600E-002, -1.719205E+001, 1.223012E+001, 2.389058E+000, -5.864782E-001, 5.221439E+000, 3.004334E+000, -1.408556E+001
2.190400E-002, -1.768617E+001, 1.248391E+001, 2.520611E+000, -1.160574E+000, 5.381021E+000, 2.909463E+000, -1.491095E+001
2.191200E-002, -1.799024E+001, 1.272340E+001, 2.364697E+000, -1.909150E+000, 5.508473E+000, 2.863504E+000, -1.567313E+001
2.192000E-002, -1.817510E+001, 1.285387E+001, 2.153563E+000, -2.368426E+000, 5.651572E+000, 2.841056E+000, -1.633344E+001
2.192800E-002, -1.829085E+001, 1.285208E+001, 2.181173E+000, -2.268241E+000, 5.859053E+000, 2.842592E+000, -1.693621E+001
2.193600E-002, -1.842388E+001, 1.293072E+001, 2.411795E+000, -1.948548E+000, 6.110133E+000, 2.871656E+000, -1.753061E+001
2.194400E-002, -1.859492E+001, 1.306477E+001, 2.567709E+000, -1.684014E+000, 6.351299E+000, 2.892686E+000, -1.808302E+001
2.195200E-002, -1.875905E+001, 1.313804E+001, 2.544972E+000, -1.463381E+000, 6.578012E+000, 2.885479E+000, -1.859323E+001
2.196000E-002, -1.886962E+001, 1.325600E+001, 2.505994E+000, -1.431862E+000, 6.786927E+000, 2.859960E+000, -1.912065E+001
2.196800E-002, -1.895946E+001, 1.328817E+001, 2.382562E+000, -1.751555E+000, 6.892041E+000, 2.804313E+000, -1.965916E+001
2.197600E-002, -1.911322E+001, 1.307192E+001, 2.052868E+000, -2.262613E+000, 6.773907E+000, 2.705779E+000, -2.016642E+001
2.198400E-002, -1.929808E+001, 1.285387E+001, 1.825494E+000, -2.688119E+000, 6.333382E+000, 2.577827E+000, -2.066247E+001
2.199200E-002, -1.929117E+001, 1.275915E+001, 1.961918E+000, -3.151898E+000, 5.503098E+000, 2.404861E+000, -2.116336E+001
2.200000E-002, -1.910286E+001, 1.267693E+001, 2.207158E+000, -3.930867E+000, 4.355798E+000, 2.154983E+000, -2.163006E+001
2.200800E-002, -1.911150E+001, 1.258221E+001, 2.247761E+000, -4.798765E+000, 3.143399E+000, 1.863044E+000, -2.202613E+001
2.201600E-002, -1.930154E+001, 1.239812E+001, 2.189293E+000, -5.183747E+000, 2.119250E+000, 1.597097E+000, -2.233305E+001
2.202400E-002, -1.929636E+001, 1.217293E+001, 2.260754E+000, -4.668186E+000, 1.397424E+000, 1.383135E+000, -2.254247E+001
2.203200E-002, -1.907694E+001, 1.207463E+001, 2.350080E+000, -3.217187E+000, 9.922561E-001, 1.217376E+000, -2.266226E+001
2.204000E-002, -1.882297E+001, 1.191557E+001, 2.350080E+000, -1.245000E+000, 8.670744E-001, 1.104547E+000, -2.271450E+001
2.204800E-002, -1.844289E+001, 1.149914E+001, 2.415044E+000, 7.035487E-001, 9.530771E-001, 1.043347E+000, -2.273301E+001
2.205600E-002, -1.784857E+001, 1.099514E+001, 2.484880E+000, 2.428087E+000, 1.200215E+000, 1.016646E+000, -2.276697E+001
2.206400E-002, -1.742010E+001, 1.055547E+001, 2.447526E+000, 3.904977E+000, 1.601920E+000, 1.036022E+000, -2.286566E+001
2.207200E-002, -1.729744E+001, 1.016585E+001, 2.488128E+000, 4.960863E+000, 2.159265E+000, 1.113880E+000, -2.302767E+001
2.208000E-002, -1.707975E+001, 9.847724E+000, 2.512490E+000, 5.384117E+000, 2.835342E+000, 1.220330E+000, -2.320537E+001
2.208800E-002, -1.670140E+001, 9.651127E+000, 2.350080E+000, 5.111703E+000, 3.529097E+000, 1.346037E+000, -2.338601E+001
2.209600E-002, -1.631267E+001, 9.381253E+000, 2.380938E+000, 4.213412E+000, 4.109376E+000, 1.493483E+000, -2.356818E+001
2.210400E-002, -1.591012E+001, 8.757504E+000, 2.611560E+000, 2.878358E+000, 4.505466E+000, 1.624980E+000, -2.368904E+001
2.211200E-002, -1.547993E+001, 8.087287E+000, 2.585575E+000, 1.449873E+000, 4.707214E+000, 1.722568E+000, -2.370885E+001
2.212000E-002, -1.496509E+001, 7.790604E+000, 2.450774E+000, 2.037477E-001, 4.690850E+000, 1.801254E+000, -2.367407E+001
2.212800E-002, -1.435695E+001, 7.513581E+000, 2.601816E+000, -8.521382E-001, 4.430453E+000, 1.857491E+000, -2.363657E+001
2.213600E-002, -1.379027E+001, 6.925577E+000, 2.944502E+000, -1.738047E+000, 3.957438E+000, 1.886673E+000, -2.363009E+001
2.214400E-002, -1.341536E+001, 6.464468E+000, 3.167004E+000, -2.270492E+000, 3.361630E+000, 1.908766E+000, -2.368775E+001
2.215200E-002, -1.311129E+001, 6.239275E+000, 3.171876E+000, -2.296383E+000, 2.765226E+000, 1.944328E+000, -2.380625E+001
2.216000E-002, -1.260163E+001, 5.685229E+000, 3.084175E+000, -1.964308E+000, 2.304275E+000, 2.008363E+000, -2.395340E+001
2.216800E-002, -1.196930E+001, 4.895266E+000, 3.084175E+000, -1.463381E+000, 2.085088E+000, 2.126273E+000, -2.410858E+001
2.217600E-002, -1.154602E+001, 4.385901E+000, 3.231968E+000, -8.093624E-001, 2.124386E+000, 2.318733E+000, -2.424300E+001
2.218400E-002, -1.128342E+001, 3.956962E+000, 3.473960E+000, -1.024367E-001, 2.380722E+000, 2.582080E+000, -2.430077E+001
2.219200E-002, -1.074093E+001, 3.299256E+000, 3.714327E+000, 4.198779E-001, 2.822561E+000, 2.910408E+000, -2.426964E+001
2.220000E-002, -9.878822E+000, 2.505718E+000, 3.854001E+000, 6.495162E-001, 3.395434E+000, 3.303125E+000, -2.419618E+001
2.220800E-002, -9.286231E+000, 1.715756E+000, 3.961191E+000, 6.877892E-001, 4.049294E+000, 3.725142E+000, -2.406943E+001
2.221600E-002, -9.097915E+000, 1.093794E+000, 4.156084E+000, 5.707187E-001, 4.770641E+000, 4.119868E+000, -2.384186E+001
2.222400E-002, -8.781751E+000, 5.933656E-001, 4.316870E+000, 3.489602E-002, 5.450660E+000, 4.476787E+000, -2.357019E+001
2.223200E-002, -8.287637E+000, 1.965970E-002, 4.376962E+000, -8.600179E-001, 5.910296E+000, 4.815393E+000, -2.334014E+001
2.224000E-002, -7.876451E+000, -5.325992E-001, 4.550741E+000, -1.423983E+000, 6.064982E+000, 5.115248E+000, -2.315738E+001
2.224800E-002, -7.479087E+000, -1.068773E+000, 4.761875E+000, -1.168454E+000, 5.929408E+000, 5.343624E+000, -2.303440E+001
2.225600E-002, -7.105910E+000, -1.755075E+000, 4.742386E+000, -2.273869E-001, 5.588861E+000, 5.526042E+000, -2.300775E+001
2.226400E-002, -6.705091E+000, -2.416356E+000, 4.737514E+000, 9.241815E-001, 5.143200E+000, 5.691092E+000, -2.304536E+001
2.227200E-002, -6.262807E+000, -2.907849E+000, 4.984377E+000, 1.870877E+000, 4.640562E+000, 5.834403E+000, -2.308982E+001
2.228000E-002, -5.996746E+000, -3.417214E+000, 5.172773E+000, 2.623955E+000, 4.156319E+000, 5.993545E+000, -2.312212E+001
2.228800E-002, -5.794608E+000, -3.976622E+000, 5.151660E+000, 3.347766E+000, 3.808845E+000, 6.214833E+000, -2.310420E+001
2.229600E-002, -5.464623E+000, -4.612881E+000, 5.193887E+000, 3.917359E+000, 3.639825E+000, 6.498619E+000, -2.299324E+001
2.230400E-002, -5.158825E+000, -5.372461E+000, 5.396900E+000, 4.219041E+000, 3.599213E+000, 6.839234E+000, -2.280234E+001
2.231200E-002, -5.020612E+000, -5.958677E+000, 5.517084E+000, 4.303466E+000, 3.637556E+000, 7.229470E+000, -2.255591E+001
2.232000E-002, -4.897947E+000, -6.316126E+000, 5.471609E+000, 4.028801E+000, 3.749240E+000, 7.633530E+000, -2.225323E+001
2.232800E-002, -4.662984E+000, -6.771874E+000, 5.411517E+000, 3.299362E+000, 3.951346E+000, 8.014432E+000, -2.190173E+001
2.233600E-002, -4.448752E+000, -7.302686E+000, 5.426134E+000, 2.435967E+000, 4.250564E+000, 8.359773E+000, -2.151439E+001
2.234400E-002, -4.208606E+000, -7.769157E+000, 5.557686E+000, 1.762812E+000, 4.619061E+000, 8.647813E+000, -2.109674E+001
2.235200E-002, -3.975371E+000, -8.321416E+000, 5.736338E+000, 1.254005E+000, 4.997832E+000, 8.854332E+000, -2.067804E+001
2.236000E-002, -3.982281E+000, -8.952313E+000, 5.903621E+000, 8.172421E-001, 5.328226E+000, 8.990318E+000, -2.028551E+001
2.236800E-002, -4.011652E+000, -9.404487E+000, 6.105010E+000, 3.692223E-001, 5.609048E+000, 9.075620E+000, -1.990017E+001
2.237600E-002, -3.914902E+000, -9.708319E+000, 6.264172E+000, -1.913652E-001, 5.906474E+000, 9.116143E+000, -1.949608E+001
2.238400E-002, -3.992647E+000, -1.006219E+001, 6.195960E+000, -7.339420E-001, 6.280108E+000, 9.128194E+000, -1.907077E+001
2.239200E-002, -4.246615E+000, -1.031062E+001, 5.919862E+000, -1.124552E+000, 6.719080E+000, 9.139891E+000, -1.863426E+001
2.240000E-002, -4.377918E+000, -1.045181E+001, 5.793181E+000, -1.481392E+000, 7.165219E+000, 9.163165E+000, -1.820400E+001
2.240800E-002, -4.388284E+000, -1.088969E+001, 5.986450E+000, -1.856243E+000, 7.548170E+000, 9.182187E+000, -1.777339E+001
2.241600E-002, -4.462574E+000, -1.142944E+001, 6.143988E+000, -2.261487E+000, 7.777988E+000, 9.179824E+000, -1.732379E+001
2.242400E-002, -4.517859E+000, -1.172791E+001, 6.111506E+000, -2.842337E+000, 7.781094E+000, 9.157140E+000, -1.689081E+001
2.243200E-002, -4.491944E+000, -1.213897E+001, 6.140740E+000, -3.519995E+000, 7.537539E+000, 9.099484E+000, -1.649227E+001
2.244000E-002, -4.631886E+000, -1.262689E+001, 6.236562E+000, -4.146997E+000, 7.094148E+000, 8.989491E+000, -1.607191E+001
2.244800E-002, -4.849572E+000, -1.275200E+001, 6.194335E+000, -4.811147E+000, 6.523543E+000, 8.852087E+000, -1.561194E+001
2.245600E-002, -4.842661E+000, -1.276987E+001, 6.119627E+000, -5.421265E+000, 5.882943E+000, 8.733705E+000, -1.513628E+001
2.246400E-002, -4.783921E+000, -1.307370E+001, 6.182967E+000, -5.742083E+000, 5.274713E+000, 8.664590E+000, -1.463327E+001
2.247200E-002, -4.892764E+000, -1.345617E+001, 6.195960E+000, -5.639646E+000, 4.779242E+000, 8.642851E+000, -1.408014E+001
2.248000E-002, -5.018884E+000, -1.366886E+001, 6.038421E+000, -4.994633E+000, 4.375387E+000, 8.662699E+000, -1.349388E+001
2.248800E-002, -5.005063E+000, -1.380826E+001, 5.949096E+000, -3.848693E+000, 4.038663E+000, 8.717046E+000, -1.290868E+001
2.249600E-002, -4.930773E+000, -1.399592E+001, 6.062783E+000, -2.540655E+000, 3.797497E+000, 8.779073E+000, -1.231947E+001
2.250400E-002, -4.984331E+000, -1.423720E+001, 6.246307E+000, -1.437491E+000, 3.713764E+000, 8.829758E+000, -1.172366E+001
2.251200E-002, -5.170919E+000, -1.444273E+001, 6.368114E+000, -5.414510E-001, 3.808725E+000, 8.858467E+000, -1.112443E+001
2.252000E-002, -5.278035E+000, -1.462682E+001, 6.423334E+000, 2.892992E-001, 4.061358E+000, 8.853269E+000, -1.050787E+001
2.252800E-002, -5.297039E+000, -1.490920E+001, 6.348625E+000, 9.624546E-001, 4.467721E+000, 8.809909E+000, -9.882816E+000
2.253600E-002, -5.386878E+000, -1.513976E+001, 6.200832E+000, 1.336180E+000, 4.983259E+000, 8.725199E+000, -9.256466E+000
2.254400E-002, -5.411065E+000, -1.516121E+001, 6.182967E+000, 1.282147E+000, 5.523284E+000, 8.592166E+000, -8.620919E+000
2.255200E-002, -5.307405E+000, -1.520589E+001, 6.191087E+000, 7.001716E-001, 6.054112E+000, 8.426880E+000, -7.989852E+000
2.256000E-002, -5.241754E+000, -1.537389E+001, 6.119627E+000, -2.217585E-001, 6.589479E+000, 8.248834E+000, -7.384019E+000
2.256800E-002, -5.196834E+000, -1.549006E+001, 6.178094E+000, -1.131306E+000, 7.112304E+000, 8.041251E+000, -6.774413E+000
2.257600E-002, -5.222749E+000, -1.561517E+001, 6.312895E+000, -1.766189E+000, 7.541003E+000, 7.811812E+000, -6.140752E+000
2.258400E-002, -5.459440E+000, -1.587789E+001, 6.312895E+000, -2.098264E+000, 7.777391E+000, 7.601275E+000, -5.529613E+000
2.259200E-002, -5.727229E+000, -1.619245E+001, 6.295030E+000, -2.413453E+000, 7.752666E+000, 7.410706E+000, -4.951725E+000
2.260000E-002, -5.820523E+000, -1.631934E+001, 6.377859E+000, -2.852468E+000, 7.447356E+000, 7.239749E+000, -4.368060E+000
2.260800E-002, -5.678854E+000, -1.617279E+001, 6.397348E+000, -3.244204E+000, 6.922740E+000, 7.124084E+000, -3.773546E+000
2.261600E-002, -5.329865E+000, -1.609057E+001, 6.228442E+000, -3.505361E+000, 6.344968E+000, 7.099628E+000, -3.164293E+000
2.262400E-002, -5.094902E+000, -1.630862E+001, 5.979953E+000, -3.557142E+000, 5.947325E+000, 7.177486E+000, -2.498797E+000
2.263200E-002, -5.093174E+000, -1.660888E+001, 5.729841E+000, -3.339886E+000, 5.862398E+000, 7.358958E+000, -1.745455E+000
2.264000E-002, -4.785648E+000, -1.678939E+001, 5.512211E+000, -3.107997E+000, 5.982085E+000, 7.651842E+000, -9.341009E-001
2.264800E-002, -4.319177E+000, -1.679475E+001, 5.536573E+000, -3.166532E+000, 6.128887E+000, 8.047986E+000, -1.234541E-001
2.265600E-002, -4.422837E+000, -1.672683E+001, 5.837032E+000, -3.413055E+000, 6.293367E+000, 8.513363E+000, 6.640818E-001
2.266400E-002, -4.550685E+000, -1.685194E+001, 5.997818E+000, -3.566148E+000, 6.545044E+000, 9.004849E+000, 1.424498E+000
2.267200E-002, -4.099763E+000, -1.715041E+001, 5.879259E+000, -3.647196E+000, 6.885113E+000, 9.482750E+000, 2.134801E+000
2.268000E-002, -3.747318E+000, -1.728803E+001, 5.724969E+000, -3.723742E+000, 7.311543E+000, 9.922372E+000, 2.780017E+000
2.268800E-002, -3.883804E+000, -1.728267E+001, 5.557686E+000, -3.757513E+000, 7.821229E+000, 1.029548E+001, 3.387265E+000
2.269600E-002, -3.911447E+000, -1.738454E+001, 5.455368E+000, -3.719240E+000, 8.331272E+000, 1.057430E+001, 3.989679E+000
2.270400E-002, -3.318856E+000, -1.745067E+001, 5.500843E+000, -3.460334E+000, 8.778128E+000, 1.076369E+001, 4.581245E+000
2.271200E-002, -2.582868E+000, -1.733986E+001, 5.427758E+000, -3.038205E+000, 9.162154E+000, 1.087026E+001, 5.151940E+000
2.272000E-002, -2.394552E+000, -1.736131E+001, 5.211752E+000, -2.500131E+000, 9.411800E+000, 1.088373E+001, 5.728767E+000
2.272800E-002, -2.627787E+000, -1.764012E+001, 5.016860E+000, -1.542179E+000, 9.387553E+000, 1.081603E+001, 6.332950E+000
2.273600E-002, -2.947407E+000, -1.782420E+001, 4.833335E+000, -3.534628E-001, 8.994688E+000, 1.070225E+001, 6.936306E+000
2.274400E-002, -3.063160E+000, -1.773484E+001, 4.651436E+000, 5.707187E-001, 8.228786E+000, 1.056178E+001, 7.509242E+000
2.275200E-002, -2.696894E+000, -1.759543E+001, 4.521507E+000, 1.377830E+000, 7.188272E+000, 1.040027E+001, 8.067203E+000
2.276000E-002, -2.150950E+000, -1.765799E+001, 4.472785E+000, 2.277246E+000, 6.022578E+000, 1.024397E+001, 8.613727E+000
2.276800E-002, -1.736309E+000, -1.783492E+001, 4.420813E+000, 2.954905E+000, 4.872172E+000, 1.011566E+001, 9.119805E+000
2.277600E-002, -1.212825E+000, -1.786888E+001, 4.308750E+000, 3.213810E+000, 3.907867E+000, 1.002067E+001, 9.591101E+000
2.278400E-002, -6.012295E-001, -1.775629E+001, 4.172325E+000, 3.291482E+000, 3.304176E+000, 9.991251E+000, 1.004235E+001
2.279200E-002, -3.939089E-001, -1.761509E+001, 3.922213E+000, 3.348892E+000, 3.122973E+000, 1.005718E+001, 1.046424E+001
2.280000E-002, -6.668810E-001, -1.765441E+001, 3.644491E+000, 3.346640E+000, 3.316360E+000, 1.020072E+001, 1.088118E+001
2.280800E-002, -9.571297E-001, -1.797791E+001, 3.730568E+000, 3.302739E+000, 3.770502E+000, 1.040642E+001, 1.132111E+001
2.281600E-002, -9.623127E-001, -1.811910E+001, 3.970936E+000, 3.218313E+000, 4.288907E+000, 1.065523E+001, 1.178580E+001
2.282400E-002, -8.431034E-001, -1.794216E+001, 3.740313E+000, 3.038205E+000, 4.636143E+000, 1.087900E+001, 1.229176E+001
2.283200E-002, -8.033670E-001, -1.806012E+001, 3.397627E+000, 2.793932E+000, 4.636859E+000, 1.101853E+001, 1.283392E+001
2.284000E-002, -6.444212E-001, -1.837825E+001, 3.501570E+000, 2.460732E+000, 4.230019E+000, 1.105988E+001, 1.338363E+001
2.284800E-002, -2.228695E-001, -1.817629E+001, 3.493449E+000, 1.953051E+000, 3.512494E+000, 1.097482E+001, 1.395987E+001
2.285600E-002, 1.468520E-001, -1.771875E+001, 3.053317E+000, 1.382332E+000, 2.669786E+000, 1.074100E+001, 1.457572E+001
2.286400E-002, 2.263249E-001, -1.766692E+001, 2.798332E+000, 7.834718E-001, 1.797098E+000, 1.041929E+001, 1.517731E+001
2.287200E-002, 1.762224E-001, -1.785995E+001, 2.847055E+000, -1.001853E-001, 9.972730E-001, 1.008399E+001, 1.574034E+001
2.288000E-002, 2.470569E-001, -1.797969E+001, 2.812949E+000, -1.312540E+000, 4.714620E-001, 9.741844E+000, 1.628734E+001
2.288800E-002, 3.455342E-001, -1.800114E+001, 2.652163E+000, -2.654348E+000, 2.357907E-001, 9.416234E+000, 1.680297E+001
2.289600E-002, 2.591506E-001, -1.788139E+001, 2.359824E+000, -3.936496E+000, 1.150286E-001, 9.164701E+000, 1.726554E+001
2.290400E-002, 1.485797E-001, -1.768122E+001, 2.060989E+000, -4.903453E+000, -9.914200E-003, 8.990436E+000, 1.769427E+001
2.291200E-002, 1.192093E-001, -1.759007E+001, 2.114584E+000, -5.441527E+000, -2.151262E-001, 8.867801E+000, 1.809623E+001
2.292000E-002, 3.455342E-003, -1.765263E+001, 2.374441E+000, -5.724072E+000, -4.903348E-001, 8.787225E+000, 1.844773E+001
2.292800E-002, -9.502190E-002, -1.760794E+001, 2.385810E+000, -5.883918E+000, -7.528819E-001, 8.724607E+000, 1.877529E+001
2.293600E-002, -1.330307E-001, -1.720224E+001, 2.166556E+000, -5.776979E+000, -9.910616E-001, 8.658210E+000, 1.915237E+001
2.294400E-002, -3.420788E-001, -1.673934E+001, 1.976535E+000, -5.217517E+000, -1.126277E+000, 8.589331E+000, 1.959937E+001
2.295200E-002, -7.048897E-001, -1.660888E+001, 1.840111E+000, -4.283205E+000, -1.046844E+000, 8.509818E+000, 2.010840E+001
2.296000E-002, -9.225762E-001, -1.652130E+001, 1.710182E+000, -3.239701E+000, -8.066337E-001, 8.409985E+000, 2.068181E+001
2.296800E-002, -8.085499E-001, -1.618530E+001, 1.461694E+000, -2.362798E+000, -4.639368E-001, 8.304835E+000, 2.127467E+001
2.297600E-002, -7.273495E-001, -1.583321E+001, 1.076781E+000, -1.733544E+000, -6.032134E-002, 8.191533E+000, 2.182155E+001
2.298400E-002, -1.033147E+000, -1.549899E+001, 9.338602E-001, -1.267513E+000, 2.307739E-001, 8.015732E+000, 2.228436E+001
2.299200E-002, -1.311302E+000, -1.513618E+001, 9.436048E-001, -1.018739E+000, 2.940814E-001, 7.738679E+000, 2.262441E+001
2.300000E-002, -1.370043E+000, -1.500929E+001, 7.357194E-001, -9.737114E-001, 1.784556E-001, 7.375026E+000, 2.281956E+001
2.300800E-002, -1.665475E+000, -1.491814E+001, 5.814295E-001, -9.602032E-001, -6.318809E-002, 6.937059E+000, 2.291401E+001
2.301600E-002, -2.097392E+000, -1.437839E+001, 5.765572E-001, -1.120049E+000, -3.922679E-001, 6.435057E+000, 2.296954E+001
2.302400E-002, -2.304713E+000, -1.373856E+001, 4.596216E-001, -1.651369E+000, -7.415344E-001, 5.905172E+000, 2.300539E+001
2.303200E-002, -2.594962E+000, -1.348298E+001, 3.199486E-001, -2.174810E+000, -1.072047E+000, 5.389111E+000, 2.303852E+001
2.304000E-002, -3.089076E+000, -1.320953E+001, 2.306229E-001, -2.315519E+000, -1.380702E+000, 4.925151E+000, 2.309477E+001
2.304800E-002, -3.337860E+000, -1.255898E+001, -3.248209E-003, -2.240099E+000, -1.664152E+000, 4.533261E+000, 2.317176E+001
2.305600E-002, -3.439793E+000, -1.197276E+001, -3.865369E-001, -2.070122E+000, -1.909499E+000, 4.216984E+000, 2.326739E+001
2.306400E-002, -3.733497E+000, -1.164927E+001, -7.129819E-001, -1.703151E+000, -2.073262E+000, 3.995224E+000, 2.339084E+001
2.307200E-002, -3.930451E+000, -1.114526E+001, -9.306120E-001, -1.206727E+000, -2.096196E+000, 3.866918E+000, 2.352349E+001
2.308000E-002, -4.032384E+000, -1.051973E+001, -1.188845E+000, -6.168715E-001, -1.961220E+000, 3.798393E+000, 2.363646E+001
2.308800E-002, -4.581783E+000, -1.013368E+001, -1.456822E+000, 2.014963E-001, -1.677889E+000, 3.773228E+000, 2.371027E+001
2.309600E-002, -5.341959E+000, -9.715467E+000, -1.573757E+000, 1.027744E+000, -1.284904E+000, 3.785751E+000, 2.373208E+001
2.310400E-002, -5.592471E+000, -9.100656E+000, -1.710182E+000, 1.405972E+000, -9.064924E-001, 3.808908E+000, 2.370426E+001
2.311200E-002, -5.545824E+000, -8.462608E+000, -1.974911E+000, 1.302409E+000, -6.451397E-001, 3.820841E+000, 2.362537E+001
2.312000E-002, -5.839528E+000, -7.779881E+000, -2.151939E+000, 9.399410E-001, -4.889014E-001, 3.828284E+000, 2.347268E+001
2.312800E-002, -6.331914E+000, -7.174005E+000, -2.276995E+000, 4.525225E-001, -4.651313E-001, 3.826748E+000, 2.325006E+001
2.313600E-002, -6.566877E+000, -6.641405E+000, -2.590447E+000, -3.264466E-002, -6.358227E-001, 3.794612E+000, 2.299879E+001
2.314400E-002, -6.622162E+000, -5.901485E+000, -3.077678E+000, -4.097467E-001, -9.622746E-001, 3.745109E+000, 2.274256E+001
2.315200E-002, -6.782836E+000, -5.157991E+000, -3.529180E+000, -6.855378E-001, -1.413908E+000, 3.701750E+000, 2.249507E+001
2.316000E-002, -7.135281E+000, -4.662924E+000, -3.746809E+000, -8.521382E-001, -1.991201E+000, 3.665361E+000, 2.228247E+001
2.316800E-002, -7.518824E+000, -4.116027E+000, -3.754930E+000, -7.575812E-001, -2.603015E+000, 3.641141E+000, 2.209428E+001
2.317600E-002, -7.641488E+000, -3.431512E+000, -3.802029E+000, -3.106871E-001, -3.154269E+000, 3.620229E+000, 2.189808E+001
2.318400E-002, -7.601752E+000, -2.841721E+000, -4.052141E+000, 3.906102E-001, -3.596943E+000, 3.575806E+000, 2.169326E+001
2.319200E-002, -7.876451E+000, -2.160780E+000, -4.425685E+000, 1.097536E+000, -3.812309E+000, 3.527602E+000, 2.148220E+001
2.320000E-002, -8.386114E+000, -1.263583E+000, -4.805726E+000, 1.452124E+000, -3.678288E+000, 3.511653E+000, 2.124885E+001
2.320800E-002, -8.536422E+000, -5.844294E-001, -5.208504E+000, 1.368824E+000, -3.272522E+000, 3.491686E+000, 2.098897E+001
2.321600E-002, -8.336012E+000, -3.109808E-001, -5.567431E+000, 1.087405E+000, -2.789593E+000, 3.439820E+000, 2.069183E+001
2.322400E-002, -8.244446E+000, -3.217042E-002, -5.710352E+000, 8.037340E-001, -2.358505E+000, 3.393625E+000, 2.033185E+001
2.323200E-002, -8.334284E+000, 6.201743E-001, -5.811047E+000, 5.707187E-001, -2.080190E+000, 3.349675E+000, 1.994014E+001
2.324000E-002, -8.500141E+000, 1.424435E+000, -6.015684E+000, 4.131238E-001, -1.941033E+000, 3.281504E+000, 1.958876E+001
2.324800E-002, -8.652176E+000, 1.883757E+000, -6.061159E+000, 4.682820E-001, -1.783481E+000, 3.188169E+000, 1.931662E+001
2.325600E-002, -8.600346E+000, 2.210823E+000, -6.152109E+000, 7.384447E-001, -1.561427E+000, 3.075458E+000, 1.914706E+001
2.326400E-002, -8.524328E+000, 3.036530E+000, -6.533773E+000, 1.168454E+000, -1.364934E+000, 2.970662E+000, 1.907431E+001
2.327200E-002, -8.688457E+000, 4.026665E+000, -6.668574E+000, 1.993576E+000, -1.325994E+000, 2.884770E+000, 1.903210E+001
2.328000E-002, -8.809394E+000, 4.484200E+000, -6.545142E+000, 3.114751E+000, -1.601920E+000, 2.796751E+000, 1.893918E+001
2.328800E-002, -8.750653E+000, 4.607520E+000, -6.678319E+000, 3.916233E+000, -2.217197E+000, 2.686876E+000, 1.875465E+001
2.329600E-002, -8.831854E+000, 4.922075E+000, -6.918686E+000, 4.170637E+000, -3.004122E+000, 2.556206E+000, 1.847756E+001
2.330400E-002, -8.930330E+000, 5.547611E+000, -7.058359E+000, 4.043435E+000, -3.790808E+000, 2.412895E+000, 1.811970E+001
2.331200E-002, -8.773112E+000, 6.275020E+000, -7.150933E+000, 3.518869E+000, -4.471424E+000, 2.247845E+000, 1.770523E+001
2.332000E-002, -8.783479E+000, 6.845151E+000, -7.267869E+000, 2.569923E+000, -4.942766E+000, 2.068027E+000, 1.727745E+001
2.332800E-002, -9.167022E+000, 7.193664E+000, -7.563456E+000, 1.263011E+000, -5.170912E+000, 1.899078E+000, 1.687572E+001
2.333600E-002, -9.215397E+000, 7.493921E+000, -7.857419E+000, -4.401400E-001, -5.212839E+000, 1.759548E+000, 1.651196E+001
2.334400E-002, -8.655631E+000, 7.890690E+000, -8.011708E+000, -2.428087E+000, -5.160281E+000, 1.650617E+000, 1.617638E+001
2.335200E-002, -8.147696E+000, 8.276735E+000, -8.284558E+000, -4.250560E+000, -5.113099E+000, 1.543223E+000, 1.587948E+001
2.336000E-002, -8.099321E+000, 8.609162E+000, -8.502188E+000, -5.442653E+000, -5.144036E+000, 1.413498E+000, 1.565250E+001
2.336800E-002, -8.204709E+000, 8.980909E+000, -8.420983E+000, -5.844520E+000, -5.303261E+000, 1.262980E+000, 1.549438E+001
2.337600E-002, -8.059585E+000, 9.458104E+000, -8.437224E+000, -5.613756E+000, -5.597223E+000, 1.078673E+000, 1.536798E+001
2.338400E-002, -7.712323E+000, 1.001930E+001, -8.701953E+000, -4.995759E+000, -5.973126E+000, 8.362372E-001, 1.525455E+001
2.339200E-002, -7.409980E+000, 1.038211E+001, -8.854619E+000, -4.126735E+000, -6.354644E+000, 5.451255E-001, 1.514017E+001
2.340000E-002, -7.299409E+000, 1.045181E+001, -8.939073E+000, -2.978544E+000, -6.654936E+000, 2.411359E-001, 1.497486E+001
2.340800E-002, -7.318414E+000, 1.058228E+001, -9.161574E+000, -1.555687E+000, -6.821208E+000, -6.864281E-002, 1.472630E+001
2.341600E-002, -7.240669E+000, 1.091828E+001, -9.255773E+000, -1.666003E-001, -6.826703E+000, -4.006330E-001, 1.440475E+001
2.342400E-002, -7.105910E+000, 1.132220E+001, -9.211922E+000, 8.701490E-001, -6.653981E+000, -7.355768E-001, 1.401564E+001
2.343200E-002, -6.893407E+000, 1.163854E+001, -9.312616E+000, 1.413851E+000, -6.403498E+000, -1.053153E+000, 1.355897E+001
2.344000E-002, -6.515047E+000, 1.177259E+001, -9.424680E+000, 1.354190E+000, -6.231970E+000, -1.390933E+000, 1.304911E+001
2.344800E-002, -6.264534E+000, 1.190306E+001, -9.520502E+000, 8.566409E-001, -6.199839E+000, -1.768645E+000, 1.251285E+001
2.345600E-002, -6.155691E+000, 1.216399E+001, -9.744628E+000, 2.938019E-001, -6.323468E+000, -2.150611E+000, 1.198177E+001
2.346400E-002, -5.925911E+000, 1.229268E+001, -9.905415E+000, -2.059990E-001, -6.590912E+000, -2.528796E+000, 1.149774E+001
2.347200E-002, -5.732412E+000, 1.234629E+001, -9.957386E+000, -7.710894E-001, -6.910436E+000, -2.916552E+000, 1.109071E+001
2.348000E-002, -5.720318E+000, 1.269123E+001, -1.002073E+001, -1.470135E+000, -7.174417E+000, -3.289538E+000, 1.075560E+001
2.348800E-002, -5.659850E+000, 1.307370E+001, -1.007432E+001, -2.065619E+000, -7.310707E+000, -3.616212E+000, 1.047698E+001
2.349600E-002, -5.504359E+000, 1.311123E+001, -1.019613E+001, -2.214208E+000, -7.284070E+000, -3.895509E+000, 1.022594E+001
2.350400E-002, -5.480172E+000, 1.302187E+001, -1.023836E+001, -1.877631E+000, -7.068705E+000, -4.139953E+000, 9.949554E+000
2.351200E-002, -5.532002E+000, 1.318809E+001, -1.004834E+001, -1.293404E+000, -6.631405E+000, -4.339738E+000, 9.612679E+000
2.352000E-002, -5.506087E+000, 1.350443E+001, -9.993116E+000, -7.069257E-001, -6.035598E+000, -4.474306E+000, 9.188902E+000
2.352800E-002, -5.352324E+000, 1.352588E+001, -1.018639E+001, -2.735397E-001, -5.430473E+000, -4.557836E+000, 8.646742E+000
2.353600E-002, -5.072442E+000, 1.332392E+001, -1.027246E+001, 6.303796E-002, -4.869903E+000, -4.629077E+000, 7.996220E+000
2.354400E-002, -4.892764E+000, 1.337575E+001, -1.018314E+001, 4.660307E-001, -4.341225E+000, -4.709653E+000, 7.287331E+000
2.355200E-002, -4.875487E+000, 1.371890E+001, -1.019938E+001, 8.127394E-001, -3.871197E+000, -4.783731E+000, 6.566887E+000
2.356000E-002, -4.730363E+000, 1.401201E+001, -1.037316E+001, 8.701490E-001, -3.442138E+000, -4.825554E+000, 5.863894E+000
2.356800E-002, -4.443570E+000, 1.404239E+001, -1.036666E+001, 6.337566E-001, -3.017500E+000, -4.844812E+000, 5.195568E+000
2.357600E-002, -4.265619E+000, 1.399056E+001, -1.014741E+001, 1.609719E-001, -2.631205E+000, -4.848120E+000, 4.564855E+000
2.358400E-002, -4.174053E+000, 1.415677E+001, -1.010843E+001, -3.422061E-001, -2.286119E+000, -4.811377E+000, 3.966333E+000
2.359200E-002, -4.035839E+000, 1.431226E+001, -1.025460E+001, -5.707187E-001, -1.965520E+000, -4.726666E+000, 3.391982E+000
2.360000E-002, -3.902808E+000, 1.413533E+001, -1.023998E+001, -4.626536E-001, -1.742510E+000, -4.596469E+000, 2.808316E+000
2.360800E-002, -3.850978E+000, 1.395481E+001, -1.006620E+001, -1.114421E-001, -1.655910E+000, -4.421258E+000, 2.170883E+000
2.361600E-002, -3.819880E+000, 1.414962E+001, -1.000936E+001, 2.555289E-001, -1.644563E+000, -4.220174E+000, 1.485812E+000
2.362400E-002, -3.795693E+000, 1.452673E+001, -1.009381E+001, 4.210035E-001, -1.631423E+000, -4.012119E+000, 7.806970E-001
2.363200E-002, -3.861344E+000, 1.475729E+001, -1.016365E+001, 5.932323E-001, -1.527742E+000, -3.791777E+000, 5.518294E-002
2.364000E-002, -3.807787E+000, 1.479482E+001, -1.015065E+001, 1.025493E+000, -1.278932E+000, -3.549578E+000, -6.697416E-001
2.364800E-002, -3.533087E+000, 1.479303E+001, -1.002560E+001, 1.449873E+000, -9.043422E-001, -3.280559E+000, -1.356227E+000
2.365600E-002, -3.406967E+000, 1.480376E+001, -9.924904E+000, 1.542179E+000, -4.248772E-001, -2.982595E+000, -1.998141E+000
2.366400E-002, -3.453614E+000, 1.480554E+001, -1.002073E+001, 1.407097E+000, 1.521770E-001, -2.662538E+000, -2.586523E+000
2.367200E-002, -3.305034E+000, 1.498963E+001, -1.019938E+001, 1.257382E+000, 7.883581E-001, -2.331138E+000, -3.112176E+000
2.368000E-002, -2.926674E+000, 1.525593E+001, -1.026434E+001, 1.138060E+000, 1.424897E+000, -1.989342E+000, -3.614011E+000
2.368800E-002, -2.667524E+000, 1.523984E+001, -1.020425E+001, 1.100913E+000, 2.052239E+000, -1.644474E+000, -4.125514E+000
2.369600E-002, -2.693439E+000, 1.520410E+001, -1.017989E+001, 1.172956E+000, 2.705979E+000, -1.318391E+000, -4.632065E+000
2.370400E-002, -2.664068E+000, 1.539176E+001, -1.030494E+001, 1.169579E+000, 3.367244E+000, -1.020781E+000, -5.135550E+000
2.371200E-002, -2.349632E+000, 1.551687E+001, -1.035042E+001, 9.016680E-001, 3.991122E+000, -7.626323E-001, -5.663208E+000
2.372000E-002, -1.992005E+000, 1.559014E+001, -1.017502E+001, 5.346970E-001, 4.586691E+000, -5.656829E-001, -6.200770E+000
2.372800E-002, -1.886617E+000, 1.579210E+001, -1.009219E+001, 4.007413E-001, 5.128150E+000, -4.248529E-001, -6.716636E+000
2.373600E-002, -1.964362E+000, 1.596904E+001, -1.009706E+001, 4.255062E-001, 5.527704E+000, -3.204119E-001, -7.209509E+000
2.374400E-002, -1.869340E+000, 1.597798E+001, -9.947641E+000, 3.118128E-001, 5.746533E+000, -2.667736E-001, -7.685993E+000
2.375200E-002, -1.632649E+000, 1.592436E+001, -9.868060E+000, 3.489602E-002, 5.799090E+000, -2.792971E-001, -8.147855E+000
2.376000E-002, -1.560087E+000, 1.592436E+001, -9.973627E+000, -3.084357E-001, 5.715596E+000, -3.110783E-001, -8.606770E+000
2.376800E-002, -1.515167E+000, 1.602087E+001, -9.944393E+000, -6.101174E-001, 5.559358E+000, -3.094243E-001, -9.079951E+000
2.377600E-002, -1.183455E+000, 1.617636E+001, -9.806344E+000, -8.386300E-001, 5.380902E+000, -2.794152E-001, -9.565396E+000
2.378400E-002, -7.774519E-001, 1.630326E+001, -9.861564E+000, -1.221360E+000, 5.175093E+000, -2.219963E-001, -1.004683E+001
2.379200E-002, -6.686086E-001, 1.644266E+001, -9.947641E+000, -1.867500E+000, 4.953994E+000, -1.082217E-001, -1.050009E+001
2.380000E-002, -6.323276E-001, 1.653560E+001, -9.926528E+000, -2.478743E+000, 4.748065E+000, 6.403512E-002, -1.088342E+001
2.380800E-002, -4.094580E-001, 1.641764E+001, -9.968755E+000, -2.813069E+000, 4.538673E+000, 2.792971E-001, -1.117985E+001
2.381600E-002, -2.142312E-001, 1.629074E+001, -9.972003E+000, -2.997680E+000, 4.311005E+000, 5.264584E-001, -1.141685E+001
2.382400E-002, 4.319177E-002, 1.642121E+001, -9.741380E+000, -3.084358E+000, 4.095879E+000, 7.749195E-001, -1.161094E+001
2.383200E-002, 5.891358E-001, 1.666249E+001, -9.528623E+000, -2.898621E+000, 3.923515E+000, 1.006486E+000, -1.177366E+001
2.384000E-002, 1.095343E+000, 1.673934E+001, -9.569225E+000, -2.542906E+000, 3.836079E+000, 1.230727E+000, -1.193814E+001
2.384800E-002, 1.273293E+000, 1.662496E+001, -9.554608E+000, -2.259236E+000, 3.896878E+000, 1.431811E+000, -1.212126E+001
2.385600E-002, 1.311302E+000, 1.648198E+001, -9.390574E+000, -1.998078E+000, 4.123113E+000, 1.579494E+000, -1.232631E+001
2.386400E-002, 1.401141E+000, 1.651415E+001, -9.406815E+000, -1.543304E+000, 4.474290E+000, 1.675074E+000, -1.256166E+001
2.387200E-002, 1.492708E+000, 1.683228E+001, -9.439297E+000, -8.026083E-001, 4.892717E+000, 1.719496E+000, -1.281541E+001
2.388000E-002, 1.624011E+000, 1.714505E+001, -9.301248E+000, -5.628389E-003, 5.307322E+000, 1.704138E+000, -1.306928E+001
2.388800E-002, 2.030013E+000, 1.711645E+001, -9.299623E+000, 5.099321E-001, 5.680478E+000, 1.650499E+000, -1.332420E+001
2.389600E-002, 2.512033E+000, 1.695381E+001, -9.338602E+000, 6.945432E-001, 6.023294E+000, 1.583392E+000, -1.356474E+001
2.390400E-002, 2.752180E+000, 1.682692E+001, -9.122596E+000, 6.517675E-001, 6.300892E+000, 1.511087E+000, -1.376449E+001
2.391200E-002, 3.099442E+000, 1.653381E+001, -8.916335E+000, 4.401400E-001, 6.460116E+000, 1.449179E+000, -1.394029E+001
2.392000E-002, 3.719675E+000, 1.630862E+001, -9.018654E+000, 1.868625E-001, 6.538236E+000, 1.408654E+000, -1.411292E+001
2.392800E-002, 4.130861E+000, 1.644266E+001, -9.272014E+000, 1.013110E-002, 6.588762E+000, 1.380063E+000, -1.427069E+001
2.393600E-002, 4.269075E+000, 1.647483E+001, -9.366212E+000, -1.238246E-001, 6.618385E+000, 1.355134E+000, -1.442291E+001
2.394400E-002, 4.548957E+000, 1.611381E+001, -9.259021E+000, -2.904249E-001, 6.659954E+000, 1.348636E+000, -1.460438E+001
2.395200E-002, 4.965326E+000, 1.577781E+001, -9.138837E+000, -4.142494E-001, 6.728278E+000, 1.363877E+000, -1.481780E+001
2.396000E-002, 5.184740E+000, 1.575457E+001, -8.919583E+000, -2.183815E-001, 6.786210E+000, 1.374983E+000, -1.504655E+001
2.396800E-002, 5.267668E+000, 1.582785E+001, -8.523301E+000, 3.939873E-001, 6.834467E+000, 1.390696E+000, -1.530053E+001
2.397600E-002, 5.556190E+000, 1.572776E+001, -8.383629E+000, 1.017613E+000, 6.906614E+000, 1.439609E+000, -1.556961E+001
2.398400E-002, 5.989835E+000, 1.548112E+001, -8.549287E+000, 1.274267E+000, 7.036812E+000, 1.500926E+000, -1.579847E+001
2.399200E-002, 6.280084E+000, 1.510401E+001, -8.463209E+000, 1.344059E+000, 7.226138E+000, 1.556455E+000, -1.595518E+001
2.400000E-002, 6.451123E+000, 1.468222E+001, -8.083169E+000, 1.440868E+000, 7.427647E+000, 1.627343E+000, -1.605175E+001
2.400800E-002, 6.736189E+000, 1.455533E+001, -7.798951E+000, 1.405972E+000, 7.629275E+000, 1.711581E+000, -1.610068E+001
2.401600E-002, 7.164651E+000, 1.461610E+001, -7.670647E+000, 1.153820E+000, 7.819556E+000, 1.781759E+000, -1.611106E+001
2.402400E-002, 7.479087E+000, 1.448384E+001, -7.524477E+000, 7.620839E-001, 7.950113E+000, 1.833153E+000, -1.610351E+001
2.403200E-002, 7.695046E+000, 1.415141E+001, -7.345826E+000, 2.859222E-001, 8.032413E+000, 1.879230E+000, -1.609125E+001
2.404000E-002, 8.092410E+000, 1.359022E+001, -7.233762E+000, -7.091770E-002, 8.083656E+000, 1.916682E+000, -1.608500E+001
2.404800E-002, 8.437944E+000, 1.300936E+001, -7.136316E+000, -1.395841E-001, 8.078878E+000, 1.938894E+000, -1.610670E+001
2.405600E-002, 8.496685E+000, 1.285745E+001, -7.017756E+000, 5.628389E-003, 8.035399E+000, 1.957679E+000, -1.615516E+001
2.406400E-002, 8.683273E+000, 1.279847E+001, -6.934927E+000, 3.185668E-001, 7.993951E+000, 1.990051E+000, -1.621046E+001
2.407200E-002, 9.047812E+000, 1.231948E+001, -6.878083E+000, 7.440731E-001, 7.992637E+000, 2.062120E+000, -1.626647E+001
2.408000E-002, 9.192937E+000, 1.184050E+001, -6.819616E+000, 1.091908E+000, 8.082342E+000, 2.199051E+000, -1.631363E+001
2.408800E-002, 9.384708E+000, 1.171361E+001, -6.592241E+000, 1.436365E+000, 8.275848E+000, 2.393756E+000, -1.634335E+001
2.409600E-002, 9.939290E+000, 1.141693E+001, -6.194335E+000, 2.067870E+000, 8.547832E+000, 2.633119E+000, -1.636799E+001
2.410400E-002, 1.038330E+001, 1.077888E+001, -5.919862E+000, 2.906500E+000, 8.891843E+000, 2.919505E+000, -1.638426E+001
2.411200E-002, 1.048869E+001, 1.029811E+001, -5.715224E+000, 3.552639E+000, 9.310509E+000, 3.237672E+000, -1.637436E+001
2.412000E-002, 1.066318E+001, 1.008543E+001, -5.556062E+000, 3.733874E+000, 9.765248E+000, 3.564464E+000, -1.633839E+001
2.412800E-002, 1.089642E+001, 9.824490E+000, -5.658381E+000, 3.431066E+000, 1.021115E+001, 3.884167E+000, -1.627956E+001
2.413600E-002, 1.093961E+001, 9.522446E+000, -5.750955E+000, 2.867102E+000, 1.063400E+001, 4.169489E+000, -1.619973E+001
2.414400E-002, 1.098280E+001, 9.350870E+000, -5.554438E+000, 2.227716E+000, 1.099294E+001, 4.411098E+000, -1.610705E+001
2.415200E-002, 1.112102E+001, 9.029165E+000, -5.250731E+000, 1.408223E+000, 1.125847E+001, 4.621161E+000, -1.600529E+001
2.416000E-002, 1.118321E+001, 8.403629E+000, -5.042845E+000, 4.345117E-001, 1.146512E+001, 4.786211E+000, -1.587972E+001
2.416800E-002, 1.122986E+001, 7.949669E+000, -5.062335E+000, -4.401400E-001, 1.163736E+001, 4.902467E+000, -1.571664E+001
2.417600E-002, 1.137153E+001, 7.763795E+000, -5.046093E+000, -1.053635E+000, 1.179133E+001, 4.995212E+000, -1.552657E+001
2.418400E-002, 1.152184E+001, 7.347367E+000, -4.734265E+000, -1.226989E+000, 1.195533E+001, 5.076614E+000, -1.531798E+001
2.419200E-002, 1.163068E+001, 6.768300E+000, -4.604337E+000, -9.579519E-001, 1.211073E+001, 5.150101E+000, -1.508192E+001
2.420000E-002, 1.170843E+001, 6.596724E+000, -4.690414E+000, -4.975496E-001, 1.223938E+001, 5.226660E+000, -1.481650E+001
2.420800E-002, 1.151665E+001, 6.659277E+000, -4.532876E+000, 7.767177E-002, 1.237627E+001, 5.312197E+000, -1.453681E+001
2.421600E-002, 1.131279E+001, 6.443021E+000, -4.411068E+000, 6.371337E-001, 1.252223E+001, 5.390765E+000, -1.424922E+001
2.422400E-002, 1.242023E+001, 6.085572E+000, -4.307126E+000, 9.072964E-001, 1.263738E+001, 5.448420E+000, -1.394289E+001
2.423200E-002, 1.456772E+001, 5.799613E+000, -3.847504E+000, 9.939736E-001, 1.272434E+001, 5.492961E+000, -1.360200E+001
2.424000E-002, 1.460919E+001, 5.488632E+000, -3.699711E+000, 1.203350E+000, 1.279445E+001, 5.517535E+000, -1.321702E+001
2.424800E-002, 1.198485E+001, 5.218758E+000, -4.092744E+000, 1.441993E+000, 1.281966E+001, 5.510564E+000, -1.280421E+001
2.425600E-002, 1.035739E+001, 5.124033E+000, -4.082999E+000, 1.421731E+000, 1.278884E+001, 5.479965E+000, -1.238208E+001
2.426400E-002, 1.009133E+001, 4.907777E+000, -3.719200E+000, 1.078399E+000, 1.272517E+001, 5.428571E+000, -1.193968E+001
2.427200E-002, 9.220579E+000, 4.393050E+000, -3.547045E+000, 4.851672E-001, 1.263332E+001, 5.356857E+000, -1.147652E+001
2.428000E-002, 1.026928E+001, 4.108878E+000, -3.001345E+000, -2.026220E-001, 1.251256E+001, 5.261040E+000, -1.100086E+001
2.428800E-002, 1.335317E+001, 4.132112E+000, -2.298108E+000, -7.080514E-001, 1.238272E+001, 5.129780E+000, -1.049631E+001
2.429600E-002, 1.330134E+001, 3.974834E+000, -2.851928E+000, -9.658316E-001, 1.226709E+001, 4.977253E+000, -9.964058E+000
2.430400E-002, 1.119012E+001, 3.706748E+000, -3.949823E+000, -1.089656E+000, 1.220378E+001, 4.827799E+000, -9.430859E+000
2.431200E-002, 1.210406E+001, 3.656705E+000, -3.870241E+000, -1.029995E+000, 1.223388E+001, 4.671610E+000, -8.900961E+000
2.432000E-002, 1.398550E+001, 3.835429E+000, -3.425237E+000, -7.159311E-001, 1.236922E+001, 4.502779E+000, -8.351843E+000
2.432800E-002, 1.319595E+001, 3.883685E+000, -3.550293E+000, -2.453978E-001, 1.261803E+001, 4.357696E+000, -7.773130E+000
2.433600E-002, 1.171534E+001, 3.645981E+000, -3.342407E+000, 2.983046E-001, 1.297410E+001, 4.247348E+000, -7.190407E+000
2.434400E-002, 1.108474E+001, 3.531598E+000, -2.760978E+000, 8.476354E-001, 1.338035E+001, 4.140780E+000, -6.625136E+000
2.435200E-002, 1.011724E+001, 3.567343E+000, -2.505994E+000, 1.135809E+000, 1.376390E+001, 4.033740E+000, -6.069062E+000
2.436000E-002, 9.801077E+000, 3.329639E+000, -2.229896E+000, 1.006356E+000, 1.407195E+001, 3.925400E+000, -5.516289E+000
2.436800E-002, 1.101217E+001, 3.049041E+000, -1.741040E+000, 7.136798E-001, 1.426964E+001, 3.786578E+000, -4.967997E+000
2.437600E-002, 1.161859E+001, 3.074063E+000, -1.526658E+000, 5.189375E-001, 1.432029E+001, 3.613967E+000, -4.433619E+000
2.438400E-002, 1.131279E+001, 3.174148E+000, -1.607864E+000, 3.613426E-001, 1.417599E+001, 3.434504E+000, -3.923413E+000
2.439200E-002, 1.162895E+001, 3.192021E+000, -1.775146E+000, 1.463381E-002, 1.381884E+001, 3.250432E+000, -3.417451E+000
2.440000E-002, 1.171361E+001, 3.343937E+000, -1.996025E+000, -4.907956E-001, 1.329781E+001, 3.061753E+000, -2.890619E+000
2.440800E-002, 1.085841E+001, 3.719258E+000, -2.194165E+000, -7.406961E-001, 1.266796E+001, 2.899893E+000, -2.345982E+000
2.441600E-002, 1.006887E+001, 3.949813E+000, -2.478384E+000, -6.573959E-001, 1.196883E+001, 2.790608E+000, -1.776348E+000
2.442400E-002, 9.113463E+000, 3.853302E+000, -2.860048E+000, -5.853525E-001, 1.127949E+001, 2.734843E+000, -1.166270E+000
2.443200E-002, 8.135602E+000, 3.824706E+000, -2.952622E+000, -5.290686E-001, 1.066577E+001, 2.722674E+000, -5.331993E-001
2.444000E-002, 8.830126E+000, 3.949813E+000, -2.551468E+000, -3.737251E-001, 1.017567E+001, 2.764734E+000, 1.035270E-001
2.444800E-002, 1.071156E+001, 3.958749E+000, -1.960294E+000, -3.084357E-001, 9.840261E+000, 2.865749E+000, 7.441443E-001
2.445600E-002, 1.178617E+001, 4.003430E+000, -1.692317E+000, -4.716590E-001, 9.607935E+000, 2.984131E+000, 1.384408E+000
2.446400E-002, 1.198485E+001, 4.207177E+000, -1.841735E+000, -7.136798E-001, 9.456355E+000, 3.090580E+000, 2.002386E+000
2.447200E-002, 1.178963E+001, 4.296539E+000, -1.976535E+000, -8.476354E-001, 9.380744E+000, 3.165367E+000, 2.589943E+000
2.448000E-002, 1.080485E+001, 4.241134E+000, -1.913195E+000, -9.489465E-001, 9.326276E+000, 3.190059E+000, 3.159577E+000
2.448800E-002, 9.324240E+000, 4.343007E+000, -1.846607E+000, -1.145940E+000, 9.283513E+000, 3.168084E+000, 3.704685E+000
2.449600E-002, 8.322190E+000, 4.691520E+000, -1.658211E+000, -1.414977E+000, 9.240870E+000, 3.086564E+000, 4.226919E+000
2.450400E-002, 7.864358E+000, 5.095438E+000, -1.216454E+000, -1.706528E+000, 9.160362E+000, 2.941362E+000, 4.732055E+000
2.451200E-002, 7.560288E+000, 5.267013E+000, -9.793351E-001, -1.896767E+000, 9.031000E+000, 2.750674E+000, 5.208892E+000
2.452000E-002, 7.710595E+000, 5.183012E+000, -1.326894E+000, -1.794331E+000, 8.838808E+000, 2.524780E+000, 5.652714E+000
2.452800E-002, 8.451766E+000, 5.229481E+000, -1.926188E+000, -1.383458E+000, 8.591431E+000, 2.275491E+000, 6.073543E+000
2.453600E-002, 9.365704E+000, 5.481483E+000, -2.286739E+000, -7.710894E-001, 8.330197E+000, 2.020296E+000, 6.457819E+000
2.454400E-002, 1.033147E+001, 5.712038E+000, -2.397179E+000, -5.628389E-002, 8.065739E+000, 1.773489E+000, 6.757552E+000
2.455200E-002, 1.092752E+001, 5.871102E+000, -2.470263E+000, 6.967946E-001, 7.814778E+000, 1.556219E+000, 6.972977E+000
2.456000E-002, 1.025718E+001, 5.964039E+000, -2.525483E+000, 1.429611E+000, 7.612195E+000, 1.394831E+000, 7.130862E+000
2.456800E-002, 8.474226E+000, 6.065912E+000, -2.340335E+000, 2.023969E+000, 7.419046E+000, 1.293935E+000, 7.221772E+000
2.457600E-002, 6.591064E+000, 6.139189E+000, -1.835238E+000, 2.300886E+000, 7.189706E+000, 1.236279E+000, 7.261037E+000
2.458400E-002, 5.048254E+000, 6.135614E+000, -1.408099E+000, 2.142165E+000, 6.929429E+000, 1.207806E+000, 7.286624E+000
2.459200E-002, 4.376190E+000, 6.223190E+000, -1.302532E+000, 1.757183E+000, 6.606560E+000, 1.208870E+000, 7.309381E+000
2.460000E-002, 5.388606E+000, 6.351871E+000, -1.218078E+000, 1.724539E+000, 6.187775E+000, 1.235098E+000, 7.350296E+000
2.460800E-002, 7.309775E+000, 6.487702E+000, -1.003697E+000, 2.437093E+000, 5.683942E+000, 1.276567E+000, 7.434958E+000
2.461600E-002, 8.501868E+000, 6.739704E+000, -9.923280E-001, 3.583033E+000, 5.102588E+000, 1.326189E+000, 7.555228E+000
2.462400E-002, 8.705733E+000, 6.939875E+000, -1.404851E+000, 4.367630E+000, 4.473574E+000, 1.356198E+000, 7.713702E+000
2.463200E-002, 8.329102E+000, 7.034599E+000, -2.047996E+000, 4.198779E+000, 3.846351E+000, 1.347100E+000, 7.913917E+000
2.464000E-002, 7.453172E+000, 7.190090E+000, -2.606688E+000, 3.175537E+000, 3.238240E+000, 1.314492E+000, 8.129225E+000
2.464800E-002, 6.407931E+000, 7.240132E+000, -2.648915E+000, 1.908024E+000, 2.676356E+000, 1.257073E+000, 8.362574E+000
2.465600E-002, 5.540640E+000, 7.020301E+000, -2.103216E+000, 9.298099E-001, 2.204058E+000, 1.154286E+000, 8.631413E+000
2.466400E-002, 4.801198E+000, 6.975620E+000, -1.539651E+000, 3.140641E-001, 1.813224E+000, 1.014165E+000, 8.916054E+000
2.467200E-002, 4.424565E+000, 7.427793E+000, -1.214830E+000, -1.553435E-001, 1.487608E+000, 8.553768E-001, 9.199279E+000
2.468000E-002, 4.700993E+000, 7.826349E+000, -9.695905E-001, -6.382594E-001, 1.248831E+000, 6.689425E-001, 9.487692E+000
2.468800E-002, 5.151915E+000, 7.779881E+000, -8.510309E-001, -1.089656E+000, 1.086381E+000, 4.587608E-001, 9.786953E+000
2.469600E-002, 5.252120E+000, 7.708391E+000, -9.403566E-001, -1.395841E+000, 9.682471E-001, 2.564949E-001, 1.009977E+001
2.470400E-002, 5.134638E+000, 7.822774E+000, -1.127129E+000, -1.597337E+000, 8.840361E-001, 5.340198E-002, 1.043700E+001
2.471200E-002, 4.661256E+000, 7.879966E+000, -1.333390E+000, -1.801085E+000, 7.970778E-001, -1.728476E-001, 1.079711E+001
2.472000E-002, 3.159910E+000, 7.906775E+000, -1.578630E+000, -2.110646E+000, 6.712989E-001, -3.995697E-001, 1.117372E+001
2.472800E-002, 1.007232E+000, 8.042605E+000, -1.741040E+000, -2.488874E+000, 5.365613E-001, -6.142409E-001, 1.158228E+001
2.473600E-002, -1.209370E-002, 8.128393E+000, -1.567261E+000, -2.611573E+000, 4.265495E-001, -8.298573E-001, 1.201408E+001
2.474400E-002, 1.209370E+000, 7.996138E+000, -1.115760E+000, -2.444972E+000, 3.352911E-001, -1.042756E+000, 1.243043E+001
2.475200E-002, 4.020290E+000, 7.838860E+000, -7.617051E-001, -2.288503E+000, 2.851228E-001, -1.245377E+000, 1.283852E+001
2.476000E-002, 7.178473E+000, 8.053329E+000, -6.528901E-001, -2.204077E+000, 3.035178E-001, -1.446934E+000, 1.325699E+001
2.476800E-002, 8.569247E+000, 8.637758E+000, -8.542791E-001, -2.125280E+000, 4.365831E-001, -1.649200E+000, 1.364540E+001
2.477600E-002, 5.801519E+000, 8.995208E+000, -1.531531E+000, -1.958680E+000, 1.012084E+000, -1.828663E+000, 1.400798E+001
2.478400E-002, 5.977741E-001, 8.811121E+000, -2.150315E+000, -1.622102E+000, 2.365671E+000, -1.990641E+000, 1.447196E+001
2.479200E-002, -2.636426E+000, 8.466183E+000, -1.841735E+000, -1.199973E+000, 3.614383E+000, -2.179911E+000, 1.505869E+001
2.480000E-002, -3.120174E+000, 8.391119E+000, -8.299175E-001, -6.900405E-001, 2.567181E+000, -2.379106E+000, 1.546702E+001
2.480800E-002, -2.126763E+000, 8.655631E+000, 1.542899E-001, -1.181962E-001, -1.725907E+000, -2.540611E+000, 1.542080E+001
2.481600E-002, 3.161638E-001, 8.991633E+000, 9.533495E-001, 2.408951E-001, -7.039918E+000, -2.730235E+000, 1.512850E+001
2.482400E-002, 2.888666E+000, 9.148911E+000, 1.104391E+000, 3.129385E-001, -9.792482E+000, -3.016621E+000, 1.506872E+001
2.483200E-002, 3.339588E+000, 9.211465E+000, 1.624105E-002, 3.534628E-001, -7.939721E+000, -3.306551E+000, 1.557692E+001
2.484000E-002, 1.938447E+000, 9.279380E+000, -1.435709E+000, 5.470794E-001, -2.196174E+000, -3.476563E+000, 1.671383E+001
2.484800E-002, 3.472618E-001, 9.374104E+000, -2.117832E+000, 9.072964E-001, 3.842648E+000, -3.481644E+000, 1.805142E+001
2.485600E-002, -5.614930E-001, 9.495637E+000, -2.147066E+000, 1.366573E+000, 5.939561E+000, -3.297454E+000, 1.879003E+001
2.486400E-002, -5.321226E-001, 9.497424E+000, -1.651714E+000, 1.901270E+000, 3.175530E+000, -3.033280E+000, 1.857495E+001
2.487200E-002, -3.852706E-001, 9.493850E+000, -5.456992E-001, 2.598065E+000, -1.718262E+000, -2.983422E+000, 1.784484E+001
2.488000E-002, -1.259472E+000, 9.726192E+000, 3.979056E-001, 3.388290E+000, -5.457110E+000, -3.314113E+000, 1.720469E+001
2.488800E-002, -2.605328E+000, 1.000500E+001, 4.904796E-001, 4.002911E+000, -6.229462E+000, -3.900707E+000, 1.698349E+001
2.489600E-002, -3.130540E+000, 1.008364E+001, 2.111336E-001, 4.293335E+000, -4.529595E+000, -4.537278E+000, 1.723795E+001
2.490400E-002, -2.810920E+000, 1.001930E+001, 8.607755E-002, 4.257314E+000, -2.464933E+000, -5.018841E+000, 1.763578E+001
2.491200E-002, -2.249428E+000, 1.013726E+001, 2.273747E-002, 3.812671E+000, -1.243456E+000, -5.179637E+000, 1.776207E+001
2.492000E-002, -1.433967E+000, 1.067343E+001, 0.000000E+000, 2.883987E+000, -5.399058E-001, -5.088783E+000, 1.770099E+001
2.492800E-002, -6.772470E-001, 1.111846E+001, -1.039427E-001, 1.754932E+000, -1.301985E-001, -4.953743E+000, 1.771420E+001
2.493600E-002, -8.862951E-001, 1.102016E+001, -2.907147E-001, 7.868488E-001, -3.977625E-001, -4.882382E+000, 1.774662E+001
2.494400E-002, -1.941902E+000, 1.094688E+001, -1.721551E-001, -6.303796E-002, -1.652088E+000, -4.939093E+000, 1.770877E+001
2.495200E-002, -3.165093E+000, 1.132220E+001, 4.385083E-002, -8.284989E-001, -3.694174E+000, -5.174794E+000, 1.763036E+001
2.496000E-002, -4.488489E+000, 1.182084E+001, -1.331766E-001, -1.335054E+000, -5.720374E+000, -5.526396E+000, 1.748886E+001
2.496800E-002, -5.540640E+000, 1.226408E+001, -5.018483E-001, -1.590583E+000, -6.973505E+000, -5.905054E+000, 1.731270E+001
2.497600E-002, -5.644301E+000, 1.272876E+001, -7.211025E-001, -1.758309E+000, -7.526550E+000, -6.265635E+000, 1.715694E+001
2.498400E-002, -4.949777E+000, 1.320596E+001, -7.146060E-001, -1.850614E+000, -7.679085E+000, -6.512088E+000, 1.689659E+001
2.499200E-002, -3.926996E+000, 1.359379E+001, -5.359545E-001, -1.726790E+000, -7.265317E+000, -6.602233E+000, 1.646645E+001
2.500000E-002, -2.900759E+000, 1.371175E+001, -2.907147E-001, -1.321546E+000, -6.274494E+000, -6.635196E+000, 1.604432E+001
2.500800E-002, -2.569046E+000, 1.359558E+001, -9.744628E-003, -7.339420E-001, -5.130778E+000, -6.648783E+000, 1.569188E+001
2.501600E-002, -3.261842E+000, 1.358843E+001, -2.760978E-002, -1.643490E-001, -4.229422E+000, -6.613457E+000, 1.531739E+001
2.502400E-002, -4.218972E+000, 1.389226E+001, -4.872314E-001, 3.230695E-001, -3.821984E+000, -6.610976E+000, 1.497321E+001
2.503200E-002, -4.716541E+000, 1.433371E+001, -8.201728E-001, 7.328163E-001, -3.896281E+000, -6.731012E+000, 1.468609E+001
2.504000E-002, -4.960143E+000, 1.473048E+001, -8.753924E-001, 9.129248E-001, -4.229541E+000, -6.954190E+000, 1.435405E+001
2.504800E-002, -5.172647E+000, 1.514155E+001, -8.705201E-001, 8.791544E-001, -4.861661E+000, -7.273775E+000, 1.399536E+001
2.505600E-002, -5.101812E+000, 1.550972E+001, -7.211025E-001, 8.735260E-001, -5.885332E+000, -7.680788E+000, 1.363042E+001
2.506400E-002, -5.139821E+000, 1.568308E+001, -4.352601E-001, 1.122301E+000, -6.913661E+000, -8.077522E+000, 1.313684E+001
2.507200E-002, -5.972558E+000, 1.580283E+001, -7.146060E-002, 1.709905E+000, -7.379748E+000, -8.417546E+000, 1.253136E+001
2.508000E-002, -7.054080E+000, 1.611559E+001, 2.988353E-001, 2.432590E+000, -6.997395E+000, -8.718109E+000, 1.195630E+001
2.508800E-002, -7.532645E+000, 1.653738E+001, 5.781813E-001, 3.124882E+000, -5.885571E+000, -8.901236E+000, 1.140388E+001
2.509600E-002, -7.325325E+000, 1.689126E+001, 7.535846E-001, 3.774398E+000, -4.703033E+000, -8.914114E+000, 1.085536E+001
2.510400E-002, -6.421752E+000, 1.724156E+001, 7.860667E-001, 4.144746E+000, -4.323188E+000, -8.835428E+000, 1.034680E+001
2.511200E-002, -5.193378E+000, 1.760437E+001, 7.064856E-001, 4.114353E+000, -5.099124E+000, -8.718937E+000, 9.781648E+000
2.512000E-002, -4.516132E+000, 1.779382E+001, 4.238913E-001, 3.947752E+000, -6.683246E+000, -8.629500E+000, 9.133719E+000
2.512800E-002, -4.619792E+000, 1.781884E+001, -6.821240E-002, 3.800288E+000, -8.307860E+000, -8.691526E+000, 8.583776E+000
2.513600E-002, -5.164008E+000, 1.809050E+001, -4.921037E-001, 3.574027E+000, -9.130858E+000, -8.880088E+000, 8.226502E+000
2.514400E-002, -5.998473E+000, 1.882149E+001, -8.461586E-001, 3.172160E+000, -8.702040E+000, -9.062623E+000, 8.051049E+000
2.515200E-002, -6.819117E+000, 1.951672E+001, -1.042675E+000, 2.608196E+000, -7.181942E+000, -9.212196E+000, 8.071684E+000
2.516000E-002, -7.211298E+000, 1.975800E+001, -8.429103E-001, 2.045357E+000, -5.319148E+000, -9.328688E+000, 8.151392E+000
2.516800E-002, -7.259673E+000, 1.978124E+001, -5.310822E-001, 1.591709E+000, -4.199560E+000, -9.389297E+000, 8.016854E+000
2.517600E-002, -7.166379E+000, 1.974549E+001, -2.614809E-001, 1.197721E+000, -4.475246E+000, -9.461957E+000, 7.590601E+000
2.518400E-002, -6.808751E+000, 1.962396E+001, 2.160059E-001, 8.138651E-001, -5.886048E+000, -9.637167E+000, 6.983589E+000
2.519200E-002, -6.286994E+000, 1.967221E+001, 6.561383E-001, 3.714737E-001, -7.562385E+000, -9.924971E+000, 6.296633E+000
2.520000E-002, -6.084857E+000, 1.999034E+001, 7.535846E-001, -1.542179E-001, -8.476402E+000, -1.031970E+001, 5.685611E+000
2.520800E-002, -6.281811E+000, 2.033349E+001, 7.470881E-001, -5.999863E-001, -7.971017E+000, -1.077113E+001, 5.295204E+000
2.521600E-002, -6.539234E+000, 2.056405E+001, 5.164653E-001, -7.845975E-001, -6.282139E+000, -1.114329E+001, 5.076005E+000
2.522400E-002, -6.862309E+000, 2.063911E+001, -9.257397E-002, -8.127394E-001, -4.395574E+000, -1.135513E+001, 4.930029E+000
2.523200E-002, -7.240669E+000, 2.056584E+001, -3.995298E-001, -1.036749E+000, -3.322571E+000, -1.142531E+001, 4.796553E+000
2.524000E-002, -7.290771E+000, 2.059979E+001, -1.802756E-001, -1.641238E+000, -3.514524E+000, -1.139849E+001, 4.556248E+000
2.524800E-002, -6.952147E+000, 2.075529E+001, -2.923388E-002, -2.334656E+000, -4.723818E+000, -1.136671E+001, 4.180461E+000
2.525600E-002, -6.549600E+000, 2.070167E+001, -3.897851E-002, -2.724140E+000, -6.216681E+000, -1.142259E+001, 3.795124E+000
2.526400E-002, -6.283539E+000, 2.053367E+001, 1.169355E-001, -2.808566E+000, -7.224226E+000, -1.155030E+001, 3.469214E+000
2.527200E-002, -6.382016E+000, 2.059086E+001, 5.018483E-001, -2.718512E+000, -7.384526E+000, -1.168570E+001, 3.198960E+000
2.528000E-002, -6.924505E+000, 2.085716E+001, 1.119008E+000, -2.338033E+000, -6.822761E+000, -1.178931E+001, 2.978817E+000
2.528800E-002, -7.302865E+000, 2.112167E+001, 1.762154E+000, -1.481392E+000, -5.895605E+000, -1.182133E+001, 2.705261E+000
2.529600E-002, -7.126642E+000, 2.118601E+001, 2.010642E+000, -1.677260E-001, -4.900362E+000, -1.177041E+001, 2.270047E+000
2.530400E-002, -6.779380E+000, 2.107163E+001, 1.948926E+000, 1.346311E+000, -3.997095E+000, -1.168168E+001, 1.741328E+000
2.531200E-002, -6.402748E+000, 2.113597E+001, 1.856352E+000, 2.772545E+000, -3.332724E+000, -1.160335E+001, 1.204710E+000
2.532000E-002, -5.817068E+000, 2.132184E+001, 1.568885E+000, 3.937621E+000, -3.040434E+000, -1.156436E+001, 6.496965E-001
2.532800E-002, -5.158825E+000, 2.121997E+001, 1.055668E+000, 4.677192E+000, -3.140412E+000, -1.160087E+001, 1.128420E-001
2.533600E-002, -4.773555E+000, 2.102337E+001, 6.951168E-001, 4.834786E+000, -3.572934E+000, -1.171417E+001, -3.866343E-001
2.534400E-002, -4.846117E+000, 2.096797E+001, 6.853722E-001, 4.590514E+000, -4.212460E+000, -1.185087E+001, -9.444772E-001
2.535200E-002, -5.238298E+000, 2.099299E+001, 9.907039E-001, 4.351871E+000, -4.856524E+000, -1.199300E+001, -1.565639E+000
2.536000E-002, -5.718591E+000, 2.106627E+001, 1.554268E+000, 4.081708E+000, -5.301350E+000, -1.214647E+001, -2.150720E+000
2.536800E-002, -6.093495E+000, 2.100907E+001, 2.153563E+000, 3.414181E+000, -5.385680E+000, -1.224524E+001, -2.716581E+000
2.537600E-002, -6.297360E+000, 2.079818E+001, 2.614809E+000, 2.377432E+000, -5.063289E+000, -1.222480E+001, -3.304255E+000
2.538400E-002, -6.388927E+000, 2.062839E+001, 2.959119E+000, 1.390212E+000, -4.464496E+000, -1.211055E+001, -3.863513E+000
2.539200E-002, -6.402748E+000, 2.046218E+001, 3.126402E+000, 9.039193E-001, -3.744701E+000, -1.193818E+001, -4.403433E+000
2.540000E-002, -6.368195E+000, 2.020303E+001, 3.116657E+000, 9.815911E-001, -3.014633E+000, -1.172847E+001, -4.959979E+000
2.540800E-002, -6.152236E+000, 1.990634E+001, 2.952622E+000, 1.140312E+000, -2.473653E+000, -1.152809E+001, -5.502376E+000
2.541600E-002, -5.697858E+000, 1.977409E+001, 2.556341E+000, 1.046880E+000, -2.351815E+000, -1.135454E+001, -6.072953E+000
2.542400E-002, -5.264213E+000, 1.985451E+001, 2.108088E+000, 9.354383E-001, -2.654617E+000, -1.120213E+001, -6.748001E+000
2.543200E-002, -4.944594E+000, 1.993136E+001, 1.885586E+000, 1.067143E+000, -3.105414E+000, -1.109473E+001, -7.461723E+000
2.544000E-002, -4.631886E+000, 1.980090E+001, 1.906699E+000, 1.382332E+000, -3.368320E+000, -1.102290E+001, -8.122622E+000
2.544800E-002, -4.512676E+000, 1.952745E+001, 2.002521E+000, 1.591709E+000, -3.236807E+000, -1.093394E+001, -8.734468E+000
2.545600E-002, -4.732090E+000, 1.930762E+001, 2.070734E+000, 1.367699E+000, -2.744800E+000, -1.082784E+001, -9.293962E+000
2.546400E-002, -4.761461E+000, 1.910387E+001, 2.333838E+000, 7.148055E-001, -2.217556E+000, -1.071537E+001, -9.819025E+000
2.547200E-002, -4.130861E+000, 1.895910E+001, 2.860048E+000, -8.104881E-002, -1.890745E+000, -1.053685E+001, -1.040576E+001
2.548000E-002, -3.099442E+000, 1.898591E+001, 3.350528E+000, -7.249365E-001, -1.631662E+000, -1.028933E+001, -1.106925E+001
2.548800E-002, -2.335811E+000, 1.888225E+001, 3.693214E+000, -8.352530E-001, -1.306046E+000, -1.006249E+001, -1.171859E+001
2.549600E-002, -2.928402E+000, 1.846761E+001, 3.946574E+000, -3.624683E-001, -8.540546E-001, -9.848766E+000, -1.235131E+001
2.550400E-002, -5.205472E+000, 1.811195E+001, 4.134971E+000, 1.969936E-001, -3.442497E-001, -9.631732E+000, -1.298650E+001
2.551200E-002, -7.444534E+000, 1.803867E+001, 4.295757E+000, 5.639646E-001, -1.231511E-001, -9.479915E+000, -1.355779E+001
2.552000E-002, -7.636305E+000, 1.794037E+001, 4.450047E+000, 6.720297E-001, -2.006730E-001, -9.330342E+000, -1.413933E+001
2.552800E-002, -5.440435E+000, 1.768122E+001, 4.687166E+000, 3.444574E-001, -4.177103E-001, -9.166120E+000, -1.476085E+001
2.553600E-002, -2.005826E+000, 1.751143E+001, 4.934030E+000, -1.902396E-001, -6.432285E-001, -9.043247E+000, -1.527836E+001
2.554400E-002, 8.050946E-001, 1.739169E+001, 4.862569E+000, -5.256916E-001, -3.987181E-001, -8.898282E+000, -1.574376E+001
2.555200E-002, 1.822693E+000, 1.723620E+001, 4.393203E+000, -5.774727E-001, 3.198822E-001, -8.739258E+000, -1.618240E+001
2.556000E-002, 1.306119E+000, 1.720581E+001, 3.909220E+000, -2.285126E-001, 1.014593E+000, -8.558376E+000, -1.652564E+001
2.556800E-002, -4.630158E-001, 1.712360E+001, 3.829639E+000, 5.831012E-001, 1.237842E+000, -8.335907E+000, -1.687218E+001
2.557600E-002, -3.367230E+000, 1.687339E+001, 4.196687E+000, 1.587206E+000, 7.262450E-001, -8.122417E+000, -1.727261E+001
2.558400E-002, -5.903451E+000, 1.666785E+001, 4.867442E+000, 2.559792E+000, -1.767833E-002, -7.929721E+000, -1.768814E+001
2.559200E-002, -6.361284E+000, 1.648734E+001, 5.791557E+000, 3.310619E+000, -3.533278E-001, -7.822327E+000, -1.803480E+001
2.560000E-002, -4.932500E+000, 1.628717E+001, 6.795254E+000, 3.526749E+000, -1.574327E-001, -7.793263E+000, -1.827345E+001
2.560800E-002, -2.717626E+000, 1.612989E+001, 7.526101E+000, 3.231821E+000, 5.130300E-001, -7.763726E+000, -1.847838E+001
2.561600E-002, -4.975692E-001, 1.602981E+001, 7.509860E+000, 2.712884E+000, 1.329817E+000, -7.735844E+000, -1.866905E+001
2.562400E-002, 1.138535E+000, 1.617457E+001, 6.571127E+000, 2.127531E+000, 2.089746E+000, -7.651724E+000, -1.890947E+001
2.563200E-002, 1.890072E+000, 1.641943E+001, 5.387156E+000, 1.487020E+000, 2.779679E+000, -7.534287E+000, -1.922512E+001
2.564000E-002, 1.782956E+000, 1.634615E+001, 4.641691E+000, 6.675270E-001, 3.111387E+000, -7.490219E+000, -1.953665E+001
2.564800E-002, 1.008960E+000, 1.619602E+001, 4.318494E+000, -3.118128E-001, 2.955148E+000, -7.490455E+000, -1.992859E+001
2.565600E-002, -7.083450E-002, 1.631040E+001, 4.251906E+000, -1.249502E+000, 2.488822E+000, -7.548346E+000, -2.040366E+001
2.566400E-002, -8.292820E-001, 1.649628E+001, 4.560486E+000, -1.920406E+000, 2.083057E+000, -7.710443E+000, -2.081647E+001
2.567200E-002, -9.173932E-001, 1.642657E+001, 5.249106E+000, -2.116274E+000, 2.107544E+000, -7.957250E+000, -2.121277E+001
2.568000E-002, -8.655631E-001, 1.609951E+001, 5.887380E+000, -1.839358E+000, 2.501962E+000, -8.310624E+000, -2.165093E+001
2.568800E-002, -1.069428E+000, 1.585287E+001, 6.265796E+000, -1.232617E+000, 3.085466E+000, -8.778128E+000, -2.211480E+001
2.569600E-002, -1.131624E+000, 1.571704E+001, 6.454192E+000, -6.134945E-001, 3.658459E+000, -9.345465E+000, -2.265248E+001
2.570400E-002, -7.238941E-001, 1.552759E+001, 6.535398E+000, -3.489601E-001, 3.981447E+000, -1.001642E+001, -2.330713E+001
2.571200E-002, 1.796778E-001, 1.543644E+001, 6.775765E+000, -3.185668E-001, 4.127652E+000, -1.080646E+001, -2.407544E+001
2.572000E-002, 1.513440E+000, 1.536853E+001, 7.014508E+000, -1.339557E-001, 4.125263E+000, -1.173887E+001, -2.493903E+001
2.572800E-002, 2.695167E+000, 1.511652E+001, 6.804999E+000, 3.523372E-001, 3.901297E+000, -1.277666E+001, -2.591582E+001
2.573600E-002, 2.987143E+000, 1.480018E+001, 6.403845E+000, 7.913516E-001, 3.623341E+000, -1.385604E+001, -2.694979E+001
2.574400E-002, 2.406646E+000, 1.467329E+001, 6.082272E+000, 6.461391E-001, 3.403437E+000, -1.489183E+001, -2.788979E+001
2.575200E-002, 1.378681E+000, 1.482520E+001, 5.635643E+000, 7.542042E-002, 3.276583E+000, -1.575406E+001, -2.870928E+001
2.576000E-002, 4.837478E-001, 1.495567E+001, 5.275092E+000, -3.185668E-001, 3.310029E+000, -1.637787E+001, -2.938397E+001
2.576800E-002, 2.833380E-001, 1.489312E+001, 5.413141E+000, -3.703480E-001, 3.468776E+000, -1.672463E+001, -2.981258E+001
2.577600E-002, 6.703363E-001, 1.479839E+001, 6.160229E+000, -2.971790E-001, 3.696444E+000, -1.674837E+001, -3.002081E+001
2.578400E-002, 1.351039E+000, 1.454103E+001, 7.331209E+000, -2.971790E-001, 3.955049E+000, -1.647014E+001, -3.004121E+001
2.579200E-002, 2.275342E+000, 1.421039E+001, 8.396622E+000, -2.983046E-001, 4.214013E+000, -1.592395E+001, -2.983675E+001
2.580000E-002, 3.163365E+000, 1.418537E+001, 9.090114E+000, -1.091908E-001, 4.410744E+000, -1.513391E+001, -2.945236E+001
2.580800E-002, 3.508899E+000, 1.426222E+001, 9.429552E+000, 3.973643E-001, 4.509767E+000, -1.413369E+001, -2.895630E+001
2.581600E-002, 3.128812E+000, 1.410137E+001, 9.221666E+000, 1.299032E+000, 4.615837E+000, -1.298542E+001, -2.836368E+001
2.582400E-002, 2.510306E+000, 1.378145E+001, 8.614251E+000, 2.434841E+000, 4.793695E+000, -1.176710E+001, -2.768957E+001
2.583200E-002, 2.076660E+000, 1.353481E+001, 8.091290E+000, 3.455831E+000, 5.086343E+000, -1.049668E+001, -2.697620E+001
2.584000E-002, 1.744948E+000, 1.342579E+001, 7.626796E+000, 4.090714E+000, 5.569869E+000, -9.215150E+000, -2.625057E+001
2.584800E-002, 1.675841E+000, 1.343830E+001, 7.191535E+000, 4.279827E+000, 6.175232E+000, -7.999782E+000, -2.554321E+001
2.585600E-002, 2.161316E+000, 1.360451E+001, 7.295478E+000, 4.137992E+000, 6.853937E+000, -6.861445E+000, -2.493007E+001
2.586400E-002, 3.016513E+000, 1.370460E+001, 7.656030E+000, 3.706857E+000, 7.617928E+000, -5.844918E+000, -2.441161E+001
2.587200E-002, 3.876894E+000, 1.349907E+001, 7.496867E+000, 3.077603E+000, 8.337006E+000, -5.017896E+000, -2.393466E+001
2.588000E-002, 4.474668E+000, 1.310409E+001, 7.344202E+000, 2.581179E+000, 8.857323E+000, -4.356751E+000, -2.356017E+001
2.588800E-002, 4.414199E+000, 1.274842E+001, 7.751852E+000, 2.276121E+000, 9.104461E+000, -3.854394E+000, -2.333448E+001
2.589600E-002, 3.673028E+000, 1.244102E+001, 8.216346E+000, 1.919281E+000, 9.119511E+000, -3.550995E+000, -2.321681E+001
2.590400E-002, 2.919764E+000, 1.196918E+001, 8.661350E+000, 1.661501E+000, 9.047126E+000, -3.433204E+000, -2.321468E+001
2.591200E-002, 2.522399E+000, 1.147948E+001, 9.306120E+000, 1.826975E+000, 8.987401E+000, -3.458487E+000, -2.332505E+001
2.592000E-002, 2.252883E+000, 1.141514E+001, 9.749500E+000, 2.187192E+000, 9.031837E+000, -3.597309E+000, -2.348647E+001
2.592800E-002, 2.140584E+000, 1.160816E+001, 9.783607E+000, 2.304263E+000, 9.216742E+000, -3.804655E+000, -2.367478E+001
2.593600E-002, 2.404918E+000, 1.162246E+001, 9.590339E+000, 2.246853E+000, 9.433660E+000, -4.043310E+000, -2.389421E+001
2.594400E-002, 2.724537E+000, 1.162067E+001, 9.047887E+000, 2.341410E+000, 9.619163E+000, -4.322843E+000, -2.412249E+001
2.595200E-002, 2.881755E+000, 1.156169E+001, 8.201729E+000, 2.571048E+000, 9.747211E+000, -4.622107E+000, -2.434263E+001
2.596000E-002, 3.220378E+000, 1.102016E+001, 7.522853E+000, 2.707255E+000, 9.766204E+000, -4.879192E+000, -2.456784E+001
2.596800E-002, 3.671301E+000, 1.039105E+001, 7.212649E+000, 2.671234E+000, 9.718902E+000, -5.109695E+000, -2.476983E+001
2.597600E-002, 3.909719E+000, 1.025164E+001, 7.230514E+000, 2.290755E+000, 9.651414E+000, -5.347405E+000, -2.491309E+001
2.598400E-002, 4.130861E+000, 1.030526E+001, 7.727490E+000, 1.383458E+000, 9.552511E+000, -5.545536E+000, -2.503348E+001
2.599200E-002, 4.294990E+000, 1.026058E+001, 8.710073E+000, 2.499005E-001, 9.458147E+000, -5.674078E+000, -2.511071E+001
2.600000E-002, 3.980554E+000, 1.011045E+001, 9.658550E+000, -7.834718E-001, 9.412756E+000, -5.753000E+000, -2.507098E+001
2.600800E-002, 3.381052E+000, 9.699383E+000, 1.014578E+001, -1.691894E+000, 9.379311E+000, -5.777102E+000, -2.494068E+001
2.601600E-002, 2.961228E+000, 9.193592E+000, 1.027571E+001, -2.316645E+000, 9.293786E+000, -5.733624E+000, -2.475285E+001
2.602400E-002, 2.553498E+000, 8.952313E+000, 1.018314E+001, -2.535027E+000, 9.158213E+000, -5.633909E+000, -2.447682E+001
2.603200E-002, 2.142312E+000, 8.796824E+000, 9.907039E+000, -2.405574E+000, 8.979040E+000, -5.490479E+000, -2.412662E+001
2.604000E-002, 2.283981E+000, 8.428651E+000, 9.621196E+000, -1.951925E+000, 8.754358E+000, -5.315742E+000, -2.373986E+001
2.604800E-002, 2.976777E+000, 7.992563E+000, 9.414935E+000, -1.203350E+000, 8.554282E+000, -5.130607E+000, -2.330736E+001
2.605600E-002, 3.667845E+000, 7.822774E+000, 9.301248E+000, -1.924909E-001, 8.463502E+000, -4.941101E+000, -2.282286E+001
2.606400E-002, 3.916630E+000, 7.930009E+000, 9.358091E+000, 9.433181E-001, 8.512595E+000, -4.743797E+000, -2.230853E+001
2.607200E-002, 3.771506E+000, 7.794178E+000, 9.580594E+000, 1.846112E+000, 8.663339E+000, -4.560317E+000, -2.176212E+001
2.608000E-002, 3.838885E+000, 7.352729E+000, 9.895670E+000, 2.254733E+000, 8.822205E+000, -4.407672E+000, -2.119001E+001
2.608800E-002, 4.042750E+000, 7.163281E+000, 1.015553E+001, 2.349290E+000, 8.926125E+000, -4.281374E+000, -2.063712E+001
2.609600E-002, 3.681667E+000, 7.159707E+000, 1.023186E+001, 2.473114E+000, 8.931141E+000, -4.205524E+000, -2.010475E+001
2.610400E-002, 3.025152E+000, 7.059621E+000, 1.029682E+001, 2.524895E+000, 8.817785E+000, -4.207532E+000, -1.958134E+001
2.611200E-002, 2.750452E+000, 6.954173E+000, 1.039914E+001, 2.238973E+000, 8.649243E+000, -4.267905E+000, -1.911098E+001
2.612000E-002, 2.791916E+000, 6.709321E+000, 1.034230E+001, 1.733544E+000, 8.469832E+000, -4.372464E+000, -1.868544E+001
2.612800E-002, 2.931857E+000, 6.296467E+000, 1.018963E+001, 1.140312E+000, 8.286718E+000, -4.522510E+000, -1.824209E+001
2.613600E-002, 3.215195E+000, 5.992635E+000, 1.003697E+001, 4.491455E-001, 8.129883E+000, -4.695948E+000, -1.779037E+001
2.614400E-002, 3.446703E+000, 5.908634E+000, 9.929776E+000, -1.947423E-001, 7.966836E+000, -4.873403E+000, -1.736765E+001
2.615200E-002, 3.377597E+000, 6.031954E+000, 9.866436E+000, -7.091771E-001, 7.761266E+000, -5.056293E+000, -1.697618E+001
2.616000E-002, 3.215195E+000, 6.040891E+000, 9.780358E+000, -1.174082E+000, 7.547692E+000, -5.232094E+000, -1.661443E+001
2.616800E-002, 3.085620E+000, 5.712038E+000, 9.858315E+000, -1.443119E+000, 7.303182E+000, -5.389111E+000, -1.626941E+001
2.617600E-002, 2.772912E+000, 5.485057E+000, 1.003697E+001, -1.232617E+000, 7.005397E+000, -5.538093E+000, -1.592476E+001
2.618400E-002, 2.389369E+000, 5.510078E+000, 1.003209E+001, -6.765324E-001, 6.703074E+000, -5.668644E+000, -1.558069E+001
2.619200E-002, 2.197597E+000, 5.443951E+000, 1.010518E+001, -5.628389E-002, 6.390717E+000, -5.764697E+000, -1.523096E+001
2.620000E-002, 2.249428E+000, 5.338503E+000, 1.034067E+001, 6.799095E-001, 6.041331E+000, -5.836766E+000, -1.487157E+001
2.620800E-002, 2.551770E+000, 5.306333E+000, 1.036504E+001, 1.471261E+000, 5.660531E+000, -5.894539E+000, -1.450887E+001
2.621600E-002, 2.912853E+000, 5.186587E+000, 1.016852E+001, 2.031849E+000, 5.271607E+000, -5.929510E+000, -1.415383E+001
2.622400E-002, 3.016513E+000, 5.054331E+000, 1.004996E+001, 2.376306E+000, 4.936435E+000, -5.932109E+000, -1.380847E+001
2.623200E-002, 2.779822E+000, 5.022161E+000, 1.009868E+001, 2.517016E+000, 4.694911E+000, -5.909071E+000, -1.345756E+001
2.624000E-002, 2.373820E+000, 4.859521E+000, 1.009544E+001, 2.183815E+000, 4.500211E+000, -5.874336E+000, -1.309734E+001
2.624800E-002, 2.166499E+000, 4.634328E+000, 1.009868E+001, 1.311415E+000, 4.287832E+000, -5.833694E+000, -1.273877E+001
2.625600E-002, 2.204508E+000, 4.637903E+000, 1.037803E+001, 2.499005E-001, 4.064703E+000, -5.786672E+000, -1.238444E+001
2.626400E-002, 2.214874E+000, 4.761223E+000, 1.071097E+001, -6.495162E-001, 3.834526E+000, -5.753827E+000, -1.202434E+001
2.627200E-002, 2.093937E+000, 4.796968E+000, 1.074508E+001, -1.302409E+000, 3.549284E+000, -5.761388E+000, -1.167107E+001
2.628000E-002, 1.795050E+000, 4.682584E+000, 1.047548E+001, -1.591709E+000, 3.217815E+000, -5.806166E+000, -1.135071E+001
2.628800E-002, 1.556631E+000, 4.416284E+000, 1.021399E+001, -1.409349E+000, 2.907011E+000, -5.877526E+000, -1.104095E+001
2.629600E-002, 1.530716E+000, 4.242921E+000, 1.021075E+001, -9.928479E-001, 2.654258E+000, -5.971334E+000, -1.072601E+001
2.630400E-002, 1.404596E+000, 4.332283E+000, 1.028870E+001, -4.277576E-001, 2.466844E+000, -6.082509E+000, -1.043229E+001
2.631200E-002, 1.109165E+000, 4.364454E+000, 1.025460E+001, 4.513968E-001, 2.323864E+000, -6.208217E+000, -1.015272E+001
2.632000E-002, 8.672908E-001, 4.189304E+000, 1.013117E+001, 1.518539E+000, 2.164879E+000, -6.342076E+000, -9.861474E+000
2.632800E-002, 6.962513E-001, 4.069559E+000, 1.003697E+001, 2.614950E+000, 1.954292E+000, -6.492712E+000, -9.566929E+000
2.633600E-002, 3.800876E-001, 4.148197E+000, 1.015878E+001, 3.742879E+000, 1.719337E+000, -6.675602E+000, -9.284647E+000
2.634400E-002, 8.638354E-002, 4.319773E+000, 1.033743E+001, 4.731224E+000, 1.486533E+000, -6.867944E+000, -9.009204E+000
2.635200E-002, 2.280526E-001, 4.441306E+000, 1.028870E+001, 5.334588E+000, 1.254445E+000, -7.051070E+000, -8.719257E+000
2.636000E-002, 4.889309E-001, 4.586072E+000, 1.012629E+001, 5.515821E+000, 1.034899E+000, -7.247310E+000, -8.401012E+000
2.636800E-002, 3.507172E-001, 4.796968E+000, 1.003697E+001, 5.353724E+000, 8.406764E-001, -7.468125E+000, -8.066024E+000
2.637600E-002, 2.418739E-002, 4.841649E+000, 1.001261E+001, 4.795388E+000, 6.625791E-001, -7.703590E+000, -7.732568E+000
2.638400E-002, -1.969545E-001, 4.659349E+000, 9.972003E+000, 3.828430E+000, 4.872292E-001, -7.945908E+000, -7.391330E+000
2.639200E-002, -4.440114E-001, 4.491349E+000, 9.816089E+000, 2.686993E+000, 2.894230E-001, -8.179955E+000, -7.025212E+000
2.640000E-002, -6.599703E-001, 4.369816E+000, 9.574098E+000, 1.606342E+000, 5.470727E-002, -8.392735E+000, -6.654025E+000
2.640800E-002, -6.202338E-001, 4.251858E+000, 9.501013E+000, 7.643353E-001, -1.974479E-001, -8.593229E+000, -6.294746E+000
2.641600E-002, -5.044799E-001, 4.410923E+000, 9.692657E+000, 3.253209E-001, -4.590394E-001, -8.789943E+000, -5.926860E+000
2.642400E-002, -5.856804E-001, 4.770159E+000, 9.832330E+000, 2.318897E-001, -7.312618E-001, -8.970824E+000, -5.539872E+000
2.643200E-002, -7.601752E-001, 4.839861E+000, 9.749500E+000, 2.960533E-001, -9.978702E-001, -9.124177E+000, -5.134017E+000
2.644000E-002, -9.554020E-001, 4.723691E+000, 9.734883E+000, 3.771021E-001, -1.241544E+000, -9.262880E+000, -4.694441E+000
2.644800E-002, -1.281932E+000, 4.748712E+000, 9.778734E+000, 3.320750E-001, -1.464913E+000, -9.400757E+000, -4.224914E+000
2.645600E-002, -1.632649E+000, 4.786244E+000, 9.543240E+000, 1.193219E-001, -1.690192E+000, -9.519730E+000, -3.756920E+000
2.646400E-002, -1.891800E+000, 4.723691E+000, 9.263893E+000, -1.440868E-001, -1.896121E+000, -9.603496E+000, -3.294586E+000
2.647200E-002, -2.106031E+000, 4.584285E+000, 9.367836E+000, -4.558995E-001, -2.039697E+000, -9.678755E+000, -2.823055E+000
2.648000E-002, -2.161316E+000, 4.471689E+000, 9.666671E+000, -9.669573E-001, -2.163565E+000, -9.763820E+000, -2.354236E+000
2.648800E-002, -2.119852E+000, 4.593222E+000, 9.697529E+000, -1.601840E+000, -2.328762E+000, -9.837661E+000, -1.905108E+000
2.649600E-002, -2.321990E+000, 4.847011E+000, 9.444169E+000, -2.043105E+000, -2.510204E+000, -9.898033E+000, -1.468126E+000
2.650400E-002, -2.693439E+000, 4.975692E+000, 9.307744E+000, -2.072373E+000, -2.675759E+000, -9.970929E+000, -1.036449E+000
2.651200E-002, -2.895576E+000, 5.002501E+000, 9.418183E+000, -1.721161E+000, -2.843584E+000, -1.005623E+001, -6.129079E-001
2.652000E-002, -3.011330E+000, 4.932798E+000, 9.549736E+000, -1.376704E+000, -3.003525E+000, -1.013645E+001, -2.011583E-001
2.652800E-002, -3.280847E+000, 4.771946E+000, 9.543240E+000, -1.391338E+000, -3.123451E+000, -1.021762E+001, 1.899567E-001
2.653600E-002, -3.640203E+000, 4.612881E+000, 9.375957E+000, -1.491523E+000, -3.234657E+000, -1.031603E+001, 5.591399E-001
2.654400E-002, -3.745590E+000, 4.448455E+000, 9.150206E+000, -1.237120E+000, -3.374172E+000, -1.042107E+001, 9.140558E-001
2.655200E-002, -3.534815E+000, 4.468114E+000, 8.987796E+000, -7.339420E-001, -3.531964E+000, -1.051086E+001, 1.258478E+000
2.656000E-002, -3.432882E+000, 4.623605E+000, 8.966682E+000, -4.119981E-001, -3.701699E+000, -1.059356E+001, 1.593348E+000
2.656800E-002, -3.657479E+000, 4.584285E+000, 9.085241E+000, -3.388290E-001, -3.876333E+000, -1.068997E+001, 1.916074E+000
2.657600E-002, -3.939090E+000, 4.548541E+000, 9.155078E+000, -1.564692E-001, -4.043321E+000, -1.080244E+001, 2.216868E+000
2.658400E-002, -4.073848E+000, 4.666499E+000, 9.177815E+000, 3.106871E-001, -4.220702E+000, -1.091940E+001, 2.477454E+000
2.659200E-002, -4.402105E+000, 4.623605E+000, 9.283382E+000, 8.194935E-001, -4.430811E+000, -1.103247E+001, 2.704907E+000
2.660000E-002, -5.001607E+000, 4.371603E+000, 9.388949E+000, 1.210104E+000, -4.666721E+000, -1.114187E+001, 2.942029E+000
2.660800E-002, -5.241754E+000, 4.162495E+000, 9.387325E+000, 1.629982E+000, -4.898093E+000, -1.124171E+001, 3.194597E+000
2.661600E-002, -5.034433E+000, 3.965898E+000, 9.317489E+000, 1.995827E+000, -5.092435E+000, -1.133091E+001, 3.428417E+000
2.662400E-002, -4.818474E+000, 3.774663E+000, 9.246028E+000, 2.029597E+000, -5.251898E+000, -1.142436E+001, 3.644196E+000
2.663200E-002, -4.687171E+000, 3.892621E+000, 9.075497E+000, 1.777445E+000, -5.394758E+000, -1.151817E+001, 3.852665E+000
2.664000E-002, -4.837479E+000, 4.162495E+000, 8.762045E+000, 1.373327E+000, -5.507398E+000, -1.159567E+001, 4.046631E+000
2.664800E-002, -5.352324E+000, 4.099942E+000, 8.505436E+000, 9.658316E-001, -5.563061E+000, -1.166632E+001, 4.231871E+000
2.665600E-002, -5.711680E+000, 3.790748E+000, 8.453465E+000, 7.294393E-001, -5.585756E+000, -1.173414E+001, 4.396005E+000
2.666400E-002, -5.708225E+000, 3.685301E+000, 8.620748E+000, 5.290686E-001, -5.677372E+000, -1.179333E+001, 4.511205E+000
2.667200E-002, -5.817068E+000, 3.810408E+000, 8.846498E+000, 2.363923E-001, -5.924989E+000, -1.186079E+001, 4.585844E+000
2.668000E-002, -6.065853E+000, 3.803259E+000, 8.887101E+000, 8.667719E-002, -6.309254E+000, -1.193912E+001, 4.643738E+000
2.668800E-002, -5.889630E+000, 3.708535E+000, 8.814016E+000, 2.487748E-001, -6.710122E+000, -1.201261E+001, 4.695384E+000
2.669600E-002, -5.516453E+000, 3.729982E+000, 8.753924E+000, 5.785984E-001, -6.965741E+000, -1.208385E+001, 4.746558E+000
2.670400E-002, -5.625296E+000, 3.592364E+000, 8.627244E+000, 9.309356E-001, -7.008264E+000, -1.215013E+001, 4.810820E+000
2.671200E-002, -5.984652E+000, 3.331426E+000, 8.513556E+000, 1.368824E+000, -6.896580E+000, -1.219822E+001, 4.889114E+000
2.672000E-002, -6.110772E+000, 3.474406E+000, 8.362515E+000, 1.886636E+000, -6.733056E+000, -1.223402E+001, 4.958682E+000
2.672800E-002, -6.138414E+000, 3.796110E+000, 8.032822E+000, 2.255858E+000, -6.637258E+000, -1.226190E+001, 5.009502E+000
2.673600E-002, -6.190245E+000, 3.746067E+000, 7.911014E+000, 2.349290E+000, -6.656250E+000, -1.226284E+001, 5.057493E+000
2.674400E-002, -6.186790E+000, 3.494066E+000, 8.115651E+000, 2.313268E+000, -6.754078E+000, -1.224678E+001, 5.108902E+000
2.675200E-002, -6.217887E+000, 3.318915E+000, 8.136765E+000, 2.072373E+000, -6.925248E+000, -1.224701E+001, 5.144512E+000
2.676000E-002, -6.352646E+000, 3.220617E+000, 8.014956E+000, 1.231492E+000, -7.150408E+000, -1.225186E+001, 5.159015E+000
2.676800E-002, -6.442485E+000, 3.127680E+000, 8.110779E+000, -5.515822E-002, -7.347019E+000, -1.224051E+001, 5.179532E+000
2.677600E-002, -6.388927E+000, 3.002573E+000, 8.208225E+000, -1.170705E+000, -7.450222E+000, -1.222645E+001, 5.226933E+000
2.678400E-002, -6.229981E+000, 2.998998E+000, 8.159502E+000, -1.855117E+000, -7.445206E+000, -1.220826E+001, 5.286125E+000
2.679200E-002, -6.131504E+000, 3.199170E+000, 8.178991E+000, -2.011586E+000, -7.371984E+000, -1.216549E+001, 5.340128E+000
2.680000E-002, -6.254169E+000, 3.188446E+000, 8.174119E+000, -1.623227E+000, -7.300196E+000, -1.209862E+001, 5.400499E+000
2.680800E-002, -6.416570E+000, 2.738060E+000, 8.021453E+000, -1.036749E+000, -7.262450E+000, -1.202076E+001, 5.463700E+000
2.681600E-002, -6.406204E+000, 2.489633E+000, 7.933752E+000, -4.198779E-001, -7.262689E+000, -1.194279E+001, 5.503790E+000
2.682400E-002, -6.350918E+000, 2.730911E+000, 8.027949E+000, 4.930469E-001, -7.302943E+000, -1.188135E+001, 5.525486E+000
2.683200E-002, -6.330186E+000, 2.863168E+000, 8.165998E+000, 1.633359E+000, -7.366251E+000, -1.184248E+001, 5.529495E+000
2.684000E-002, -6.281811E+000, 2.727337E+000, 8.112403E+000, 2.449475E+000, -7.420838E+000, -1.181413E+001, 5.491056E+000
2.684800E-002, -6.283539E+000, 2.677294E+000, 7.836305E+000, 2.795058E+000, -7.447475E+000, -1.179416E+001, 5.421016E+000
2.685600E-002, -6.416570E+000, 2.743422E+000, 7.605682E+000, 2.987549E+000, -7.450222E+000, -1.178447E+001, 5.335648E+000
2.686400E-002, -6.511591E+000, 2.723763E+000, 7.574824E+000, 3.077603E+000, -7.429797E+000, -1.177998E+001, 5.219740E+000
2.687200E-002, -6.383744E+000, 2.559336E+000, 7.608931E+000, 3.020194E+000, -7.378195E+000, -1.178471E+001, 5.076948E+000
2.688000E-002, -6.202338E+000, 2.473548E+000, 7.547215E+000, 3.032576E+000, -7.313694E+000, -1.180290E+001, 4.917649E+000
2.688800E-002, -6.129776E+000, 2.580783E+000, 7.472506E+000, 3.167658E+000, -7.253730E+000, -1.182299E+001, 4.732172E+000
2.689600E-002, -6.076219E+000, 2.675507E+000, 7.534222E+000, 3.088860E+000, -7.180389E+000, -1.182606E+001, 4.524411E+000
2.690400E-002, -6.126321E+000, 2.609379E+000, 7.545590E+000, 2.520393E+000, -7.092595E+000, -1.181507E+001, 4.300614E+000
2.691200E-002, -6.181606E+000, 2.405633E+000, 7.388052E+000, 1.637861E+000, -7.014715E+000, -1.180148E+001, 4.054295E+000
2.692000E-002, -5.948371E+000, 2.216185E+000, 7.199656E+000, 8.847828E-001, -6.953557E+000, -1.176793E+001, 3.795360E+000
2.692800E-002, -5.815340E+000, 2.194738E+000, 6.931679E+000, 4.108724E-001, -6.912467E+000, -1.170555E+001, 3.540669E+000
2.693600E-002, -6.012295E+000, 2.232270E+000, 6.762772E+000, -8.667719E-002, -6.893236E+000, -1.163702E+001, 3.281970E+000
2.694400E-002, -5.951826E+000, 2.158993E+000, 7.006388E+000, -7.924773E-001, -6.870063E+000, -1.156814E+001, 3.021502E+000
2.695200E-002, -5.594198E+000, 2.110737E+000, 7.295478E+000, -1.501654E+000, -6.808427E+000, -1.148024E+001, 2.776008E+000
2.696000E-002, -5.493993E+000, 2.273376E+000, 7.150933E+000, -2.009335E+000, -6.689935E+000, -1.137486E+001, 2.515186E+000
2.696800E-002, -5.580377E+000, 2.532527E+000, 6.800127E+000, -2.317771E+000, -6.530113E+000, -1.126416E+001, 2.216515E+000
2.697600E-002, -5.666760E+000, 2.521804E+000, 6.757900E+000, -2.482120E+000, -6.393106E+000, -1.115522E+001, 1.911711E+000
2.698400E-002, -5.884447E+000, 2.176865E+000, 6.990147E+000, -2.616076E+000, -6.304595E+000, -1.105055E+001, 1.607734E+000
2.699200E-002, -6.027843E+000, 1.937374E+000, 7.022629E+000, -2.850216E+000, -6.210470E+000, -1.093417E+001, 1.290786E+000
2.700000E-002, -5.846438E+000, 1.948098E+000, 6.824488E+000, -3.117002E+000, -6.089947E+000, -1.080610E+001, 9.736015E-001
2.700800E-002, -5.535458E+000, 2.067843E+000, 6.741659E+000, -3.240827E+000, -5.955926E+000, -1.068902E+001, 6.612520E-001
2.701600E-002, -5.424887E+000, 2.226908E+000, 6.754652E+000, -3.031451E+000, -5.784279E+000, -1.058328E+001, 3.393515E-001
2.702400E-002, -5.566556E+000, 2.253717E+000, 6.653957E+000, -2.434841E+000, -5.584919E+000, -1.047577E+001, 1.096584E-002
2.703200E-002, -5.599381E+000, 2.184014E+000, 6.606858E+000, -1.853992E+000, -5.400014E+000, -1.035526E+001, -3.086943E-001
2.704000E-002, -5.414521E+000, 2.194738E+000, 6.728666E+000, -1.554561E+000, -5.217975E+000, -1.020604E+001, -6.269395E-001
2.704800E-002, -5.340230E+000, 2.137546E+000, 6.634468E+000, -1.256256E+000, -5.042625E+000, -1.002858E+001, -9.533206E-001
2.705600E-002, -5.317771E+000, 1.932013E+000, 6.366490E+000, -7.834718E-001, -4.930702E+000, -9.846049E+000, -1.274042E+000
2.706400E-002, -5.074169E+000, 1.835501E+000, 6.420086E+000, -2.318897E-001, -4.850911E+000, -9.668830E+000, -1.582029E+000
2.707200E-002, -4.820202E+000, 1.910566E+000, 6.603610E+000, 3.568399E-001, -4.706378E+000, -9.486650E+000, -1.879168E+000
2.708000E-002, -4.792559E+000, 1.799756E+000, 6.566255E+000, 1.049132E+000, -4.483010E+000, -9.300333E+000, -2.161803E+000
2.708800E-002, -4.858211E+000, 1.535244E+000, 6.429831E+000, 1.810090E+000, -4.200515E+000, -9.105274E+000, -2.431587E+000
2.709600E-002, -4.908313E+000, 1.506648E+000, 6.308022E+000, 2.460732E+000, -3.879319E+000, -8.887767E+000, -2.688400E+000
2.710400E-002, -4.961871E+000, 1.560266E+000, 6.265796E+000, 3.024697E+000, -3.578190E+000, -8.661400E+000, -2.932950E+000
2.711200E-002, -5.024067E+000, 1.517372E+000, 6.351873E+000, 3.730496E+000, -3.328663E+000, -8.443774E+000, -3.171368E+000
2.712000E-002, -4.980875E+000, 1.540606E+000, 6.553263E+000, 4.494832E+000, -3.120465E+000, -8.241863E+000, -3.404363E+000
2.712800E-002, -4.789104E+000, 1.458393E+000, 6.618227E+000, 4.947354E+000, -2.944637E+000, -8.067952E+000, -3.636178E+000
2.713600E-002, -4.633613E+000, 1.188518E+000, 6.285285E+000, 4.970994E+000, -2.784337E+000, -7.933502E+000, -3.877191E+000
2.714400E-002, -4.455663E+000, 1.000858E+000, 5.940975E+000, 4.724470E+000, -2.622844E+000, -7.845365E+000, -4.136598E+000
2.715200E-002, -4.244887E+000, 8.900484E-001, 5.999443E+000, 4.364253E+000, -2.442357E+000, -7.785347E+000, -4.407678E+000
2.716000E-002, -4.291534E+000, 9.186443E-001, 6.217073E+000, 3.988277E+000, -2.219706E+000, -7.715168E+000, -4.669208E+000
2.716800E-002, -4.362369E+000, 1.070560E+000, 6.252803E+000, 3.552639E+000, -1.960742E+000, -7.630576E+000, -4.919889E+000
2.717600E-002, -4.205151E+000, 8.900484E-001, 6.168350E+000, 2.975167E+000, -1.691506E+000, -7.566305E+000, -5.165736E+000
2.718400E-002, -4.075575E+000, 5.647696E-001, 6.069279E+000, 2.366175E+000, -1.426450E+000, -7.531333E+000, -5.408517E+000
2.719200E-002, -3.859617E+000, 5.290247E-001, 5.931231E+000, 1.812341E+000, -1.185284E+000, -7.490100E+000, -5.669693E+000
2.720000E-002, -3.479529E+000, 3.735344E-001, 5.861394E+000, 1.302409E+000, -9.805502E-001, -7.429373E+000, -5.948792E+000
2.720800E-002, -3.386235E+000, 1.787246E-002, 5.960464E+000, 9.973506E-001, -7.922999E-001, -7.370182E+000, -6.211382E+000
2.721600E-002, -3.609104E+000, -5.361737E-003, 6.152109E+000, 8.566409E-001, -6.035717E-001, -7.303548E+000, -6.459705E+000
2.722400E-002, -3.652296E+000, 1.429797E-001, 6.150485E+000, 5.819755E-001, -4.109018E-001, -7.208204E+000, -6.720763E+000
2.723200E-002, -3.377597E+000, 7.327708E-002, 5.876011E+000, 2.420207E-001, -2.130956E-001, -7.099391E+000, -6.983236E+000
2.724000E-002, -3.092531E+000, -3.574491E-002, 5.851649E+000, 1.699774E-001, -1.098923E-002, -6.989988E+000, -7.230851E+000
2.724800E-002, -2.942224E+000, -1.304689E-001, 6.130995E+000, 2.859222E-001, 2.010313E-001, -6.866290E+000, -7.484834E+000
2.725600E-002, -2.798827E+000, -3.503002E-001, 6.057910E+000, 2.014963E-001, 4.192632E-001, -6.723215E+000, -7.757212E+000
2.726400E-002, -2.795372E+000, -5.933656E-001, 5.785061E+000, -1.519665E-001, 6.372561E-001, -6.564545E+000, -8.037961E+000
2.727200E-002, -2.985415E+000, -7.881753E-001, 5.757451E+000, -5.189375E-001, 8.530990E-001, -6.388153E+000, -8.322365E+000
2.728000E-002, -2.886938E+000, -8.900484E-001, 5.672998E+000, -6.686527E-001, 1.054966E+000, -6.201718E+000, -8.593563E+000
2.728800E-002, -2.460203E+000, -9.597510E-001, 5.500843E+000, -5.470794E-001, 1.239633E+000, -6.020837E+000, -8.837877E+000
2.729600E-002, -2.095665E+000, -1.138476E+000, 5.541445E+000, -3.016817E-001, 1.412236E+000, -5.851770E+000, -9.081131E+000
2.730400E-002, -1.871068E+000, -1.181369E+000, 5.747706E+000, -4.840415E-002, 1.575999E+000, -5.700425E+000, -9.347966E+000
2.731200E-002, -1.852063E+000, -9.150698E-001, 6.004315E+000, 2.566546E-001, 1.744421E+000, -5.574245E+000, -9.629187E+000
2.732000E-002, -1.770863E+000, -8.006861E-001, 6.200832E+000, 6.799095E-001, 1.914993E+000, -5.464960E+000, -9.917482E+000
2.732800E-002, -1.409779E+000, -1.192093E+000, 6.168350E+000, 1.229240E+000, 2.082101E+000, -5.363827E+000, -1.021863E+001
2.733600E-002, -1.207642E+000, -1.658564E+000, 5.872763E+000, 1.796582E+000, 2.269516E+000, -5.272973E+000, -1.051836E+001
2.734400E-002, -1.147173E+000, -1.621032E+000, 5.595041E+000, 2.268241E+000, 2.471980E+000, -5.187908E+000, -1.080135E+001
2.735200E-002, -9.605850E-001, -1.367243E+000, 5.562559E+000, 2.640840E+000, 2.657483E+000, -5.095990E+000, -1.107691E+001
2.736000E-002, -7.912732E-001, -1.662139E+000, 5.552814E+000, 2.847965E+000, 2.823516E+000, -5.000174E+000, -1.134434E+001
2.736800E-002, -4.526498E-001, -2.284100E+000, 5.531701E+000, 2.855845E+000, 2.983338E+000, -4.917354E+000, -1.160127E+001
2.737600E-002, -6.910684E-003, -2.191163E+000, 5.603161E+000, 2.898621E+000, 3.133843E+000, -4.836187E+000, -1.185372E+001
2.738400E-002, 1.036603E-002, -1.596010E+000, 5.557686E+000, 3.091111E+000, 3.252335E+000, -4.734936E+000, -1.209332E+001
2.739200E-002, -1.313030E-001, -1.697883E+000, 5.406644E+000, 3.180040E+000, 3.341444E+000, -4.623170E+000, -1.232207E+001
2.740000E-002, 5.701314E-002, -2.287674E+000, 5.266972E+000, 3.051713E+000, 3.431746E+000, -4.507505E+000, -1.255105E+001
2.740800E-002, 3.973643E-001, -2.436016E+000, 5.145164E+000, 2.829954E+000, 3.521691E+000, -4.393258E+000, -1.276907E+001
2.741600E-002, 6.357829E-001, -2.344867E+000, 5.119178E+000, 2.513639E+000, 3.605066E+000, -4.303940E+000, -1.296162E+001
2.742400E-002, 8.050946E-001, -2.443165E+000, 5.115930E+000, 1.996953E+000, 3.698594E+000, -4.227854E+000, -1.313979E+001
2.743200E-002, 9.795894E-001, -2.596868E+000, 5.076952E+000, 1.353065E+000, 3.793674E+000, -4.137590E+000, -1.332279E+001
2.744000E-002, 1.067701E+000, -2.677294E+000, 5.086696E+000, 8.532639E-001, 3.874302E+000, -4.051934E+000, -1.350685E+001
2.744800E-002, 1.053879E+000, -2.746997E+000, 5.085072E+000, 5.256916E-001, 3.954930E+000, -3.993216E+000, -1.368348E+001
2.745600E-002, 1.129897E+000, -2.886402E+000, 5.033101E+000, 7.542042E-002, 4.028868E+000, -3.944894E+000, -1.385894E+001
2.746400E-002, 1.333762E+000, -2.975764E+000, 5.031476E+000, -5.189375E-001, 4.070197E+000, -3.901180E+000, -1.403286E+001
2.747200E-002, 1.596368E+000, -2.965041E+000, 5.049342E+000, -9.129248E-001, 4.097073E+000, -3.871407E+000, -1.420371E+001
2.748000E-002, 1.819237E+000, -2.998998E+000, 4.958392E+000, -8.892855E-001, 4.149511E+000, -3.843761E+000, -1.437574E+001
2.748800E-002, 1.914259E+000, -2.973977E+000, 4.795981E+000, -6.686527E-001, 4.229899E+000, -3.827457E+000, -1.454271E+001
2.749600E-002, 1.945357E+000, -2.841721E+000, 4.698535E+000, -5.673416E-001, 4.304554E+000, -3.833010E+000, -1.470696E+001
2.750400E-002, 2.080116E+000, -2.945381E+000, 4.677422E+000, -4.558995E-001, 4.356753E+000, -3.831474E+000, -1.486826E+001
2.751200E-002, 2.385913E+000, -3.258149E+000, 4.677422E+000, -1.069394E-001, 4.406802E+000, -3.818242E+000, -1.500186E+001
2.752000E-002, 2.589779E+000, -3.283170E+000, 4.662805E+000, 2.960533E-001, 4.470707E+000, -3.802056E+000, -1.511812E+001
2.752800E-002, 2.646792E+000, -3.179510E+000, 4.607585E+000, 6.382594E-001, 4.533895E+000, -3.774173E+000, -1.524900E+001
2.753600E-002, 2.924947E+000, -3.276021E+000, 4.513387E+000, 1.090782E+000, 4.594455E+000, -3.739793E+000, -1.536739E+001
2.754400E-002, 3.152999E+000, -3.165212E+000, 4.467912E+000, 1.532048E+000, 4.672575E+000, -3.705767E+000, -1.545158E+001
2.755200E-002, 2.997509E+000, -3.004360E+000, 4.573479E+000, 1.676134E+000, 4.753082E+000, -3.667842E+000, -1.554048E+001
2.756000E-002, 2.937041E+000, -3.261724E+000, 4.602713E+000, 1.579326E+000, 4.814120E+000, -3.625073E+000, -1.565049E+001
2.756800E-002, 3.133995E+000, -3.513725E+000, 4.389955E+000, 1.503906E+000, 4.889492E+000, -3.583486E+000, -1.575661E+001
2.757600E-002, 3.235928E+000, -3.494066E+000, 4.294133E+000, 1.634484E+000, 4.994368E+000, -3.542607E+000, -1.584800E+001
2.758400E-002, 3.256660E+000, -3.408278E+000, 4.441926E+000, 1.823598E+000, 5.072487E+000, -3.490268E+000, -1.592735E+001
2.759200E-002, 3.355137E+000, -3.433299E+000, 4.396451E+000, 1.860746E+000, 5.098049E+000, -3.428242E+000, -1.598725E+001
2.760000E-002, 3.450159E+000, -3.587002E+000, 4.039148E+000, 1.894516E+000, 5.114771E+000, -3.369641E+000, -1.603489E+001
2.760800E-002, 3.491623E+000, -3.706748E+000, 3.758178E+000, 2.157924E+000, 5.164462E+000, -3.307615E+000, -1.608748E+001
2.761600E-002, 3.624654E+000, -3.849727E+000, 3.865369E+000, 2.709507E+000, 5.242581E+000, -3.241571E+000, -1.612757E+001
2.762400E-002, 3.800876E+000, -3.967685E+000, 4.263275E+000, 3.365777E+000, 5.308994E+000, -3.186515E+000, -1.614136E+001
2.763200E-002, 3.728314E+000, -3.872962E+000, 4.389955E+000, 3.799163E+000, 5.348054E+000, -3.125788E+000, -1.614761E+001
2.764000E-002, 3.595283E+000, -3.828280E+000, 3.993674E+000, 3.940998E+000, 5.386994E+000, -3.045331E+000, -1.614856E+001
2.764800E-002, 3.814697E+000, -3.901557E+000, 3.735441E+000, 3.963512E+000, 5.436446E+000, -2.974679E+000, -1.612733E+001
2.765600E-002, 4.172325E+000, -3.810408E+000, 3.881610E+000, 3.956758E+000, 5.489839E+000, -2.925649E+000, -1.609278E+001
2.766400E-002, 4.232794E+000, -3.642407E+000, 3.842632E+000, 3.694475E+000, 5.548488E+000, -2.876027E+000, -1.607545E+001
2.767200E-002, 3.975371E+000, -3.549470E+000, 3.581151E+000, 2.977418E+000, 5.591967E+000, -2.823807E+000, -1.605540E+001
2.768000E-002, 3.666118E+000, -3.570917E+000, 3.480456E+000, 2.005958E+000, 5.609048E+000, -2.786709E+000, -1.599657E+001
2.768800E-002, 3.612560E+000, -3.813982E+000, 3.446350E+000, 1.007482E+000, 5.621112E+000, -2.769460E+000, -1.593537E+001
2.769600E-002, 3.888987E+000, -4.055261E+000, 3.408996E+000, 1.429611E-001, 5.616812E+000, -2.762725E+000, -1.589504E+001
2.770400E-002, 4.243160E+000, -3.967685E+000, 3.495073E+000, -4.716590E-001, 5.596625E+000, -2.752092E+000, -1.584670E+001
2.771200E-002, 4.379646E+000, -3.856876E+000, 3.628250E+000, -9.140505E-001, 5.597701E+000, -2.741814E+000, -1.579352E+001
2.772000E-002, 4.248343E+000, -4.080282E+000, 3.629874E+000, -1.115547E+000, 5.597342E+000, -2.747012E+000, -1.574258E+001
2.772800E-002, 4.004741E+000, -4.228623E+000, 3.374890E+000, -1.014236E+000, 5.568436E+000, -2.752092E+000, -1.566806E+001
2.773600E-002, 3.866527E+000, -3.944451E+000, 3.027331E+000, -8.825315E-001, 5.546099E+000, -2.744177E+000, -1.555994E+001
2.774400E-002, 3.849251E+000, -3.729982E+000, 3.025707E+000, -8.341273E-001, 5.526868E+000, -2.745358E+000, -1.543790E+001
2.775200E-002, 3.754229E+000, -4.026665E+000, 3.270947E+000, -7.215595E-001, 5.491869E+000, -2.759654E+000, -1.532765E+001
2.776000E-002, 3.654024E+000, -4.427008E+000, 3.201110E+000, -5.752214E-001, 5.469891E+000, -2.774304E+000, -1.522436E+001
2.776800E-002, 3.679939E+000, -4.455604E+000, 2.819446E+000, -5.842268E-001, 5.451615E+000, -2.799114E+000, -1.510067E+001
2.777600E-002, 3.705854E+000, -4.312624E+000, 2.616433E+000, -6.630242E-001, 5.400492E+000, -2.835503E+000, -1.495882E+001
2.778400E-002, 3.572823E+000, -4.300113E+000, 2.783715E+000, -5.313200E-001, 5.346740E+000, -2.872956E+000, -1.481402E+001
2.779200E-002, 3.382780E+000, -4.357305E+000, 2.955871E+000, -3.050587E-001, 5.328226E+000, -2.912889E+000, -1.466062E+001
2.780000E-002, 3.546908E+000, -4.407348E+000, 2.697638E+000, -2.375180E-001, 5.319745E+000, -2.952822E+000, -1.449472E+001
2.780800E-002, 3.816425E+000, -4.511008E+000, 2.280243E+000, -8.330017E-002, 5.293346E+000, -2.991811E+000, -1.432080E+001
2.781600E-002, 3.645386E+000, -4.602158E+000, 2.341959E+000, 3.467088E-001, 5.261573E+000, -3.045449E+000, -1.413921E+001
2.782400E-002, 3.481257E+000, -4.473476E+000, 2.666780E+000, 7.260622E-001, 5.237684E+000, -3.121062E+000, -1.394289E+001
2.783200E-002, 3.584917E+000, -4.334071E+000, 2.507618E+000, 9.117991E-001, 5.186560E+000, -3.200102E+000, -1.373336E+001
2.784000E-002, 3.515810E+000, -4.384114E+000, 2.046372E+000, 1.231492E+000, 5.077981E+000, -3.265791E+000, -1.352300E+001
2.784800E-002, 3.339588E+000, -4.389475E+000, 1.984656E+000, 1.763937E+000, 4.962833E+000, -3.330417E+000, -1.329873E+001
2.785600E-002, 3.403512E+000, -4.435944E+000, 2.145442E+000, 2.229968E+000, 4.882684E+000, -3.402958E+000, -1.305878E+001
2.786400E-002, 3.629837E+000, -4.643264E+000, 2.088599E+000, 2.547409E+000, 4.792859E+000, -3.464985E+000, -1.283652E+001
2.787200E-002, 3.679939E+000, -4.698669E+000, 2.007393E+000, 2.683616E+000, 4.678547E+000, -3.511771E+000, -1.260600E+001
2.788000E-002, 3.539998E+000, -4.602158E+000, 2.082102E+000, 2.509136E+000, 4.582033E+000, -3.545915E+000, -1.231535E+001
2.788800E-002, 3.588372E+000, -4.636116E+000, 2.117832E+000, 2.169181E+000, 4.492327E+000, -3.555012E+000, -1.200760E+001
2.789600E-002, 3.842340E+000, -4.693307E+000, 1.955422E+000, 1.849489E+000, 4.387452E+000, -3.556076E+000, -1.172779E+001
2.790400E-002, 3.818153E+000, -4.841649E+000, 1.758905E+000, 1.449873E+000, 4.290221E+000, -3.582777E+000, -1.143454E+001
2.791200E-002, 3.514082E+000, -5.184800E+000, 1.754033E+000, 9.298099E-001, 4.190959E+000, -3.626373E+000, -1.111936E+001
2.792000E-002, 3.462252E+000, -5.274162E+000, 1.747537E+000, 4.739104E-001, 4.072825E+000, -3.668078E+000, -1.082812E+001
2.792800E-002, 3.564185E+000, -5.136544E+000, 1.464942E+000, 2.228842E-001, 3.953138E+000, -3.717227E+000, -1.055114E+001
2.793600E-002, 3.379324E+000, -5.132970E+000, 1.177476E+000, 1.452124E-001, 3.831062E+000, -3.776063E+000, -1.026167E+001
2.794400E-002, 3.213468E+000, -5.106161E+000, 1.250561E+000, 1.981193E-001, 3.703372E+000, -3.835018E+000, -9.964529E+000
2.795200E-002, 3.322311E+000, -5.120459E+000, 1.482808E+000, 3.433318E-001, 3.582371E+000, -3.901653E+000, -9.648643E+000
2.796000E-002, 3.306762E+000, -5.300971E+000, 1.464942E+000, 4.502712E-001, 3.444647E+000, -3.978093E+000, -9.329100E+000
2.796800E-002, 3.151272E+000, -5.438589E+000, 1.144994E+000, 4.412657E-001, 3.268222E+000, -4.045082E+000, -9.036914E+000
2.797600E-002, 3.194463E+000, -5.595866E+000, 9.127468E-001, 3.275723E-001, 3.104936E+000, -4.111480E+000, -8.737770E+000
2.798400E-002, 3.327494E+000, -5.669144E+000, 1.065413E+000, 1.632233E-001, 2.996477E+000, -4.199853E+000, -8.402309E+000
2.799200E-002, 3.381052E+000, -5.460036E+000, 1.255433E+000, -1.801085E-002, 2.896738E+000, -4.281137E+000, -8.060718E+000
2.800000E-002, 3.533087E+000, -5.324205E+000, 1.153114E+000, -3.557142E-001, 2.784576E+000, -4.333949E+000, -7.721249E+000
2.800800E-002, 3.624654E+000, -5.365312E+000, 9.452289E-001, -8.656463E-001, 2.701440E+000, -4.385579E+000, -7.359258E+000
2.801600E-002, 3.275664E+000, -5.345652E+000, 7.535846E-001, -1.413851E+000, 2.641358E+000, -4.440398E+000, -6.985948E+000
2.802400E-002, 2.969866E+000, -5.411780E+000, 6.155357E-001, -2.034100E+000, 2.587367E+000, -4.495573E+000, -6.617354E+000
2.803200E-002, 3.149544E+000, -5.654846E+000, 5.879259E-001, -2.548535E+000, 2.556430E+000, -4.564097E+000, -6.237441E+000
2.804000E-002, 3.235928E+000, -5.745995E+000, 5.278341E-001, -2.621704E+000, 2.496348E+000, -4.628487E+000, -5.853754E+000
2.804800E-002, 3.078710E+000, -5.556547E+000, 4.108985E-001, -2.307640E+000, 2.326851E+000, -4.683188E+000, -5.501432E+000
2.805600E-002, 3.156455E+000, -5.458249E+000, 4.466288E-001, -1.828101E+000, 2.069440E+000, -4.753958E+000, -5.174815E+000
2.806400E-002, 3.284302E+000, -5.502930E+000, 5.814295E-001, -1.229240E+000, 1.812746E+000, -4.832052E+000, -4.833695E+000
2.807200E-002, 3.152999E+000, -5.333141E+000, 5.262100E-001, -5.369483E-001, 1.653163E+000, -4.892189E+000, -4.470054E+000
2.808000E-002, 3.002692E+000, -5.204460E+000, 3.037076E-001, 1.632233E-001, 1.635246E+000, -4.950316E+000, -4.096744E+000
2.808800E-002, 2.999237E+000, -5.456461E+000, 2.289988E-001, 7.857231E-001, 1.691506E+000, -5.019313E+000, -3.719424E+000
2.809600E-002, 3.009603E+000, -5.645909E+000, 3.264450E-001, 1.278770E+000, 1.726863E+000, -5.070825E+000, -3.359674E+000
2.810400E-002, 2.911125E+000, -5.619101E+000, 2.907147E-001, 1.637861E+000, 1.691147E+000, -5.112885E+000, -3.013248E+000
2.811200E-002, 2.793644E+000, -5.735271E+000, 1.120632E-001, 1.892264E+000, 1.583405E+000, -5.175739E+000, -2.662105E+000
2.812000E-002, 2.804010E+000, -5.753144E+000, -4.060262E-002, 1.989073E+000, 1.437798E+000, -5.246390E+000, -2.337139E+000
2.812800E-002, 2.793644E+000, -5.470759E+000, -2.273747E-001, 1.924909E+000, 1.288249E+000, -5.314679E+000, -2.033279E+000
2.813600E-002, 2.636426E+000, -5.315269E+000, -3.865369E-001, 1.870877E+000, 1.172862E+000, -5.383676E+000, -1.705247E+000
2.814400E-002, 2.541404E+000, -5.404631E+000, -4.060262E-001, 1.775194E+000, 1.091518E+000, -5.453855E+000, -1.359057E+000
2.815200E-002, 2.550042E+000, -5.583356E+000, -4.287636E-001, 1.481392E+000, 1.037049E+000, -5.520961E+000, -1.014163E+000
2.816000E-002, 2.470569E+000, -5.778165E+000, -4.969760E-001, 1.184213E+000, 1.022118E+000, -5.585942E+000, -6.691521E-001
2.816800E-002, 2.382458E+000, -5.719186E+000, -4.969760E-001, 1.073897E+000, 9.973924E-001, -5.657538E+000, -3.302722E-001
2.817600E-002, 2.448110E+000, -5.392120E+000, -4.303877E-001, 1.023241E+000, 9.344432E-001, -5.712712E+000, 3.655280E-003
2.818400E-002, 2.582868E+000, -5.240204E+000, -3.849128E-001, 1.008607E+000, 8.662383E-001, -5.745557E+000, 3.570383E-001
2.819200E-002, 2.539676E+000, -5.438589E+000, -3.849128E-001, 1.193219E+000, 7.943305E-001, -5.786908E+000, 7.251604E-001
2.820000E-002, 2.259794E+000, -5.642335E+000, -4.888555E-001, 1.489272E+000, 7.098806E-001, -5.827077E+000, 1.077364E+000
2.820800E-002, 2.019647E+000, -5.624462E+000, -7.422159E-001, 1.662626E+000, 6.271030E-001, -5.846217E+000, 1.431691E+000
2.821600E-002, 1.983366E+000, -5.567270E+000, -9.517254E-001, 1.732418E+000, 5.661844E-001, -5.855551E+000, 1.806416E+000
2.822400E-002, 1.969545E+000, -5.603015E+000, -1.002073E+000, 1.759435E+000, 5.166134E-001, -5.863348E+000, 2.168760E+000
2.823200E-002, 1.817510E+000, -5.651271E+000, -1.156363E+000, 1.624353E+000, 4.491252E-001, -5.870910E+000, 2.511885E+000
2.824000E-002, 1.641287E+000, -5.667356E+000, -1.466567E+000, 1.231492E+000, 3.866538E-001, -5.891349E+000, 2.862438E+000
2.824800E-002, 1.594640E+000, -5.588717E+000, -1.512041E+000, 7.722150E-001, 3.690949E-001, -5.930928E+000, 3.223957E+000
2.825600E-002, 1.606734E+000, -5.442163E+000, -1.239192E+000, 3.737251E-001, 3.750673E-001, -5.973697E+000, 3.581113E+000
2.826400E-002, 1.554904E+000, -5.443951E+000, -1.226199E+000, -1.969936E-001, 3.588224E-001, -6.009259E+000, 3.924238E+000
2.827200E-002, 1.499618E+000, -5.626250E+000, -1.526658E+000, -8.712747E-001, 3.125959E-001, -6.046120E+000, 4.250501E+000
2.828000E-002, 1.480614E+000, -5.699527E+000, -1.617608E+000, -1.338431E+000, 2.490495E-001, -6.087589E+000, 4.565445E+000
2.828800E-002, 1.430511E+000, -5.556547E+000, -1.552644E+000, -1.696397E+000, 1.720054E-001, -6.138628E+000, 4.879209E+000
2.829600E-002, 1.371771E+000, -5.486845E+000, -1.620857E+000, -1.973313E+000, 8.624160E-002, -6.201837E+000, 5.189554E+000
2.830400E-002, 1.304392E+000, -5.629824E+000, -1.771898E+000, -1.971062E+000, 1.791723E-003, -6.259138E+000, 5.490467E+000
2.831200E-002, 1.084977E+000, -5.720973E+000, -1.922940E+000, -1.799959E+000, -6.139637E-002, -6.298834E+000, 5.797510E+000
2.832000E-002, 9.104825E-001, -5.595866E+000, -1.973287E+000, -1.474638E+000, -8.086643E-002, -6.336996E+000, 6.124481E+000
2.832800E-002, 1.157539E+000, -5.426078E+000, -1.887210E+000, -8.318760E-001, -7.561070E-002, -6.380946E+000, 6.451215E+000
2.833600E-002, 1.300936E+000, -5.449312E+000, -1.883961E+000, -3.489602E-002, -9.520021E-002, -6.416862E+000, 6.750123E+000
2.834400E-002, 7.515368E-001, -5.654846E+000, -2.104840E+000, 7.733407E-001, -1.493102E-001, -6.446517E+000, 7.030282E+000
2.835200E-002, 3.006147E-001, -5.796038E+000, -2.291612E+000, 1.592834E+000, -2.140512E-001, -6.465066E+000, 7.310796E+000
2.836000E-002, 5.183012E-001, -5.712038E+000, -2.268874E+000, 2.243476E+000, -3.066235E-001, -6.460931E+000, 7.578575E+000
2.836800E-002, 7.688136E-001, -5.504717E+000, -2.255882E+000, 2.643092E+000, -4.270273E-001, -6.461639E+000, 7.830789E+000
2.837600E-002, 6.703363E-001, -5.343865E+000, -2.278619E+000, 2.879484E+000, -5.015630E-001, -6.476881E+000, 8.086540E+000
2.838400E-002, 4.612881E-001, -5.249141E+000, -2.155187E+000, 2.926763E+000, -5.123133E-001, -6.477826E+000, 8.332388E+000
2.839200E-002, 3.559002E-001, -5.302758E+000, -2.075606E+000, 2.683616E+000, -4.955905E-001, -6.468965E+000, 8.562317E+000
2.840000E-002, 3.403512E-001, -5.542249E+000, -2.325718E+000, 2.224339E+000, -4.500808E-001, -6.468492E+000, 8.802857E+000
2.840800E-002, 3.835429E-001, -5.674505E+000, -2.661908E+000, 1.831478E+000, -4.023015E-001, -6.470500E+000, 9.040451E+000
2.841600E-002, 4.284624E-001, -5.606590E+000, -2.657035E+000, 1.624353E+000, -4.071989E-001, -6.472864E+000, 9.237128E+000
2.842400E-002, 3.248021E-001, -5.567270E+000, -2.515738E+000, 1.428485E+000, -4.762399E-001, -6.486450E+000, 9.399022E+000
2.843200E-002, 2.194142E-001, -5.499355E+000, -2.587199E+000, 1.252880E+000, -5.688123E-001, -6.517877E+000, 9.555491E+000
2.844000E-002, 3.023424E-001, -5.295609E+000, -2.696014E+000, 1.337305E+000, -6.108580E-001, -6.558992E+000, 9.716678E+000
2.844800E-002, 3.368958E-001, -5.197310E+000, -2.834063E+000, 1.636736E+000, -5.796821E-001, -6.587229E+000, 9.874208E+000
2.845600E-002, 2.073205E-002, -5.295609E+000, -3.098792E+000, 1.937292E+000, -5.229442E-001, -6.597507E+000, 1.002620E+001
2.846400E-002, -3.731769E-001, -5.418929E+000, -3.179997E+000, 2.170307E+000, -4.561726E-001, -6.601406E+000, 1.017288E+001
2.847200E-002, -2.418739E-001, -5.527951E+000, -3.017586E+000, 2.243476E+000, -3.926262E-001, -6.582030E+000, 1.030565E+001
2.848000E-002, 1.451243E-001, -5.561909E+000, -2.860048E+000, 2.118526E+000, -3.846232E-001, -6.535244E+000, 1.043123E+001
2.848800E-002, 1.606734E-001, -5.477908E+000, -2.884410E+000, 1.825850E+000, -4.076767E-001, -6.483733E+000, 1.055079E+001
2.849600E-002, -1.382137E-002, -5.483270E+000, -3.175125E+000, 1.448747E+000, -4.075572E-001, -6.424305E+000, 1.065196E+001
2.850400E-002, -1.382137E-001, -5.547611E+000, -3.467463E+000, 1.113295E+000, -4.566504E-001, -6.354127E+000, 1.076232E+001
2.851200E-002, -2.746997E-001, -5.468972E+000, -3.482080E+000, 5.853525E-001, -8.326734E-001, -6.287729E+000, 1.088483E+001
2.852000E-002, -2.470569E-001, -5.363524E+000, -3.366769E+000, -5.223145E-001, -1.849297E+000, -6.227474E+000, 1.091950E+001
2.852800E-002, -2.245972E-002, -5.443951E+000, -3.295308E+000, -2.034100E+000, -3.024189E+000, -6.166275E+000, 1.083861E+001
2.853600E-002, 8.983888E-002, -5.654846E+000, -3.298557E+000, -3.342138E+000, -2.848361E+000, -6.110628E+000, 1.085595E+001
2.854400E-002, -6.392382E-002, -5.740633E+000, -3.434981E+000, -3.957883E+000, -5.096855E-001, -6.056163E+000, 1.117360E+001
2.855200E-002, -3.317128E-001, -5.715612E+000, -3.681845E+000, -3.637065E+000, 2.794610E+000, -5.953966E+000, 1.166129E+001
2.856000E-002, -4.077303E-001, -5.720973E+000, -3.922213E+000, -2.259236E+000, 5.089687E+000, -5.769304E+000, 1.201703E+001
2.856800E-002, -2.159589E-001, -5.670931E+000, -4.100864E+000, -7.992313E-002, 5.188232E+000, -5.560658E+000, 1.206113E+001
2.857600E-002, -1.036603E-002, -5.586930E+000, -4.141467E+000, 2.134285E+000, 2.996477E+000, -5.440032E+000, 1.176363E+001
2.858400E-002, 5.701314E-002, -5.595866E+000, -3.879986E+000, 3.689972E+000, -4.002709E-001, -5.494733E+000, 1.126428E+001
2.859200E-002, 3.282575E-002, -5.636973E+000, -3.547045E+000, 4.409280E+000, -3.331291E+000, -5.745911E+000, 1.087422E+001
2.860000E-002, 1.727671E-003, -5.629824E+000, -3.610385E+000, 4.413783E+000, -4.764908E+000, -6.067741E+000, 1.079640E+001
2.860800E-002, -7.947286E-002, -5.581568E+000, -3.975808E+000, 3.783403E+000, -4.455179E+000, -6.235390E+000, 1.095936E+001
2.861600E-002, -1.122986E-001, -5.558334E+000, -4.180446E+000, 2.727518E+000, -2.643508E+000, -6.145245E+000, 1.126333E+001
2.862400E-002, 9.502190E-002, -5.633399E+000, -4.139843E+000, 1.776320E+000, -1.049950E-001, -5.833457E+000, 1.165067E+001
2.863200E-002, 2.608783E-001, -5.681654E+000, -4.082999E+000, 1.449873E+000, 2.248971E+000, -5.364064E+000, 1.197977E+001
2.864000E-002, 2.954317E-001, -5.631611E+000, -4.170701E+000, 1.856243E+000, 3.803231E+000, -4.860053E+000, 1.217090E+001
2.864800E-002, 4.319177E-001, -5.706676E+000, -4.303877E+000, 2.697124E+000, 4.237424E+000, -4.491673E+000, 1.225273E+001
2.865600E-002, 5.183012E-001, -5.922932E+000, -4.211304E+000, 3.605546E+000, 3.525275E+000, -4.358759E+000, 1.220015E+001
2.866400E-002, 4.820202E-001, -6.021231E+000, -3.990425E+000, 4.347368E+000, 1.986782E+000, -4.473243E+000, 1.199745E+001
2.867200E-002, 5.062076E-001, -5.997997E+000, -4.133347E+000, 4.713213E+000, 2.461827E-001, -4.797081E+000, 1.173699E+001
2.868000E-002, 6.634256E-001, -5.897911E+000, -4.545869E+000, 4.623159E+000, -1.022715E+000, -5.224179E+000, 1.149821E+001
2.868800E-002, 8.413757E-001, -5.710250E+000, -4.693663E+000, 4.163882E+000, -1.470766E+000, -5.612052E+000, 1.129977E+001
2.869600E-002, 7.757242E-001, -5.690590E+000, -4.615705E+000, 3.450203E+000, -1.154945E+000, -5.845745E+000, 1.118138E+001
2.870400E-002, 6.167785E-001, -5.871102E+000, -4.516635E+000, 2.607070E+000, -2.996955E-001, -5.851061E+000, 1.115757E+001
2.871200E-002, 8.120053E-001, -5.967614E+000, -4.459792E+000, 1.741424E+000, 8.568019E-001, -5.632491E+000, 1.118197E+001
2.872000E-002, 1.209370E+000, -5.967614E+000, -4.662805E+000, 1.033372E+000, 2.037070E+000, -5.282661E+000, 1.125237E+001
2.872800E-002, 1.347583E+000, -6.006933E+000, -4.891803E+000, 6.754068E-001, 2.977724E+000, -4.896442E+000, 1.136686E+001
2.873600E-002, 1.207642E+000, -5.946167E+000, -4.778116E+000, 5.268173E-001, 3.516316E+000, -4.529953E+000, 1.146072E+001
2.874400E-002, 1.067701E+000, -5.762080E+000, -4.695287E+000, 2.904249E-001, 3.543669E+000, -4.251837E+000, 1.150906E+001
2.875200E-002, 9.363976E-001, -5.871102E+000, -4.852825E+000, -7.654610E-002, 3.050349E+000, -4.120695E+000, 1.149468E+001
2.876000E-002, 8.551971E-001, -6.137402E+000, -4.960016E+000, -5.673416E-001, 2.281222E+000, -4.104273E+000, 1.136285E+001
2.876800E-002, 1.152357E+000, -6.026593E+000, -5.041221E+000, -1.113295E+000, 1.578269E+000, -4.147514E+000, 1.114495E+001
2.877600E-002, 1.644743E+000, -5.797825E+000, -5.166277E+000, -1.573698E+000, 1.126874E+000, -4.230217E+000, 1.091195E+001
2.878400E-002, 1.853791E+000, -5.824634E+000, -5.128922E+000, -2.094887E+000, 1.049950E+000, -4.296378E+000, 1.065785E+001
2.879200E-002, 1.796778E+000, -5.933656E+000, -4.981129E+000, -2.759037E+000, 1.420000E+000, -4.285391E+000, 1.040835E+001
2.880000E-002, 1.663747E+000, -5.928294E+000, -5.037973E+000, -3.223942E+000, 2.113158E+000, -4.194182E+000, 1.024669E+001
2.880800E-002, 1.511712E+000, -5.851442E+000, -5.219872E+000, -3.209308E+000, 2.904741E+000, -4.029605E+000, 1.016698E+001
2.881600E-002, 1.420146E+000, -5.888975E+000, -5.229617E+000, -2.791681E+000, 3.525872E+000, -3.816587E+000, 1.009942E+001
2.882400E-002, 1.465065E+000, -6.015869E+000, -5.102937E+000, -2.133160E+000, 3.710061E+000, -3.627436E+000, 1.002219E+001
2.883200E-002, 1.643015E+000, -5.985486E+000, -5.015235E+000, -1.382332E+000, 3.448350E+000, -3.503028E+000, 9.927858E+000
2.884000E-002, 1.888344E+000, -5.804974E+000, -4.961640E+000, -6.360080E-001, 3.017978E+000, -3.435567E+000, 9.790962E+000
2.884800E-002, 2.061111E+000, -5.756719E+000, -4.961640E+000, 1.936166E-001, 2.750892E+000, -3.421271E+000, 9.624234E+000
2.885600E-002, 2.031741E+000, -5.869315E+000, -5.096441E+000, 1.138060E+000, 2.858754E+000, -3.435212E+000, 9.464817E+000
2.886400E-002, 1.995460E+000, -5.881826E+000, -5.221497E+000, 1.971062E+000, 3.312896E+000, -3.437457E+000, 9.304103E+000
2.887200E-002, 2.140584E+000, -5.660207E+000, -5.205256E+000, 2.540655E+000, 3.873108E+000, -3.413710E+000, 9.113674E+000
2.888000E-002, 2.239061E+000, -5.424291E+000, -5.174397E+000, 2.836708E+000, 4.251400E+000, -3.353574E+000, 8.877142E+000
2.888800E-002, 2.247700E+000, -5.556547E+000, -5.229617E+000, 2.743277E+000, 4.278037E+000, -3.250550E+000, 8.592266E+000
2.889600E-002, 2.309896E+000, -5.915783E+000, -5.450495E+000, 2.253607E+000, 4.008442E+000, -3.132995E+000, 8.312461E+000
2.890400E-002, 2.287436E+000, -5.799613E+000, -5.695735E+000, 1.602965E+000, 3.636600E+000, -3.033752E+000, 8.101751E+000
2.891200E-002, 2.270159E+000, -5.206247E+000, -5.638892E+000, 9.692087E-001, 3.418010E+000, -2.943843E+000, 7.947994E+000
2.892000E-002, 2.508578E+000, -4.991777E+000, -5.481353E+000, 4.322603E-001, 3.644125E+000, -2.845191E+000, 7.836685E+000
2.892800E-002, 2.746997E+000, -5.247354E+000, -5.580424E+000, 6.866635E-002, 4.363084E+000, -2.732835E+000, 7.781030E+000
2.893600E-002, 2.658885E+000, -5.367099E+000, -5.734714E+000, -1.823598E-001, 5.259304E+000, -2.592713E+000, 7.717593E+000
2.894400E-002, 2.455020E+000, -5.324205E+000, -5.737962E+000, -4.119981E-001, 5.924750E+000, -2.439005E+000, 7.570910E+000
2.895200E-002, 2.479208E+000, -5.318843E+000, -5.666502E+000, -5.279430E-001, 6.002869E+000, -2.311172E+000, 7.335911E+000
2.896000E-002, 2.733175E+000, -5.261652E+000, -5.575552E+000, -4.142494E-001, 5.355340E+000, -2.223271E+000, 6.990664E+000
2.896800E-002, 2.966411E+000, -5.040033E+000, -5.598289E+000, -1.148191E-001, 4.310288E+000, -2.190663E+000, 6.543659E+000
2.897600E-002, 2.938768E+000, -4.809478E+000, -5.791557E+000, 1.992450E-001, 3.481795E+000, -2.219018E+000, 6.116344E+000
2.898400E-002, 2.845474E+000, -4.832713E+000, -5.910117E+000, 3.849818E-001, 3.375606E+000, -2.258715E+000, 5.806235E+000
2.899200E-002, 3.040701E+000, -4.845223E+000, -5.913365E+000, 5.155604E-001, 4.110093E+000, -2.248436E+000, 5.618165E+000
2.900000E-002, 3.298124E+000, -4.580711E+000, -5.996194E+000, 7.339420E-001, 5.298483E+000, -2.161835E+000, 5.537159E+000
2.900800E-002, 3.305034E+000, -4.523519E+000, -6.051414E+000, 9.219302E-001, 6.373875E+000, -2.000684E+000, 5.491292E+000
2.901600E-002, 3.291213E+000, -4.737988E+000, -5.979953E+000, 7.823461E-001, 7.003486E+000, -1.805979E+000, 5.367248E+000
2.902400E-002, 3.413878E+000, -4.712967E+000, -5.916614E+000, 2.442721E-001, 7.072647E+000, -1.656407E+000, 5.150054E+000
2.903200E-002, 3.529632E+000, -4.482412E+000, -5.817543E+000, -3.962386E-001, 6.631405E+000, -1.591072E+000, 4.876851E+000
2.904000E-002, 3.517538E+000, -4.250071E+000, -5.703856E+000, -8.093624E-001, 5.918419E+000, -1.578312E+000, 4.545517E+000
2.904800E-002, 3.327494E+000, -4.103516E+000, -5.754203E+000, -1.006356E+000, 5.201611E+000, -1.604540E+000, 4.188243E+000
2.905600E-002, 3.123629E+000, -4.230411E+000, -5.867890E+000, -1.140312E+000, 4.691566E+000, -1.683107E+000, 3.854552E+000
2.906400E-002, 3.237655E+000, -4.446667E+000, -5.991322E+000, -1.037875E+000, 4.546795E+000, -1.768409E+000, 3.543028E+000
2.907200E-002, 3.662662E+000, -4.309050E+000, -6.243059E+000, -6.393850E-001, 4.796442E+000, -1.788494E+000, 3.272537E+000
2.908000E-002, 4.022018E+000, -3.874749E+000, -6.395724E+000, -2.847965E-001, 5.352473E+000, -1.715243E+000, 3.088004E+000
2.908800E-002, 4.046205E+000, -3.624534E+000, -6.213825E+000, -4.390144E-002, 6.058532E+000, -1.556455E+000, 2.959126E+000
2.909600E-002, 3.854434E+000, -3.690662E+000, -6.035173E+000, 2.037477E-001, 6.715616E+000, -1.366358E+000, 2.824352E+000
2.910400E-002, 3.778416E+000, -3.681726E+000, -6.051414E+000, 3.647196E-001, 7.196873E+000, -1.211469E+000, 2.678141E+000
2.911200E-002, 3.959822E+000, -3.477980E+000, -5.978329E+000, 4.401400E-001, 7.480682E+000, -1.104783E+000, 2.496320E+000
2.912000E-002, 4.189602E+000, -3.426150E+000, -5.978329E+000, 5.166861E-001, 7.544229E+000, -1.047010E+000, 2.233612E+000
2.912800E-002, 4.168870E+000, -3.485129E+000, -6.260924E+000, 5.493308E-001, 7.347975E+000, -1.056225E+000, 1.911711E+000
2.913600E-002, 4.098035E+000, -3.438661E+000, -6.286909E+000, 5.819755E-001, 6.891325E+000, -1.117779E+000, 1.547952E+000
2.914400E-002, 4.421110E+000, -3.417214E+000, -5.924734E+000, 8.003570E-001, 6.239854E+000, -1.189966E+000, 1.122525E+000
2.915200E-002, 4.804653E+000, -3.370745E+000, -5.822415E+000, 1.178585E+000, 5.590295E+000, -1.257900E+000, 6.910837E-001
2.916000E-002, 4.612881E+000, -3.222404E+000, -6.166726E+000, 1.431862E+000, 5.236489E+000, -1.313429E+000, 3.431247E-001
2.916800E-002, 4.244887E+000, -3.081212E+000, -6.515908E+000, 1.478015E+000, 5.349368E+000, -1.316855E+000, 9.315068E-002
2.917600E-002, 4.719997E+000, -2.927509E+000, -6.467185E+000, 1.506157E+000, 5.889632E+000, -1.240533E+000, -7.074735E-002
2.918400E-002, 5.723773E+000, -2.841721E+000, -6.280413E+000, 1.586080E+000, 6.678349E+000, -1.097931E+000, -1.621294E-001
2.919200E-002, 5.955281E+000, -2.889976E+000, -6.452568E+000, 1.681763E+000, 7.415702E+000, -9.096059E-001, -2.397156E-001
2.920000E-002, 5.661577E+000, -2.847082E+000, -6.619851E+000, 1.774068E+000, 7.812987E+000, -7.241167E-001, -3.550338E-001
2.920800E-002, 5.784242E+000, -2.616528E+000, -6.340505E+000, 1.776320E+000, 7.849060E+000, -6.125869E-001, -5.199931E-001
2.921600E-002, 5.732412E+000, -2.441378E+000, -6.230066E+000, 1.638987E+000, 7.780616E+000, -5.943924E-001, -7.323530E-001
2.922400E-002, 5.013701E+000, -2.475335E+000, -6.639340E+000, 1.367699E+000, 7.784558E+000, -6.472036E-001, -9.579192E-001
2.923200E-002, 4.542047E+000, -2.462825E+000, -6.751403E+000, 9.827168E-001, 7.593560E+000, -7.469189E-001, -1.192329E+000
2.924000E-002, 4.664711E+000, -2.217972E+000, -6.325888E+000, 4.930469E-001, 6.775460E+000, -8.475792E-001, -1.526138E+000
2.924800E-002, 4.846117E+000, -2.101801E+000, -6.077400E+000, -1.857368E-001, 5.530809E+000, -9.158676E-001, -1.967130E+000
2.925600E-002, 5.157097E+000, -2.221546E+000, -6.044918E+000, -1.015361E+000, 4.643668E+000, -9.761220E-001, -2.362490E+000
2.926400E-002, 5.725501E+000, -2.132184E+000, -5.931231E+000, -1.873128E+000, 4.568416E+000, -1.035904E+000, -2.620364E+000
2.927200E-002, 6.169513E+000, -1.817629E+000, -6.072527E+000, -2.677988E+000, 5.240909E+000, -1.052090E+000, -2.757378E+000
2.928000E-002, 6.318092E+000, -1.706820E+000, -6.574376E+000, -3.145144E+000, 6.347477E+000, -1.009912E+000, -2.778602E+000
2.928800E-002, 6.261079E+000, -1.713969E+000, -6.912189E+000, -3.102368E+000, 7.289445E+000, -9.243741E-001, -2.754430E+000
2.929600E-002, 6.110772E+000, -1.399413E+000, -6.817992E+000, -2.860348E+000, 7.613508E+000, -8.069370E-001, -2.831899E+000
2.930400E-002, 5.920728E+000, -1.065198E+000, -6.694560E+000, -2.667857E+000, 7.428842E+000, -7.134835E-001, -3.020205E+000
2.931200E-002, 5.706497E+000, -1.272519E+000, -6.811495E+000, -2.330153E+000, 7.009817E+000, -7.120658E-001, -3.217590E+000
2.932000E-002, 5.646029E+000, -1.545968E+000, -6.782261E+000, -1.788702E+000, 6.550778E+000, -7.802360E-001, -3.416979E+000
2.932800E-002, 5.877536E+000, -1.326136E+000, -6.436327E+000, -1.232617E+000, 6.238062E+000, -8.506510E-001, -3.627099E+000
2.933600E-002, 6.288722E+000, -1.072347E+000, -6.161853E+000, -7.125541E-001, 6.137846E+000, -8.962554E-001, -3.794416E+000
2.934400E-002, 6.559966E+000, -1.088433E+000, -6.109882E+000, -2.667857E-001, 6.230657E+000, -9.025171E-001, -3.936737E+000
2.935200E-002, 6.547873E+000, -1.079496E+000, -6.135868E+000, 1.238246E-001, 6.476839E+000, -8.572672E-001, -4.095211E+000
2.936000E-002, 6.532323E+000, -1.045539E+000, -6.208952E+000, 5.358227E-001, 6.742611E+000, -7.733836E-001, -4.226093E+000
2.936800E-002, 6.591064E+000, -1.104518E+000, -6.282037E+000, 9.219302E-001, 6.881171E+000, -6.692969E-001, -4.326083E+000
2.937600E-002, 6.523685E+000, -1.049113E+000, -6.411965E+000, 1.232617E+000, 6.821447E+000, -5.666281E-001, -4.445646E+000
2.938400E-002, 6.363012E+000, -7.560049E-001, -6.684815E+000, 1.482518E+000, 6.579087E+000, -5.003482E-001, -4.568628E+000
2.939200E-002, 6.286994E+000, -4.557477E-001, -6.855346E+000, 1.636736E+000, 6.285961E+000, -4.855800E-001, -4.676046E+000
2.940000E-002, 6.333642E+000, -3.360022E-001, -6.793630E+000, 1.672757E+000, 6.039181E+000, -5.107450E-001, -4.796906E+000
2.940800E-002, 6.426936E+000, -2.180440E-001, -6.689687E+000, 1.712156E+000, 5.772453E+000, -5.724173E-001, -4.933331E+000
2.941600E-002, 6.506409E+000, -1.090220E-001, -6.608482E+000, 1.703151E+000, 5.451615E+000, -6.566553E-001, -5.074590E+000
2.942400E-002, 6.603158E+000, -1.483414E-001, -6.446072E+000, 1.431862E+000, 5.194921E+000, -7.238804E-001, -5.219151E+000
2.943200E-002, 6.713729E+000, -8.400055E-002, -6.296654E+000, 1.158323E+000, 5.095541E+000, -7.678307E-001, -5.337652E+000
2.944000E-002, 6.615252E+000, 5.540462E-002, -6.355122E+000, 1.181962E+000, 5.128986E+000, -8.126080E-001, -5.409225E+000
2.944800E-002, 6.357829E+000, -1.072347E-002, -6.519156E+000, 1.183087E+000, 5.235056E+000, -8.606934E-001, -5.453088E+000
2.945600E-002, 6.354373E+000, -7.327708E-002, -6.588993E+000, 1.034498E+000, 5.352234E+000, -9.275640E-001, -5.483274E+000
2.946400E-002, 6.530596E+000, -6.076635E-002, -6.494795E+000, 1.096410E+000, 5.412914E+000, -1.038976E+000, -5.499782E+000
2.947200E-002, 6.568604E+000, -1.108092E-001, -6.286909E+000, 1.385710E+000, 5.388188E+000, -1.174489E+000, -5.520062E+000
2.948000E-002, 6.506409E+000, 4.468114E-002, -6.282037E+000, 1.717784E+000, 5.311383E+000, -1.304922E+000, -5.551781E+000
2.948800E-002, 6.454578E+000, 4.003430E-001, -6.585744E+000, 1.968811E+000, 5.238162E+000, -1.431811E+000, -5.570529E+000
2.949600E-002, 6.426936E+000, 5.183012E-001, -6.740035E+000, 1.964308E+000, 5.192055E+000, -1.552556E+000, -5.582792E+000
2.950400E-002, 6.373378E+000, 4.289390E-001, -6.632843E+000, 1.981193E+000, 5.142962E+000, -1.653689E+000, -5.619226E+000
2.951200E-002, 6.288722E+000, 5.558334E-001, -6.650709E+000, 2.232219E+000, 5.056003E+000, -1.727530E+000, -5.674999E+000
2.952000E-002, 6.242075E+000, 9.007719E-001, -6.777389E+000, 2.286252E+000, 4.930702E+000, -1.753641E+000, -5.736549E+000
2.952800E-002, 6.250713E+000, 1.102731E+000, -6.662077E+000, 2.025095E+000, 4.755113E+000, -1.716661E+000, -5.790553E+000
2.953600E-002, 6.205794E+000, 1.122390E+000, -6.327512E+000, 1.619851E+000, 4.522069E+000, -1.646364E+000, -5.801873E+000
2.954400E-002, 6.036482E+000, 1.129539E+000, -6.129371E+000, 1.068268E+000, 4.294640E+000, -1.575831E+000, -5.760957E+000
2.955200E-002, 5.965648E+000, 1.059837E+000, -6.215449E+000, 5.290686E-001, 4.127413E+000, -1.497736E+000, -5.694926E+000
2.956000E-002, 6.088312E+000, 9.633254E-001, -6.312895E+000, 1.035624E-001, 4.004023E+000, -1.421060E+000, -5.617340E+000
2.956800E-002, 6.093495E+000, 1.136688E+000, -6.194335E+000, -2.059990E-001, 3.919931E+000, -1.378645E+000, -5.540579E+000
2.957600E-002, 5.962192E+000, 1.508435E+000, -6.041669E+000, -3.073101E-001, 3.896997E+000, -1.369194E+000, -5.493061E+000
2.958400E-002, 5.891358E+000, 1.660351E+000, -6.163477E+000, -2.442721E-001, 3.926740E+000, -1.392705E+000, -5.474077E+000
2.959200E-002, 5.817068E+000, 1.626394E+000, -6.525653E+000, -1.407097E-001, 3.974041E+000, -1.472571E+000, -5.474312E+000
2.960000E-002, 5.801519E+000, 1.712181E+000, -6.699432E+000, 2.363924E-002, 3.959469E+000, -1.606431E+000, -5.513224E+000
2.960800E-002, 5.938005E+000, 1.851587E+000, -6.537022E+000, 2.611573E-001, 3.791047E+000, -1.779160E+000, -5.588334E+000
2.961600E-002, 5.963920E+000, 1.826565E+000, -6.390852E+000, 4.480198E-001, 3.461848E+000, -1.982253E+000, -5.670518E+000
2.962400E-002, 5.791153E+000, 1.676437E+000, -6.433079E+000, 4.784131E-001, 3.065041E+000, -2.187591E+000, -5.739143E+000
2.963200E-002, 5.696131E+000, 1.694309E+000, -6.468809E+000, 3.894846E-001, 2.781948E+000, -2.368827E+000, -5.760486E+000
2.964000E-002, 5.718591E+000, 2.007077E+000, -6.385980E+000, 3.388290E-001, 2.772512E+000, -2.523244E+000, -5.688677E+000
2.964800E-002, 5.656394E+000, 2.219759E+000, -6.246307E+000, 5.290686E-001, 2.974260E+000, -2.618469E+000, -5.533622E+000
2.965600E-002, 5.551006E+000, 2.133971E+000, -6.090393E+000, 9.388154E-001, 3.165497E+000, -2.608545E+000, -5.356872E+000
2.966400E-002, 5.538913E+000, 2.282313E+000, -5.953968E+000, 1.278770E+000, 3.197986E+000, -2.520054E+000, -5.178588E+000
2.967200E-002, 5.532002E+000, 2.680869E+000, -5.939351E+000, 1.436365E+000, 3.041748E+000, -2.419511E+000, -4.998537E+000
2.968000E-002, 5.454257E+000, 2.745209E+000, -6.124499E+000, 1.655872E+000, 2.733691E+000, -2.337754E+000, -4.852797E+000
2.968800E-002, 5.457712E+000, 2.564698E+000, -6.350249E+000, 2.064493E+000, 2.361491E+000, -2.279272E+000, -4.757288E+000
2.969600E-002, 5.540640E+000, 2.359164E+000, -6.403845E+000, 2.425836E+000, 2.019033E+000, -2.242292E+000, -4.705407E+000
2.970400E-002, 5.411065E+000, 2.176865E+000, -6.311271E+000, 2.670108E+000, 1.775120E+000, -2.219490E+000, -4.688899E+000
2.971200E-002, 5.143276E+000, 2.453888E+000, -6.247931E+000, 2.989800E+000, 1.685533E+000, -2.205785E+000, -4.667793E+000
2.972000E-002, 5.115633E+000, 3.032956E+000, -6.194335E+000, 3.344389E+000, 1.749558E+000, -2.189599E+000, -4.619802E+000
2.972800E-002, 5.074169E+000, 3.149127E+000, -6.101761E+000, 3.505361E+000, 1.888834E+000, -2.154037E+000, -4.564973E+000
2.973600E-002, 4.730363E+000, 2.961466E+000, -6.121251E+000, 3.330881E+000, 2.011746E+000, -2.118594E+000, -4.493990E+000
2.974400E-002, 4.664711E+000, 3.006147E+000, -6.012435E+000, 2.861473E+000, 2.038383E+000, -2.124737E+000, -4.384096E+000
2.975200E-002, 5.122544E+000, 2.984700E+000, -5.585296E+000, 2.267115E+000, 1.932791E+000, -2.178021E+000, -4.258755E+000
2.976000E-002, 5.454257E+000, 2.718401E+000, -5.463488E+000, 1.622102E+000, 1.770222E+000, -2.271711E+000, -4.127754E+000
2.976800E-002, 5.347141E+000, 2.611166E+000, -5.838656E+000, 9.590775E-001, 1.684458E+000, -2.427309E+000, -3.955249E+000
2.977600E-002, 5.153642E+000, 2.764869E+000, -6.095265E+000, 4.086211E-001, 1.735821E+000, -2.641626E+000, -3.743243E+000
2.978400E-002, 5.051710E+000, 2.975764E+000, -6.002691E+000, 4.727847E-002, 1.807848E+000, -2.861377E+000, -3.528760E+000
2.979200E-002, 4.865121E+000, 3.059765E+000, -5.807798E+000, -8.330017E-002, 1.659374E+000, -3.071677E+000, -3.334677E+000
2.980000E-002, 4.545502E+000, 2.988275E+000, -5.703856E+000, 4.052440E-002, 1.177042E+000, -3.299699E+000, -3.202615E+000
2.980800E-002, 4.334726E+000, 2.947168E+000, -5.645388E+000, 3.016817E-001, 5.009657E-001, -3.517324E+000, -3.140239E+000
2.981600E-002, 4.528225E+000, 2.975764E+000, -5.547942E+000, 5.797241E-001, -8.325539E-002, -3.684500E+000, -3.063360E+000
2.982400E-002, 4.834023E+000, 3.079424E+000, -5.447247E+000, 7.722150E-001, -3.115209E-001, -3.805482E+000, -2.898283E+000
2.983200E-002, 4.624975E+000, 3.351086E+000, -5.357922E+000, 8.194935E-001, -1.493102E-001, -3.864200E+000, -2.655266E+000
2.984000E-002, 4.165414E+000, 3.595938E+000, -5.351425E+000, 7.204338E-001, 1.718860E-001, -3.835255E+000, -2.378290E+000
2.984800E-002, 4.032384E+000, 3.479767E+000, -5.422885E+000, 5.279430E-001, 3.942985E-001, -3.725497E+000, -2.105206E+000
2.985600E-002, 4.032384E+000, 3.227766E+000, -5.388779E+000, 3.568399E-001, 4.178298E-001, -3.551232E+000, -1.866551E+000
2.986400E-002, 3.975371E+000, 3.286745E+000, -5.395276E+000, 7.204338E-002, 2.803449E-001, -3.353810E+000, -1.663978E+000
2.987200E-002, 4.028928E+000, 3.477980E+000, -5.661629E+000, -3.196925E-001, 5.291555E-002, -3.183916E+000, -1.472017E+000
2.988000E-002, 3.997830E+000, 3.499427E+000, -5.811047E+000, -4.615279E-001, -2.256376E-001, -3.049229E+000, -1.293969E+000
2.988800E-002, 3.868255E+000, 3.413639E+000, -5.595041E+000, -3.658453E-001, -5.127911E-001, -2.952822E+000, -1.145518E+000
2.989600E-002, 4.136044E+000, 3.349298E+000, -5.296206E+000, -2.701627E-001, -7.307841E-001, -2.898948E+000, -1.011569E+000
2.990400E-002, 4.433203E+000, 3.363596E+000, -5.114305E+000, -1.801085E-001, -8.404375E-001, -2.867048E+000, -8.851673E-001
2.991200E-002, 4.066937E+000, 3.368958E+000, -5.145164E+000, -5.178118E-002, -8.569213E-001, -2.852871E+000, -7.661939E-001
2.992000E-002, 3.690305E+000, 3.301043E+000, -5.291333E+000, 1.564692E-001, -7.760549E-001, -2.856533E+000, -6.310664E-001
2.992800E-002, 3.812970E+000, 3.192021E+000, -5.323815E+000, 5.391997E-001, -5.943742E-001, -2.851808E+000, -4.705878E-001
2.993600E-002, 3.816425E+000, 3.138403E+000, -5.331936E+000, 1.053635E+000, -3.485498E-001, -2.833849E+000, -3.049211E-001
2.994400E-002, 3.550364E+000, 3.236702E+000, -5.348177E+000, 1.514037E+000, -1.200454E-001, -2.836330E+000, -1.372499E-001
2.995200E-002, 3.298124E+000, 3.293894E+000, -5.184142E+000, 1.883259E+000, -3.738729E-002, -2.873783E+000, 4.350962E-002
2.996000E-002, 3.118446E+000, 3.118744E+000, -4.963264E+000, 2.303137E+000, -1.645996E-001, -2.927539E+000, 2.182556E-001
2.996800E-002, 3.182370E+000, 2.827423E+000, -4.896676E+000, 2.732020E+000, -4.356275E-001, -2.995473E+000, 3.703624E-001
2.997600E-002, 3.267026E+000, 2.634400E+000, -4.856073E+000, 2.950402E+000, -7.627962E-001, -3.085264E+000, 5.273036E-001
2.998400E-002, 3.011330E+000, 2.786316E+000, -4.612457E+000, 3.037079E+000, -1.091040E+000, -3.183916E+000, 7.112467E-001
2.999200E-002, 2.864478E+000, 3.100871E+000, -4.357473E+000, 3.193548E+000, -1.372221E+000, -3.280559E+000, 9.073348E-001
3.000000E-002, 3.102897E+000, 3.022233E+000, -4.424061E+000, 3.249832E+000, -1.569908E+000, -3.357590E+000, 1.099532E+000
3.000800E-002, 3.203102E+000, 2.696954E+000, -4.552365E+000, 3.093363E+000, -1.646713E+000, -3.390908E+000, 1.296563E+000
3.001600E-002, 2.990598E+000, 2.696954E+000, -4.477657E+000, 2.837834E+000, -1.604070E+000, -3.395043E+000, 1.520007E+000
3.002400E-002, 2.812648E+000, 2.850657E+000, -4.456543E+000, 2.531650E+000, -1.527145E+000, -3.400005E+000, 1.767623E+000
3.003200E-002, 2.715899E+000, 2.768444E+000, -4.523131E+000, 2.265990E+000, -1.509467E+000, -3.410874E+000, 2.006984E+000
3.004000E-002, 2.508578E+000, 2.695167E+000, -4.523131E+000, 2.072373E+000, -1.627004E+000, -3.436039E+000, 2.206020E+000
3.004800E-002, 2.245972E+000, 2.793465E+000, -4.503643E+000, 1.828101E+000, -1.902213E+000, -3.486015E+000, 2.350109E+000
3.005600E-002, 2.199325E+000, 2.805976E+000, -4.456543E+000, 1.516288E+000, -2.240131E+000, -3.549223E+000, 2.454462E+000
3.006400E-002, 2.332356E+000, 2.713039E+000, -4.352601E+000, 1.264136E+000, -2.538155E+000, -3.618929E+000, 2.559521E+000
3.007200E-002, 2.372092E+000, 2.652273E+000, -4.201559E+000, 1.073897E+000, -2.758537E+000, -3.696551E+000, 2.686513E+000
3.008000E-002, 2.349632E+000, 2.621890E+000, -4.035900E+000, 8.330016E-001, -2.877268E+000, -3.756097E+000, 2.823999E+000
3.008800E-002, 2.342722E+000, 2.587932E+000, -4.037524E+000, 6.112431E-001, -2.887302E+000, -3.768266E+000, 2.973629E+000
3.009600E-002, 2.171682E+000, 2.575421E+000, -4.208055E+000, 4.176265E-001, -2.799627E+000, -3.742510E+000, 3.155214E+000
3.010400E-002, 1.884889E+000, 2.616528E+000, -4.248658E+000, 3.377034E-002, -2.651750E+000, -3.695015E+000, 3.362032E+000
3.011200E-002, 1.632649E+000, 2.589719E+000, -4.031028E+000, -4.513968E-001, -2.508890E+000, -3.627672E+000, 3.568261E+000
3.012000E-002, 1.264655E+000, 2.450314E+000, -3.751682E+000, -7.159311E-001, -2.428621E+000, -3.549578E+000, 3.779088E+000
3.012800E-002, 8.949335E-001, 2.271589E+000, -3.524307E+000, -8.014827E-001, -2.485478E+000, -3.477154E+000, 3.993570E+000
3.013600E-002, 9.294869E-001, 2.123248E+000, -3.345656E+000, -9.759627E-001, -2.728436E+000, -3.422925E+000, 4.165486E+000
3.014400E-002, 1.174816E+000, 2.114312E+000, -3.283940E+000, -1.219109E+000, -3.060382E+000, -3.387363E+000, 4.291063E+000
3.015200E-002, 1.240468E+000, 2.189376E+000, -3.230344E+000, -1.168454E+000, -3.304295E+000, -3.367278E+000, 4.412984E+000
3.016000E-002, 1.205914E+000, 2.173291E+000, -3.097168E+000, -6.427621E-001, -3.359719E+000, -3.357709E+000, 4.535731E+000
3.016800E-002, 1.102254E+000, 2.055333E+000, -3.077678E+000, 3.602169E-002, -3.231193E+000, -3.345067E+000, 4.658006E+000
3.017600E-002, 1.008960E+000, 1.869459E+000, -3.214103E+000, 5.628389E-001, -3.007347E+000, -3.320138E+000, 4.786884E+000
3.018400E-002, 1.103982E+000, 1.680011E+000, -3.337535E+000, 9.613289E-001, -2.822322E+000, -3.290365E+000, 4.903499E+000
3.019200E-002, 1.048696E+000, 1.651415E+000, -3.295308E+000, 1.282147E+000, -2.770242E+000, -3.274416E+000, 5.014337E+000
3.020000E-002, 6.496043E-001, 1.781884E+000, -3.069558E+000, 1.541053E+000, -2.853139E+000, -3.279732E+000, 5.162788E+000
3.020800E-002, 3.835429E-001, 1.806905E+000, -2.882786E+000, 1.765063E+000, -2.998030E+000, -3.297454E+000, 5.355693E+000
3.021600E-002, 5.874081E-001, 1.692522E+000, -2.769099E+000, 1.920406E+000, -3.136709E+000, -3.330535E+000, 5.571708E+000
3.022400E-002, 8.914782E-001, 1.719330E+000, -2.478384E+000, 1.914778E+000, -3.260338E+000, -3.380865E+000, 5.823568E+000
3.023200E-002, 7.670859E-001, 1.867672E+000, -2.273746E+000, 1.632233E+000, -3.380503E+000, -3.426115E+000, 6.123655E+000
3.024000E-002, 4.250070E-001, 1.806905E+000, -2.478384E+000, 1.118924E+000, -3.512613E+000, -3.454116E+000, 6.440368E+000
3.024800E-002, 3.800876E-001, 1.533457E+000, -2.691142E+000, 7.271879E-001, -3.660370E+000, -3.474555E+000, 6.746350E+000
3.025600E-002, 5.234843E-001, 1.410137E+000, -2.588823E+000, 5.808498E-001, -3.777071E+000, -3.492986E+000, 7.046908E+000
3.026400E-002, 5.545824E-001, 1.478052E+000, -2.358200E+000, 3.230695E-001, -3.824970E+000, -3.504564E+000, 7.348763E+000
3.027200E-002, 5.355780E-001, 1.435158E+000, -2.233144E+000, -1.429611E-001, -3.842170E+000, -3.495703E+000, 7.637295E+000
3.028000E-002, 4.699265E-001, 1.333285E+000, -2.246137E+000, -4.998010E-001, -3.901656E+000, -3.471956E+000, 7.906960E+000
3.028800E-002, 2.988871E-001, 1.361881E+000, -2.208782E+000, -5.853525E-001, -4.026957E+000, -3.461559E+000, 8.195492E+000
3.029600E-002, 2.090482E-001, 1.402988E+000, -2.082102E+000, -4.198779E-001, -4.190601E+000, -3.466166E+000, 8.537909E+000
3.030400E-002, 2.245972E-001, 1.342221E+000, -2.067485E+000, -1.170705E-001, -4.380165E+000, -3.474437E+000, 8.912752E+000
3.031200E-002, 1.658564E-001, 1.258221E+000, -2.236392E+000, 1.249502E-001, -4.613567E+000, -3.514370E+000, 9.280874E+000
3.032000E-002, 1.900438E-002, 1.279668E+000, -2.265626E+000, 2.318897E-001, -4.892478E+000, -3.618575E+000, 9.647817E+000
3.032800E-002, -1.278476E-001, 1.388690E+000, -1.997649E+000, 2.892992E-001, -5.166851E+000, -3.751607E+000, 1.001995E+001
3.033600E-002, -5.528547E-002, 1.365456E+000, -1.854728E+000, 3.433318E-001, -5.383172E+000, -3.850732E+000, 1.038665E+001
3.034400E-002, 1.433967E-001, 1.081284E+000, -1.935933E+000, 3.455831E-001, -5.529376E+000, -3.904016E+000, 1.078815E+001
3.035200E-002, 8.638354E-003, 8.453673E-001, -1.822245E+000, 2.431464E-001, -5.599254E+000, -3.923628E+000, 1.126003E+001
3.036000E-002, -2.695166E-001, 9.222188E-001, -1.521786E+000, 1.575949E-002, -5.603434E+000, -3.900471E+000, 1.176906E+001
3.036800E-002, -2.591506E-001, 1.070560E+000, -1.357751E+000, -3.264466E-001, -5.590653E+000, -3.844824E+000, 1.228245E+001
3.037600E-002, -2.919764E-001, 1.072347E+000, -1.372368E+000, -6.202485E-001, -5.616334E+000, -3.798748E+000, 1.279183E+001
3.038400E-002, -4.941139E-001, 1.038390E+000, -1.455198E+000, -7.553298E-001, -5.718941E+000, -3.766494E+000, 1.328352E+001
3.039200E-002, -4.785648E-001, 1.008007E+000, -1.538027E+000, -8.284989E-001, -5.880912E+000, -3.730814E+000, 1.376237E+001
3.040000E-002, -4.042750E-001, 8.614525E-001, -1.497424E+000, -7.260622E-001, -6.040615E+000, -3.710729E+000, 1.425842E+001
3.040800E-002, -4.077303E-001, 6.416212E-001, -1.294411E+000, -2.589059E-001, -6.174994E+000, -3.722661E+000, 1.477087E+001
3.041600E-002, -3.023424E-001, 6.165998E-001, -1.213206E+000, 4.029927E-001, -6.302803E+000, -3.748181E+000, 1.526362E+001
3.042400E-002, -3.852706E-001, 7.077493E-001, -1.352879E+000, 1.170705E+000, -6.442080E+000, -3.769329E+000, 1.572560E+001
3.043200E-002, -6.271445E-001, 6.666427E-001, -1.317149E+000, 2.070122E+000, -6.618863E+000, -3.787169E+000, 1.616506E+001
3.044000E-002, -5.943188E-001, 6.970258E-001, -9.484771E-001, 2.904249E+000, -6.844381E+000, -3.800756E+000, 1.658294E+001
3.044800E-002, -5.511270E-001, 7.846009E-001, -5.830536E-001, 3.606672E+000, -7.080292E+000, -3.799338E+000, 1.699906E+001
3.045600E-002, -6.945237E-001, 6.809406E-001, -4.628699E-001, 4.098593E+000, -7.300435E+000, -3.781380E+000, 1.742331E+001
3.046400E-002, -7.774519E-001, 5.236630E-001, -4.385083E-001, 4.059195E+000, -7.498480E+000, -3.751253E+000, 1.782810E+001
3.047200E-002, -9.243039E-001, 3.538747E-001, -3.199486E-001, 3.678715E+000, -7.631067E+000, -3.718999E+000, 1.822558E+001
3.048000E-002, -1.053879E+000, 5.719186E-002, -1.818997E-001, 3.381536E+000, -7.676099E+000, -3.693243E+000, 1.865042E+001
3.048800E-002, -8.223713E-001, -4.646839E-002, -9.094986E-002, 3.016817E+000, -7.655315E+000, -3.645512E+000, 1.907207E+001
3.049600E-002, -5.148459E-001, 2.931083E-001, -8.607755E-002, 2.514764E+000, -7.594277E+000, -3.569426E+000, 1.946307E+001
3.050400E-002, -4.474668E-001, 5.844294E-001, -1.559141E-001, 2.096012E+000, -7.580660E+000, -3.526067E+000, 1.982718E+001
3.051200E-002, -4.992969E-001, 4.593222E-001, 6.496419E-003, 1.730167E+000, -7.682908E+000, -3.529965E+000, 2.012515E+001
3.052000E-002, -6.616979E-001, 2.037460E-001, 3.719200E-001, 1.425108E+000, -7.832218E+000, -3.547333E+000, 2.034682E+001
3.052800E-002, -8.448310E-001, 2.680869E-002, 5.521956E-001, 1.326048E+000, -7.949755E+000, -3.583722E+000, 2.054715E+001
3.053600E-002, -8.016393E-001, 8.400055E-002, 6.593865E-001, 1.536550E+000, -8.027277E+000, -3.634761E+000, 2.073346E+001
3.054400E-002, -5.891358E-001, 2.305547E-001, 8.526550E-001, 2.034100E+000, -8.047583E+000, -3.685682E+000, 2.087790E+001
3.055200E-002, -4.301901E-001, 2.502144E-002, 9.127468E-001, 2.501256E+000, -8.002551E+000, -3.737784E+000, 2.099251E+001
3.056000E-002, -3.351682E-001, -2.144695E-001, 8.802648E-001, 2.693747E+000, -7.941871E+000, -3.766612E+000, 2.107752E+001
3.056800E-002, -3.023424E-001, -1.125965E-001, 8.591514E-001, 2.780424E+000, -7.904484E+000, -3.760350E+000, 2.111974E+001
3.057600E-002, -4.630158E-001, -1.429797E-002, 7.795703E-001, 2.915506E+000, -7.891703E+000, -3.754325E+000, 2.114792E+001
3.058400E-002, -6.357829E-001, -9.293678E-002, 7.974354E-001, 2.942522E+000, -7.905679E+000, -3.773110E+000, 2.116513E+001
3.059200E-002, -4.941139E-001, -2.520016E-001, 9.176192E-001, 2.699376E+000, -7.916190E+000, -3.792958E+000, 2.112245E+001
3.060000E-002, -3.040701E-001, -3.556619E-001, 1.050796E+000, 2.190569E+000, -7.885850E+000, -3.792486E+000, 2.101126E+001
3.060800E-002, -3.990920E-001, -3.109808E-001, 1.271674E+000, 1.429611E+000, -7.836399E+000, -3.798157E+000, 2.086092E+001
3.061600E-002, -5.770420E-001, -2.341292E-001, 1.403226E+000, 5.256916E-001, -7.819556E+000, -3.828284E+000, 2.066000E+001
3.062400E-002, -5.891358E-001, -3.377894E-001, 1.335014E+000, -2.679113E-001, -7.865305E+000, -3.856993E+000, 2.038561E+001
3.063200E-002, -5.079352E-001, -5.880039E-001, 1.278170E+000, -8.059854E-001, -7.930165E+000, -3.851913E+000, 2.006230E+001
3.064000E-002, -4.820202E-001, -5.576206E-001, 1.313901E+000, -1.067143E+000, -7.918818E+000, -3.802174E+000, 1.972141E+001
3.064800E-002, -5.113906E-001, -2.108950E-001, 1.401602E+000, -1.123427E+000, -7.790531E+000, -3.722661E+000, 1.939480E+001
3.065600E-002, -6.236892E-001, -1.090220E-001, 1.557516E+000, -1.121175E+000, -7.562624E+000, -3.628617E+000, 1.909695E+001
3.066400E-002, -8.258267E-001, -3.002573E-001, 1.706934E+000, -9.106734E-001, -7.285742E+000, -3.525712E+000, 1.876243E+001
3.067200E-002, -8.586524E-001, -4.343007E-001, 1.732920E+000, -3.455831E-001, -7.051744E+000, -3.424579E+000, 1.835175E+001
3.068000E-002, -5.804974E-001, -5.468972E-001, 1.755657E+000, 2.420207E-001, -6.890608E+000, -3.326991E+000, 1.792361E+001
3.068800E-002, -3.040701E-001, -7.006003E-001, 1.996025E+000, 6.461391E-001, -6.757184E+000, -3.233301E+000, 1.751245E+001
3.069600E-002, -3.749046E-001, -7.613667E-001, 2.301356E+000, 9.860938E-001, -6.655892E+000, -3.171510E+000, 1.711249E+001
3.070400E-002, -5.701314E-001, -6.380467E-001, 2.405299E+000, 1.231492E+000, -6.589957E+000, -3.170447E+000, 1.673482E+001
3.071200E-002, -5.148459E-001, -3.377894E-001, 2.398803E+000, 1.341808E+000, -6.497026E+000, -3.222077E+000, 1.636752E+001
3.072000E-002, -3.783599E-001, -1.948098E-001, 2.494625E+000, 1.407097E+000, -6.338040E+000, -3.297572E+000, 1.598843E+001
3.072800E-002, -2.937040E-001, -4.110665E-001, 2.720375E+000, 1.428485E+000, -6.117181E+000, -3.388899E+000, 1.561477E+001
3.073600E-002, -1.382137E-001, -5.504717E-001, 2.952622E+000, 1.369950E+000, -5.854514E+000, -3.499838E+000, 1.525077E+001
3.074400E-002, -7.947286E-002, -4.074920E-001, 3.004594E+000, 1.304661E+000, -5.601643E+000, -3.600262E+000, 1.487216E+001
3.075200E-002, -9.674957E-002, -3.217042E-001, 2.876289E+000, 1.285524E+000, -5.398700E+000, -3.672095E+000, 1.447868E+001
3.076000E-002, 8.292820E-002, -3.288532E-001, 2.798332E+000, 1.201098E+000, -5.237803E+000, -3.754088E+000, 1.406929E+001
3.076800E-002, 2.798827E-001, -1.304689E-001, 2.866545E+000, 1.066017E+000, -5.099960E+000, -3.853804E+000, 1.362700E+001
3.077600E-002, 2.401462E-001, 6.970258E-002, 3.012714E+000, 1.044629E+000, -4.964745E+000, -3.926463E+000, 1.315052E+001
3.078400E-002, 1.053879E-001, -8.042606E-002, 3.249834E+000, 1.115547E+000, -4.818540E+000, -3.961435E+000, 1.264291E+001
3.079200E-002, 6.046848E-002, -2.162567E-001, 3.538924E+000, 1.076148E+000, -4.673172E+000, -3.978802E+000, 1.210275E+001
3.080000E-002, 1.364860E-001, 3.574491E-003, 3.738689E+000, 8.341273E-001, -4.512872E+000, -3.979038E+000, 1.153029E+001
3.080800E-002, 2.297802E-001, 2.305547E-001, 3.854001E+000, 6.979203E-001, -4.312319E+000, -3.945367E+000, 1.092893E+001
3.081600E-002, 1.002049E-001, 1.715756E-001, 3.957943E+000, 8.701490E-001, -4.091578E+000, -3.862546E+000, 1.029787E+001
3.082400E-002, -1.572181E-001, 1.429797E-002, 4.034276E+000, 9.748371E-001, -3.842051E+000, -3.745818E+000, 9.633904E+000
3.083200E-002, -8.465587E-002, 4.825563E-002, 4.121978E+000, 8.566409E-001, -3.528738E+000, -3.629090E+000, 8.953668E+000
3.084000E-002, 2.073205E-001, 3.020445E-001, 4.263275E+000, 8.284989E-001, -3.181503E+000, -3.500074E+000, 8.272724E+000
3.084800E-002, 2.660613E-001, 5.397482E-001, 4.446799E+000, 9.770884E-001, -2.855289E+000, -3.323210E+000, 7.581286E+000
3.085600E-002, 1.814054E-001, 5.808548E-001, 4.643315E+000, 1.296781E+000, -2.566464E+000, -3.129569E+000, 6.888198E+000
3.086400E-002, 2.574230E-001, 5.057905E-001, 4.692039E+000, 1.702025E+000, -2.325059E+000, -2.968181E+000, 6.216924E+000
3.087200E-002, 4.215517E-001, 5.379609E-001, 4.617330E+000, 1.896767E+000, -2.159862E+000, -2.820381E+000, 5.545178E+000
3.088000E-002, 4.854755E-001, 7.006003E-001, 4.739138E+000, 1.870877E+000, -2.095002E+000, -2.674707E+000, 4.861169E+000
3.088800E-002, 5.528547E-001, 8.417928E-001, 5.028228E+000, 1.711030E+000, -2.125581E+000, -2.563059E+000, 4.207227E+000
3.089600E-002, 7.066174E-001, 9.383040E-001, 5.167901E+000, 1.422857E+000, -2.246701E+000, -2.477285E+000, 3.572152E+000
3.090400E-002, 7.636305E-001, 9.937086E-001, 5.135419E+000, 1.310289E+000, -2.463141E+000, -2.392810E+000, 2.907480E+000
3.091200E-002, 7.567198E-001, 9.508147E-001, 5.085072E+000, 1.479141E+000, -2.698574E+000, -2.322868E+000, 2.251888E+000
3.092000E-002, 8.379204E-001, 8.971974E-001, 5.068831E+000, 1.618725E+000, -2.826622E+000, -2.269112E+000, 1.656785E+000
3.092800E-002, 8.811122E-001, 1.020517E+000, 5.122426E+000, 1.699774E+000, -2.850512E+000, -2.206612E+000, 1.090099E+000
3.093600E-002, 8.258267E-001, 1.190306E+000, 5.231241E+000, 1.919281E+000, -2.854214E+000, -2.131944E+000, 5.262424E-001
3.094400E-002, 8.776568E-001, 1.217114E+000, 5.263723E+000, 2.229968E+000, -2.848481E+000, -2.059993E+000, -1.591815E-002
3.095200E-002, 1.010687E+000, 1.208178E+000, 5.169525E+000, 2.523770E+000, -2.841434E+000, -1.993004E+000, -5.297798E-001
3.096000E-002, 9.191209E-001, 1.192093E+000, 5.189014E+000, 2.670108E+000, -2.872251E+000, -1.934286E+000, -1.013692E+000
3.096800E-002, 7.325324E-001, 1.202816E+000, 5.469985E+000, 2.482120E+000, -2.909400E+000, -1.902386E+000, -1.464352E+000
3.097600E-002, 8.206437E-001, 1.392264E+000, 5.671374E+000, 2.008209E+000, -2.899127E+000, -1.896243E+000, -1.895440E+000
3.098400E-002, 1.045241E+000, 1.576351E+000, 5.609658E+000, 1.427360E+000, -2.865323E+000, -1.897424E+000, -2.323933E+000
3.099200E-002, 1.152357E+000, 1.528095E+000, 5.621027E+000, 8.296246E-001, -2.816947E+000, -1.905576E+000, -2.760090E+000
3.100000E-002, 1.141990E+000, 1.494137E+000, 5.788309E+000, 3.692223E-001, -2.712788E+000, -1.932632E+000, -3.202143E+000
3.100800E-002, 1.117803E+000, 1.660351E+000, 5.788309E+000, 5.065551E-002, -2.590473E+000, -1.984498E+000, -3.636532E+000
3.101600E-002, 1.250834E+000, 1.799756E+000, 5.734714E+000, -2.746654E-001, -2.540185E+000, -2.046407E+000, -4.063256E+000
3.102400E-002, 1.466793E+000, 1.814054E+000, 5.940975E+000, -4.108724E-001, -2.590831E+000, -2.093074E+000, -4.501300E+000
3.103200E-002, 1.402869E+000, 1.817629E+000, 6.093641E+000, -1.305786E-001, -2.730944E+000, -2.125328E+000, -4.951372E+000
3.104000E-002, 1.148901E+000, 1.994566E+000, 6.020556E+000, 3.635940E-001, -2.927436E+000, -2.165261E+000, -5.392835E+000
3.104800E-002, 1.292298E+000, 2.385973E+000, 6.143988E+000, 7.834718E-001, -3.138979E+000, -2.222444E+000, -5.812367E+000
3.105600E-002, 1.643015E+000, 2.655847E+000, 6.423334E+000, 1.072771E+000, -3.357569E+000, -2.284471E+000, -6.205251E+000
3.106400E-002, 1.575636E+000, 2.607592E+000, 6.496419E+000, 1.301284E+000, -3.551314E+000, -2.328539E+000, -6.578443E+000
3.107200E-002, 1.447788E+000, 2.419931E+000, 6.467185E+000, 1.443119E+000, -3.662759E+000, -2.342008E+000, -6.945386E+000
3.108000E-002, 1.624011E+000, 2.339505E+000, 6.528901E+000, 1.440868E+000, -3.716989E+000, -2.344371E+000, -7.305372E+000
3.108800E-002, 1.732854E+000, 2.482484E+000, 6.710801E+000, 1.256256E+000, -3.762618E+000, -2.356539E+000, -7.650619E+000
3.109600E-002, 1.703483E+000, 2.612953E+000, 6.920310E+000, 8.251219E-001, -3.782566E+000, -2.364573E+000, -7.980655E+000
3.110400E-002, 1.767407E+000, 2.596868E+000, 6.959289E+000, 1.440868E-001, -3.785671E+000, -2.369890E+000, -8.295363E+000
3.111200E-002, 1.855518E+000, 2.807763E+000, 6.892700E+000, -6.979203E-001, -3.795466E+000, -2.406633E+000, -8.590734E+000
3.112000E-002, 1.896983E+000, 3.202744E+000, 6.985274E+000, -1.400343E+000, -3.776116E+000, -2.482719E+000, -8.851084E+000
3.112800E-002, 1.874523E+000, 3.200957E+000, 7.207777E+000, -1.717784E+000, -3.724872E+000, -2.568848E+000, -9.052478E+000
3.113600E-002, 1.748403E+000, 2.920360E+000, 7.375060E+000, -1.798833E+000, -3.657026E+000, -2.638790E+000, -9.203995E+000
3.114400E-002, 1.589457E+000, 2.906062E+000, 7.431903E+000, -1.765063E+000, -3.518347E+000, -2.695619E+000, -9.337000E+000
3.115200E-002, 1.516895E+000, 3.124105E+000, 7.332833E+000, -1.659249E+000, -3.290798E+000, -2.755164E+000, -9.444654E+000
3.116000E-002, 1.668930E+000, 3.329639E+000, 7.194784E+000, -1.605217E+000, -3.021322E+000, -2.811165E+000, -9.516934E+000
3.116800E-002, 1.962634E+000, 3.506576E+000, 7.277613E+000, -1.574823E+000, -2.763076E+000, -2.837630E+000, -9.572353E+000
3.117600E-002, 2.119852E+000, 3.599513E+000, 7.552087E+000, -1.565818E+000, -2.615079E+000, -2.835385E+000, -9.617749E+000
3.118400E-002, 2.180321E+000, 3.470831E+000, 7.719369E+000, -1.706528E+000, -2.612212E+000, -2.823098E+000, -9.660197E+000
3.119200E-002, 2.258066E+000, 3.308192E+000, 7.633292E+000, -1.994701E+000, -2.661783E+000, -2.793325E+000, -9.703354E+000
3.120000E-002, 2.197597E+000, 3.406490E+000, 7.537470E+000, -2.274995E+000, -2.724374E+000, -2.737679E+000, -9.727997E+000
3.120800E-002, 2.061111E+000, 3.588789E+000, 7.656030E+000, -2.470863E+000, -2.782187E+000, -2.668563E+000, -9.727997E+000
3.121600E-002, 2.087026E+000, 3.629896E+000, 7.733986E+000, -2.547409E+000, -2.758298E+000, -2.591414E+000, -9.713140E+000
3.122400E-002, 2.213146E+000, 3.579853E+000, 7.621923E+000, -2.375180E+000, -2.654975E+000, -2.508357E+000, -9.693095E+000
3.123200E-002, 2.285709E+000, 3.467257E+000, 7.729114E+000, -2.017215E+000, -2.498020E+000, -2.425537E+000, -9.669867E+000
3.124000E-002, 2.218329E+000, 3.419001E+000, 8.027949E+000, -1.642364E+000, -2.262349E+000, -2.341889E+000, -9.629659E+000
3.124800E-002, 2.042107E+000, 3.554832E+000, 8.065304E+000, -1.161700E+000, -2.003743E+000, -2.263913E+000, -9.574947E+000
3.125600E-002, 1.978183E+000, 3.742493E+000, 8.052311E+000, -6.450135E-001, -1.798054E+000, -2.207912E+000, -9.525070E+000
3.126400E-002, 2.216602E+000, 3.905132E+000, 8.170871E+000, -3.365777E-001, -1.644204E+000, -2.188772E+000, -9.474133E+000
3.127200E-002, 2.458476E+000, 4.089218E+000, 8.161126E+000, -1.249502E-001, -1.555932E+000, -2.215473E+000, -9.419421E+000
3.128000E-002, 2.294347E+000, 4.175006E+000, 8.109155E+000, 1.722287E-001, -1.556529E+000, -2.286361E+000, -9.377680E+000
3.128800E-002, 2.104303E+000, 4.166070E+000, 8.122148E+000, 3.861075E-001, -1.626645E+000, -2.391511E+000, -9.338769E+000
3.129600E-002, 2.289164E+000, 4.273304E+000, 8.178991E+000, 3.084357E-001, -1.744063E+000, -2.510247E+000, -9.286180E+000
3.130400E-002, 2.391097E+000, 4.398412E+000, 8.308920E+000, 8.442584E-002, -1.871514E+000, -2.624258E+000, -9.227106E+000
3.131200E-002, 2.083571E+000, 4.300113E+000, 8.302423E+000, 3.939873E-002, -1.935180E+000, -2.736379E+000, -9.156005E+000
3.132000E-002, 1.909076E+000, 4.117814E+000, 8.195232E+000, 1.801085E-001, -1.912127E+000, -2.846018E+000, -9.047407E+000
3.132800E-002, 2.221785E+000, 4.073133E+000, 8.308920E+000, 2.611573E-001, -1.837113E+000, -2.930729E+000, -8.895890E+000
3.133600E-002, 2.418739E+000, 4.135686E+000, 8.507060E+000, 2.183815E-001, -1.711693E+000, -2.983422E+000, -8.721145E+000
3.134400E-002, 2.104303E+000, 4.289390E+000, 8.435600E+000, 1.418354E-001, -1.546496E+000, -3.029145E+000, -8.530245E+000
3.135200E-002, 1.871068E+000, 4.407348E+000, 8.273190E+000, 1.283273E-001, -1.400650E+000, -3.079475E+000, -8.322483E+000
3.136000E-002, 1.934991E+000, 4.357305E+000, 8.485947E+000, 3.196925E-001, -1.295416E+000, -3.121771E+000, -8.106350E+000
3.136800E-002, 1.938447E+000, 4.307262E+000, 8.903342E+000, 7.350677E-001, -1.227569E+000, -3.154498E+000, -7.891278E+000
3.137600E-002, 1.985094E+000, 4.428795E+000, 8.851371E+000, 1.159448E+000, -1.236050E+000, -3.191241E+000, -7.691417E+000
3.138400E-002, 2.004098E+000, 4.555689E+000, 8.450216E+000, 1.400343E+000, -1.338417E+000, -3.256812E+000, -7.499338E+000
3.139200E-002, 1.815782E+000, 4.519945E+000, 8.385253E+000, 1.421731E+000, -1.499911E+000, -3.362316E+000, -7.287803E+000
3.140000E-002, 1.864157E+000, 4.416284E+000, 8.620748E+000, 1.198847E+000, -1.668691E+000, -3.477036E+000, -7.067543E+000
3.140800E-002, 2.142312E+000, 4.373390E+000, 8.692208E+000, 8.059854E-001, -1.780375E+000, -3.576279E+000, -6.860960E+000
3.141600E-002, 2.109486E+000, 4.418071E+000, 8.575273E+000, 4.300089E-001, -1.814179E+000, -3.679066E+000, -6.647068E+000
3.142400E-002, 1.919442E+000, 4.393050E+000, 8.552535E+000, 5.178118E-002, -1.819913E+000, -3.803237E+000, -6.407234E+000
3.143200E-002, 1.883161E+000, 4.425220E+000, 8.692208E+000, -4.536482E-001, -1.829349E+000, -3.926227E+000, -6.157024E+000
3.144000E-002, 1.781229E+000, 4.796968E+000, 8.865988E+000, -9.320613E-001, -1.842130E+000, -4.025588E+000, -5.903159E+000
3.144800E-002, 1.605006E+000, 4.914926E+000, 9.018654E+000, -1.166202E+000, -1.854553E+000, -4.115142E+000, -5.629249E+000
3.145600E-002, 1.700028E+000, 4.562839E+000, 9.122596E+000, -1.214606E+000, -1.855986E+000, -4.203988E+000, -5.328927E+000
3.146400E-002, 1.948813E+000, 4.620030E+000, 9.056007E+000, -1.189842E+000, -1.888237E+000, -4.281610E+000, -5.009738E+000
3.147200E-002, 1.919442E+000, 5.023948E+000, 8.864364E+000, -9.894708E-001, -2.003982E+000, -4.348008E+000, -4.672038E+000
3.148000E-002, 1.770863E+000, 5.011437E+000, 8.885477E+000, -6.112431E-001, -2.182080E+000, -4.396093E+000, -4.333394E+000
3.148800E-002, 1.808871E+000, 4.821989E+000, 9.177815E+000, -3.343263E-001, -2.396728E+000, -4.411571E+000, -4.014441E+000
3.149600E-002, 1.779501E+000, 4.857734E+000, 9.353219E+000, -1.936166E-001, -2.616632E+000, -4.392549E+000, -3.680631E+000
3.150400E-002, 1.582546E+000, 4.779095E+000, 9.184312E+000, 3.489602E-002, -2.766659E+000, -4.342574E+000, -3.303430E+000
3.151200E-002, 1.487525E+000, 4.528881E+000, 8.986172E+000, 2.881735E-001, -2.839164E+000, -4.277947E+000, -2.922101E+000
3.152000E-002, 1.463337E+000, 4.527093E+000, 9.119348E+000, 3.275723E-001, -2.899963E+000, -4.211195E+000, -2.561526E+000
3.152800E-002, 1.332034E+000, 4.648626E+000, 9.359715E+000, 8.892855E-002, -2.970796E+000, -4.122704E+000, -2.211209E+000
3.153600E-002, 1.228374E+000, 4.482412E+000, 9.444169E+000, -3.151898E-001, -3.046765E+000, -4.007512E+000, -1.890369E+000
3.154400E-002, 1.354494E+000, 4.292964E+000, 9.518878E+000, -8.037340E-001, -3.149251E+000, -3.900589E+000, -1.607498E+000
3.155200E-002, 1.442605E+000, 4.512795E+000, 9.528623E+000, -1.300158E+000, -3.292231E+000, -3.816587E+000, -1.338894E+000
3.156000E-002, 1.183455E+000, 4.796968E+000, 9.429552E+000, -1.599588E+000, -3.457906E+000, -3.748654E+000, -1.104956E+000
3.156800E-002, 9.001165E-001, 4.693307E+000, 9.434424E+000, -1.620976E+000, -3.623580E+000, -3.712501E+000, -9.330397E-001
3.157600E-002, 9.191209E-001, 4.552115E+000, 9.431176E+000, -1.462256E+000, -3.768471E+000, -3.707539E+000, -7.927241E-001
3.158400E-002, 1.024509E+000, 4.727265E+000, 9.341850E+000, -1.157197E+000, -3.871794E+000, -3.700214E+000, -6.580683E-001
3.159200E-002, 9.985937E-001, 4.957819E+000, 9.325609E+000, -7.384447E-001, -3.932115E+000, -3.682256E+000, -5.231767E-001
3.160000E-002, 9.363976E-001, 5.032884E+000, 9.291503E+000, -2.735397E-001, -3.966994E+000, -3.672568E+000, -3.610473E-001
3.160800E-002, 9.865001E-001, 4.997139E+000, 9.286631E+000, 1.497152E-001, -4.025165E+000, -3.675049E+000, -1.708549E-001
3.161600E-002, 9.865001E-001, 4.891692E+000, 9.452290E+000, 3.084357E-001, -4.156319E+000, -3.681783E+000, -2.004508E-003
3.162400E-002, 7.532645E-001, 4.889904E+000, 9.543240E+000, 1.452124E-001, -4.341464E+000, -3.683791E+000, 1.267557E-001
3.163200E-002, 5.632207E-001, 5.038246E+000, 9.580594E+000, -1.407097E-001, -4.536642E+000, -3.680483E+000, 2.574024E-001
3.164000E-002, 6.979790E-001, 4.952458E+000, 9.791727E+000, -3.838561E-001, -4.734807E+000, -3.673158E+000, 4.159944E-001
3.164800E-002, 8.897505E-001, 4.559264E+000, 9.907039E+000, -4.907956E-001, -4.925088E+000, -3.649056E+000, 5.831940E-001
3.165600E-002, 7.705412E-001, 4.334071E+000, 9.775486E+000, -6.191229E-001, -5.078340E+000, -3.610541E+000, 7.480354E-001
3.166400E-002, 4.785648E-001, 4.418071E+000, 9.689408E+000, -1.089656E+000, -5.178079E+000, -3.581595E+000, 9.259650E-001
3.167200E-002, 3.161638E-001, 4.602158E+000, 9.731635E+000, -1.821347E+000, -5.223350E+000, -3.561983E+000, 1.116511E+000
3.168000E-002, 1.658564E-001, 4.648626E+000, 9.694281E+000, -2.462983E+000, -5.234578E+000, -3.522877E+000, 1.297035E+000
3.168800E-002, -3.282575E-002, 4.487774E+000, 9.473403E+000, -2.886238E+000, -5.235056E+000, -3.458251E+000, 1.463527E+000
3.169600E-002, -3.109808E-002, 4.373390E+000, 9.345098E+000, -3.100117E+000, -5.242342E+000, -3.406739E+000, 1.636268E+000
3.170400E-002, 4.319177E-002, 4.418071E+000, 9.617948E+000, -3.131636E+000, -5.303500E+000, -3.394216E+000, 1.807477E+000
3.171200E-002, -3.973643E-002, 4.432369E+000, 9.968755E+000, -3.037079E+000, -5.413511E+000, -3.388781E+000, 1.944609E+000
3.172000E-002, -1.105709E-001, 4.359092E+000, 1.000773E+001, -2.714009E+000, -5.517670E+000, -3.372004E+000, 2.077378E+000
3.172800E-002, -8.811121E-002, 4.375177E+000, 9.921656E+000, -1.937292E+000, -5.648466E+000, -3.363734E+000, 2.246818E+000
3.173600E-002, -8.292820E-002, 4.427008E+000, 9.959010E+000, -7.722150E-001, -5.820113E+000, -3.363616E+000, 2.402816E+000
3.174400E-002, -1.589457E-001, 4.198240E+000, 1.005483E+001, 3.771021E-001, -5.976471E+000, -3.367751E+000, 2.523204E+000
3.175200E-002, -2.729720E-001, 3.899770E+000, 1.006133E+001, 1.311415E+000, -6.129006E+000, -3.373186E+000, 2.668001E+000
3.176000E-002, -2.245972E-001, 3.985558E+000, 9.934649E+000, 2.080253E+000, -6.277241E+000, -3.335852E+000, 2.841686E+000
3.176800E-002, -1.969545E-001, 4.157134E+000, 9.905415E+000, 2.529398E+000, -6.360974E+000, -3.243107E+000, 3.020558E+000
3.177600E-002, -4.941139E-001, 4.005218E+000, 1.007757E+001, 2.629584E+000, -6.397287E+000, -3.157924E+000, 3.237517E+000
3.178400E-002, -8.154606E-001, 3.826493E+000, 1.018963E+001, 2.665605E+000, -6.459400E+000, -3.095306E+000, 3.472752E+000
3.179200E-002, -9.156656E-001, 3.831855E+000, 1.028708E+001, 2.638589E+000, -6.587687E+000, -3.014140E+000, 3.641838E+000
3.180000E-002, -8.344650E-001, 3.796110E+000, 1.043974E+001, 2.494502E+000, -6.741776E+000, -2.941717E+000, 3.775786E+000
3.180800E-002, -6.305999E-001, 3.658492E+000, 1.035367E+001, 2.434841E+000, -6.778924E+000, -2.917142E+000, 3.968337E+000
3.181600E-002, -6.236892E-001, 3.545896E+000, 1.020100E+001, 2.362798E+000, -6.646575E+000, -2.903555E+000, 4.183763E+000
3.182400E-002, -8.431034E-001, 3.531598E+000, 1.026921E+001, 2.208580E+000, -6.529994E+000, -2.882525E+000, 4.367824E+000
3.183200E-002, -8.621078E-001, 3.567343E+000, 1.032281E+001, 2.343661E+000, -6.633675E+000, -2.887842E+000, 4.549173E+000
3.184000E-002, -8.016393E-001, 3.549470E+000, 1.022374E+001, 2.781550E+000, -6.948421E+000, -2.911353E+000, 4.707175E+000
3.184800E-002, -1.015870E+000, 3.361809E+000, 1.020263E+001, 3.120379E+000, -7.316321E+000, -2.926121E+000, 4.826621E+000
3.185600E-002, -1.242195E+000, 3.057977E+000, 1.040077E+001, 3.401798E+000, -7.568237E+000, -2.962038E+000, 5.004314E+000
3.186400E-002, -1.281932E+000, 2.981126E+000, 1.057942E+001, 3.913982E+000, -7.557129E+000, -3.027018E+000, 5.259358E+000
3.187200E-002, -1.321668E+000, 2.972190E+000, 1.041863E+001, 4.480198E+000, -7.252536E+000, -3.069196E+000, 5.512870E+000
3.188000E-002, -1.433967E+000, 2.832784E+000, 1.015553E+001, 4.736853E+000, -6.814281E+000, -3.083846E+000, 5.787134E+000
3.188800E-002, -1.566998E+000, 3.043679E+000, 1.024648E+001, 4.544362E+000, -6.456055E+000, -3.091998E+000, 6.092526E+000
3.189600E-002, -1.622283E+000, 3.320703E+000, 1.051933E+001, 3.864452E+000, -6.298025E+000, -3.082665E+000, 6.344269E+000
3.190400E-002, -1.580819E+000, 2.991849E+000, 1.062814E+001, 2.887364E+000, -6.396212E+000, -3.092353E+000, 6.541183E+000
3.191200E-002, -1.580819E+000, 2.587932E+000, 1.067686E+001, 1.931663E+000, -6.787524E+000, -3.163477E+000, 6.712273E+000
3.192000E-002, -1.746675E+000, 2.629039E+000, 1.079542E+001, 1.010859E+000, -7.384048E+000, -3.246533E+000, 6.811202E+000
3.192800E-002, -2.004098E+000, 2.713039E+000, 1.078081E+001, 1.440868E-001, -7.919415E+000, -3.313049E+000, 6.859074E+000
3.193600E-002, -2.085299E+000, 2.664783E+000, 1.056155E+001, -4.682820E-001, -8.108024E+000, -3.392562E+000, 6.954347E+000
3.194400E-002, -1.941902E+000, 2.675507E+000, 1.052420E+001, -8.284989E-001, -7.848702E+000, -3.448799E+000, 7.108222E+000
3.195200E-002, -1.831331E+000, 2.618315E+000, 1.074020E+001, -1.048006E+000, -7.318352E+000, -3.434976E+000, 7.267286E+000
3.196000E-002, -1.826148E+000, 2.491421E+000, 1.075157E+001, -1.077274E+000, -6.816311E+000, -3.379684E+000, 7.409724E+000
3.196800E-002, -1.774318E+000, 2.385973E+000, 1.055830E+001, -8.037340E-001, -6.497743E+000, -3.311277E+000, 7.493560E+000
3.197600E-002, -1.801961E+000, 2.212610E+000, 1.059566E+001, -2.656600E-001, -6.391553E+000, -3.249251E+000, 7.496390E+000
3.198400E-002, -2.100848E+000, 2.039247E+000, 1.092048E+001, 3.590913E-001, -6.500490E+000, -3.232946E+000, 7.489079E+000
3.199200E-002, -2.375547E+000, 1.849799E+000, 1.109588E+001, 8.611436E-001, -6.759095E+000, -3.266854E+000, 7.496508E+000
3.200000E-002, -2.311624E+000, 1.751501E+000, 1.085714E+001, 1.144814E+000, -7.093431E+000, -3.325809E+000, 7.472925E+000
3.200800E-002, -2.178593E+000, 1.949885E+000, 1.058267E+001, 1.333928E+000, -7.425975E+000, -3.395751E+000, 7.437434E+000
3.201600E-002, -2.323717E+000, 2.100014E+000, 1.071584E+001, 1.490398E+000, -7.587469E+000, -3.457542E+000, 7.413497E+000
3.202400E-002, -2.518944E+000, 2.001715E+000, 1.103417E+001, 1.507283E+000, -7.436008E+000, -3.500901E+000, 7.383548E+000
3.203200E-002, -2.460203E+000, 1.903417E+000, 1.108776E+001, 1.389086E+000, -6.977685E+000, -3.534219E+000, 7.383548E+000
3.204000E-002, -2.351360E+000, 1.805118E+000, 1.103904E+001, 1.132432E+000, -6.348671E+000, -3.545561E+000, 7.446041E+000
3.204800E-002, -2.365181E+000, 1.699671E+000, 1.116897E+001, 6.967946E-001, -5.802315E+000, -3.525594E+000, 7.509832E+000
3.205600E-002, -2.382458E+000, 1.696096E+000, 1.117709E+001, 2.453978E-001, -5.537021E+000, -3.506691E+000, 7.515491E+000
3.206400E-002, -2.439471E+000, 1.683586E+000, 1.092698E+001, -3.489602E-002, -5.513609E+000, -3.532801E+000, 7.487546E+000
3.207200E-002, -2.565591E+000, 1.599585E+000, 1.081329E+001, -1.677260E-001, -5.593520E+000, -3.613258E+000, 7.450050E+000
3.208000E-002, -2.550042E+000, 1.520946E+000, 1.097408E+001, -1.440868E-001, -5.708310E+000, -3.729514E+000, 7.398051E+000
3.208800E-002, -2.387641E+000, 1.463754E+000, 1.110238E+001, 8.104881E-002, -5.830863E+000, -3.870108E+000, 7.344165E+000
3.209600E-002, -2.442927E+000, 1.479839E+000, 1.107477E+001, 3.264466E-001, -5.955806E+000, -4.004558E+000, 7.285563E+000
3.210400E-002, -2.772912E+000, 1.588861E+000, 1.108127E+001, 5.178118E-001, -6.101414E+000, -4.093758E+000, 7.213518E+000
3.211200E-002, -3.026879E+000, 1.610308E+000, 1.120307E+001, 8.667720E-001, -6.236629E+000, -4.161574E+000, 7.141710E+000
3.212000E-002, -2.988871E+000, 1.451244E+000, 1.121769E+001, 1.281021E+000, -6.292172E+000, -4.233761E+000, 7.065067E+000
3.212800E-002, -2.762546E+000, 1.317200E+000, 1.106178E+001, 1.360945E+000, -6.260638E+000, -4.267787E+000, 6.979109E+000
3.213600E-002, -2.645064E+000, 1.195667E+000, 1.104391E+001, 1.015361E+000, -6.164721E+000, -4.263652E+000, 6.905060E+000
3.214400E-002, -2.693439E+000, 1.006219E+000, 1.119820E+001, 4.333860E-001, -5.997852E+000, -4.283973E+000, 6.844217E+000
3.215200E-002, -2.802282E+000, 9.954959E-001, 1.125992E+001, -2.071247E-001, -5.794790E+000, -4.329223E+000, 6.770404E+000
3.216000E-002, -2.962955E+000, 1.167071E+000, 1.120957E+001, -8.206192E-001, -5.599851E+000, -4.369392E+000, 6.681616E+000
3.216800E-002, -2.968138E+000, 1.218902E+000, 1.122906E+001, -1.519665E+000, -5.375169E+000, -4.419487E+000, 6.591295E+000
3.217600E-002, -2.864478E+000, 1.109880E+000, 1.133138E+001, -2.308765E+000, -5.118952E+000, -4.491083E+000, 6.477392E+000
3.218400E-002, -2.959500E+000, 1.018730E+000, 1.132326E+001, -2.923385E+000, -4.927238E+000, -4.584891E+000, 6.308070E+000
3.219200E-002, -3.047611E+000, 1.034815E+000, 1.124368E+001, -3.264466E+000, -4.849238E+000, -4.714142E+000, 6.094885E+000
3.220000E-002, -2.940496E+000, 1.102731E+000, 1.124205E+001, -3.350017E+000, -4.846491E+000, -4.862416E+000, 5.874389E+000
3.220800E-002, -2.869661E+000, 1.068773E+000, 1.130052E+001, -3.070849E+000, -4.820093E+000, -4.985996E+000, 5.657548E+000
3.221600E-002, -2.831653E+000, 9.275805E-001, 1.136548E+001, -2.423584E+000, -4.654657E+000, -5.081695E+000, 5.446013E+000
3.222400E-002, -2.696894E+000, 8.828994E-001, 1.139634E+001, -1.670506E+000, -4.396052E+000, -5.175148E+000, 5.266787E+000
3.223200E-002, -2.684801E+000, 8.882611E-001, 1.142070E+001, -9.692087E-001, -4.220105E+000, -5.252888E+000, 5.122816E+000
3.224000E-002, -2.861023E+000, 8.578780E-001, 1.139472E+001, -1.891139E-001, -4.171967E+000, -5.285260E+000, 4.989222E+000
3.224800E-002, -2.883483E+000, 8.989846E-001, 1.130864E+001, 6.360080E-001, -4.213177E+000, -5.290931E+000, 4.863291E+000
3.225600E-002, -2.670979E+000, 8.632397E-001, 1.138822E+001, 1.258508E+000, -4.354484E+000, -5.301446E+000, 4.744318E+000
3.226400E-002, -2.581140E+000, 7.077493E-001, 1.153114E+001, 1.666003E+000, -4.531028E+000, -5.308889E+000, 4.627820E+000
3.227200E-002, -2.855840E+000, 7.595794E-001, 1.147917E+001, 2.010461E+000, -4.655374E+000, -5.305463E+000, 4.512148E+000
3.228000E-002, -3.161638E+000, 8.024733E-001, 1.149054E+001, 2.348164E+000, -4.757263E+000, -5.312434E+000, 4.384803E+000
3.228800E-002, -3.059705E+000, 4.593222E-001, 1.166594E+001, 2.617201E+000, -4.795845E+000, -5.333700E+000, 4.243898E+000
3.229600E-002, -2.823014E+000, 3.217042E-001, 1.171792E+001, 2.679113E+000, -4.675560E+000, -5.352839E+000, 4.106884E+000
3.230400E-002, -2.854112E+000, 6.219615E-001, 1.158311E+001, 2.461858E+000, -4.445862E+000, -5.377650E+000, 3.978713E+000
3.231200E-002, -2.980232E+000, 6.720044E-001, 1.136711E+001, 2.093761E+000, -4.148674E+000, -5.419828E+000, 3.847831E+000
3.232000E-002, -2.981960E+000, 5.826421E-001, 1.128753E+001, 1.742549E+000, -3.832137E+000, -5.474885E+000, 3.704214E+000
3.232800E-002, -2.985415E+000, 7.309835E-001, 1.153764E+001, 1.383458E+000, -3.664312E+000, -5.543409E+000, 3.530175E+000
3.233600E-002, -3.026879E+000, 7.184728E-001, 1.189007E+001, 9.511978E-001, -3.667298E+000, -5.628238E+000, 3.322178E+000
3.234400E-002, -3.004420E+000, 4.807691E-001, 1.196153E+001, 6.202485E-001, -3.713644E+000, -5.735751E+000, 3.106163E+000
3.235200E-002, -2.911125E+000, 4.611094E-001, 1.180887E+001, 5.504565E-001, -3.731561E+000, -5.870437E+000, 2.893331E+000
3.236000E-002, -2.755635E+000, 6.898769E-001, 1.167894E+001, 5.909809E-001, -3.633495E+000, -6.016938E+000, 2.690876E+000
3.236800E-002, -2.598417E+000, 7.148983E-001, 1.158149E+001, 5.729700E-001, -3.414904E+000, -6.146544E+000, 2.521907E+000
3.237600E-002, -2.575957E+000, 3.681726E-001, 1.150191E+001, 6.517675E-001, -3.252694E+000, -6.230073E+000, 2.379116E+000
3.238400E-002, -2.555225E+000, 9.114953E-002, 1.151653E+001, 9.185532E-001, -3.249349E+000, -6.267762E+000, 2.228424E+000
3.239200E-002, -2.455020E+000, 1.537031E-001, 1.163346E+001, 1.005230E+000, -3.366408E+000, -6.293046E+000, 2.074666E+000
3.240000E-002, -2.474025E+000, 3.645981E-001, 1.175202E+001, 7.316906E-001, -3.572576E+000, -6.313248E+000, 1.953099E+000
3.240800E-002, -2.479208E+000, 5.647696E-001, 1.192580E+001, 4.671563E-001, -3.817445E+000, -6.298126E+000, 1.860891E+000
3.241600E-002, -2.278798E+000, 5.647696E-001, 1.235944E+001, 3.410804E-001, -4.035318E+000, -6.242597E+000, 1.774462E+000
3.242400E-002, -2.192414E+000, 2.716613E-001, 1.292950E+001, 1.103164E-001, -4.198246E+000, -6.168283E+000, 1.702063E+000
3.243200E-002, -2.385913E+000, -4.289390E-002, 1.339237E+001, -2.217585E-001, -4.260717E+000, -6.085108E+000, 1.649710E+000
3.244000E-002, -2.563864E+000, -5.004288E-002, 1.377078E+001, -5.876039E-001, -4.206368E+000, -5.992364E+000, 1.613865E+000
3.244800E-002, -2.641609E+000, 9.651127E-002, 1.417519E+001, -1.107667E+000, -4.089667E+000, -5.882724E+000, 1.607380E+000
3.245600E-002, -2.693439E+000, -3.753216E-002, 1.455035E+001, -1.622102E+000, -3.948002E+000, -5.763279E+000, 1.613865E+000
3.246400E-002, -2.651975E+000, -3.467257E-001, 1.473388E+001, -1.851740E+000, -3.824851E+000, -5.654939E+000, 1.589221E+000
3.247200E-002, -2.534493E+000, -3.556619E-001, 1.473063E+001, -1.947423E+000, -3.772293E+000, -5.574363E+000, 1.523191E+000
3.248000E-002, -2.432561E+000, -1.983843E-001, 1.475662E+001, -1.999204E+000, -3.756765E+000, -5.542700E+000, 1.439709E+000
3.248800E-002, -2.442927E+000, -2.448527E-001, 1.501810E+001, -1.775194E+000, -3.714839E+000, -5.548844E+000, 1.352807E+000
3.249600E-002, -2.537949E+000, -3.467257E-001, 1.542250E+001, -1.282147E+000, -3.651412E+000, -5.558886E+000, 1.257888E+000
3.250400E-002, -2.379003E+000, -3.806833E-001, 1.564825E+001, -7.069257E-001, -3.577593E+000, -5.583461E+000, 1.170515E+000
3.251200E-002, -2.042107E+000, -4.325135E-001, 1.567423E+001, -4.277576E-002, -3.452889E+000, -5.627883E+000, 1.108375E+000
3.252000E-002, -2.030013E+000, -4.432369E-001, 1.568073E+001, 6.889148E-001, -3.268341E+000, -5.664391E+000, 1.059795E+000
3.252800E-002, -2.277070E+000, -4.039175E-001, 1.579279E+001, 1.259634E+000, -3.082241E+000, -5.693336E+000, 1.037038E+000
3.253600E-002, -2.505123E+000, -5.325992E-001, 1.606727E+001, 1.425108E+000, -2.955148E+000, -5.719565E+000, 1.058616E+000
3.254400E-002, -2.475752E+000, -8.239203E-001, 1.632388E+001, 1.160574E+000, -2.951804E+000, -5.731497E+000, 1.088802E+000
3.255200E-002, -1.986822E+000, -9.418785E-001, 1.634661E+001, 7.339420E-001, -3.111984E+000, -5.737641E+000, 1.097881E+000
3.256000E-002, -1.499618E+000, -8.989846E-001, 1.618258E+001, 4.536482E-001, -3.360675E+000, -5.751110E+000, 1.107314E+000
3.256800E-002, -1.420146E+000, -8.257076E-001, 1.597307E+001, 3.680967E-001, -3.584162E+000, -5.768123E+000, 1.135495E+000
3.257600E-002, -1.489252E+000, -6.666427E-001, 1.572133E+001, 4.018670E-001, -3.740759E+000, -5.790098E+000, 1.175467E+000
3.258400E-002, -1.577363E+000, -7.452815E-001, 1.555730E+001, 5.493308E-001, -3.802633E+000, -5.815618E+000, 1.222986E+000
3.259200E-002, -1.611917E+000, -1.106305E+000, 1.564987E+001, 7.091771E-001, -3.730009E+000, -5.820225E+000, 1.283711E+000
3.260000E-002, -1.471976E+000, -1.134901E+000, 1.586263E+001, 7.744664E-001, -3.545342E+000, -5.794705E+000, 1.358113E+000
3.260800E-002, -1.430511E+000, -9.383040E-001, 1.638397E+001, 7.857231E-001, -3.321018E+000, -5.764933E+000, 1.431691E+000
3.261600E-002, -1.587730E+000, -1.265370E+000, 1.754683E+001, 6.855378E-001, -3.112700E+000, -5.745439E+000, 1.482393E+000
3.262400E-002, -1.696573E+000, -2.055333E+000, 1.895168E+001, 3.737251E-001, -2.965779E+000, -5.733742E+000, 1.517884E+000
3.263200E-002, -1.817510E+000, -2.746997E+000, 2.027208E+001, -9.568262E-002, -2.917642E+000, -5.729135E+000, 1.551136E+000
3.264000E-002, -1.986822E+000, -3.136616E+000, 2.181660E+001, -5.437024E-001, -2.968885E+000, -5.732443E+000, 1.559390E+000
3.264800E-002, -1.896983E+000, -3.293894E+000, 2.375578E+001, -8.296246E-001, -3.067668E+000, -5.751346E+000, 1.542882E+000
3.265600E-002, -1.622283E+000, -3.481555E+000, 2.562188E+001, -9.838425E-001, -3.134440E+000, -5.789271E+000, 1.532741E+000
3.266400E-002, -1.663747E+000, -3.803259E+000, 2.692116E+001, -1.079525E+000, -3.126915E+000, -5.831922E+000, 1.537222E+000
3.267200E-002, -1.985094E+000, -4.042750E+000, 2.784365E+001, -1.117798E+000, -3.045451E+000, -5.853306E+000, 1.553258E+000
3.268000E-002, -2.090482E+000, -4.203602E+000, 2.897890E+001, -1.117798E+000, -2.889452E+000, -5.834284E+000, 1.586038E+000
3.268800E-002, -2.014464E+000, -4.523519E+000, 3.055753E+001, -1.109918E+000, -2.682329E+000, -5.783836E+000, 1.634382E+000
3.269600E-002, -2.085299E+000, -5.132970E+000, 3.262014E+001, -1.027744E+000, -2.491331E+000, -5.719210E+000, 1.695342E+000
3.270400E-002, -2.318534E+000, -6.101657E+000, 3.577253E+001, -7.868488E-001, -2.354324E+000, -5.645723E+000, 1.774815E+000
3.271200E-002, -2.555225E+000, -7.247282E+000, 4.016898E+001, -5.099321E-001, -2.264857E+000, -5.571055E+000, 1.858651E+000
3.272000E-002, -2.824742E+000, -8.098010E+000, 4.462877E+001, -4.119981E-001, -2.236906E+000, -5.494733E+000, 1.917607E+000
3.272800E-002, -3.443248E+000, -8.612738E+000, 4.848764E+001, -4.480198E-001, -2.261990E+000, -5.415102E+000, 1.968191E+000
3.273600E-002, -4.338181E+000, -9.250784E+000, 5.223608E+001, -4.716590E-001, -2.287313E+000, -5.350595E+000, 2.029506E+000
3.274400E-002, -4.949777E+000, -1.020160E+001, 5.615829E+001, -4.851672E-001, -2.302961E+000, -5.316096E+000, 2.055211E+000
3.275200E-002, -4.984331E+000, -1.137046E+001, 6.058073E+001, -3.962386E-001, -2.326015E+000, -5.307117E+000, 2.024554E+000
3.276000E-002, -4.709631E+000, -1.275200E+001, 6.604746E+001, -7.316906E-002, -2.353846E+000, -5.302628E+000, 1.982105E+000
3.276800E-002, -4.647435E+000, -1.426043E+001, 7.237010E+001, 3.388290E-001, -2.382991E+000, -5.291758E+000, 1.928101E+000
3.277600E-002, -4.984331E+000, -1.568844E+001, 7.893149E+001, 6.979203E-001, -2.382394E+000, -5.288686E+000, 1.836955E+000
3.278400E-002, -5.481900E+000, -1.680726E+001, 8.495367E+001, 1.134683E+000, -2.298303E+000, -5.298611E+000, 1.733900E+000
3.279200E-002, -5.903451E+000, -1.746675E+001, 8.944270E+001, 1.707653E+000, -2.088790E+000, -5.304990E+000, 1.643225E+000
3.280000E-002, -6.204066E+000, -1.781705E+001, 9.201527E+001, 2.222088E+000, -1.761383E+000, -5.302628E+000, 1.570591E+000
3.280800E-002, -6.395838E+000, -1.805476E+001, 9.288742E+001, 2.653223E+000, -1.407697E+000, -5.298729E+000, 1.524134E+000
3.281600E-002, -6.402748E+000, -1.810301E+001, 9.201852E+001, 3.164280E+000, -1.118274E+000, -5.292821E+000, 1.485812E+000
3.282400E-002, -6.048576E+000, -1.784386E+001, 8.949953E+001, 3.488476E+000, -9.436407E-001, -5.288568E+000, 1.422376E+000
3.283200E-002, -5.174374E+000, -1.715935E+001, 8.589403E+001, 3.205931E+000, -9.265596E-001, -5.294121E+000, 1.332173E+000
3.284000E-002, -3.821608E+000, -1.622104E+001, 8.159177E+001, 2.603693E+000, -1.036332E+000, -5.306526E+000, 1.230886E+000
3.284800E-002, -2.097392E+000, -1.556691E+001, 7.657004E+001, 2.188318E+000, -1.177998E+000, -5.317750E+000, 1.117926E+000
3.285600E-002, -2.073205E-001, -1.513261E+001, 7.085644E+001, 1.789828E+000, -1.281560E+000, -5.321295E+000, 1.006145E+000
3.286400E-002, 1.204187E+000, -1.465541E+001, 6.496419E+001, 1.122301E+000, -1.291952E+000, -5.300028E+000, 9.199514E-001
3.287200E-002, 1.924625E+000, -1.432835E+001, 5.924896E+001, 4.851672E-001, -1.171428E+000, -5.244145E+000, 8.503832E-001
3.288000E-002, 2.645064E+000, -1.404775E+001, 5.348502E+001, 1.542179E-001, -9.431629E-001, -5.166287E+000, 7.841165E-001
3.288800E-002, 3.795693E+000, -1.351158E+001, 4.780552E+001, -1.913652E-002, -6.789435E-001, -5.070353E+000, 7.270470E-001
3.289600E-002, 5.371329E+000, -1.249106E+001, 4.247521E+001, -1.677260E-001, -4.688342E-001, -4.953270E+000, 6.639639E-001
3.290400E-002, 7.378882E+000, -1.092365E+001, 3.708805E+001, -2.679113E-001, -3.852204E-001, -4.838787E+000, 5.603191E-001
3.291200E-002, 9.498734E+000, -9.488487E+000, 3.175774E+001, -2.487748E-001, -4.375387E-001, -4.754549E+000, 4.163482E-001
3.292000E-002, 1.145100E+001, -8.868314E+000, 2.701211E+001, -2.926763E-002, -5.583009E-001, -4.697957E+000, 2.575204E-001
3.292800E-002, 1.328233E+001, -8.648482E+000, 2.259455E+001, 3.365777E-001, -6.303281E-001, -4.647390E+000, 8.878793E-002
3.293600E-002, 1.502901E+001, -8.131968E+000, 1.845795E+001, 6.146201E-001, -5.491033E-001, -4.596233E+000, -8.018034E-002
3.294400E-002, 1.678087E+001, -7.286601E+000, 1.495800E+001, 7.969800E-001, -2.866757E-001, -4.550746E+000, -2.221467E-001
3.295200E-002, 1.831849E+001, -6.328637E+000, 1.206385E+001, 1.091908E+000, 1.217177E-001, -4.499117E+000, -3.483128E-001
3.296000E-002, 1.895601E+001, -5.370674E+000, 9.833954E+000, 1.467884E+000, 6.153971E-001, -4.433428E+000, -4.846194E-001
3.296800E-002, 1.854482E+001, -4.548541E+000, 8.315416E+000, 1.795456E+000, 1.112182E+000, -4.361477E+000, -6.097243E-001
3.297600E-002, 1.773454E+001, -4.062409E+000, 7.149309E+000, 2.090384E+000, 1.542793E+000, -4.275466E+000, -7.090064E-001
3.298400E-002, 1.685516E+001, -3.801472E+000, 6.226818E+000, 2.317771E+000, 1.865064E+000, -4.183431E+000, -8.042795E-001
3.299200E-002, 1.551448E+001, -3.293894E+000, 5.556062E+000, 2.360547E+000, 2.053792E+000, -4.123294E+000, -9.032079E-001
3.300000E-002, 1.364687E+001, -2.309121E+000, 4.940526E+000, 2.201826E+000, 2.144453E+000, -4.097657E+000, -1.003905E+000
3.300800E-002, 1.176889E+001, -1.113454E+000, 4.178822E+000, 2.034100E+000, 2.207880E+000, -4.079817E+000, -1.107550E+000
3.301600E-002, 1.011897E+001, -1.965970E-001, 3.118281E+000, 2.089258E+000, 2.295914E+000, -4.065876E+000, -1.200111E+000
3.302400E-002, 8.698823E+000, 1.000858E-001, 2.132449E+000, 2.260361E+000, 2.449166E+000, -4.054888E+000, -1.276754E+000
3.303200E-002, 7.359878E+000, 3.395767E-002, 1.947302E+000, 2.264864E+000, 2.663336E+000, -4.031968E+000, -1.356934E+000
3.304000E-002, 5.758327E+000, 6.255360E-002, 2.777219E+000, 2.177061E+000, 2.899605E+000, -3.985064E+000, -1.444543E+000
3.304800E-002, 4.004741E+000, 8.400055E-002, 4.573479E+000, 2.191695E+000, 3.130379E+000, -3.919138E+000, -1.532624E+000
3.305600E-002, 2.392824E+000, -9.293678E-002, 7.222394E+000, 2.285126E+000, 3.313971E+000, -3.852622E+000, -1.628840E+000
3.306400E-002, 6.720639E-001, -3.360022E-001, 9.978499E+000, 2.397694E+000, 3.417174E+000, -3.794730E+000, -1.731070E+000
3.307200E-002, -1.186910E+000, -6.165998E-001, 1.191281E+001, 2.451726E+000, 3.450142E+000, -3.745936E+000, -1.831413E+000
3.308000E-002, -2.655430E+000, -8.274948E-001, 1.265665E+001, 2.347038E+000, 3.427566E+000, -3.703640E+000, -1.926922E+000
3.308800E-002, -3.705854E+000, -8.060478E-001, 1.233670E+001, 2.103892E+000, 3.370350E+000, -3.667724E+000, -2.014177E+000
3.309600E-002, -4.621520E+000, -8.239203E-001, 1.142720E+001, 1.853992E+000, 3.329140E+000, -3.648820E+000, -2.101314E+000
3.310400E-002, -5.189923E+000, -1.077709E+000, 1.053232E+001, 1.602965E+000, 3.355897E+000, -3.647284E+000, -2.184914E+000
3.311200E-002, -5.265941E+000, -1.349370E+000, 9.907039E+000, 1.208978E+000, 3.466506E+000, -3.648111E+000, -2.243045E+000
3.312000E-002, -5.112178E+000, -1.603159E+000, 9.476651E+000, 8.037340E-001, 3.628478E+000, -3.638660E+000, -2.278183E+000
3.312800E-002, -4.889308E+000, -1.908778E+000, 9.387325E+000, 6.866635E-001, 3.803708E+000, -3.617984E+000, -2.318391E+000
3.313600E-002, -4.737274E+000, -2.184014E+000, 9.728387E+000, 8.667720E-001, 3.975236E+000, -3.590338E+000, -2.361901E+000
3.314400E-002, -4.992969E+000, -2.609379E+000, 9.997989E+000, 1.203350E+000, 4.095998E+000, -3.557730E+000, -2.376757E+000
3.315200E-002, -5.583832E+000, -3.206319E+000, 9.937897E+000, 1.604091E+000, 4.116782E+000, -3.536700E+000, -2.368150E+000
3.316000E-002, -5.848166E+000, -3.433299E+000, 9.741380E+000, 2.031849E+000, 4.072706E+000, -3.538354E+000, -2.358953E+000
3.316800E-002, -5.485355E+000, -3.184872E+000, 9.172943E+000, 2.483245E+000, 4.008920E+000, -3.545915E+000, -2.337493E+000
3.317600E-002, -4.697537E+000, -2.779167E+000, 8.115651E+000, 2.827703E+000, 3.916587E+000, -3.547333E+000, -2.298228E+000
3.318400E-002, -3.660935E+000, -2.103588E+000, 6.897573E+000, 2.897495E+000, 3.802036E+000, -3.548869E+000, -2.246111E+000
3.319200E-002, -2.745269E+000, -1.238561E+000, 5.369290E+000, 2.784927E+000, 3.672076E+000, -3.557021E+000, -2.161803E+000
3.320000E-002, -2.252883E+000, -7.113238E-001, 3.434981E+000, 2.732020E+000, 3.515360E+000, -3.556194E+000, -2.043184E+000
3.320800E-002, -2.035196E+000, -5.325992E-001, 1.820621E+000, 2.764665E+000, 3.356853E+000, -3.529729E+000, -1.915131E+000
3.321600E-002, -1.936719E+000, -4.414497E-001, 1.211582E+000, 2.769168E+000, 3.247557E+000, -3.493931E+000, -1.782715E+000
3.322400E-002, -2.071477E+000, -3.949813E-001, 1.512041E+000, 2.746654E+000, 3.238718E+000, -3.468057E+000, -1.628604E+000
3.323200E-002, -2.543132E+000, -1.090220E-001, 2.208782E+000, 2.795058E+000, 3.355300E+000, -3.441474E+000, -1.433813E+000
3.324000E-002, -3.192736E+000, 5.361737E-001, 3.102040E+000, 2.935768E+000, 3.530291E+000, -3.407921E+000, -1.211313E+000
3.324800E-002, -3.818153E+000, 1.158135E+000, 4.311998E+000, 2.995429E+000, 3.637914E+000, -3.392916E+000, -9.958869E-001
3.325600E-002, -4.184419E+000, 1.506648E+000, 5.734714E+000, 2.826577E+000, 3.607216E+000, -3.411347E+000, -7.996809E-001
3.326400E-002, -4.168870E+000, 1.765799E+000, 7.037246E+000, 2.546283E+000, 3.438794E+000, -3.443719E+000, -6.333067E-001
3.327200E-002, -4.061754E+000, 2.171504E+000, 7.980851E+000, 2.345913E+000, 3.195239E+000, -3.485306E+000, -5.059615E-001
3.328000E-002, -3.935634E+000, 2.777380E+000, 8.708449E+000, 2.193946E+000, 2.991819E+000, -3.549459E+000, -3.974822E-001
3.328800E-002, -3.548636E+000, 3.517300E+000, 9.501013E+000, 2.003707E+000, 2.901397E+000, -3.631335E+000, -2.880597E-001
3.329600E-002, -3.061433E+000, 4.142836E+000, 1.023348E+001, 1.881008E+000, 2.931736E+000, -3.713564E+000, -1.755714E-001
3.330400E-002, -2.615694E+000, 4.561051E+000, 1.057942E+001, 1.919281E+000, 3.059307E+000, -3.785161E+000, -6.390844E-002
3.331200E-002, -2.130218E+000, 5.031097E+000, 1.042513E+001, 2.065619E+000, 3.220801E+000, -3.844470E+000, 3.655280E-002
3.332000E-002, -1.746675E+000, 5.635186E+000, 1.009219E+001, 2.262613E+000, 3.389223E+000, -3.893619E+000, 1.292318E-001
3.332800E-002, -1.496163E+000, 6.151700E+000, 1.013117E+001, 2.406699E+000, 3.562542E+000, -3.937923E+000, 2.225004E-001
3.333600E-002, -1.276749E+000, 6.432297E+000, 1.054369E+001, 2.349290E+000, 3.665745E+000, -3.981756E+000, 2.979643E-001
3.334400E-002, -1.103982E+000, 6.666427E+000, 1.057779E+001, 2.101641E+000, 3.656070E+000, -4.019090E+000, 3.318051E-001
3.335200E-002, -8.240990E-001, 7.116813E+000, 9.702401E+000, 1.786451E+000, 3.559675E+000, -4.050044E+000, 3.295648E-001
3.336000E-002, -3.040701E-001, 7.817413E+000, 8.157878E+000, 1.344059E+000, 3.357330E+000, -4.083243E+000, 2.998509E-001
3.336800E-002, 2.954317E-001, 8.646695E+000, 6.059535E+000, 6.292539E-001, 3.068863E+000, -4.122113E+000, 2.400694E-001
3.337600E-002, 9.277592E-001, 9.350870E+000, 3.269323E+000, -2.847965E-001, 2.801896E+000, -4.159447E+000, 1.649593E-001
3.338400E-002, 1.617100E+000, 9.813766E+000, 1.055668E-001, -1.166202E+000, 2.613765E+000, -4.180595E+000, 9.114618E-002
3.339200E-002, 2.163044E+000, 1.017479E+001, -3.118281E+000, -1.808964E+000, 2.498617E+000, -4.187566E+000, 1.214496E-002
3.340000E-002, 2.598417E+000, 1.052330E+001, -6.226818E+000, -2.195072E+000, 2.426948E+000, -4.190638E+000, -7.664297E-002
3.340800E-002, 3.154727E+000, 1.081105E+001, -8.757173E+000, -2.462983E+000, 2.348710E+000, -4.186739E+000, -1.605965E-001
3.341600E-002, 3.871710E+000, 1.092722E+001, -1.063626E+001, -2.578928E+000, 2.261274E+000, -4.177051E+000, -2.278065E-001
3.342400E-002, 4.758006E+000, 1.097369E+001, -1.214668E+001, -2.370678E+000, 2.183393E+000, -4.175515E+000, -2.831073E-001
3.343200E-002, 5.533730E+000, 1.115241E+001, -1.314225E+001, -1.987947E+000, 2.096913E+000, -4.191701E+000, -3.306260E-001
3.344000E-002, 6.041665E+000, 1.118458E+001, -1.362299E+001, -1.753806E+000, 2.011746E+000, -4.223482E+000, -3.642310E-001
3.344800E-002, 6.712001E+000, 1.085394E+001, -1.399653E+001, -1.557938E+000, 1.953217E+000, -4.264479E+000, -3.809745E-001
3.345600E-002, 7.719234E+000, 1.051973E+001, -1.420767E+001, -1.196596E+000, 1.896957E+000, -4.318235E+000, -3.807387E-001
3.346400E-002, 8.862951E+000, 1.039283E+001, -1.407449E+001, -9.557005E-001, 1.827677E+000, -4.392431E+000, -3.609294E-001
3.347200E-002, 9.973844E+000, 1.043037E+001, -1.384549E+001, -1.029995E+000, 1.757561E+000, -4.478559E+000, -3.268528E-001
3.348000E-002, 1.099835E+001, 1.047326E+001, -1.347520E+001, -1.184213E+000, 1.679680E+000, -4.558899E+000, -2.882955E-001
3.348800E-002, 1.187774E+001, 1.010509E+001, -1.259980E+001, -1.399218E+000, 1.611834E+000, -4.636403E+000, -2.391261E-001
3.349600E-002, 1.255671E+001, 9.236485E+000, -1.106665E+001, -1.826975E+000, 1.580897E+000, -4.723948E+000, -1.624831E-001
3.350400E-002, 1.323914E+001, 8.337502E+000, -8.885477E+000, -2.207454E+000, 1.555454E+000, -4.809605E+000, -6.190393E-002
3.351200E-002, 1.395440E+001, 7.788817E+000, -6.366490E+000, -2.327902E+000, 1.513409E+000, -4.874939E+000, 3.985434E-002
3.352000E-002, 1.439668E+001, 7.443879E+000, -4.001794E+000, -2.377432E+000, 1.465988E+000, -4.937675E+000, 1.431455E-001
3.352800E-002, 1.463683E+001, 6.925577E+000, -1.815749E+000, -2.318897E+000, 1.384166E+000, -5.023685E+000, 2.617652E-001
3.353600E-002, 1.499273E+001, 6.103444E+000, 5.440751E-001, -1.914778E+000, 1.232825E+000, -5.122928E+000, 3.801491E-001
3.354400E-002, 1.538836E+001, 5.236630E+000, 2.933133E+000, -1.319294E+000, 1.016504E+000, -5.209765E+000, 4.839119E-001
3.355200E-002, 1.561987E+001, 4.780882E+000, 4.857697E+000, -7.969800E-001, 7.466707E-001, -5.291049E+000, 5.775343E-001
3.356000E-002, 1.585829E+001, 4.714754E+000, 6.195960E+000, -3.118128E-001, 4.436306E-001, -5.382258E+000, 6.476920E-001
3.356800E-002, 1.626602E+001, 4.521732E+000, 6.957664E+000, 1.722287E-001, 1.452490E-001, -5.476656E+000, 6.921449E-001
3.357600E-002, 1.661847E+001, 4.121388E+000, 7.284110E+000, 4.862928E-001, -1.299596E-001, -5.572827E+000, 7.380129E-001
3.358400E-002, 1.666339E+001, 3.914068E+000, 7.401045E+000, 6.089917E-001, -3.693338E-001, -5.665100E+000, 7.881255E-001
3.359200E-002, 1.641460E+001, 4.015941E+000, 7.095714E+000, 7.328163E-001, -5.284388E-001, -5.748747E+000, 8.299844E-001
3.360000E-002, 1.606043E+001, 4.108878E+000, 6.234938E+000, 7.609583E-001, -5.918658E-001, -5.837947E+000, 8.668909E-001
3.360800E-002, 1.577191E+001, 4.024878E+000, 5.327064E+000, 4.119981E-001, -6.069162E-001, -5.918641E+000, 8.971944E-001
3.361600E-002, 1.546438E+001, 3.890834E+000, 4.620578E+000, -1.091908E-001, -5.999883E-001, -5.977123E+000, 9.170036E-001
3.362400E-002, 1.500482E+001, 3.763940E+000, 3.828015E+000, -4.671563E-001, -5.683345E-001, -6.037259E+000, 9.374025E-001
3.363200E-002, 1.454008E+001, 3.833642E+000, 2.772347E+000, -7.508271E-001, -5.314250E-001, -6.110510E+000, 9.608670E-001
3.364000E-002, 1.415826E+001, 4.178580E+000, 1.287915E+000, -9.838425E-001, -5.070575E-001, -6.184705E+000, 9.748986E-001
3.364800E-002, 1.370389E+001, 4.453816E+000, -5.733089E-001, -1.036749E+000, -4.965461E-001, -6.257011E+000, 9.691209E-001
3.365600E-002, 1.313375E+001, 4.637903E+000, -2.367945E+000, -1.007482E+000, -4.932016E-001, -6.338886E+000, 9.475429E-001
3.366400E-002, 1.266556E+001, 4.966756E+000, -4.079751E+000, -9.129248E-001, -4.959489E-001, -6.429622E+000, 9.389353E-001
3.367200E-002, 1.249452E+001, 5.308120E+000, -5.975081E+000, -5.335713E-001, -5.156578E-001, -6.505117E+000, 9.508445E-001
3.368000E-002, 1.233039E+001, 5.631611E+000, -7.781085E+000, 1.238246E-001, -5.590175E-001, -6.559701E+000, 9.536744E-001
3.368800E-002, 1.178617E+001, 6.010508E+000, -9.093362E+000, 7.406961E-001, -6.284170E-001, -6.617592E+000, 9.478967E-001
3.369600E-002, 1.117457E+001, 6.157062E+000, -9.892422E+000, 1.178585E+000, -7.131057E-001, -6.679855E+000, 9.559147E-001
3.370400E-002, 1.075648E+001, 6.112381E+000, -1.040401E+001, 1.577075E+000, -8.200119E-001, -6.735147E+000, 9.786717E-001
3.371200E-002, 1.008441E+001, 6.312552E+000, -1.087825E+001, 1.910275E+000, -9.817447E-001, -6.784414E+000, 1.008268E+000
3.372000E-002, 8.983889E+000, 6.673575E+000, -1.122744E+001, 2.038603E+000, -1.205710E+000, -6.819976E+000, 1.038453E+000
3.372800E-002, 7.855720E+000, 7.011365E+000, -1.130864E+001, 2.020592E+000, -1.465152E+000, -6.842306E+000, 1.065927E+000
3.373600E-002, 6.843304E+000, 7.452815E+000, -1.132975E+001, 1.887762E+000, -1.690789E+000, -6.869480E+000, 1.092339E+000
3.374400E-002, 5.969103E+000, 7.919286E+000, -1.136061E+001, 1.499403E+000, -1.844280E+000, -6.917801E+000, 1.127831E+000
3.375200E-002, 5.474989E+000, 8.360736E+000, -1.125829E+001, 9.163018E-001, -1.973045E+000, -6.973448E+000, 1.176411E+000
3.376000E-002, 5.060348E+000, 8.775376E+000, -1.112999E+001, 4.716590E-001, -2.112680E+000, -7.007592E+000, 1.220864E+000
3.376800E-002, 4.248343E+000, 8.993421E+000, -1.110238E+001, 2.802938E-001, -2.262229E+000, -7.029331E+000, 1.261425E+000
3.377600E-002, 3.472618E+000, 9.215039E+000, -1.095296E+001, 1.508408E-001, -2.417154E+000, -7.057568E+000, 1.298804E+000
3.378400E-002, 3.208285E+000, 9.778022E+000, -1.043000E+001, 6.754067E-003, -2.551772E+000, -7.078834E+000, 1.322032E+000
3.379200E-002, 3.032062E+000, 1.042679E+001, -9.648806E+000, 7.879745E-003, -2.657364E+000, -7.084505E+000, 1.353987E+000
3.380000E-002, 2.555225E+000, 1.073777E+001, -8.994292E+000, 2.341410E-001, -2.742172E+000, -7.079897E+000, 1.411999E+000
3.380800E-002, 2.173410E+000, 1.085931E+001, -8.581769E+000, 5.594619E-001, -2.801060E+000, -7.055441E+000, 1.491118E+000
3.381600E-002, 2.201053E+000, 1.118280E+001, -7.909390E+000, 8.555152E-001, -2.841075E+000, -7.003693E+000, 1.596414E+000
3.382400E-002, 2.213146E+000, 1.173684E+001, -6.800127E+000, 1.014236E+000, -2.859829E+000, -6.940012E+000, 1.724938E+000
3.383200E-002, 2.017920E+000, 1.224085E+001, -6.059535E+000, 9.241815E-001, -2.855051E+000, -6.884248E+000, 1.869853E+000
3.384000E-002, 2.085299E+000, 1.239812E+001, -6.014060E+000, 6.934175E-001, -2.853139E+000, -6.834154E+000, 2.027737E+000
3.384800E-002, 2.631243E+000, 1.239455E+001, -5.872763E+000, 5.088064E-001, -2.862098E+000, -6.776262E+000, 2.194819E+000
3.385600E-002, 3.343043E+000, 1.261438E+001, -5.409893E+000, 3.343263E-001, -2.884913E+000, -6.717544E+000, 2.373810E+000
3.386400E-002, 3.990920E+000, 1.291464E+001, -5.232865E+000, 6.979203E-002, -2.928750E+000, -6.666741E+000, 2.560111E+000
3.387200E-002, 4.654346E+000, 1.309694E+001, -5.424510E+000, -2.656600E-001, -2.990386E+000, -6.620428E+000, 2.737569E+000
3.388000E-002, 5.241754E+000, 1.320953E+001, -5.604785E+000, -5.842268E-001, -3.083555E+000, -6.590773E+000, 2.905830E+000
3.388800E-002, 5.608020E+000, 1.316664E+001, -5.668126E+000, -9.039193E-001, -3.205512E+000, -6.594554E+000, 3.071968E+000
3.389600E-002, 6.071035E+000, 1.305404E+001, -5.663253E+000, -1.259634E+000, -3.329140E+000, -6.618419E+000, 3.216411E+000
3.390400E-002, 6.832938E+000, 1.307013E+001, -5.627523E+000, -1.453250E+000, -3.450022E+000, -6.644648E+000, 3.325951E+000
3.391200E-002, 7.627667E+000, 1.308979E+001, -5.520332E+000, -1.402595E+000, -3.566604E+000, -6.684936E+000, 3.430539E+000
3.392000E-002, 8.308370E+000, 1.310230E+001, -5.286461E+000, -1.295655E+000, -3.659415E+000, -6.744009E+000, 3.548923E+000
3.392800E-002, 8.902688E+000, 1.329532E+001, -5.174397E+000, -1.129055E+000, -3.713166E+000, -6.805562E+000, 3.666246E+000
3.393600E-002, 9.538471E+000, 1.340792E+001, -5.377411E+000, -7.958543E-001, -3.725111E+000, -6.870897E+000, 3.778734E+000
3.394400E-002, 1.030210E+001, 1.320953E+001, -5.723345E+000, -3.478345E-001, -3.700863E+000, -6.947928E+000, 3.902896E+000
3.395200E-002, 1.093270E+001, 1.314519E+001, -6.100137E+000, 1.350814E-001, -3.642931E+000, -7.025786E+000, 4.040499E+000
3.396000E-002, 1.122468E+001, 1.344366E+001, -6.472057E+000, 4.806645E-001, -3.562901E+000, -7.091712E+000, 4.181876E+000
3.396800E-002, 1.146310E+001, 1.355268E+001, -6.730290E+000, 5.482051E-001, -3.488484E+000, -7.148186E+000, 4.333983E+000
3.397600E-002, 1.195894E+001, 1.325421E+001, -6.962537E+000, 4.412657E-001, -3.437958E+000, -7.203833E+000, 4.500829E+000
3.398400E-002, 1.244269E+001, 1.306119E+001, -7.176919E+000, 1.857368E-001, -3.433658E+000, -7.253099E+000, 4.663784E+000
3.399200E-002, 1.244614E+001, 1.319166E+001, -7.159053E+000, -9.905966E-002, -3.501385E+000, -7.285353E+000, 4.814711E+000
3.400000E-002, 1.226819E+001, 1.332749E+001, -6.949544E+000, -1.328300E-001, -3.614383E+000, -7.300122E+000, 4.962455E+000
3.400800E-002, 1.243577E+001, 1.320953E+001, -6.787134E+000, -1.260759E-001, -3.715794E+000, -7.290552E+000, 5.109846E+000
3.401600E-002, 1.262582E+001, 1.297719E+001, -6.762772E+000, -3.838561E-001, -3.781849E+000, -7.254045E+000, 5.264193E+000
3.402400E-002, 1.245305E+001, 1.302187E+001, -6.769269E+000, -6.213742E-001, -3.806097E+000, -7.197925E+000, 5.430567E+000
3.403200E-002, 1.221290E+001, 1.322026E+001, -6.644212E+000, -4.840415E-001, -3.785671E+000, -7.120185E+000, 5.595055E+000
3.404000E-002, 1.222327E+001, 1.310409E+001, -6.554886E+000, -9.343126E-002, -3.735862E+000, -7.019525E+000, 5.745511E+000
3.404800E-002, 1.244787E+001, 1.278596E+001, -6.644212E+000, 2.465235E-001, -3.704447E+000, -6.913194E+000, 5.885591E+000
3.405600E-002, 1.272084E+001, 1.260366E+001, -6.593865E+000, 5.707187E-001, -3.751032E+000, -6.822576E+000, 6.011874E+000
3.406400E-002, 1.293680E+001, 1.255004E+001, -6.317767E+000, 9.939736E-001, -3.875019E+000, -6.748852E+000, 6.105497E+000
3.407200E-002, 1.298345E+001, 1.246246E+001, -6.234938E+000, 1.312540E+000, -4.028152E+000, -6.687062E+000, 6.167047E+000
3.408000E-002, 1.283832E+001, 1.225872E+001, -6.428206E+000, 1.335054E+000, -4.172206E+000, -6.640749E+000, 6.207963E+000
3.408800E-002, 1.281586E+001, 1.198348E+001, -6.515908E+000, 1.126804E+000, -4.287593E+000, -6.601761E+000, 6.221758E+000
3.409600E-002, 1.306465E+001, 1.168144E+001, -6.413589E+000, 7.879745E-001, -4.337403E+000, -6.565254E+000, 6.211028E+000
3.410400E-002, 1.330998E+001, 1.143122E+001, -6.491547E+000, 3.478345E-001, -4.273139E+000, -6.547059E+000, 6.191337E+000
3.411200E-002, 1.351557E+001, 1.125429E+001, -6.884580E+000, 2.363924E-002, -4.150825E+000, -6.546232E+000, 6.167047E+000
3.412000E-002, 1.377299E+001, 1.107914E+001, -7.316592E+000, 2.701627E-002, -4.081186E+000, -6.547650E+000, 6.137805E+000
3.412800E-002, 1.401141E+001, 1.089862E+001, -7.618675E+000, 1.114421E-001, -4.052519E+000, -6.557456E+000, 6.109388E+000
3.413600E-002, 1.434312E+001, 1.061981E+001, -7.964610E+000, 1.159448E-001, -3.997931E+000, -6.576950E+000, 6.089343E+000
3.414400E-002, 1.483205E+001, 1.022305E+001, -8.589890E+000, 3.241952E-001, -3.930443E+000, -6.599043E+000, 6.078495E+000
3.415200E-002, 1.522424E+001, 9.888830E+000, -9.338602E+000, 7.564555E-001, -3.879438E+000, -6.632597E+000, 6.061987E+000
3.416000E-002, 1.531753E+001, 9.622531E+000, -9.807968E+000, 1.229240E+000, -3.845754E+000, -6.675248E+000, 6.025552E+000
3.416800E-002, 1.525533E+001, 9.307976E+000, -9.931400E+000, 1.775194E+000, -3.844798E+000, -6.708919E+000, 5.970016E+000
3.417600E-002, 1.534172E+001, 8.930867E+000, -1.002560E+001, 2.302011E+000, -3.882186E+000, -6.725223E+000, 5.899858E+000
3.418400E-002, 1.543847E+001, 8.464396E+000, -1.036179E+001, 2.574425E+000, -3.941432E+000, -6.732666E+000, 5.820974E+000
3.419200E-002, 1.530371E+001, 7.910350E+000, -1.072234E+001, 2.562043E+000, -4.028868E+000, -6.745780E+000, 5.742917E+000
3.420000E-002, 1.513440E+001, 7.308048E+000, -1.068661E+001, 2.356044E+000, -4.158947E+000, -6.763266E+000, 5.664977E+000
3.420800E-002, 1.499964E+001, 6.560979E+000, -1.026109E+001, 1.990198E+000, -4.322830E+000, -6.769055E+000, 5.578429E+000
3.421600E-002, 1.490980E+001, 5.787102E+000, -9.707273E+000, 1.507283E+000, -4.518606E+000, -6.748025E+000, 5.479147E+000
3.422400E-002, 1.495472E+001, 5.279524E+000, -9.177815E+000, 9.939736E-001, -4.746752E+000, -6.700294E+000, 5.370432E+000
3.423200E-002, 1.478541E+001, 4.832713E+000, -8.641861E+000, 4.829158E-001, -4.946947E+000, -6.652682E+000, 5.260655E+000
3.424000E-002, 1.420491E+001, 4.173219E+000, -7.980851E+000, -1.238246E-002, -5.048836E+000, -6.619364E+000, 5.155949E+000
3.424800E-002, 1.360714E+001, 3.411852E+000, -7.147685E+000, -3.737251E-001, -5.067470E+000, -6.579195E+000, 5.054073E+000
3.425600E-002, 1.316831E+001, 2.543251E+000, -6.140740E+000, -4.615279E-001, -5.039161E+000, -6.521303E+000, 4.952904E+000
3.426400E-002, 1.281586E+001, 1.681798E+000, -4.929158E+000, -3.962386E-001, -4.981706E+000, -6.463294E+000, 4.840298E+000
3.427200E-002, 1.246860E+001, 1.068773E+000, -3.672101E+000, -3.264466E-001, -4.954711E+000, -6.417453E+000, 4.698096E+000
3.428000E-002, 1.194339E+001, 3.788961E-001, -2.489753E+000, -1.181962E-001, -4.990187E+000, -6.380355E+000, 4.536674E+000
3.428800E-002, 1.135425E+001, -4.914926E-001, -1.300908E+000, 2.273869E-001, -5.041430E+000, -6.350819E+000, 4.372304E+000
3.429600E-002, 1.096553E+001, -1.038390E+000, -1.997649E-001, 4.570252E-001, -5.064603E+000, -6.324236E+000, 4.205695E+000
3.430400E-002, 1.066491E+001, -1.361881E+000, 7.422159E-001, 5.707187E-001, -5.031636E+000, -6.302261E+000, 4.040145E+000
3.431200E-002, 1.014834E+001, -1.789033E+000, 1.645218E+000, 6.787838E-001, -4.937272E+000, -6.301788E+000, 3.878370E+000
3.432000E-002, 9.139379E+000, -2.155418E+000, 2.400427E+000, 7.136798E-001, -4.818420E+000, -6.310649E+000, 3.718835E+000
3.432800E-002, 7.708868E+000, -2.366313E+000, 2.808077E+000, 6.877892E-001, -4.703511E+000, -6.299543E+000, 3.554583E+000
3.433600E-002, 6.549600E+000, -2.494995E+000, 2.967239E+000, 6.236256E-001, -4.613925E+000, -6.272133E+000, 3.392925E+000
3.434400E-002, 6.302543E+000, -2.666571E+000, 3.092295E+000, 4.187522E-001, -4.566982E+000, -6.244015E+000, 3.255086E+000
3.435200E-002, 7.016071E+000, -2.897125E+000, 3.157259E+000, 1.958680E-001, -4.541779E+000, -6.220858E+000, 3.125972E+000
3.436000E-002, 8.567520E+000, -2.957892E+000, 2.952622E+000, 3.005560E-001, -4.539987E+000, -6.213651E+000, 2.980232E+000
3.436800E-002, 1.075993E+001, -2.770231E+000, 2.397179E+000, 8.059854E-001, -4.583705E+000, -6.216605E+000, 2.834257E+000
3.437600E-002, 1.208333E+001, -2.471761E+000, 1.526658E+000, 1.463381E+000, -4.631962E+000, -6.210343E+000, 2.697597E+000
3.438400E-002, 1.011379E+001, -2.212610E+000, 5.034724E-001, 1.887762E+000, -4.658002E+000, -6.205263E+000, 2.553508E+000
3.439200E-002, 5.338503E+000, -1.978481E+000, -4.141467E-001, 1.517414E+000, -4.710678E+000, -6.215541E+000, 2.406471E+000
3.440000E-002, 1.409779E+000, -1.588861E+000, -1.083278E+000, 1.992450E-001, -4.822362E+000, -6.229364E+000, 2.266981E+000
3.440800E-002, 3.127084E-001, -1.183157E+000, -1.279794E+000, -1.264136E+000, -4.980751E+000, -6.242479E+000, 2.117115E+000
3.441600E-002, 1.523806E+000, -9.704744E-001, -8.591514E-001, -1.996953E+000, -5.166015E+000, -6.259374E+000, 1.947439E+000
3.442400E-002, 4.422837E+000, -7.113238E-001, -4.937278E-001, -1.803336E+000, -5.341006E+000, -6.276741E+000, 1.785663E+000
3.443200E-002, 7.779702E+000, -3.574491E-001, -9.695905E-001, -7.069257E-001, -5.456752E+000, -6.291155E+000, 1.641103E+000
3.444000E-002, 9.731970E+000, -3.931941E-002, -2.117832E+000, 9.725857E-001, -5.483150E+000, -6.299898E+000, 1.488524E+000
3.444800E-002, 9.687051E+000, 4.110665E-001, -3.460967E+000, 2.323399E+000, -5.416139E+000, -6.305687E+000, 1.330404E+000
3.445600E-002, 8.180522E+000, 9.150698E-001, -4.708280E+000, 2.844588E+000, -5.282238E+000, -6.311121E+000, 1.186787E+000
3.446400E-002, 5.737595E+000, 1.288604E+000, -5.422885E+000, 2.929014E+000, -5.131256E+000, -6.301552E+000, 1.058852E+000
3.447200E-002, 3.292941E+000, 1.576351E+000, -5.148412E+000, 2.632961E+000, -5.011449E+000, -6.274260E+000, 9.396428E-001
3.448000E-002, 2.005826E+000, 1.744352E+000, -3.897851E+000, 1.299032E+000, -4.947544E+000, -6.247323E+000, 8.135946E-001
3.448800E-002, 2.050745E+000, 1.883757E+000, -2.285115E+000, -1.040126E+000, -4.937152E+000, -6.218495E+000, 6.699774E-001
3.449600E-002, 2.988871E+000, 1.969545E+000, -8.055559E-001, -3.087734E+000, -4.961281E+000, -6.184233E+000, 5.219976E-001
3.450400E-002, 4.410744E+000, 1.824778E+000, 5.278341E-001, -3.712486E+000, -4.990067E+000, -6.155996E+000, 3.905254E-001
3.451200E-002, 5.685765E+000, 1.642479E+000, 1.758905E+000, -2.859222E+000, -4.997951E+000, -6.128941E+000, 2.789804E-001
3.452000E-002, 6.363012E+000, 1.461967E+000, 3.100416E+000, -1.124552E+000, -4.983259E+000, -6.102003E+000, 1.728594E-001
3.452800E-002, 6.411386E+000, 1.092007E+000, 4.935654E+000, 6.607729E-001, -4.966775E+000, -6.084636E+000, 7.145483E-002
3.453600E-002, 5.832617E+000, 7.667284E-001, 7.163926E+000, 1.811216E+000, -4.962236E+000, -6.058289E+000, -9.668806E-003
3.454400E-002, 4.763188E+000, 6.845151E-001, 9.486396E+000, 2.096012E+000, -4.957697E+000, -6.013630E+000, -7.522802E-002
3.455200E-002, 3.520993E+000, 4.968543E-001, 1.206710E+001, 1.686265E+000, -4.951486E+000, -5.980431E+000, -1.436171E-001
3.456000E-002, 2.442927E+000, -3.753216E-002, 1.502622E+001, 7.947286E-001, -4.940616E+000, -5.967553E+000, -2.081151E-001
3.456800E-002, 2.038652E+000, -6.702172E-001, 1.812014E+001, -3.861075E-001, -4.879817E+000, -5.957983E+000, -2.529218E-001
3.457600E-002, 2.639881E+000, -1.201029E+000, 2.130501E+001, -1.413851E+000, -4.744004E+000, -5.946877E+000, -2.893567E-001
3.458400E-002, 3.790510E+000, -1.815842E+000, 2.486017E+001, -1.864123E+000, -4.574627E+000, -5.944869E+000, -3.340454E-001
3.459200E-002, 4.840934E+000, -2.795252E+000, 2.901950E+001, -1.618725E+000, -4.417791E+000, -5.962709E+000, -3.843940E-001
3.460000E-002, 5.500904E+000, -4.107090E+000, 3.388694E+001, -7.778434E-001, -4.285323E+000, -5.997798E+000, -4.395769E-001
3.460800E-002, 5.443891E+000, -5.620888E+000, 3.960704E+001, 4.378887E-001, -4.172803E+000, -6.038913E+000, -5.012450E-001
3.461600E-002, 4.445297E+000, -7.556475E+000, 4.602875E+001, 1.777445E+000, -4.079634E+000, -6.079319E+000, -5.624415E-001
3.462400E-002, 2.930130E+000, -9.720830E+000, 5.248457E+001, 2.759037E+000, -4.005934E+000, -6.121970E+000, -6.217514E-001
3.463200E-002, 1.596368E+000, -1.125250E+001, 5.816406E+001, 2.786053E+000, -3.942149E+000, -6.162848E+000, -6.756372E-001
3.464000E-002, 5.804974E-001, -1.184229E+001, 6.232177E+001, 1.811216E+000, -3.870121E+000, -6.188486E+000, -7.152557E-001
3.464800E-002, -2.574230E-001, -1.197276E+001, 6.474006E+001, 2.791681E-001, -3.778505E+000, -6.205972E+000, -7.384845E-001
3.465600E-002, -4.319177E-001, -1.212467E+001, 6.577624E+001, -1.359819E+000, -3.666582E+000, -6.222158E+000, -7.512190E-001
3.466400E-002, 5.027522E-001, -1.246961E+001, 6.577462E+001, -2.702753E+000, -3.519660E+000, -6.220267E+000, -7.572325E-001
3.467200E-002, 2.005826E+000, -1.310409E+001, 6.519481E+001, -3.418684E+000, -3.330693E+000, -6.191794E+000, -7.371874E-001
3.468000E-002, 3.393146E+000, -1.393158E+001, 6.455978E+001, -3.313996E+000, -3.150804E+000, -6.138392E+000, -6.837732E-001
3.468800E-002, 4.657801E+000, -1.462146E+001, 6.384518E+001, -2.339159E+000, -3.045451E+000, -6.067504E+000, -6.340142E-001
3.469600E-002, 5.780787E+000, -1.516478E+001, 6.261411E+001, -8.127394E-001, -3.014036E+000, -5.995790E+000, -6.090168E-001
3.470400E-002, 6.458034E+000, -1.542929E+001, 6.067330E+001, 7.226852E-001, -3.012603E+000, -5.928092E+000, -5.903867E-001
3.471200E-002, 6.663627E+000, -1.519338E+001, 5.820954E+001, 2.041980E+000, -3.025025E+000, -5.864766E+000, -5.652714E-001
3.472000E-002, 6.725823E+000, -1.502359E+001, 5.544044E+001, 3.014565E+000, -3.054768E+000, -5.809001E+000, -5.455800E-001
3.472800E-002, 7.152557E+000, -1.515942E+001, 5.228156E+001, 3.365777E+000, -3.069221E+000, -5.745911E+000, -5.499428E-001
3.473600E-002, 8.301458E+000, -1.503252E+001, 4.867442E+001, 3.153024E+000, -3.013200E+000, -5.673133E+000, -5.679833E-001
3.474400E-002, 9.966933E+000, -1.455533E+001, 4.494710E+001, 2.568797E+000, -2.862457E+000, -5.615596E+000, -5.829582E-001
3.475200E-002, 1.183282E+001, -1.386903E+001, 4.117593E+001, 1.633359E+000, -2.620813E+000, -5.567393E+000, -6.131437E-001
3.476000E-002, 1.375053E+001, -1.305047E+001, 3.708156E+001, 5.673416E-001, -2.299736E+000, -5.510328E+000, -6.700954E-001
3.476800E-002, 1.529161E+001, -1.258221E+001, 3.272896E+001, -3.185668E-001, -1.943422E+000, -5.462243E+000, -7.363620E-001
3.477600E-002, 1.625393E+001, -1.264119E+001, 2.854039E+001, -9.545748E-001, -1.604070E+000, -5.432942E+000, -7.999167E-001
3.478400E-002, 1.712640E+001, -1.256255E+001, 2.489915E+001, -1.394715E+000, -1.282635E+000, -5.411912E+000, -8.737298E-001
3.479200E-002, 1.798851E+001, -1.186374E+001, 2.207970E+001, -1.642364E+000, -9.707555E-001, -5.397972E+000, -9.878689E-001
3.480000E-002, 1.842561E+001, -1.099871E+001, 1.989853E+001, -1.696397E+000, -6.659237E-001, -5.391355E+000, -1.143041E+000
3.480800E-002, 1.853100E+001, -1.053045E+001, 1.797721E+001, -1.591709E+000, -3.403079E-001, -5.386630E+000, -1.295266E+000
3.481600E-002, 1.834786E+001, -1.040892E+001, 1.632225E+001, -1.293404E+000, -4.897376E-003, -5.378950E+000, -1.429686E+000
3.482400E-002, 1.751513E+001, -1.033564E+001, 1.469977E+001, -8.465098E-001, 3.067430E-001, -5.371979E+000, -1.581557E+000
3.483200E-002, 1.629885E+001, -1.006041E+001, 1.269075E+001, -2.971790E-001, 6.091858E-001, -5.367962E+000, -1.750997E+000
3.484000E-002, 1.512403E+001, -9.529594E+000, 1.041051E+001, 3.973643E-001, 8.923975E-001, -5.347405E+000, -1.900510E+000
3.484800E-002, 1.375917E+001, -9.045251E+000, 7.766469E+000, 1.093033E+000, 1.110271E+000, -5.298611E+000, -2.044009E+000
3.485600E-002, 1.214207E+001, -8.852228E+000, 4.573479E+000, 1.721161E+000, 1.262329E+000, -5.240365E+000, -2.212270E+000
3.486400E-002, 1.054570E+001, -8.909420E+000, 1.482808E+000, 2.387563E+000, 1.371146E+000, -5.184836E+000, -2.383360E+000
3.487200E-002, 9.016714E+000, -9.270444E+000, -1.024810E+000, 2.962784E+000, 1.461926E+000, -5.130253E+000, -2.541245E+000
3.488000E-002, 7.453172E+000, -9.878107E+000, -3.074430E+000, 3.194674E+000, 1.569788E+000, -5.082285E+000, -2.697597E+000
3.488800E-002, 5.787697E+000, -1.022305E+001, -4.539372E+000, 2.890741E+000, 1.687683E+000, -5.032900E+000, -2.857722E+000
3.489600E-002, 4.213789E+000, -1.017836E+001, -5.265347E+000, 2.049860E+000, 1.799606E+000, -4.972528E+000, -3.024685E+000
3.490400E-002, 2.968138E+000, -1.034637E+001, -5.440751E+000, 1.045755E+000, 1.937450E+000, -4.920661E+000, -3.194007E+000
3.491200E-002, 1.724216E+000, -1.097548E+001, -5.572303E+000, 2.814195E-001, 2.097510E+000, -4.878247E+000, -3.365923E+000
3.492000E-002, 3.265298E-001, -1.167608E+001, -6.181343E+000, -8.667719E-002, 2.253510E+000, -4.817875E+000, -3.554937E+000
3.492800E-002, -7.048897E-001, -1.227659E+001, -7.116827E+000, -2.814195E-002, 2.448807E+000, -4.740016E+000, -3.751614E+000
3.493600E-002, -1.416690E+000, -1.288604E+001, -8.110779E+000, 4.221292E-001, 2.712549E+000, -4.671256E+000, -3.926478E+000
3.494400E-002, -2.372092E+000, -1.353302E+001, -9.237907E+000, 1.145940E+000, 3.010333E+000, -4.626124E+000, -4.069742E+000
3.495200E-002, -3.334405E+000, -1.418537E+001, -1.014091E+001, 1.973313E+000, 3.337024E+000, -4.588317E+000, -4.190012E+000
3.496000E-002, -3.875166E+000, -1.474299E+001, -1.025784E+001, 2.786053E+000, 3.690471E+000, -4.539050E+000, -4.293421E+000
3.496800E-002, -4.120495E+000, -1.543823E+001, -9.548112E+000, 3.503109E+000, 4.020985E+000, -4.479032E+000, -4.381973E+000
3.497600E-002, -4.286351E+000, -1.660888E+001, -8.354395E+000, 3.959009E+000, 4.312558E+000, -4.420786E+000, -4.459795E+000
3.498400E-002, -4.635341E+000, -1.790999E+001, -6.897573E+000, 4.105347E+000, 4.557665E+000, -4.377899E+000, -4.528656E+000
3.499200E-002, -5.246936E+000, -1.882506E+001, -5.130547E+000, 4.105347E+000, 4.693478E+000, -4.348008E+000, -4.585018E+000
3.500000E-002, -5.894813E+000, -1.935230E+001, -3.160508E+000, 3.915108E+000, 4.712470E+000, -4.325442E+000, -4.623340E+000
3.500800E-002, -6.397565E+000, -1.972226E+001, -1.283043E+000, 3.491853E+000, 4.673410E+000, -4.313155E+000, -4.640673E+000
3.501600E-002, -6.807023E+000, -2.017622E+001, 3.589271E-001, 3.131636E+000, 4.609983E+000, -4.302876E+000, -4.640909E+000
3.502400E-002, -7.294227E+000, -2.080712E+001, 1.745913E+000, 2.873856E+000, 4.575941E+000, -4.278066E+000, -4.626405E+000
3.503200E-002, -7.658765E+000, -2.143444E+001, 2.920140E+000, 2.532775E+000, 4.605086E+000, -4.240377E+000, -4.586551E+000
3.504000E-002, -7.667403E+000, -2.181870E+001, 3.896227E+000, 2.229968E+000, 4.617150E+000, -4.208005E+000, -4.521935E+000
3.504800E-002, -7.715778E+000, -2.196882E+001, 4.732641E+000, 2.088132E+000, 4.549423E+000, -4.173270E+000, -4.454843E+000
3.505600E-002, -7.987022E+000, -2.205104E+001, 5.502467E+000, 2.066745E+000, 4.426630E+000, -4.121995E+000, -4.391053E+000
3.506400E-002, -8.031941E+000, -2.207427E+001, 6.147236E+000, 2.250230E+000, 4.263226E+000, -4.080408E+000, -4.319480E+000
3.507200E-002, -7.886817E+000, -2.191521E+001, 6.660453E+000, 2.717386E+000, 4.107465E+000, -4.058669E+000, -4.235054E+000
3.508000E-002, -8.082045E+000, -2.160244E+001, 7.082721E+000, 3.187920E+000, 4.045113E+000, -4.043782E+000, -4.128226E+000
3.508800E-002, -8.469043E+000, -2.132006E+001, 7.610555E+000, 3.374782E+000, 4.072228E+000, -4.041537E+000, -4.000409E+000
3.509600E-002, -8.439672E+000, -2.096082E+001, 8.406366E+000, 3.458082E+000, 4.130877E+000, -4.032440E+000, -3.869173E+000
3.510400E-002, -7.869541E+000, -2.022447E+001, 9.013782E+000, 3.585284E+000, 4.192512E+000, -4.000186E+000, -3.736404E+000
3.511200E-002, -7.251035E+000, -1.936481E+001, 8.887101E+000, 3.497481E+000, 4.237544E+000, -3.971831E+000, -3.600923E+000
3.512000E-002, -6.907228E+000, -1.865348E+001, 8.253700E+000, 3.084358E+000, 4.236230E+000, -3.952337E+000, -3.472870E+000
3.512800E-002, -6.428663E+000, -1.773484E+001, 7.605682E+000, 2.520393E+000, 4.173042E+000, -3.923746E+000, -3.345053E+000
3.513600E-002, -5.582105E+000, -1.659815E+001, 6.843977E+000, 1.914778E+000, 4.073064E+000, -3.897872E+000, -3.196955E+000
3.514400E-002, -4.777010E+000, -1.555619E+001, 5.668126E+000, 1.302409E+000, 3.975833E+000, -3.879559E+000, -3.037891E+000
3.515200E-002, -4.082486E+000, -1.445703E+001, 4.417565E+000, 7.778434E-001, 3.904403E+000, -3.840099E+000, -2.889912E+000
3.516000E-002, -3.146089E+000, -1.322383E+001, 3.431733E+000, 5.482051E-001, 3.861521E+000, -3.780671E+000, -2.742875E+000
3.516800E-002, -2.035196E+000, -1.204604E+001, 2.293236E+000, 6.450135E-001, 3.834167E+000, -3.732349E+000, -2.586287E+000
3.517600E-002, -1.067701E+000, -1.092186E+001, 8.153006E-001, 6.438878E-001, 3.820431E+000, -3.686273E+000, -2.437600E+000
3.518400E-002, -2.781550E-001, -9.788745E+000, -5.229617E-001, 2.431464E-001, 3.822103E+000, -3.625073E+000, -2.304359E+000
3.519200E-002, 2.850657E-001, -8.703887E+000, -1.633849E+000, -2.476491E-001, 3.816489E+000, -3.563164E+000, -2.176189E+000
3.520000E-002, 5.269396E-001, -7.690518E+000, -2.967239E+000, -5.110577E-001, 3.778027E+000, -3.502319E+000, -2.056272E+000
3.520800E-002, 6.876130E-001, -6.543107E+000, -4.643315E+000, -7.373190E-001, 3.711614E+000, -3.440411E+000, -1.950740E+000
3.521600E-002, 9.070272E-001, -5.093650E+000, -6.366490E+000, -1.107667E+000, 3.633972E+000, -3.397524E+000, -1.862896E+000
3.522400E-002, 9.467636E-001, -3.672790E+000, -8.073424E+000, -1.327174E+000, 3.553464E+000, -3.376612E+000, -1.807359E+000
3.523200E-002, 8.707461E-001, -2.611166E+000, -1.003209E+001, -1.213481E+000, 3.510105E+000, -3.360190E+000, -1.778117E+000
3.524000E-002, 1.135080E+000, -1.694309E+000, -1.208659E+001, -1.087405E+000, 3.526469E+000, -3.347548E+000, -1.737673E+000
3.524800E-002, 1.731126E+000, -7.363452E-001, -1.364086E+001, -1.087405E+000, 3.544386E+000, -3.338687E+000, -1.683905E+000
3.525600E-002, 2.175138E+000, 1.143837E-001, -1.474037E+001, -1.011984E+000, 3.531247E+000, -3.323210E+000, -1.649239E+000
3.526400E-002, 2.427377E+000, 7.935371E-001, -1.570672E+001, -9.883452E-001, 3.494218E+000, -3.314349E+000, -1.615752E+000
3.527200E-002, 2.745269E+000, 1.411924E+000, -1.615172E+001, -1.217983E+000, 3.410246E+000, -3.321910E+000, -1.554201E+000
3.528000E-002, 3.026879E+000, 2.012439E+000, -1.595358E+001, -1.601840E+000, 3.300831E+000, -3.321556E+000, -1.493241E+000
3.528800E-002, 3.152999E+000, 2.457463E+000, -1.568885E+001, -2.036351E+000, 3.238360E+000, -3.310805E+000, -1.427682E+000
3.529600E-002, 3.248021E+000, 2.679081E+000, -1.543712E+001, -2.358295E+000, 3.235732E+000, -3.306906E+000, -1.306468E+000
3.530400E-002, 3.595283E+000, 2.854231E+000, -1.489466E+001, -2.439344E+000, 3.243138E+000, -3.296391E+000, -1.143159E+000
3.531200E-002, 4.453936E+000, 3.106233E+000, -1.411834E+001, -2.334656E+000, 3.236090E+000, -3.267209E+000, -9.797329E-001
3.532000E-002, 5.473261E+000, 3.417214E+000, -1.328518E+001, -2.072373E+000, 3.213515E+000, -3.231647E+000, -8.108826E-001
3.532800E-002, 6.223071E+000, 3.694237E+000, -1.252347E+001, -1.931663E+000, 3.130498E+000, -3.198920E+000, -6.228126E-001
3.533600E-002, 6.898590E+000, 3.624534E+000, -1.160748E+001, -2.101641E+000, 2.961240E+000, -3.169502E+000, -4.255453E-001
3.534400E-002, 7.627667E+000, 3.225979E+000, -1.020912E+001, -2.199574E+000, 2.729749E+000, -3.141029E+000, -2.318155E-001
3.535200E-002, 8.320463E+000, 3.009722E+000, -8.732811E+000, -2.130908E+000, 2.464933E+000, -3.111138E+000, -5.306052E-002
3.536000E-002, 9.104825E+000, 2.963253E+000, -7.414038E+000, -2.130908E+000, 2.240490E+000, -3.086918E+000, 1.147286E-001
3.536800E-002, 1.003604E+001, 2.550400E+000, -5.775316E+000, -2.238973E+000, 2.113397E+000, -3.079120E+000, 3.043315E-001
3.537600E-002, 1.095171E+001, 1.774735E+000, -3.920589E+000, -2.474240E+000, 2.048537E+000, -3.079357E+000, 5.157482E-001
3.538400E-002, 1.165832E+001, 1.161710E+000, -2.392306E+000, -2.685868E+000, 2.017480E+000, -3.077112E+000, 7.078273E-001
3.539200E-002, 1.217835E+001, 8.954101E-001, -1.255433E+000, -2.594687E+000, 2.023213E+000, -3.088808E+000, 8.779747E-001
3.540000E-002, 1.273639E+001, 6.398340E-001, -3.784164E-001, -2.312142E+000, 2.035517E+000, -3.131695E+000, 1.048830E+000
3.540800E-002, 1.332898E+001, 1.912353E-001, 3.102040E-001, -2.183815E+000, 2.027633E+000, -3.190414E+000, 1.209544E+000
3.541600E-002, 1.370389E+001, -2.162567E-001, 9.419807E-001, -2.165804E+000, 2.013777E+000, -3.252795E+000, 1.338186E+000
3.542400E-002, 1.384383E+001, -5.468972E-001, 1.555892E+000, -2.028471E+000, 1.986543E+000, -3.340814E+000, 1.442774E+000
3.543200E-002, 1.398377E+001, -1.049113E+000, 2.104840E+000, -1.848363E+000, 1.936972E+000, -3.457069E+000, 1.543589E+000
3.544000E-002, 1.407361E+001, -1.640692E+000, 2.725248E+000, -1.775194E+000, 1.905676E+000, -3.574270E+000, 1.646645E+000
3.544800E-002, 1.385074E+001, -2.178653E+000, 3.483705E+000, -1.779697E+000, 1.899226E+000, -3.696788E+000, 1.750407E+000
3.545600E-002, 1.348620E+001, -2.557549E+000, 4.087872E+000, -1.789828E+000, 1.884534E+000, -3.837145E+000, 1.850161E+000
3.546400E-002, 1.327542E+001, -2.691592E+000, 4.515011E+000, -1.798833E+000, 1.852522E+000, -3.981165E+000, 1.951684E+000
3.547200E-002, 1.295235E+001, -2.850657E+000, 5.143539E+000, -1.787576E+000, 1.791484E+000, -4.122113E+000, 2.063347E+000
3.548000E-002, 1.223536E+001, -3.227766E+000, 6.015684E+000, -1.691894E+000, 1.693895E+000, -4.251483E+000, 2.174656E+000
3.548800E-002, 1.151147E+001, -3.619173E+000, 6.873211E+000, -1.524168E+000, 1.585914E+000, -4.355333E+000, 2.281720E+000
3.549600E-002, 1.107610E+001, -3.865813E+000, 7.527725E+000, -1.354190E+000, 1.484860E+000, -4.454221E+000, 2.396095E+000
3.550400E-002, 1.058371E+001, -4.099942E+000, 8.063680E+000, -1.212355E+000, 1.368279E+000, -4.561498E+000, 2.518252E+000
3.551200E-002, 9.913376E+000, -4.471689E+000, 8.846498E+000, -1.143689E+000, 1.211085E+000, -4.656251E+000, 2.627203E+000
3.552000E-002, 9.334606E+000, -4.687945E+000, 9.850195E+000, -1.027744E+000, 1.027732E+000, -4.734464E+000, 2.712218E+000
3.552800E-002, 8.828398E+000, -4.544966E+000, 1.076781E+001, -6.258769E-001, 8.568019E-001, -4.802161E+000, 2.790865E+000
3.553600E-002, 8.182249E+000, -4.593222E+000, 1.170817E+001, -1.530922E-001, 7.168086E-001, -4.858044E+000, 2.865268E+000
3.554400E-002, 7.435895E+000, -5.023948E+000, 1.273460E+001, -6.754067E-003, 5.884018E-001, -4.912273E+000, 2.921984E+000
3.555200E-002, 6.687814E+000, -5.157991E+000, 1.369120E+001, -6.754068E-002, 4.394499E-001, -4.956460E+000, 2.964550E+000
3.556000E-002, 5.827434E+000, -5.013224E+000, 1.466242E+001, -3.827305E-002, 2.657722E-001, -4.972528E+000, 2.988840E+000
3.556800E-002, 4.904858E+000, -5.116885E+000, 1.557192E+001, 7.429474E-002, 9.555855E-002, -4.984343E+000, 2.987779E+000
3.557600E-002, 4.291534E+000, -5.211608E+000, 1.621506E+001, 6.979203E-002, -3.941790E-002, -5.013879E+000, 2.983062E+000
3.558400E-002, 3.951183E+000, -5.116885E+000, 1.675264E+001, -1.711030E-001, -1.229122E-001, -5.038808E+000, 2.980822E+000
3.559200E-002, 3.484712E+000, -5.116885E+000, 1.717653E+001, -5.324456E-001, -1.549243E-001, -5.041052E+000, 2.964078E+000
3.560000E-002, 2.921491E+000, -4.923862E+000, 1.721064E+001, -8.543895E-001, -1.296013E-001, -5.029474E+000, 2.945566E+000
3.560800E-002, 2.470569E+000, -4.335858E+000, 1.688095E+001, -1.150443E+000, -4.359859E-002, -5.008680E+000, 2.919979E+000
3.561600E-002, 2.223512E+000, -3.830068E+000, 1.632550E+001, -1.438616E+000, 5.709624E-002, -4.972764E+000, 2.859962E+000
3.562400E-002, 2.220057E+000, -3.340362E+000, 1.561577E+001, -1.591709E+000, 1.429795E-001, -4.921252E+000, 2.799591E+000
3.563200E-002, 2.330628E+000, -2.561123E+000, 1.500185E+001, -1.611971E+000, 2.372241E-001, -4.855091E+000, 2.774711E+000
3.564000E-002, 2.515489E+000, -1.814054E+000, 1.452762E+001, -1.670506E+000, 3.068624E-001, -4.772507E+000, 2.751011E+000
3.564800E-002, 2.873117E+000, -1.360094E+000, 1.394294E+001, -1.787576E+000, 3.151043E-001, -4.683897E+000, 2.702549E+000
3.565600E-002, 3.223834E+000, -9.597510E-001, 1.333877E+001, -1.743675E+000, 3.209573E-001, -4.599068E+000, 2.658568E+000
3.566400E-002, 3.391418E+000, -3.967685E-001, 1.285804E+001, -1.383458E+000, 3.489082E-001, -4.507623E+000, 2.641706E+000
3.567200E-002, 3.724858E+000, 1.626394E-001, 1.223600E+001, -9.759627E-001, 3.723200E-001, -4.401410E+000, 2.636282E+000
3.568000E-002, 4.422837E+000, 7.023876E-001, 1.148567E+001, -7.947286E-001, 4.079156E-001, -4.294252E+000, 2.634749E+000
3.568800E-002, 5.108723E+000, 1.344009E+000, 1.093672E+001, -6.326309E-001, 4.470946E-001, -4.200444E+000, 2.644418E+000
3.569600E-002, 5.526819E+000, 1.831927E+000, 1.061190E+001, -3.906102E-001, 4.748065E-001, -4.117506E+000, 2.656563E+000
3.570400E-002, 5.925911E+000, 2.085716E+000, 1.038128E+001, -3.118128E-001, 5.023991E-001, -4.037402E+000, 2.673896E+000
3.571200E-002, 6.585881E+000, 2.373462E+000, 1.001098E+001, -3.050587E-001, 4.932016E-001, -3.954109E+000, 2.698304E+000
3.572000E-002, 7.223392E+000, 2.768444E+000, 9.496140E+000, -5.065551E-002, 4.527086E-001, -3.869399E+000, 2.703610E+000
3.572800E-002, 7.574109E+000, 3.075850E+000, 9.270390E+000, 2.701627E-001, 4.509169E-001, -3.796975E+000, 2.702785E+000
3.573600E-002, 7.964563E+000, 3.140191E+000, 9.216794E+000, 2.701627E-001, 4.771955E-001, -3.734004E+000, 2.726603E+000
3.574400E-002, 8.434489E+000, 3.197383E+000, 8.781534E+000, 7.542042E-002, 4.842430E-001, -3.658863E+000, 2.755963E+000
3.575200E-002, 8.690185E+000, 3.444022E+000, 8.258573E+000, -7.542042E-002, 4.639368E-001, -3.573679E+000, 2.783908E+000
3.576000E-002, 8.866406E+000, 3.626322E+000, 8.075048E+000, -3.309493E-001, 4.013459E-001, -3.497239E+000, 2.815745E+000
3.576800E-002, 9.135923E+000, 3.696024E+000, 7.789206E+000, -6.495162E-001, 3.124765E-001, -3.422098E+000, 2.832017E+000
3.577600E-002, 9.263771E+000, 3.581640E+000, 7.194784E+000, -7.046744E-001, 2.827339E-001, -3.336679E+000, 2.845695E+000
3.578400E-002, 9.158383E+000, 3.190234E+000, 6.636092E+000, -6.562702E-001, 3.767396E-001, -3.247715E+000, 2.890973E+000
3.579200E-002, 9.122102E+000, 2.881040E+000, 6.027052E+000, -7.463244E-001, 5.786070E-001, -3.149890E+000, 2.959951E+000
3.580000E-002, 9.291414E+000, 2.738060E+000, 5.127298E+000, -7.046744E-001, 8.443792E-001, -3.032216E+000, 3.033057E+000
3.580800E-002, 9.465909E+000, 2.595081E+000, 4.177197E+000, -3.286979E-001, 1.135116E+000, -2.902492E+000, 3.113591E+000
3.581600E-002, 9.381253E+000, 2.521804E+000, 3.404124E+000, 2.183815E-001, 1.393841E+000, -2.764380E+000, 3.203440E+000
3.582400E-002, 8.982161E+000, 2.487846E+000, 2.515738E+000, 6.967946E-001, 1.583883E+000, -2.617524E+000, 3.286450E+000
3.583200E-002, 8.519145E+000, 2.335930E+000, 1.361000E+000, 9.579519E-001, 1.716470E+000, -2.488627E+000, 3.355311E+000
3.584000E-002, 8.223713E+000, 1.940949E+000, 4.255154E-001, 1.114421E+000, 1.804026E+000, -2.392574E+000, 3.423465E+000
3.584800E-002, 8.175339E+000, 1.370817E+000, -2.501121E-001, 1.312540E+000, 1.846789E+000, -2.304319E+000, 3.500108E+000
3.585600E-002, 8.355017E+000, 9.668999E-001, -1.161235E+000, 1.440868E+000, 1.857778E+000, -2.210984E+000, 3.596560E+000
3.586400E-002, 8.453493E+000, 9.454530E-001, -2.129201E+000, 1.377830E+000, 1.871634E+000, -2.132889E+000, 3.716476E+000
3.587200E-002, 8.298003E+000, 9.776234E-001, -2.786964E+000, 1.129055E+000, 1.927535E+000, -2.079842E+000, 3.840520E+000
3.588000E-002, 8.196071E+000, 7.077493E-001, -3.262826E+000, 8.431327E-001, 2.022138E+000, -2.024077E+000, 3.970459E+000
3.588800E-002, 8.208164E+000, 3.020445E-001, -3.797157E+000, 7.418217E-001, 2.115427E+000, -1.949172E+000, 4.124099E+000
3.589600E-002, 8.218531E+000, 4.646839E-002, -4.458168E+000, 8.161165E-001, 2.196055E+000, -1.877103E+000, 4.287761E+000
3.590400E-002, 8.386114E+000, 1.787246E-003, -5.016860E+000, 9.016680E-001, 2.271666E+000, -1.817558E+000, 4.448711E+000
3.591200E-002, 8.600346E+000, -4.110665E-002, -5.383907E+000, 9.849681E-001, 2.323626E+000, -1.755413E+000, 4.614968E+000
3.592000E-002, 8.539877E+000, -2.948956E-001, -5.679494E+000, 1.219109E+000, 2.340468E+000, -1.683462E+000, 4.783347E+000
3.592800E-002, 8.398208E+000, -5.665569E-001, -5.747706E+000, 1.652495E+000, 2.338557E+000, -1.613756E+000, 4.951254E+000
3.593600E-002, 8.598618E+000, -7.935371E-001, -5.612906E+000, 2.034100E+000, 2.329001E+000, -1.554801E+000, 5.115505E+000
3.594400E-002, 9.042629E+000, -1.138476E+000, -5.627523E+000, 2.188318E+000, 2.312159E+000, -1.493365E+000, 5.253699E+000
3.595200E-002, 9.268954E+000, -1.467329E+000, -5.762323E+000, 2.232219E+000, 2.286836E+000, -1.418697E+000, 5.373733E+000
3.596000E-002, 9.129013E+000, -1.687160E+000, -5.737962E+000, 2.276121E+000, 2.260079E+000, -1.337176E+000, 5.510747E+000
3.596800E-002, 8.845675E+000, -1.822991E+000, -5.559310E+000, 2.327902E+000, 2.250762E+000, -1.255655E+000, 5.647879E+000
3.597600E-002, 8.686729E+000, -1.810480E+000, -5.491098E+000, 2.353792E+000, 2.259362E+000, -1.167637E+000, 5.753175E+000
3.598400E-002, 8.975250E+000, -1.801544E+000, -5.513835E+000, 2.325650E+000, 2.265215E+000, -1.065086E+000, 5.848802E+000
3.599200E-002, 9.654224E+000, -2.016013E+000, -5.333560E+000, 2.315519E+000, 2.260796E+000, -9.539106E-001, 5.951503E+000
3.600000E-002, 9.998032E+000, -2.430654E+000, -5.083448E+000, 2.420208E+000, 2.244073E+000, -8.507692E-001, 6.048545E+000
3.600800E-002, 9.802805E+000, -2.789891E+000, -5.015235E+000, 2.555289E+000, 2.200713E+000, -7.576701E-001, 6.147002E+000
3.601600E-002, 9.598939E+000, -2.945381E+000, -4.849576E+000, 2.530524E+000, 2.138123E+000, -6.554739E-001, 6.246992E+000
3.602400E-002, 9.460726E+000, -3.102659E+000, -4.459792E+000, 2.424710E+000, 2.095838E+000, -5.435897E-001, 6.329884E+000
3.603200E-002, 9.205030E+000, -3.370745E+000, -4.203183E+000, 2.470863E+000, 2.087238E+000, -4.468281E-001, 6.388486E+000
3.604000E-002, 9.008076E+000, -3.637045E+000, -4.118730E+000, 2.661103E+000, 2.087596E+000, -3.632989E-001, 6.423860E+000
3.604800E-002, 8.985616E+000, -3.808621E+000, -3.975808E+000, 2.753408E+000, 2.091060E+000, -2.661829E-001, 6.445202E+000
3.605600E-002, 9.014987E+000, -3.867600E+000, -3.836135E+000, 2.596939E+000, 2.098944E+000, -1.600878E-001, 6.459705E+000
3.606400E-002, 9.018442E+000, -4.119601E+000, -3.670477E+000, 2.366175E+000, 2.102885E+000, -7.325050E-002, 6.454753E+000
3.607200E-002, 8.997710E+000, -4.659349E+000, -3.475584E+000, 2.182689E+000, 2.130717E+000, -5.671007E-003, 6.420912E+000
3.608000E-002, 8.966612E+000, -5.068629E+000, -3.529180E+000, 1.853992E+000, 2.196174E+000, 5.505602E-002, 6.374808E+000
3.608800E-002, 8.940697E+000, -5.352801E+000, -3.672101E+000, 1.465633E+000, 2.275249E+000, 1.090487E-001, 6.329766E+000
3.609600E-002, 8.873318E+000, -5.692378E+000, -3.551917E+000, 1.311415E+000, 2.377616E+000, 1.554801E-001, 6.266093E+000
3.610400E-002, 8.795572E+000, -5.867528E+000, -3.209231E+000, 1.187590E+000, 2.504829E+000, 1.840714E-001, 6.171527E+000
3.611200E-002, 8.842219E+000, -5.928294E+000, -2.881162E+000, 8.341273E-001, 2.617707E+000, 1.918691E-001, 6.061280E+000
3.612000E-002, 8.897505E+000, -6.198168E+000, -2.723624E+000, 5.133091E-001, 2.696543E+000, 1.971856E-001, 5.943485E+000
3.612800E-002, 8.742015E+000, -6.568128E+000, -2.585575E+000, 5.043037E-001, 2.744442E+000, 2.014389E-001, 5.824394E+000
3.613600E-002, 8.418941E+000, -6.709321E+000, -2.315973E+000, 6.247512E-001, 2.775020E+000, 1.877339E-001, 5.704241E+000
3.614400E-002, 8.054401E+000, -6.725406E+000, -2.090223E+000, 5.470794E-001, 2.802494E+000, 1.672947E-001, 5.570175E+000
3.615200E-002, 7.632850E+000, -7.011365E+000, -1.973287E+000, 3.399547E-001, 2.803927E+000, 1.663495E-001, 5.425733E+000
3.616000E-002, 7.123187E+000, -7.490347E+000, -1.794636E+000, 2.746654E-001, 2.751728E+000, 1.769827E-001, 5.279875E+000
3.616800E-002, 6.805295E+000, -7.644050E+000, -1.632225E+000, 2.589059E-001, 2.664531E+000, 1.792274E-001, 5.125410E+000
3.617600E-002, 6.879585E+000, -7.567198E+000, -1.724799E+000, 9.680830E-002, 2.576975E+000, 1.726113E-001, 4.966818E+000
3.618400E-002, 6.820845E+000, -7.658348E+000, -1.818997E+000, -4.952983E-002, 2.492406E+000, 1.592608E-001, 4.821197E+000
3.619200E-002, 6.371650E+000, -7.640475E+000, -1.505545E+000, 1.125678E-002, 2.389442E+000, 1.563071E-001, 4.680881E+000
3.620000E-002, 6.117682E+000, -7.338431E+000, -1.107639E+000, 5.740957E-002, 2.251479E+000, 1.774552E-001, 4.536085E+000
3.620800E-002, 6.197155E+000, -7.107876E+000, -1.063789E+000, -1.722287E-001, 2.073859E+000, 1.965949E-001, 4.402726E+000
3.621600E-002, 6.109044E+000, -7.063195E+000, -1.049172E+000, -4.885442E-001, 1.874501E+000, 1.973038E-001, 4.278446E+000
3.622400E-002, 5.830889E+000, -7.052472E+000, -7.600810E-001, -6.776581E-001, 1.703928E+000, 1.926961E-001, 4.140018E+000
3.623200E-002, 5.685765E+000, -6.870173E+000, -4.092744E-001, -8.757774E-001, 1.601561E+000, 1.950590E-001, 3.998994E+000
3.624000E-002, 5.678854E+000, -6.482340E+000, -1.802756E-001, -1.078399E+000, 1.571819E+000, 2.086458E-001, 3.871531E+000
3.624800E-002, 5.706497E+000, -6.230339E+000, -1.754033E-001, -9.658316E-001, 1.603114E+000, 2.156164E-001, 3.734753E+000
3.625600E-002, 5.760055E+000, -6.155274E+000, -3.150763E-001, -5.662160E-001, 1.675978E+000, 2.056921E-001, 3.580170E+000
3.626400E-002, 5.804974E+000, -5.842506E+000, -3.426861E-001, -2.453978E-001, 1.757202E+000, 2.038018E-001, 3.426059E+000
3.627200E-002, 5.782515E+000, -5.392120E+000, -2.679773E-001, -3.714737E-002, 1.808923E+000, 2.177430E-001, 3.264165E+000
3.628000E-002, 5.782515E+000, -5.215183E+000, -1.445453E-001, 1.226989E-001, 1.833052E+000, 2.216419E-001, 3.084349E+000
3.628800E-002, 5.896541E+000, -5.025735E+000, 3.573030E-002, 6.191228E-002, 1.863989E+000, 2.025022E-001, 2.910310E+000
3.629600E-002, 5.955281E+000, -4.460965E+000, 4.385083E-002, -1.801085E-001, 1.905796E+000, 1.704846E-001, 2.763038E+000
3.630400E-002, 5.925911E+000, -3.946239E+000, -8.932576E-002, -2.690370E-001, 1.926699E+000, 1.358679E-001, 2.631094E+000
3.631200E-002, 6.048576E+000, -3.774663E+000, 1.250561E-001, -1.283273E-001, 1.910813E+000, 9.664340E-002, 2.497853E+000
3.632000E-002, 6.261079E+000, -3.681726E+000, 5.278341E-001, -2.026220E-002, 1.891462E+000, 4.867614E-002, 2.367796E+000
3.632800E-002, 6.295633E+000, -3.583428E+000, 4.677421E-001, -3.264466E-002, 1.881787E+000, 1.535898E-003, 2.250355E+000
3.633600E-002, 6.200611E+000, -3.483342E+000, 2.338711E-001, -2.926763E-002, 1.841533E+000, -4.300513E-002, 2.145767E+000
3.634400E-002, 6.235164E+000, -3.372533E+000, 3.702959E-001, -1.125678E-003, 1.763055E+000, -1.010148E-001, 2.048961E+000
3.635200E-002, 6.366467E+000, -3.361809E+000, 6.236562E-001, -1.058137E-001, 1.653282E+000, -1.657588E-001, 1.946142E+000
3.636000E-002, 6.312909E+000, -3.477980E+000, 8.039318E-001, -3.410804E-001, 1.498358E+000, -2.212874E-001, 1.828583E+000
3.636800E-002, 6.098678E+000, -3.631683E+000, 1.044299E+000, -3.973643E-001, 1.321694E+000, -2.757527E-001, 1.710671E+000
3.637600E-002, 5.896541E+000, -3.654917E+000, 1.373993E+000, -2.262613E-001, 1.156617E+000, -3.342350E-001, 1.602310E+000
3.638400E-002, 5.737595E+000, -3.517300E+000, 1.862848E+000, -1.181962E-001, 1.009815E+000, -3.937805E-001, 1.499608E+000
3.639200E-002, 5.689220E+000, -3.499427E+000, 2.327342E+000, -9.005423E-002, 8.808110E-001, -4.574612E-001, 1.403274E+000
3.640000E-002, 5.758327E+000, -3.719258E+000, 2.441029E+000, -6.754067E-003, 7.653046E-001, -5.236229E-001, 1.308001E+000
3.640800E-002, 5.772149E+000, -4.128538E+000, 2.600192E+000, 1.125678E-001, 6.734489E-001, -5.854133E-001, 1.205889E+000
3.641600E-002, 5.568283E+000, -4.652201E+000, 3.165380E+000, 2.487748E-001, 5.991521E-001, -6.423597E-001, 1.095994E+000
3.642400E-002, 5.278035E+000, -4.841649E+000, 3.714327E+000, 3.354520E-001, 5.121939E-001, -7.039137E-001, 9.819733E-001
3.643200E-002, 5.119089E+000, -4.621818E+000, 4.182070E+000, 2.645343E-001, 4.296551E-001, -7.749195E-001, 8.684238E-001
3.644000E-002, 5.077625E+000, -4.653988E+000, 4.904796E+000, 6.754068E-002, 3.819953E-001, -8.428534E-001, 7.555817E-001
3.644800E-002, 5.181285E+000, -5.172289E+000, 5.661629E+000, -9.005423E-002, 3.541639E-001, -9.059433E-001, 6.441547E-001
3.645600E-002, 5.388606E+000, -5.799613E+000, 6.093641E+000, -8.555152E-002, 3.281242E-001, -9.706873E-001, 5.401561E-001
3.646400E-002, 5.390333E+000, -6.246424E+000, 6.309647E+000, -1.305786E-001, 2.936037E-001, -1.027043E+000, 4.455904E-001
3.647200E-002, 5.103540E+000, -6.600298E+000, 6.652333E+000, -5.076807E-001, 2.503634E-001, -1.074656E+000, 3.556234E-001
3.648000E-002, 4.847845E+000, -7.023876E+000, 7.327960E+000, -9.253072E-001, 2.085565E-001, -1.123096E+000, 2.761505E-001
3.648800E-002, 4.801198E+000, -7.290175E+000, 8.185488E+000, -9.714600E-001, 1.551632E-001, -1.170118E+000, 2.143645E-001
3.649600E-002, 4.661256E+000, -7.465325E+000, 8.804272E+000, -8.284989E-001, 8.958615E-002, -1.210169E+000, 1.565875E-001
3.650400E-002, 4.388284E+000, -7.958605E+000, 9.106355E+000, -7.598326E-001, 4.276245E-002, -1.239351E+000, 9.668805E-002
3.651200E-002, 4.481578E+000, -8.476907E+000, 9.416559E+000, -7.080514E-001, 8.241925E-003, -1.266052E+000, 4.681117E-002
3.652000E-002, 4.868577E+000, -8.677078E+000, 9.817713E+000, -6.607729E-001, -3.296770E-002, -1.297597E+000, 1.344200E-002
3.652800E-002, 4.951505E+000, -8.873675E+000, 1.019613E+001, -6.258769E-001, -5.387114E-002, -1.318627E+000, -7.782209E-003
3.653600E-002, 4.735546E+000, -9.209678E+000, 1.050633E+001, -4.660307E-001, -3.810397E-002, -1.327370E+000, -2.440784E-002
3.654400E-002, 4.495399E+000, -9.433083E+000, 1.060216E+001, -2.622829E-001, -1.349765E-002, -1.343320E+000, -3.784984E-002
3.655200E-002, 4.365824E+000, -9.583212E+000, 1.046898E+001, -2.453978E-001, 3.344549E-003, -1.366240E+000, -5.506502E-002
3.656000E-002, 4.524770E+000, -9.940660E+000, 1.036016E+001, -3.028074E-001, 1.684220E-002, -1.388333E+000, -8.395353E-002
3.656800E-002, 4.853027E+000, -1.039105E+001, 1.040077E+001, -2.904249E-001, 1.708109E-002, -1.406646E+000, -1.074181E-001
3.657600E-002, 5.067259E+000, -1.059837E+001, 1.040726E+001, -3.151898E-001, -2.627860E-003, -1.423777E+000, -1.227467E-001
3.658400E-002, 5.157097E+000, -1.058049E+001, 1.023186E+001, -4.277576E-001, -2.508412E-002, -1.450596E+000, -1.554084E-001
3.659200E-002, 5.210655E+000, -1.068594E+001, 9.989868E+000, -6.281282E-001, -4.288190E-002, -1.491475E+000, -1.914895E-001
3.660000E-002, 5.241754E+000, -1.097548E+001, 9.806344E+000, -8.408814E-001, -6.378534E-002, -1.539796E+000, -2.068181E-001
3.660800E-002, 5.177830E+000, -1.112203E+001, 9.616323E+000, -8.307503E-001, -8.863056E-002, -1.588000E+000, -2.201422E-001
3.661600E-002, 5.127727E+000, -1.109701E+001, 9.322361E+000, -7.069257E-001, -1.206427E-001, -1.634904E+000, -2.407768E-001
3.662400E-002, 5.233115E+000, -1.106305E+001, 8.958562E+000, -6.832865E-001, -1.557604E-001, -1.681572E+000, -2.518606E-001
3.663200E-002, 5.115633E+000, -1.112382E+001, 8.667847E+000, -4.750361E-001, -1.814418E-001, -1.726467E+000, -2.511531E-001
3.664000E-002, 4.654346E+000, -1.134007E+001, 8.536294E+000, -7.316906E-002, -2.056898E-001, -1.767700E+000, -2.497382E-001
3.664800E-002, 4.524770E+000, -1.163318E+001, 8.383629E+000, 1.136935E-001, -2.372241E-001, -1.805743E+000, -2.484411E-001
3.665600E-002, 4.808108E+000, -1.198884E+001, 8.032822E+000, 1.384584E-001, -2.744919E-001, -1.841423E+000, -2.417201E-001
3.666400E-002, 4.827112E+000, -1.223012E+001, 7.688512E+000, 2.014963E-001, -3.173738E-001, -1.869424E+000, -2.339379E-001
3.667200E-002, 4.481578E+000, -1.220868E+001, 7.462761E+000, 2.116274E-001, -3.644364E-001, -1.896952E+000, -2.289856E-001
3.668000E-002, 4.155048E+000, -1.206748E+001, 7.173670E+000, 1.260759E-001, -4.252356E-001, -1.937948E+000, -2.331125E-001
3.668800E-002, 4.018562E+000, -1.193344E+001, 6.835857E+000, -2.589059E-002, -5.007268E-001, -1.984262E+000, -2.571666E-001
3.669600E-002, 4.037567E+000, -1.204604E+001, 6.532149E+000, -3.073101E-001, -5.710818E-001, -2.024431E+000, -2.918328E-001
3.670400E-002, 3.994375E+000, -1.233021E+001, 6.282037E+000, -7.463244E-001, -6.200556E-001, -2.056803E+000, -3.195422E-001
3.671200E-002, 3.830246E+000, -1.237846E+001, 6.121251E+000, -1.176333E+000, -6.403617E-001, -2.086812E+000, -3.431247E-001
3.672000E-002, 3.776689E+000, -1.238025E+001, 5.994570E+000, -1.452124E+000, -6.312837E-001, -2.128636E+000, -3.731923E-001
3.672800E-002, 3.697216E+000, -1.257327E+001, 5.794806E+000, -1.523042E+000, -5.835044E-001, -2.182747E+000, -4.183527E-001
3.673600E-002, 3.261842E+000, -1.263583E+001, 5.445623E+000, -1.296781E+000, -4.799428E-001, -2.236385E+000, -4.727103E-001
3.674400E-002, 2.804010E+000, -1.252859E+001, 5.055838E+000, -8.690233E-001, -3.452053E-001, -2.288724E+000, -5.173990E-001
3.675200E-002, 2.793644E+000, -1.260008E+001, 4.722897E+000, -4.513968E-001, -2.332823E-001, -2.345434E+000, -5.556026E-001
3.676000E-002, 2.942224E+000, -1.263047E+001, 4.398076E+000, -6.416364E-002, -1.540882E-001, -2.406870E+000, -6.090168E-001
3.676800E-002, 2.871389E+000, -1.230519E+001, 4.117105E+000, 2.870479E-001, -1.043977E-001, -2.472441E+000, -6.804717E-001
3.677600E-002, 2.829925E+000, -1.220689E+001, 3.925461E+000, 5.166861E-001, -1.041588E-001, -2.540493E+000, -7.480354E-001
3.678400E-002, 2.954317E+000, -1.254646E+001, 3.759802E+000, 5.403254E-001, -1.452490E-001, -2.609018E+000, -8.033362E-001
3.679200E-002, 2.947407E+000, -1.263761E+001, 3.564910E+000, 3.196925E-001, -1.994785E-001, -2.670690E+000, -8.624102E-001
3.680000E-002, 2.812648E+000, -1.251072E+001, 3.370017E+000, -5.065551E-002, -2.517968E-001, -2.719957E+000, -9.207768E-001
3.680800E-002, 2.821286E+000, -1.252144E+001, 3.163756E+000, -5.043037E-001, -2.891841E-001, -2.768633E+000, -9.568580E-001
3.681600E-002, 2.968138E+000, -1.250178E+001, 2.968863E+000, -1.086279E+000, -3.155821E-001, -2.816364E+000, -9.730120E-001
3.682400E-002, 3.095986E+000, -1.258578E+001, 2.895779E+000, -1.688517E+000, -3.490276E-001, -2.845309E+000, -9.895197E-001
3.683200E-002, 3.057977E+000, -1.280383E+001, 2.894155E+000, -2.071247E+000, -3.929845E-001, -2.859133E+000, -1.008504E+000
3.684000E-002, 2.814376E+000, -1.274842E+001, 2.798332E+000, -2.207454E+000, -4.421972E-001, -2.878509E+000, -1.017229E+000
3.684800E-002, 2.546587E+000, -1.260902E+001, 2.666780E+000, -2.295257E+000, -5.047880E-001, -2.906155E+000, -1.017583E+000
3.685600E-002, 2.245972E+000, -1.265013E+001, 2.670028E+000, -2.348164E+000, -5.944936E-001, -2.928130E+000, -1.027016E+000
3.686400E-002, 2.021375E+000, -1.255004E+001, 2.743113E+000, -2.183815E+000, -7.134640E-001, -2.944434E+000, -1.053546E+000
3.687200E-002, 2.116397E+000, -1.230697E+001, 2.825942E+000, -1.868625E+000, -8.470071E-001, -2.957076E+000, -1.081020E+000
3.688000E-002, 2.062839E+000, -1.236953E+001, 2.962367E+000, -1.537676E+000, -9.682471E-001, -2.957430E+000, -1.105309E+000
3.688800E-002, 1.670658E+000, -1.264834E+001, 2.991601E+000, -1.097536E+000, -1.056758E+000, -2.954713E+000, -1.144574E+000
3.689600E-002, 1.618828E+000, -1.252502E+001, 2.889282E+000, -5.133091E-001, -1.116243E+000, -2.960620E+000, -1.197517E+000
3.690400E-002, 1.788139E+000, -1.212646E+001, 2.835687E+000, 1.891139E-001, -1.153989E+000, -2.963810E+000, -1.244918E+000
3.691200E-002, 1.503074E+000, -1.204782E+001, 2.743113E+000, 9.917222E-001, -1.176565E+000, -2.960266E+000, -1.275928E+000
3.692000E-002, 1.152357E+000, -1.198170E+001, 2.575830E+000, 1.597337E+000, -1.201410E+000, -2.956367E+000, -1.295974E+000
3.692800E-002, 1.192093E+000, -1.172791E+001, 2.515738E+000, 1.778571E+000, -1.221835E+000, -2.947506E+000, -1.322150E+000
3.693600E-002, 1.114348E+000, -1.172076E+001, 2.505994E+000, 1.824724E+000, -1.214310E+000, -2.928602E+000, -1.361651E+000
3.694400E-002, 7.532645E-001, -1.175471E+001, 2.450774E+000, 1.890013E+000, -1.181820E+000, -2.908518E+000, -1.399619E+000
3.695200E-002, 6.634256E-001, -1.153667E+001, 2.480008E+000, 1.672757E+000, -1.131533E+000, -2.897294E+000, -1.424144E+000
3.696000E-002, 8.206437E-001, -1.133292E+001, 2.496249E+000, 1.134683E+000, -1.066075E+000, -2.884416E+000, -1.447727E+000
3.696800E-002, 6.616979E-001, -1.106126E+001, 2.223399E+000, 5.178118E-001, -1.008262E+000, -2.858542E+000, -1.473903E+000
3.697600E-002, 2.090482E-001, -1.066271E+001, 1.851479E+000, -1.575949E-001, -9.690832E-001, -2.834440E+000, -1.492298E+000
3.698400E-002, -1.174816E-001, -1.050543E+001, 1.684197E+000, -9.331869E-001, -9.461491E-001, -2.826643E+000, -1.509631E+000
3.699200E-002, -1.002049E-001, -1.045896E+001, 1.570509E+000, -1.745926E+000, -9.692026E-001, -2.827469E+000, -1.528732E+000
3.700000E-002, 1.192093E-001, -1.020696E+001, 1.318773E+000, -2.546283E+000, -1.056997E+000, -2.832550E+000, -1.540877E+000
3.700800E-002, 1.157539E-001, -9.962108E+000, 9.436048E-001, -3.293734E+000, -1.165098E+000, -2.847790E+000, -1.554319E+000
3.701600E-002, -1.192093E-001, -9.890618E+000, 6.415213E-001, -3.846441E+000, -1.249070E+000, -2.864449E+000, -1.585684E+000
3.702400E-002, -1.710394E-001, -9.749426E+000, 5.733089E-001, -4.065948E+000, -1.311661E+000, -2.876736E+000, -1.634971E+000
3.703200E-002, -1.468520E-001, -9.436658E+000, 4.433806E-001, -4.099719E+000, -1.362665E+000, -2.900484E+000, -1.672585E+000
3.704000E-002, -4.889309E-001, -9.114953E+000, -1.948926E-002, -4.183019E+000, -1.407936E+000, -2.940653E+000, -1.683197E+000
3.704800E-002, -9.657680E-001, -8.866526E+000, -4.726145E-001, -4.168385E+000, -1.474588E+000, -2.976570E+000, -1.690744E+000
3.705600E-002, -1.081522E+000, -8.634184E+000, -6.187839E-001, -3.757513E+000, -1.566563E+000, -3.012013E+000, -1.698762E+000
3.706400E-002, -9.329423E-001, -8.387545E+000, -7.275989E-001, -3.052838E+000, -1.661166E+000, -3.063761E+000, -1.697465E+000
3.707200E-002, -8.016393E-001, -8.233841E+000, -1.018314E+000, -2.327902E+000, -1.778942E+000, -3.106885E+000, -1.707487E+000
3.708000E-002, -8.500141E-001, -8.198096E+000, -1.317149E+000, -1.614222E+000, -1.929924E+000, -3.121180E+000, -1.729655E+000
3.708800E-002, -1.031420E+000, -8.112309E+000, -1.356127E+000, -8.678976E-001, -2.066095E+000, -3.124843E+000, -1.740031E+000
3.709600E-002, -1.007232E+000, -7.965754E+000, -1.183972E+000, -9.005423E-002, -2.167865E+000, -3.133586E+000, -1.726000E+000
3.710400E-002, -7.947286E-001, -7.740561E+000, -1.130377E+000, 7.193081E-001, -2.248254E+000, -3.152016E+000, -1.688032E+000
3.711200E-002, -7.636305E-001, -7.377750E+000, -1.284667E+000, 1.553435E+000, -2.306186E+000, -3.173873E+000, -1.649003E+000
3.712000E-002, -7.705412E-001, -7.207962E+000, -1.399978E+000, 2.408951E+000, -2.346321E+000, -3.182616E+000, -1.616341E+000
3.712800E-002, -5.476717E-001, -7.336644E+000, -1.263554E+000, 3.172160E+000, -2.369852E+000, -3.174346E+000, -1.568705E+000
3.713600E-002, -4.232794E-001, -7.368814E+000, -9.825833E-001, 3.865578E+000, -2.384902E+000, -3.163831E+000, -1.503735E+000
3.714400E-002, -6.029571E-001, -7.234771E+000, -7.811944E-001, 4.718842E+000, -2.428501E+000, -3.158633E+000, -1.433813E+000
3.715200E-002, -6.185062E-001, -7.070344E+000, -5.814295E-001, 5.528204E+000, -2.493600E+000, -3.151898E+000, -1.367193E+000
3.716000E-002, -2.245972E-001, -6.950599E+000, -2.696014E-001, 5.924443E+000, -2.525971E+000, -3.144573E+000, -1.306704E+000
3.716800E-002, 1.848608E-001, -6.977407E+000, 1.786515E-002, 6.046016E+000, -2.515818E+000, -3.143628E+000, -1.246804E+000
3.717600E-002, 2.660613E-001, -7.041748E+000, 1.689069E-001, 6.015623E+000, -2.484881E+000, -3.146464E+000, -1.187258E+000
3.718400E-002, 1.796778E-001, -6.961322E+000, 2.306229E-001, 5.670040E+000, -2.453466E+000, -3.151780E+000, -1.136556E+000
3.719200E-002, 2.176865E-001, -6.779023E+000, 3.946574E-001, 5.025026E+000, -2.441401E+000, -3.164540E+000, -1.086090E+000
3.720000E-002, 2.626060E-001, -6.723619E+000, 6.999891E-001, 4.219041E+000, -2.448091E+000, -3.177772E+000, -1.023596E+000
3.720800E-002, 3.368958E-001, -6.761151E+000, 1.044299E+000, 3.316247E+000, -2.473175E+000, -3.192304E+000, -9.574475E-001
3.721600E-002, 7.653582E-001, -6.632469E+000, 1.412971E+000, 2.372929E+000, -2.520596E+000, -3.222077E+000, -8.895301E-001
3.722400E-002, 1.192093E+000, -6.505574E+000, 1.671204E+000, 1.393589E+000, -2.566942E+000, -3.252913E+000, -8.072273E-001
3.723200E-002, 1.245651E+000, -6.578852E+000, 1.659835E+000, 4.919212E-001, -2.590234E+000, -3.266500E+000, -7.134871E-001
3.724000E-002, 1.368315E+000, -6.562767E+000, 1.565637E+000, -2.983046E-001, -2.597162E+000, -3.278196E+000, -6.216334E-001
3.724800E-002, 1.715577E+000, -6.305403E+000, 1.684197E+000, -1.220235E+000, -2.605643E+000, -3.295564E+000, -5.319022E-001
3.725600E-002, 1.983366E+000, -6.096295E+000, 1.966791E+000, -2.170307E+000, -2.635983E+000, -3.303361E+000, -4.349783E-001
3.726400E-002, 2.251155E+000, -6.149912E+000, 2.130825E+000, -2.860348E+000, -2.696662E+000, -3.309978E+000, -3.288573E-001
3.727200E-002, 2.501667E+000, -6.275020E+000, 2.104840E+000, -3.480596E+000, -2.766301E+000, -3.329708E+000, -2.193168E-001
3.728000E-002, 2.472297E+000, -6.219615E+000, 2.007393E+000, -4.233675E+000, -2.837253E+000, -3.335497E+000, -1.103659E-001
3.728800E-002, 2.510306E+000, -6.114168E+000, 1.963543E+000, -4.901202E+000, -2.932692E+000, -3.314113E+000, 3.537368E-004
3.729600E-002, 2.785005E+000, -6.153487E+000, 2.047996E+000, -5.225397E+000, -3.029445E+000, -3.292965E+000, 1.128420E-001
3.730400E-002, 2.809193E+000, -6.164210E+000, 2.143818E+000, -5.179244E+000, -3.071969E+000, -3.274534E+000, 2.115346E-001
3.731200E-002, 2.753907E+000, -6.062337E+000, 2.186045E+000, -4.900076E+000, -3.066116E+000, -3.247951E+000, 2.957239E-001
3.732000E-002, 3.052794E+000, -6.089146E+000, 2.293236E+000, -4.420537E+000, -3.057515E+000, -3.228457E+000, 3.865164E-001
3.732800E-002, 3.386235E+000, -6.089146E+000, 2.302980E+000, -3.596541E+000, -3.047482E+000, -3.211444E+000, 4.784879E-001
3.733600E-002, 3.572823E+000, -5.779953E+000, 2.132449E+000, -2.520393E+000, -3.011647E+000, -3.179190E+000, 5.519473E-001
3.734400E-002, 3.850978E+000, -5.547611E+000, 2.164932E+000, -1.463381E+000, -2.975693E+000, -3.146582E+000, 6.229305E-001
3.735200E-002, 4.013380E+000, -5.527951E+000, 2.408547E+000, -4.637793E-001, -2.970676E+000, -3.118699E+000, 7.085348E-001
3.736000E-002, 3.837157E+000, -5.283098E+000, 2.432909E+000, 5.234402E-001, -2.974738E+000, -3.077939E+000, 7.916629E-001
3.736800E-002, 3.678211E+000, -4.968543E+000, 2.311101E+000, 1.498277E+000, -2.971632E+000, -3.034461E+000, 8.580475E-001
3.737600E-002, 3.807787E+000, -4.888117E+000, 2.418292E+000, 2.448349E+000, -2.956223E+000, -3.003743E+000, 9.186544E-001
3.738400E-002, 4.089397E+000, -4.807691E+000, 2.687893E+000, 3.155275E+000, -2.902113E+000, -2.967354E+000, 9.849211E-001
3.739200E-002, 4.227611E+000, -4.680797E+000, 2.788588E+000, 3.443449E+000, -2.810497E+000, -2.912771E+000, 1.053192E+000
3.740000E-002, 4.184419E+000, -4.680797E+000, 2.731744E+000, 3.495230E+000, -2.724972E+000, -2.858896E+000, 1.119931E+000
3.740800E-002, 4.265619E+000, -4.743350E+000, 2.725248E+000, 3.508738E+000, -2.656050E+000, -2.812583E+000, 1.190324E+000
3.741600E-002, 4.372735E+000, -4.573562E+000, 2.759354E+000, 3.515492E+000, -2.583903E+000, -2.761308E+000, 1.262251E+000
3.742400E-002, 4.244887E+000, -4.203602E+000, 2.861672E+000, 3.485099E+000, -2.522029E+000, -2.710741E+000, 1.326277E+000
3.743200E-002, 4.203423E+000, -4.173219E+000, 3.100416E+000, 3.389416E+000, -2.481058E+000, -2.663601E+000, 1.388771E+000
3.744000E-002, 4.383101E+000, -4.418071E+000, 3.308301E+000, 3.353395E+000, -2.453466E+000, -2.612562E+000, 1.464117E+000
3.744800E-002, 4.490217E+000, -4.346581E+000, 3.324542E+000, 3.434443E+000, -2.453824E+000, -2.567667E+000, 1.541231E+000
3.745600E-002, 4.474668E+000, -4.032026E+000, 3.270947E+000, 3.357897E+000, -2.473772E+000, -2.525606E+000, 1.592405E+000
3.746400E-002, 4.443570E+000, -3.908706E+000, 3.329415E+000, 3.025822E+000, -2.469591E+000, -2.476694E+000, 1.628368E+000
3.747200E-002, 4.429748E+000, -3.989132E+000, 3.504818E+000, 2.643092E+000, -2.426471E+000, -2.432271E+000, 1.687796E+000
3.748000E-002, 4.400378E+000, -3.985558E+000, 3.646115E+000, 2.056613E+000, -2.356116E+000, -2.389975E+000, 1.757364E+000
3.748800E-002, 4.336454E+000, -3.856876E+000, 3.699711E+000, 1.006356E+000, -2.266768E+000, -2.342362E+000, 1.794271E+000
3.749600E-002, 4.300173E+000, -3.722833E+000, 3.745185E+000, -3.264466E-001, -2.179571E+000, -2.302547E+000, 1.811250E+000
3.750400E-002, 4.324360E+000, -3.503002E+000, 3.782540E+000, -1.806713E+000, -2.143856E+000, -2.266040E+000, 1.831295E+000
3.751200E-002, 4.407289E+000, -3.284958E+000, 3.754930E+000, -3.401798E+000, -2.185782E+000, -2.219608E+000, 1.843204E+000
3.752000E-002, 4.581783E+000, -3.354660E+000, 3.672101E+000, -4.774000E+000, -2.263185E+000, -2.180502E+000, 1.850515E+000
3.752800E-002, 4.815019E+000, -3.531598E+000, 3.670477E+000, -5.742083E+000, -2.342499E+000, -2.159708E+000, 1.855821E+000
3.753600E-002, 4.980875E+000, -3.499427E+000, 3.819894E+000, -6.365708E+000, -2.426709E+000, -2.137851E+000, 1.849808E+000
3.754400E-002, 4.982603E+000, -3.433299E+000, 3.962816E+000, -6.486156E+000, -2.481297E+000, -2.101462E+000, 1.847213E+000
3.755200E-002, 4.894492E+000, -3.540534E+000, 3.969312E+000, -5.998737E+000, -2.475325E+000, -2.061883E+000, 1.859123E+000
3.756000E-002, 4.802925E+000, -3.595938E+000, 3.845880E+000, -4.990130E+000, -2.424679E+000, -2.027621E+000, 1.868791E+000
3.756800E-002, 4.700993E+000, -3.415426E+000, 3.727320E+000, -3.499732E+000, -2.336765E+000, -1.985916E+000, 1.862306E+000
3.757600E-002, 4.721725E+000, -3.220617E+000, 3.673725E+000, -1.702025E+000, -2.229262E+000, -1.936649E+000, 1.850161E+000
3.758400E-002, 4.930773E+000, -3.161638E+000, 3.649363E+000, 1.395841E-001, -2.139556E+000, -1.893998E+000, 1.842733E+000
3.759200E-002, 5.037888E+000, -3.007935E+000, 3.789036E+000, 1.937292E+000, -2.063348E+000, -1.853120E+000, 1.834479E+000
3.760000E-002, 4.847845E+000, -2.786316E+000, 4.050517E+000, 3.622432E+000, -2.003146E+000, -1.807515E+000, 1.825871E+000
3.760800E-002, 4.635341E+000, -2.879253E+000, 4.214552E+000, 4.973245E+000, -1.978181E+000, -1.765455E+000, 1.808067E+000
3.761600E-002, 4.726908E+000, -3.097297E+000, 4.350976E+000, 5.827634E+000, -1.946647E+000, -1.733556E+000, 1.770924E+000
3.762400E-002, 4.835751E+000, -2.965041E+000, 4.479281E+000, 6.245261E+000, -1.887281E+000, -1.719733E+000, 1.738380E+000
3.763200E-002, 4.592149E+000, -2.738060E+000, 4.401324E+000, 6.301545E+000, -1.850014E+000, -1.730011E+000, 1.713619E+000
3.764000E-002, 4.434931E+000, -2.822061E+000, 4.229168E+000, 6.092169E+000, -1.843683E+000, -1.742889E+000, 1.669520E+000
3.764800E-002, 4.643979E+000, -2.893551E+000, 4.281140E+000, 5.763471E+000, -1.851208E+000, -1.743835E+000, 1.618464E+000
3.765600E-002, 4.759733E+000, -2.584357E+000, 4.388331E+000, 5.263670E+000, -1.872589E+000, -1.755058E+000, 1.585920E+000
3.766400E-002, 4.709631E+000, -2.378824E+000, 4.290884E+000, 4.640044E+000, -1.880592E+000, -1.780814E+000, 1.563752E+000
3.767200E-002, 4.650890E+000, -2.489633E+000, 4.230793E+000, 4.179642E+000, -1.872470E+000, -1.802317E+000, 1.538283E+000
3.768000E-002, 4.483306E+000, -2.289462E+000, 4.248658E+000, 3.874583E+000, -1.877845E+000, -1.817794E+000, 1.511163E+000
3.768800E-002, 4.205151E+000, -2.032098E+000, 4.094368E+000, 3.615677E+000, -1.884415E+000, -1.826655E+000, 1.495481E+000
3.769600E-002, 3.999558E+000, -2.167929E+000, 3.940078E+000, 3.458082E+000, -1.893970E+000, -1.829609E+000, 1.493713E+000
3.770400E-002, 4.066937E+000, -2.110737E+000, 3.870241E+000, 3.259963E+000, -1.941630E+000, -1.834807E+000, 1.484987E+000
3.771200E-002, 4.163687E+000, -1.817629E+000, 3.644491E+000, 2.798435E+000, -2.015091E+000, -1.835043E+000, 1.459990E+000
3.772000E-002, 4.060027E+000, -1.721118E+000, 3.348904E+000, 2.044231E+000, -2.097391E+000, -1.827718E+000, 1.440534E+000
3.772800E-002, 4.101490E+000, -1.678224E+000, 3.225472E+000, 1.076148E+000, -2.187096E+000, -1.826655E+000, 1.439827E+000
3.773600E-002, 4.281168E+000, -1.537031E+000, 3.179997E+000, -6.191228E-002, -2.242759E+000, -1.832680E+000, 1.437350E+000
3.774400E-002, 4.239704E+000, -1.361881E+000, 2.972112E+000, -1.430737E+000, -2.243595E+000, -1.821102E+000, 1.424970E+000
3.775200E-002, 4.072120E+000, -1.142050E+000, 2.756106E+000, -2.895243E+000, -2.223886E+000, -1.780460E+000, 1.425088E+000
3.776000E-002, 3.952911E+000, -9.454530E-001, 2.713879E+000, -4.123358E+000, -2.206805E+000, -1.740054E+000, 1.439119E+000
3.776800E-002, 3.920085E+000, -9.347295E-001, 2.531979E+000, -4.974370E+000, -2.186021E+000, -1.713471E+000, 1.452679E+000
3.777600E-002, 4.099763E+000, -9.293678E-001, 2.114584E+000, -5.441527E+000, -2.145409E+000, -1.674128E+000, 1.461169E+000
3.778400E-002, 4.293262E+000, -7.006003E-001, 1.877465E+000, -5.570980E+000, -2.086163E+000, -1.619427E+000, 1.457396E+000
3.779200E-002, 4.123950E+000, -5.826421E-001, 1.825494E+000, -5.424642E+000, -2.030141E+000, -1.573704E+000, 1.432280E+000
3.780000E-002, 3.892442E+000, -6.648554E-001, 1.648466E+000, -5.047540E+000, -1.976509E+000, -1.540505E+000, 1.389950E+000
3.780800E-002, 4.041022E+000, -4.825563E-001, 1.484432E+000, -4.618656E+000, -1.906632E+000, -1.512505E+000, 1.347148E+000
3.781600E-002, 4.386556E+000, -1.590649E-001, 1.447077E+000, -4.201030E+000, -1.826960E+000, -1.491593E+000, 1.310713E+000
3.782400E-002, 4.493672E+000, -2.091078E-001, 1.443829E+000, -3.598792E+000, -1.781331E+000, -1.473989E+000, 1.272509E+000
3.783200E-002, 4.210334E+000, -4.539604E-001, 1.357751E+000, -2.855845E+000, -1.787781E+000, -1.447997E+000, 1.226877E+000
3.784000E-002, 3.920085E+000, -4.396625E-001, 1.143370E+000, -2.272744E+000, -1.804623E+000, -1.408064E+000, 1.183721E+000
3.784800E-002, 3.963277E+000, -2.180440E-001, 1.073533E+000, -1.832604E+000, -1.807609E+000, -1.367422E+000, 1.159195E+000
3.785600E-002, 4.193057E+000, -1.090220E-001, 1.180724E+000, -1.264136E+000, -1.784198E+000, -1.344856E+000, 1.141862E+000
3.786400E-002, 4.381373E+000, -1.358307E-001, 1.240816E+000, -5.076807E-001, -1.703092E+000, -1.330678E+000, 1.115686E+000
3.787200E-002, 4.400378E+000, -3.038318E-002, 1.274922E+000, 4.131238E-001, -1.601561E+000, -1.302087E+000, 1.098942E+000
3.788000E-002, 4.332999E+000, 2.126822E-001, 1.235944E+000, 1.497152E+000, -1.538732E+000, -1.258845E+000, 1.093872E+000
3.788800E-002, 4.450480E+000, 3.663854E-001, 1.026434E+000, 2.578928E+000, -1.503375E+000, -1.215722E+000, 1.079015E+000
3.789600E-002, 4.664711E+000, 3.645981E-001, 8.542791E-001, 3.620180E+000, -1.496328E+000, -1.187131E+000, 1.049655E+000
3.790400E-002, 4.673350E+000, 2.841721E-001, 1.031307E+000, 4.683946E+000, -1.523801E+000, -1.171299E+000, 1.004377E+000
3.791200E-002, 4.694082E+000, 2.627251E-001, 1.395106E+000, 5.525953E+000, -1.543151E+000, -1.151569E+000, 9.541460E-001
3.792000E-002, 4.953232E+000, 2.948956E-001, 1.604615E+000, 5.935699E+000, -1.553782E+000, -1.127467E+000, 9.075707E-001
3.792800E-002, 5.164008E+000, 2.037460E-001, 1.734544E+000, 5.976224E+000, -1.573252E+000, -1.098521E+000, 8.449593E-001
3.793600E-002, 5.203745E+000, 8.042606E-002, 1.796260E+000, 5.730826E+000, -1.531804E+000, -1.053271E+000, 7.677267E-001
3.794400E-002, 5.326409E+000, 1.912353E-001, 1.663083E+000, 5.160108E+000, -1.406264E+000, -1.010739E+000, 7.024033E-001
3.795200E-002, 5.449074E+000, 3.896196E-001, 1.568885E+000, 4.178516E+000, -1.299716E+000, -9.901814E-001, 6.487532E-001
3.796000E-002, 5.367873E+000, 3.163425E-001, 1.732920E+000, 2.951527E+000, -1.242261E+000, -9.723414E-001, 5.954569E-001
3.796800E-002, 5.295311E+000, 1.036603E-001, 1.877465E+000, 1.767314E+000, -1.181104E+000, -9.519021E-001, 5.440472E-001
3.797600E-002, 5.231388E+000, 9.293678E-002, 1.849855E+000, 5.988606E-001, -1.135475E+000, -9.461129E-001, 4.896896E-001
3.798400E-002, 5.084536E+000, 1.608521E-001, 1.883961E+000, -5.831012E-001, -1.131533E+000, -9.488303E-001, 4.269603E-001
3.799200E-002, 5.030978E+000, 1.251072E-001, 1.835238E+000, -1.588331E+000, -1.152078E+000, -9.530836E-001, 3.622265E-001
3.800000E-002, 4.998152E+000, 1.161710E-001, 1.596495E+000, -2.439344E+000, -1.189465E+000, -9.716325E-001, 2.957239E-001
3.800800E-002, 4.996424E+000, 2.073205E-001, 1.580254E+000, -3.117002E+000, -1.221955E+000, -1.006249E+000, 2.252124E-001
3.801600E-002, 5.229660E+000, 3.681726E-001, 1.841735E+000, -3.364651E+000, -1.224344E+000, -1.043820E+000, 1.597711E-001
3.802400E-002, 5.454257E+000, 5.880039E-001, 1.992777E+000, -3.256586E+000, -1.204277E+000, -1.074065E+000, 1.019941E-001
3.803200E-002, 5.373056E+000, 6.112381E-001, 1.883961E+000, -3.020194E+000, -1.169278E+000, -1.109627E+000, 4.622161E-002
3.804000E-002, 5.134638E+000, 3.252787E-001, 1.693941E+000, -2.706130E+000, -1.125560E+000, -1.159248E+000, -8.371770E-003
3.804800E-002, 4.999879E+000, 2.573634E-001, 1.615984E+000, -2.441595E+000, -1.090323E+000, -1.199300E+000, -6.414427E-002
3.805600E-002, 5.155370E+000, 5.880039E-001, 1.604615E+000, -2.313268E+000, -1.069061E+000, -1.221984E+000, -1.249870E-001
3.806400E-002, 5.476717E+000, 7.488559E-001, 1.507169E+000, -2.278372E+000, -1.055325E+000, -1.255419E+000, -1.894850E-001
3.807200E-002, 5.571739E+000, 6.344723E-001, 1.289539E+000, -2.338033E+000, -1.039677E+000, -1.308585E+000, -2.483232E-001
3.808000E-002, 5.450801E+000, 6.183870E-001, 1.159611E+000, -2.560917E+000, -1.008143E+000, -1.353008E+000, -2.934836E-001
3.808800E-002, 5.326409E+000, 7.113238E-001, 1.219703E+000, -2.924511E+000, -9.572578E-001, -1.376282E+000, -3.369932E-001
3.809600E-002, 5.172647E+000, 7.202600E-001, 1.218078E+000, -3.187920E+000, -9.106730E-001, -1.405465E+000, -3.953598E-001
3.810400E-002, 5.062076E+000, 5.844294E-001, 1.133625E+000, -3.141767E+000, -8.910835E-001, -1.446934E+000, -4.624519E-001
3.811200E-002, 5.086263E+000, 5.183012E-001, 1.284667E+000, -2.709507E+000, -8.900084E-001, -1.484740E+000, -5.244737E-001
3.812000E-002, 5.177830E+000, 6.416212E-001, 1.518538E+000, -1.881008E+000, -8.961003E-001, -1.524910E+000, -5.762372E-001
3.812800E-002, 5.265941E+000, 6.898769E-001, 1.391858E+000, -6.765324E-001, -9.174815E-001, -1.569097E+000, -6.217514E-001
3.813600E-002, 5.309133E+000, 6.148126E-001, 1.141746E+000, 9.602032E-001, -9.582134E-001, -1.593553E+000, -6.736327E-001
3.814400E-002, 5.310860E+000, 6.666427E-001, 1.183972E+000, 2.861473E+000, -1.007904E+000, -1.593317E+000, -7.288157E-001
3.815200E-002, 5.158825E+000, 8.382183E-001, 1.291163E+000, 4.653553E+000, -1.072645E+000, -1.595207E+000, -7.789284E-001
3.816000E-002, 4.747640E+000, 9.079208E-001, 1.253809E+000, 6.234004E+000, -1.155183E+000, -1.604659E+000, -8.338755E-001
3.816800E-002, 4.467757E+000, 8.739632E-001, 1.237568E+000, 7.368688E+000, -1.218252E+000, -1.605840E+000, -8.940107E-001
3.817600E-002, 4.604243E+000, 9.436657E-001, 1.312277E+000, 7.555550E+000, -1.229241E+000, -1.604068E+000, -9.457743E-001
3.818400E-002, 4.892764E+000, 9.704744E-001, 1.422716E+000, 6.918417E+000, -1.193765E+000, -1.600878E+000, -9.896376E-001
3.819200E-002, 5.077625E+000, 6.988131E-001, 1.528283E+000, 5.829886E+000, -1.129144E+000, -1.586464E+000, -1.041991E+000
3.820000E-002, 5.018884E+000, 5.486844E-001, 1.490928E+000, 4.231423E+000, -1.053533E+000, -1.570633E+000, -1.106489E+000
3.820800E-002, 4.685443E+000, 7.738774E-001, 1.390234E+000, 2.252481E+000, -9.780418E-001, -1.558464E+000, -1.169572E+000
3.821600E-002, 4.327816E+000, 7.738774E-001, 1.580254E+000, 3.140641E-001, -9.124647E-001, -1.543223E+000, -1.229235E+000
3.822400E-002, 4.255253E+000, 4.057048E-001, 1.901827E+000, -1.384584E+000, -8.755552E-001, -1.536607E+000, -1.296681E+000
3.823200E-002, 4.365824E+000, 3.181297E-001, 1.963543E+000, -2.801812E+000, -8.686273E-001, -1.544404E+000, -1.387945E+000
3.824000E-002, 4.362369E+000, 7.309835E-001, 1.994401E+000, -3.742879E+000, -8.643271E-001, -1.552320E+000, -1.504796E+000
3.824800E-002, 4.343365E+000, 1.122390E+000, 2.161683E+000, -4.087337E+000, -8.348234E-001, -1.565552E+000, -1.622237E+000
3.825600E-002, 4.367552E+000, 9.954959E-001, 2.148690E+000, -4.080582E+000, -7.764133E-001, -1.593317E+000, -1.720340E+000
3.826400E-002, 4.236249E+000, 6.291105E-001, 2.007393E+000, -3.927490E+000, -7.055805E-001, -1.616237E+000, -1.813491E+000
3.827200E-002, 4.110129E+000, 6.058763E-001, 2.062613E+000, -3.620180E+000, -6.433480E-001, -1.627343E+000, -1.922088E+000
3.828000E-002, 4.165414E+000, 7.649412E-001, 2.255882E+000, -3.228444E+000, -6.114553E-001, -1.641638E+000, -2.037524E+000
3.828800E-002, 4.174053E+000, 6.255360E-001, 2.411795E+000, -2.894118E+000, -6.182638E-001, -1.654398E+000, -2.151427E+000
3.829600E-002, 4.072120E+000, 2.966828E-001, 2.549844E+000, -2.709507E+000, -6.451397E-001, -1.658061E+000, -2.269221E+000
3.830400E-002, 3.901081E+000, 1.894480E-001, 2.622929E+000, -2.576677E+000, -6.709405E-001, -1.663613E+000, -2.378762E+000
3.831200E-002, 3.650568E+000, 3.931940E-001, 2.606688E+000, -2.410076E+000, -6.858715E-001, -1.672711E+000, -2.475214E+000
3.832000E-002, 3.571096E+000, 5.790676E-001, 2.746361E+000, -2.475366E+000, -6.893355E-001, -1.672711E+000, -2.567304E+000
3.832800E-002, 3.793965E+000, 4.682584E-001, 3.128026E+000, -2.811943E+000, -6.947107E-001, -1.661369E+000, -2.652672E+000
3.833600E-002, 3.996103E+000, 2.895338E-001, 3.441478E+000, -2.977418E+000, -7.151363E-001, -1.646955E+000, -2.737805E+000
3.834400E-002, 3.797421E+000, 3.038318E-001, 3.475584E+000, -2.858096E+000, -7.416538E-001, -1.628760E+000, -2.827182E+000
3.835200E-002, 3.355137E+000, 2.984701E-001, 3.313174E+000, -2.663354E+000, -7.745021E-001, -1.600405E+000, -2.913140E+000
3.836000E-002, 3.173731E+000, 3.753216E-002, 3.222224E+000, -2.288503E+000, -8.396013E-001, -1.570987E+000, -3.008060E+000
3.836800E-002, 3.248021E+000, -2.430654E-001, 3.365145E+000, -1.485895E+000, -9.245290E-001, -1.554683E+000, -3.122670E+000
3.837600E-002, 3.327494E+000, -2.251930E-001, 3.595768E+000, -3.737251E-001, -9.862837E-001, -1.543223E+000, -3.237988E+000
3.838400E-002, 3.470891E+000, -8.400055E-002, 3.767923E+000, 7.080514E-001, -1.019013E+000, -1.524201E+000, -3.342695E+000
3.839200E-002, 3.519266E+000, -5.719186E-002, 3.918965E+000, 1.697522E+000, -1.030480E+000, -1.504471E+000, -3.443156E+000
3.840000E-002, 3.318856E+000, -1.143837E-001, 4.078127E+000, 2.620578E+000, -1.023910E+000, -1.493720E+000, -3.543499E+000
3.840800E-002, 3.151272E+000, -2.823848E-001, 4.173949E+000, 3.357897E+000, -1.018893E+000, -1.486395E+000, -3.649384E+000
3.841600E-002, 3.099442E+000, -4.235772E-001, 4.120354E+000, 3.835185E+000, -1.026060E+000, -1.470917E+000, -3.754444E+000
3.842400E-002, 2.980232E+000, -3.520874E-001, 4.053765E+000, 4.009665E+000, -1.037766E+000, -1.453668E+000, -3.851722E+000
3.843200E-002, 2.760818E+000, -3.181297E-001, 4.173949E+000, 3.935370E+000, -1.049352E+000, -1.446697E+000, -3.960319E+000
3.844000E-002, 2.562136E+000, -3.949813E-001, 4.346104E+000, 3.835185E+000, -1.046008E+000, -1.441972E+000, -4.086132E+000
3.844800E-002, 2.612238E+000, -3.270660E-001, 4.380210E+000, 3.686595E+000, -9.997814E-001, -1.437837E+000, -4.199209E+000
3.845600E-002, 2.778095E+000, -2.448527E-001, 4.407820E+000, 3.209308E+000, -9.133009E-001, -1.447879E+000, -4.276324E+000
3.846400E-002, 2.677890E+000, -3.360022E-001, 4.523131E+000, 2.499005E+000, -8.308816E-001, -1.468200E+000, -4.330210E+000
3.847200E-002, 2.534493E+000, -4.360880E-001, 4.618954E+000, 1.893390E+000, -7.932554E-001, -1.486040E+000, -4.393882E+000
3.848000E-002, 2.634698E+000, -4.825563E-001, 4.666053E+000, 1.384584E+000, -8.023335E-001, -1.502817E+000, -4.476657E+000
3.848800E-002, 2.667524E+000, -5.522589E-001, 4.667677E+000, 9.072964E-001, -8.385263E-001, -1.521956E+000, -4.553418E+000
3.849600E-002, 2.612238E+000, -5.737059E-001, 4.573479E+000, 5.549592E-001, -8.846333E-001, -1.544404E+000, -4.615675E+000
3.850400E-002, 2.496485E+000, -5.826421E-001, 4.391579E+000, 3.084357E-001, -9.321737E-001, -1.581738E+000, -4.680056E+000
3.851200E-002, 2.169955E+000, -6.380467E-001, 4.214552E+000, 1.722287E-001, -9.787585E-001, -1.633604E+000, -4.746558E+000
3.852000E-002, 2.106031E+000, -5.647696E-001, 4.170701E+000, 1.902396E-001, -1.035019E+000, -1.676728E+000, -4.807755E+000
3.852800E-002, 2.391097E+000, -4.039175E-001, 4.350976E+000, 2.240099E-001, -1.117318E+000, -1.710517E+000, -4.868597E+000
3.853600E-002, 2.403190E+000, -4.074920E-001, 4.583223E+000, 1.879882E-001, -1.212877E+000, -1.750569E+000, -4.920832E+000
3.854400E-002, 2.171682E+000, -5.647696E-001, 4.516635E+000, 9.343126E-002, -1.291593E+000, -1.794755E+000, -4.955263E+000
3.855200E-002, 2.036924E+000, -7.434942E-001, 4.190190E+000, -7.879745E-002, -1.327547E+000, -1.836697E+000, -4.986863E+000
3.856000E-002, 1.967817E+000, -8.864739E-001, 4.099240E+000, -3.343263E-001, -1.310466E+000, -1.870960E+000, -5.018228E+000
3.856800E-002, 1.895255E+000, -8.989846E-001, 4.406196E+000, -7.316906E-001, -1.296371E+000, -1.898488E+000, -5.035207E+000
3.857600E-002, 1.884889E+000, -7.720901E-001, 4.708280E+000, -1.282147E+000, -1.341284E+000, -1.925897E+000, -5.046527E+000
3.858400E-002, 1.895255E+000, -7.595794E-001, 4.813846E+000, -1.820221E+000, -1.396110E+000, -1.941493E+000, -5.057139E+000
3.859200E-002, 1.855518E+000, -9.794106E-001, 4.966512E+000, -2.199574E+000, -1.408772E+000, -1.942083E+000, -5.053012E+000
3.860000E-002, 1.929808E+000, -1.186731E+000, 5.148412E+000, -2.354918E+000, -1.395394E+000, -1.945155E+000, -5.046527E+000
3.860800E-002, 1.967817E+000, -1.204604E+000, 5.242610E+000, -2.161302E+000, -1.373893E+000, -1.953780E+000, -5.054663E+000
3.861600E-002, 1.610189E+000, -1.120603E+000, 5.356297E+000, -1.590583E+000, -1.362545E+000, -1.967249E+000, -5.060794E+000
3.862400E-002, 1.193821E+000, -1.102731E+000, 5.387156E+000, -7.643353E-001, -1.370310E+000, -1.984970E+000, -5.059144E+000
3.863200E-002, 1.231829E+000, -1.224263E+000, 5.340056E+000, 2.611573E-001, -1.376879E+000, -1.989578E+000, -5.060912E+000
3.864000E-002, 1.566998E+000, -1.376179E+000, 5.429382E+000, 1.454376E+000, -1.383927E+000, -1.975991E+000, -5.061384E+000
3.864800E-002, 1.751858E+000, -1.408350E+000, 5.507339E+000, 2.641966E+000, -1.398619E+000, -1.963114E+000, -5.053483E+000
3.865600E-002, 1.682751E+000, -1.397626E+000, 5.473233E+000, 3.561645E+000, -1.398022E+000, -1.959924E+000, -5.039334E+000
3.866400E-002, 1.587730E+000, -1.454818E+000, 5.551190E+000, 4.130112E+000, -1.392527E+000, -1.962995E+000, -5.028604E+000
3.867200E-002, 1.506529E+000, -1.520946E+000, 5.682742E+000, 4.440799E+000, -1.409608E+000, -1.969139E+000, -5.021411E+000
3.868000E-002, 1.197276E+000, -1.615670E+000, 5.760699E+000, 4.420537E+000, -1.423225E+000, -1.971856E+000, -5.001720E+000
3.868800E-002, 8.672908E-001, -1.651415E+000, 5.957216E+000, 4.002911E+000, -1.418208E+000, -1.968430E+000, -4.967172E+000
3.869600E-002, 8.983889E-001, -1.574564E+000, 6.142364E+000, 3.291482E+000, -1.416297E+000, -1.963586E+000, -4.936279E+000
3.870400E-002, 9.968661E-001, -1.688947E+000, 6.072527E+000, 2.316645E+000, -1.411041E+000, -1.964059E+000, -4.920597E+000
3.871200E-002, 1.060790E+000, -1.917715E+000, 5.978329E+000, 1.177459E+000, -1.398858E+000, -1.967130E+000, -4.908805E+000
3.872000E-002, 1.333762E+000, -1.774735E+000, 5.942599E+000, 1.125678E-001, -1.390735E+000, -1.956379E+000, -4.887345E+000
3.872800E-002, 1.347583E+000, -1.404775E+000, 5.827288E+000, -6.979203E-001, -1.370907E+000, -1.939130E+000, -4.859990E+000
3.873600E-002, 8.983889E-001, -1.367243E+000, 5.812671E+000, -1.277644E+000, -1.337103E+000, -1.938185E+000, -4.837586E+000
3.874400E-002, 6.599703E-001, -1.629968E+000, 5.898748E+000, -1.798833E+000, -1.314886E+000, -1.934758E+000, -4.817187E+000
3.875200E-002, 7.670859E-001, -1.758650E+000, 5.921486E+000, -2.213083E+000, -1.301866E+000, -1.903450E+000, -4.780045E+000
3.876000E-002, 7.394431E-001, -1.685373E+000, 5.926358E+000, -2.429213E+000, -1.270212E+000, -1.866588E+000, -4.731583E+000
3.876800E-002, 5.995018E-001, -1.642479E+000, 5.890628E+000, -2.549660E+000, -1.218252E+000, -1.835043E+000, -4.699393E+000
3.877600E-002, 7.273495E-001, -1.688947E+000, 5.773692E+000, -2.553037E+000, -1.169517E+000, -1.782468E+000, -4.677462E+000
3.878400E-002, 9.744064E-001, -1.676437E+000, 5.651885E+000, -2.462983E+000, -1.174534E+000, -1.730248E+000, -4.645389E+000
3.879200E-002, 9.415807E-001, -1.510223E+000, 5.487850E+000, -2.430339E+000, -1.252414E+000, -1.711817E+000, -4.613789E+000
3.880000E-002, 7.394431E-001, -1.340434E+000, 5.302702E+000, -2.300886E+000, -1.308435E+000, -1.678027E+000, -4.590678E+000
3.880800E-002, 5.113906E-001, -1.374392E+000, 5.268596E+000, -1.908024E+000, -1.331608E+000, -1.633486E+000, -4.559196E+000
3.881600E-002, 1.520350E-001, -1.519159E+000, 5.318943E+000, -1.479141E+000, -1.374610E+000, -1.616237E+000, -4.528892E+000
3.882400E-002, -1.606734E-001, -1.547755E+000, 5.286461E+000, -1.202224E+000, -1.382971E+000, -1.588945E+000, -4.506017E+000
3.883200E-002, -1.831331E-001, -1.394052E+000, 5.252355E+000, -8.971653E-001, -1.374729E+000, -1.567797E+000, -4.468874E+000
3.884000E-002, -9.847724E-002, -1.149199E+000, 5.314071E+000, -4.480198E-001, -1.368876E+000, -1.553265E+000, -4.446471E+000
3.884800E-002, -2.125035E-001, -1.102731E+000, 5.406644E+000, -1.080651E-001, -1.341284E+000, -1.525028E+000, -4.441283E+000
3.885600E-002, -3.766322E-001, -1.310051E+000, 5.440751E+000, -1.013110E-002, -1.344389E+000, -1.520066E+000, -4.416404E+000
3.886400E-002, -3.973643E-001, -1.317200E+000, 5.374163E+000, 6.866635E-002, -1.387749E+000, -1.518767E+000, -4.409329E+000
3.887200E-002, -4.180964E-001, -1.020517E+000, 5.301078E+000, 2.003707E-001, -1.420358E+000, -1.506243E+000, -4.431968E+000
3.888000E-002, -6.409659E-001, -8.096223E-001, 5.369290E+000, 3.365777E-001, -1.394319E+000, -1.511323E+000, -4.430553E+000
3.888800E-002, -1.079794E+000, -8.828994E-001, 5.453743E+000, 5.617133E-001, -1.314766E+000, -1.525501E+000, -4.398835E+000
3.889600E-002, -1.335490E+000, -1.041964E+000, 5.400148E+000, 8.904112E-001, -1.225300E+000, -1.540033E+000, -4.356386E+000
3.890400E-002, -1.209370E+000, -9.722617E-001, 5.346553E+000, 1.222486E+000, -1.147180E+000, -1.568506E+000, -4.305566E+000
3.891200E-002, -1.171361E+000, -8.793249E-001, 5.323815E+000, 1.520791E+000, -1.107046E+000, -1.600996E+000, -4.257576E+000
3.892000E-002, -1.357949E+000, -9.633254E-001, 5.206880E+000, 1.822472E+000, -1.109793E+000, -1.613874E+000, -4.229984E+000
3.892800E-002, -1.389047E+000, -8.721759E-001, 5.086696E+000, 2.114023E+000, -1.137983E+000, -1.628170E+000, -4.207581E+000
3.893600E-002, -1.347583E+000, -7.023876E-001, 5.151660E+000, 2.341410E+000, -1.182179E+000, -1.664559E+000, -4.161595E+000
3.894400E-002, -1.568725E+000, -7.792391E-001, 5.325439E+000, 2.455103E+000, -1.211563E+000, -1.691260E+000, -4.117732E+000
3.895200E-002, -1.921170E+000, -8.328565E-001, 5.375787E+000, 2.374055E+000, -1.223269E+000, -1.708627E+000, -4.097923E+000
3.896000E-002, -1.971272E+000, -6.648554E-001, 5.344929E+000, 2.093761E+000, -1.248831E+000, -1.739345E+000, -4.067855E+000
3.896800E-002, -1.667202E+000, -5.433227E-001, 5.366042E+000, 1.689643E+000, -1.287413E+000, -1.765455E+000, -4.032363E+000
3.897600E-002, -1.508257E+000, -5.951529E-001, 5.314071E+000, 1.275393E+000, -1.314527E+000, -1.790975E+000, -4.020454E+000
3.898400E-002, -1.694845E+000, -6.577064E-001, 5.158156E+000, 9.241815E-001, -1.299716E+000, -1.831263E+000, -3.998876E+000
3.899200E-002, -1.934991E+000, -7.667284E-001, 5.093193E+000, 4.491455E-001, -1.253728E+000, -1.858318E+000, -3.950650E+000
3.900000E-002, -2.081843E+000, -9.883469E-001, 5.096441E+000, -1.733544E-001, -1.231033E+000, -1.857964E+000, -3.902896E+000
3.900800E-002, -2.092209E+000, -1.015156E+000, 5.005491E+000, -5.853525E-001, -1.242142E+000, -1.858672E+000, -3.855849E+000
3.901600E-002, -2.014464E+000, -7.452815E-001, 4.919413E+000, -7.519528E-001, -1.291354E+000, -1.875685E+000, -3.806090E+000
3.902400E-002, -2.005826E+000, -5.915784E-001, 4.895051E+000, -8.960396E-001, -1.407936E+000, -1.892580E+000, -3.764231E+000
3.903200E-002, -2.069750E+000, -6.845151E-001, 4.867442E+000, -8.814058E-001, -1.548765E+000, -1.894353E+000, -3.717538E+000
3.904000E-002, -2.201053E+000, -6.702172E-001, 4.916165E+000, -6.450135E-001, -1.634648E+000, -1.881120E+000, -3.659878E+000
3.904800E-002, -2.366909E+000, -5.915784E-001, 5.055838E+000, -5.200632E-001, -1.647788E+000, -1.861626E+000, -3.616133E+000
3.905600E-002, -2.437744E+000, -8.292820E-001, 5.143539E+000, -5.774727E-001, -1.610759E+000, -1.843077E+000, -3.581113E+000
3.906400E-002, -2.429105E+000, -1.018730E+000, 5.063959E+000, -5.437024E-001, -1.550557E+000, -1.821693E+000, -3.531472E+000
3.907200E-002, -2.448110E+000, -7.399197E-001, 5.034725E+000, -3.804791E-001, -1.491191E+000, -1.799836E+000, -3.487609E+000
3.908000E-002, -2.524127E+000, -6.148126E-001, 5.289709E+000, -2.589059E-001, -1.454640E+000, -1.783177E+000, -3.454711E+000
3.908800E-002, -2.546587E+000, -8.703887E-001, 5.427758E+000, -3.028074E-001, -1.453923E+000, -1.761557E+000, -3.406721E+000
3.909600E-002, -2.539676E+000, -9.454530E-001, 5.210128E+000, -5.178118E-001, -1.475424E+000, -1.732493E+000, -3.357198E+000
3.910400E-002, -2.708988E+000, -9.543892E-001, 5.068831E+000, -7.575812E-001, -1.489161E+000, -1.711817E+000, -3.319702E+000
3.911200E-002, -2.895576E+000, -1.134901E+000, 5.106185E+000, -9.421924E-001, -1.480919E+000, -1.704019E+000, -3.274423E+000
3.912000E-002, -2.819559E+000, -1.186731E+000, 5.156532E+000, -1.080651E+000, -1.465749E+000, -1.693977E+000, -3.220537E+000
3.912800E-002, -2.686528E+000, -1.122390E+000, 5.179270E+000, -1.076148E+000, -1.460613E+000, -1.678027E+000, -3.176792E+000
3.913600E-002, -2.693439E+000, -1.161710E+000, 5.189014E+000, -9.027936E-001, -1.458223E+000, -1.668103E+000, -3.142126E+000
3.914400E-002, -2.686528E+000, -1.202816E+000, 5.276716E+000, -7.091771E-001, -1.433259E+000, -1.659006E+000, -3.102743E+000
3.915200E-002, -2.698622E+000, -1.106305E+000, 5.242610E+000, -5.572106E-001, -1.374132E+000, -1.641520E+000, -3.057819E+000
3.916000E-002, -2.912853E+000, -1.081284E+000, 5.046093E+000, -3.410804E-001, -1.304374E+000, -1.629824E+000, -3.010064E+000
3.916800E-002, -3.154727E+000, -1.311838E+000, 5.060710E+000, -9.905966E-002, -1.262090E+000, -1.627697E+000, -2.957122E+000
3.917600E-002, -3.054522E+000, -1.458393E+000, 5.195511E+000, -4.952983E-002, -1.288249E+000, -1.613638E+000, -2.910428E+000
3.918400E-002, -2.708988E+000, -1.324349E+000, 5.177646E+000, -1.373327E-001, -1.408294E+000, -1.581148E+000, -2.878946E+000
3.919200E-002, -2.688256E+000, -1.233200E+000, 5.037973E+000, -7.542042E-002, -1.573849E+000, -1.547240E+000, -2.842983E+000
3.920000E-002, -2.926674E+000, -1.333285E+000, 4.826839E+000, 1.283273E-001, -1.699389E+000, -1.519593E+000, -2.790394E+000
3.920800E-002, -2.762546E+000, -1.540606E+000, 4.718024E+000, 1.620976E-001, -1.753022E+000, -1.486040E+000, -2.731320E+000
3.921600E-002, -2.451565E+000, -1.692522E+000, 4.804102E+000, -9.905966E-002, -1.753500E+000, -1.440554E+000, -2.666586E+000
3.922400E-002, -2.560408E+000, -1.545968E+000, 4.844704E+000, -4.649050E-001, -1.734985E+000, -1.388924E+000, -2.601734E+000
3.923200E-002, -2.605328E+000, -1.365456E+000, 4.737514E+000, -7.800948E-001, -1.683025E+000, -1.331860E+000, -2.544900E+000
3.924000E-002, -2.379003E+000, -1.508435E+000, 4.670925E+000, -1.028870E+000, -1.542673E+000, -1.271841E+000, -2.479105E+000
3.924800E-002, -2.394552E+000, -1.683586E+000, 4.669301E+000, -1.375578E+000, -1.341523E+000, -1.206625E+000, -2.402462E+000
3.925600E-002, -2.544859E+000, -1.624606E+000, 4.667677E+000, -1.904647E+000, -1.163903E+000, -1.127703E+000, -2.346218E+000
3.926400E-002, -2.570774E+000, -1.463754E+000, 4.709904E+000, -2.285126E+000, -1.064403E+000, -1.056343E+000, -2.307779E+000
3.927200E-002, -2.544859E+000, -1.347583E+000, 4.734265E+000, -2.388689E+000, -1.085545E+000, -1.014519E+000, -2.264859E+000
3.928000E-002, -2.413556E+000, -1.351158E+000, 4.687166E+000, -2.519267E+000, -1.196154E+000, -9.819112E-001, -2.236796E+000
3.928800E-002, -2.278798E+000, -1.431584E+000, 4.649812E+000, -2.659977E+000, -1.285621E+000, -9.436319E-001, -2.227834E+000
3.929600E-002, -2.283981E+000, -1.444095E+000, 4.700159E+000, -2.572174E+000, -1.304016E+000, -9.096059E-001, -2.206846E+000
3.930400E-002, -2.263249E+000, -1.463754E+000, 4.787861E+000, -2.359421E+000, -1.271168E+000, -8.753435E-001, -2.178783E+000
3.931200E-002, -2.178593E+000, -1.563840E+000, 4.818718E+000, -2.073499E+000, -1.199140E+000, -8.390727E-001, -2.156144E+000
3.932000E-002, -2.197597E+000, -1.610308E+000, 4.817094E+000, -1.460004E+000, -1.115646E+000, -8.111902E-001, -2.121831E+000
3.932800E-002, -2.192414E+000, -1.649628E+000, 4.846328E+000, -4.626536E-001, -1.082440E+000, -7.866159E-001, -2.077260E+000
3.933600E-002, -1.934991E+000, -1.622819E+000, 4.922661E+000, 6.371337E-001, -1.119946E+000, -7.589697E-001, -2.038467E+000
3.934400E-002, -1.732854E+000, -1.426222E+000, 4.891803E+000, 1.568069E+000, -1.181820E+000, -7.385305E-001, -1.992010E+000
3.935200E-002, -1.879706E+000, -1.428009E+000, 4.714776E+000, 2.247979E+000, -1.206666E+000, -7.306147E-001, -1.929516E+000
3.936000E-002, -1.969545E+000, -1.526308E+000, 4.753755E+000, 2.697124E+000, -1.178237E+000, -7.243530E-001, -1.876574E+000
3.936800E-002, -1.725943E+000, -1.285030E+000, 5.024980E+000, 2.931265E+000, -1.144791E+000, -7.156101E-001, -1.835304E+000
3.937600E-002, -1.542810E+000, -1.066986E+000, 5.138667E+000, 2.966161E+000, -1.146583E+000, -7.139561E-001, -1.785310E+000
3.938400E-002, -1.541082E+000, -1.192093E+000, 5.106185E+000, 2.770293E+000, -1.187315E+000, -7.216356E-001, -1.742389E+000
3.939200E-002, -1.401141E+000, -1.367243E+000, 5.059086E+000, 2.327902E+000, -1.264240E+000, -7.336865E-001, -1.722462E+000
3.940000E-002, -1.275021E+000, -1.331498E+000, 4.927534E+000, 1.784199E+000, -1.311900E+000, -7.532988E-001, -1.712911E+000
3.940800E-002, -1.332034E+000, -1.041964E+000, 4.847952E+000, 1.367699E+000, -1.237842E+000, -7.835441E-001, -1.701592E+000
3.941600E-002, -1.325124E+000, -8.078350E-001, 4.977881E+000, 1.148191E+000, -1.063447E+000, -8.284396E-001, -1.673529E+000
3.942400E-002, -1.211097E+000, -8.918356E-001, 5.151660E+000, 1.087405E+000, -8.780637E-001, -8.884577E-001, -1.627543E+000
3.943200E-002, -1.090160E+000, -9.615382E-001, 5.067207E+000, 1.203350E+000, -7.330536E-001, -9.478852E-001, -1.588632E+000
3.944000E-002, -1.052152E+000, -8.543035E-001, 4.810598E+000, 1.557938E+000, -6.458564E-001, -1.001405E+000, -1.563399E+000
3.944800E-002, -1.081522E+000, -8.149841E-001, 4.808974E+000, 2.151170E+000, -6.004661E-001, -1.060951E+000, -1.537458E+000
3.945600E-002, -9.761341E-001, -7.434942E-001, 4.942151E+000, 2.742151E+000, -5.872073E-001, -1.127703E+000, -1.511517E+000
3.946400E-002, -7.757242E-001, -5.683441E-001, 4.830087E+000, 3.121505E+000, -6.322393E-001, -1.198591E+000, -1.500433E+000
3.947200E-002, -6.737916E-001, -4.289390E-001, 4.740762E+000, 3.426564E+000, -7.143002E-001, -1.272432E+000, -1.499254E+000
3.948000E-002, -6.375105E-001, -2.770231E-001, 4.846328E+000, 3.598792E+000, -7.901498E-001, -1.337058E+000, -1.488642E+000
3.948800E-002, -5.718591E-001, -1.912353E-001, 4.856073E+000, 3.343263E+000, -9.004005E-001, -1.385498E+000, -1.474021E+000
3.949600E-002, -4.854755E-001, -1.143837E-001, 4.729393E+000, 2.780424E+000, -1.077542E+000, -1.427085E+000, -1.467064E+000
3.950400E-002, -4.301901E-001, 2.412782E-001, 4.591344E+000, 2.182689E+000, -1.236289E+000, -1.461702E+000, -1.459046E+000
3.951200E-002, -4.111857E-001, 5.754931E-001, 4.549117E+000, 1.494900E+000, -1.280962E+000, -1.481314E+000, -1.432988E+000
3.952000E-002, -4.060026E-001, 5.540462E-001, 4.692039E+000, 5.774727E-001, -1.199140E+000, -1.490884E+000, -1.376744E+000
3.952800E-002, -3.835429E-001, 4.539604E-001, 4.768372E+000, -4.705333E-001, -1.029882E+000, -1.495728E+000, -1.297506E+000
3.953600E-002, -2.919764E-001, 4.664711E-001, 4.596216E+000, -1.374453E+000, -8.435431E-001, -1.492893E+000, -1.226405E+000
3.954400E-002, -1.779501E-001, 6.845151E-001, 4.539372E+000, -2.023969E+000, -7.328147E-001, -1.490766E+000, -1.188556E+000
3.955200E-002, -1.554904E-001, 1.097369E+000, 4.620578E+000, -2.357169E+000, -7.348453E-001, -1.498091E+000, -1.173934E+000
3.956000E-002, -1.865885E-001, 1.247498E+000, 4.409444E+000, -2.280623E+000, -7.905082E-001, -1.509433E+000, -1.167921E+000
3.956800E-002, -1.675841E-001, 1.058049E+000, 4.147964E+000, -1.948548E+000, -8.252676E-001, -1.530463E+000, -1.176175E+000
3.957600E-002, -2.004098E-001, 1.093794E+000, 4.156084E+000, -1.471261E+000, -7.836996E-001, -1.572996E+000, -1.186551E+000
3.958400E-002, -3.472618E-001, 1.410137E+000, 4.224296E+000, -7.665867E-001, -6.254307E-001, -1.623208E+000, -1.175585E+000
3.959200E-002, -3.731769E-001, 1.654990E+000, 4.407820E+000, -3.377034E-003, -4.111407E-001, -1.669993E+000, -1.150942E+000
3.960000E-002, -1.814054E-001, 1.948098E+000, 4.726145E+000, 5.166861E-001, -2.455855E-001, -1.725286E+000, -1.133491E+000
3.960800E-002, -4.837478E-002, 2.248355E+000, 4.752131E+000, 8.138651E-001, -1.468018E-001, -1.783177E+000, -1.129364E+000
3.961600E-002, -8.292820E-002, 2.255504E+000, 4.451671E+000, 9.950992E-001, -1.189704E-001, -1.832562E+000, -1.131014E+000
3.962400E-002, -1.071156E-001, 2.262653E+000, 4.250282E+000, 8.397557E-001, -1.740360E-001, -1.888563E+000, -1.135495E+000
3.963200E-002, 5.528547E-002, 2.518229E+000, 4.199935E+000, 3.579656E-001, -2.711474E-001, -1.959097E+000, -1.142334E+000
3.964000E-002, 3.127084E-001, 2.612953E+000, 4.123602E+000, -3.377034E-002, -3.808008E-001, -2.031638E+000, -1.149880E+000
3.964800E-002, 3.610832E-001, 2.364526E+000, 4.108985E+000, -3.163155E-001, -5.028769E-001, -2.090593E+000, -1.174524E+000
3.965600E-002, 3.455342E-001, 2.212610E+000, 4.149588E+000, -6.866635E-001, -6.097830E-001, -2.121075E+000, -1.211077E+000
3.966400E-002, 5.580377E-001, 2.468186E+000, 4.183694E+000, -9.827168E-001, -6.594735E-001, -2.129227E+000, -1.234541E+000
3.967200E-002, 7.843626E-001, 2.891764E+000, 4.284388E+000, -1.129055E+000, -6.427507E-001, -2.138678E+000, -1.247276E+000
3.968000E-002, 8.171883E-001, 3.141978E+000, 4.238913E+000, -1.277644E+000, -5.714402E-001, -2.147421E+000, -1.245861E+000
3.968800E-002, 6.392382E-001, 3.113382E+000, 4.005042E+000, -1.345185E+000, -4.535448E-001, -2.133716E+000, -1.225226E+000
3.969600E-002, 4.647435E-001, 2.979339E+000, 4.053765E+000, -1.139186E+000, -3.177322E-001, -2.100872E+000, -1.201290E+000
3.970400E-002, 6.236892E-001, 2.973977E+000, 4.337984E+000, -6.855378E-001, -1.852641E-001, -2.068264E+000, -1.183485E+000
3.971200E-002, 8.949335E-001, 2.988275E+000, 4.333111E+000, -1.125678E-001, -6.880216E-002, -2.047233E+000, -1.169808E+000
3.972000E-002, 9.709510E-001, 3.095510E+000, 4.118730E+000, 4.097467E-001, -3.619280E-002, -2.037191E+000, -1.161672E+000
3.972800E-002, 1.071156E+000, 3.515512E+000, 4.117105E+000, 7.924773E-001, -1.101312E-001, -2.034119E+000, -1.176411E+000
3.973600E-002, 1.314758E+000, 3.762152E+000, 4.276268E+000, 1.140312E+000, -2.132150E-001, -2.044398E+000, -1.218387E+000
3.974400E-002, 1.399413E+000, 3.647768E+000, 4.279516E+000, 1.360945E+000, -2.818977E-001, -2.062474E+000, -1.257770E+000
3.975200E-002, 1.306119E+000, 3.694237E+000, 4.139843E+000, 1.165077E+000, -2.625471E-001, -2.078306E+000, -1.282650E+000
3.976000E-002, 1.444333E+000, 3.771089E+000, 4.076503E+000, 6.483905E-001, -1.233900E-001, -2.106897E+000, -1.307765E+000
3.976800E-002, 1.833059E+000, 3.678152E+000, 4.053765E+000, 1.294530E-001, 5.411003E-002, -2.148839E+000, -1.340662E+000
3.977600E-002, 2.021375E+000, 3.772876E+000, 3.967688E+000, -3.658453E-001, 1.733193E-001, -2.177312E+000, -1.390657E+000
3.978400E-002, 1.836514E+000, 4.014154E+000, 3.904348E+000, -8.746517E-001, 2.274294E-001, -2.193498E+000, -1.460461E+000
3.979200E-002, 1.682751E+000, 4.178580E+000, 3.915716E+000, -1.290027E+000, 2.402103E-001, -2.221971E+000, -1.528850E+000
3.980000E-002, 1.833059E+000, 4.210751E+000, 4.040772E+000, -1.548933E+000, 2.479744E-001, -2.253871E+000, -1.581793E+000
3.980800E-002, 1.934991E+000, 4.030239E+000, 4.247034E+000, -1.569195E+000, 2.870340E-001, -2.275019E+000, -1.631080E+000
3.981600E-002, 1.867612E+000, 3.846153E+000, 4.273019E+000, -1.341808E+000, 3.367245E-001, -2.297939E+000, -1.691687E+000
3.982400E-002, 1.997187E+000, 3.903345E+000, 4.102489E+000, -9.511978E-001, 3.573890E-001, -2.321805E+000, -1.771632E+000
3.983200E-002, 2.235606E+000, 4.141048E+000, 3.996922E+000, -3.151898E-001, 3.674226E-001, -2.334092E+000, -1.859594E+000
3.984000E-002, 2.190687E+000, 4.319773E+000, 3.967688E+000, 4.795388E-001, 4.125741E-001, -2.339645E+000, -1.922088E+000
3.984800E-002, 2.012737E+000, 4.151772E+000, 3.892979E+000, 1.138060E+000, 4.878264E-001, -2.353113E+000, -1.957697E+000
3.985600E-002, 1.959179E+000, 3.967685E+000, 3.792284E+000, 1.685140E+000, 5.648705E-001, -2.380523E+000, -1.990005E+000
3.986400E-002, 1.928081E+000, 4.221475E+000, 3.823143E+000, 2.233345E+000, 6.367783E-001, -2.416794E+000, -2.014649E+000
3.987200E-002, 1.988549E+000, 4.391263E+000, 3.946574E+000, 2.587934E+000, 6.788241E-001, -2.456373E+000, -2.029388E+000
3.988000E-002, 2.214874E+000, 4.225049E+000, 3.866993E+000, 2.536152E+000, 6.607874E-001, -2.489218E+000, -2.050612E+000
3.988800E-002, 2.301258E+000, 4.250071E+000, 3.686718E+000, 2.263738E+000, 5.995105E-001, -2.523244E+000, -2.083627E+000
3.989600E-002, 2.168227E+000, 4.360879E+000, 3.694838E+000, 2.039728E+000, 5.181662E-001, -2.584679E+000, -2.121595E+000
3.990400E-002, 2.057656E+000, 4.182155E+000, 3.792284E+000, 1.742549E+000, 4.154408E-001, -2.657930E+000, -2.168288E+000
3.991200E-002, 2.142312E+000, 3.996281E+000, 3.821518E+000, 1.317043E+000, 3.259741E-001, -2.711332E+000, -2.233966E+000
3.992000E-002, 2.442927E+000, 4.099942E+000, 3.724072E+000, 9.466951E-001, 3.296770E-001, -2.763316E+000, -2.298110E+000
3.992800E-002, 2.651975E+000, 4.371603E+000, 3.459343E+000, 7.035487E-001, 4.616673E-001, -2.829242E+000, -2.344214E+000
3.993600E-002, 2.493029E+000, 4.518157E+000, 3.238465E+000, 6.427621E-001, 6.598318E-001, -2.888315E+000, -2.393501E+000
3.994400E-002, 2.282253E+000, 4.401986E+000, 3.270947E+000, 6.832865E-001, 8.267009E-001, -2.936754E+000, -2.446679E+000
3.995200E-002, 2.271887E+000, 4.219687E+000, 3.407372E+000, 6.191229E-001, 8.745996E-001, -2.981177E+000, -2.487949E+000
3.996000E-002, 2.358271E+000, 4.232198E+000, 3.462591E+000, 5.099321E-001, 7.600489E-001, -3.016267E+000, -2.535467E+000
3.996800E-002, 2.537949E+000, 4.353731E+000, 3.376514E+000, 5.110577E-001, 5.707235E-001, -3.053365E+000, -2.598079E+000
3.997600E-002, 2.641609E+000, 4.271517E+000, 3.197862E+000, 5.178118E-001, 4.386138E-001, -3.097197E+000, -2.651729E+000
3.998400E-002, 2.463659E+000, 4.133899E+000, 3.162132E+000, 3.118128E-001, 3.860565E-001, -3.134176E+000, -2.695356E+000
3.999200E-002, 2.228695E+000, 4.260794E+000, 3.279067E+000, -1.508408E-001, 3.938207E-001, -3.170802E+000, -2.739338E+000
4.000000E-002, 2.211419E+000, 4.403773E+000, 3.334287E+000, -6.416364E-001, 4.522308E-001, -3.203646E+000, -2.778367E+000
4.000800E-002, 2.418739E+000, 4.346581E+000, 3.261202E+000, -9.174275E-001, 5.209135E-001, -3.212625E+000, -2.823527E+000
4.001600E-002, 2.646792E+000, 4.160708E+000, 3.058189E+000, -1.059263E+000, 5.845795E-001, -3.210026E+000, -2.874937E+000
4.002400E-002, 2.638153E+000, 3.908706E+000, 2.910396E+000, -1.264136E+000, 6.517093E-001, -3.211916E+000, -2.907362E+000
4.003200E-002, 2.423922E+000, 3.780025E+000, 3.014338E+000, -1.471261E+000, 6.993691E-001, -3.206364E+000, -2.930120E+000
4.004000E-002, 2.220057E+000, 3.862238E+000, 3.123153E+000, -1.541053E+000, 7.193170E-001, -3.195140E+000, -2.967380E+000
4.004800E-002, 2.138857E+000, 3.944451E+000, 3.066310E+000, -1.560190E+000, 7.147780E-001, -3.192777E+000, -3.007942E+000
4.005600E-002, 2.233878E+000, 3.971260E+000, 3.098792E+000, -1.604091E+000, 6.517093E-001, -3.181199E+000, -3.047206E+000
4.006400E-002, 2.349632E+000, 4.189304E+000, 3.340783E+000, -1.491523E+000, 5.430115E-001, -3.147645E+000, -3.095669E+000
4.007200E-002, 2.283981E+000, 4.421646E+000, 3.545421E+000, -1.129055E+000, 4.800623E-001, -3.119526E+000, -3.152148E+000
4.008000E-002, 2.138857E+000, 4.233985E+000, 3.449598E+000, -8.149908E-001, 5.124328E-001, -3.101686E+000, -3.221009E+000
4.008800E-002, 2.000643E+000, 3.883685E+000, 3.205983E+000, -7.328163E-001, 6.494398E-001, -3.070023E+000, -3.289870E+000
4.009600E-002, 1.831331E+000, 3.855089E+000, 3.227096E+000, -5.245659E-001, 8.851111E-001, -3.028081E+000, -3.333380E+000
4.010400E-002, 1.763952E+000, 3.951600E+000, 3.430109E+000, -2.926763E-002, 1.128308E+000, -2.996536E+000, -3.362268E+000
4.011200E-002, 1.807144E+000, 3.765727E+000, 3.389507E+000, 2.825451E-001, 1.294699E+000, -2.974561E+000, -3.395755E+000
4.012000E-002, 1.748403E+000, 3.438661E+000, 3.173501E+000, 3.377034E-001, 1.380224E+000, -2.951759E+000, -3.433959E+000
4.012800E-002, 1.582546E+000, 3.267085E+000, 3.181621E+000, 6.281282E-001, 1.363979E+000, -2.944788E+000, -3.479001E+000
4.013600E-002, 1.516895E+000, 3.224191E+000, 3.322918E+000, 1.017613E+000, 1.258984E+000, -2.972080E+000, -3.538075E+000
4.014400E-002, 1.705211E+000, 3.304617E+000, 3.383010E+000, 1.036749E+000, 1.137147E+000, -3.020756E+000, -3.601158E+000
4.015200E-002, 1.890072E+000, 3.477980E+000, 3.413868E+000, 8.667720E-001, 1.014593E+000, -3.077585E+000, -3.656577E+000
4.016000E-002, 1.646470E+000, 3.528023E+000, 3.334287E+000, 8.847828E-001, 9.148537E-001, -3.147645E+000, -3.726499E+000
4.016800E-002, 1.300936E+000, 3.393980E+000, 3.173501E+000, 9.466951E-001, 9.036255E-001, -3.221723E+000, -3.811514E+000
4.017600E-002, 1.238740E+000, 3.193808E+000, 3.059813E+000, 7.170568E-001, 9.576162E-001, -3.274888E+000, -3.876012E+000
4.018400E-002, 1.093616E+000, 3.084786E+000, 2.827566E+000, 2.814195E-001, 1.005873E+000, -3.298990E+000, -3.932374E+000
4.019200E-002, 8.465587E-001, 3.152701E+000, 2.598567E+000, -9.005423E-002, 1.030360E+000, -3.305606E+000, -4.002649E+000
4.020000E-002, 8.776568E-001, 3.320703E+000, 2.702510E+000, -3.973643E-001, 1.027732E+000, -3.302180E+000, -4.060544E+000
4.020800E-002, 9.173932E-001, 3.511938E+000, 2.894155E+000, -7.699637E-001, 1.003365E+000, -3.292846E+000, -4.092853E+000
4.021600E-002, 6.858853E-001, 3.638832E+000, 2.838935E+000, -1.193219E+000, 9.887921E-001, -3.287884E+000, -4.116907E+000
4.022400E-002, 5.476717E-001, 3.608449E+000, 2.738240E+000, -1.550058E+000, 9.853281E-001, -3.298163E+000, -4.136008E+000
4.023200E-002, 6.305999E-001, 3.545896E+000, 2.712255E+000, -1.705402E+000, 9.717110E-001, -3.325218E+000, -4.148271E+000
4.024000E-002, 6.686086E-001, 3.597726E+000, 2.605064E+000, -1.485895E+000, 9.640663E-001, -3.351919E+000, -4.174566E+000
4.024800E-002, 5.770420E-001, 3.553045E+000, 2.470263E+000, -9.455694E-001, 9.779223E-001, -3.366097E+000, -4.213005E+000
4.025600E-002, 3.921813E-001, 3.254575E+000, 2.350080E+000, -3.793534E-001, 1.007307E+000, -3.375667E+000, -4.235762E+000
4.026400E-002, 2.487846E-001, 3.102659E+000, 2.203910E+000, 1.913652E-001, 1.069659E+000, -3.390081E+000, -4.250501E+000
4.027200E-002, 2.315079E-001, 3.326064E+000, 2.117832E+000, 8.870342E-001, 1.184209E+000, -3.402604E+000, -4.263236E+000
4.028000E-002, 2.798827E-001, 3.449384E+000, 2.161683E+000, 1.476889E+000, 1.326472E+000, -3.399769E+000, -4.261467E+000
4.028800E-002, 3.783599E-001, 3.245638E+000, 2.332214E+000, 1.778571E+000, 1.451295E+000, -3.383228E+000, -4.263472E+000
4.029600E-002, 3.869983E-001, 3.166999E+000, 2.428036E+000, 1.831478E+000, 1.547212E+000, -3.371650E+000, -4.280097E+000
4.030400E-002, 1.779501E-001, 3.383256E+000, 2.190917E+000, 1.547807E+000, 1.604786E+000, -3.380393E+000, -4.293067E+000
4.031200E-002, -1.036603E-001, 3.503002E+000, 1.976535E+000, 1.066017E+000, 1.586272E+000, -3.397287E+000, -4.304269E+000
4.032000E-002, -2.073205E-001, 3.422575E+000, 2.106464E+000, 6.720297E-001, 1.492266E+000, -3.399296E+000, -4.324314E+000
4.032800E-002, -1.382137E-001, 3.406490E+000, 2.163307E+000, 2.769168E-001, 1.362545E+000, -3.394688E+000, -4.341883E+000
4.033600E-002, -1.503074E-001, 3.456533E+000, 1.957046E+000, -1.857368E-001, 1.223508E+000, -3.396579E+000, -4.360513E+000
4.034400E-002, -2.004098E-001, 3.386831E+000, 1.817373E+000, -5.189375E-001, 1.100237E+000, -3.398114E+000, -4.392467E+000
4.035200E-002, -1.865885E-001, 3.242064E+000, 1.885586E+000, -6.483905E-001, 1.022118E+000, -3.399887E+000, -4.417819E+000
4.036000E-002, -3.489895E-001, 3.156276E+000, 1.953798E+000, -6.134945E-001, 9.993036E-001, -3.393979E+000, -4.424304E+000
4.036800E-002, -5.943188E-001, 3.125893E+000, 1.877465E+000, -3.286979E-001, 1.015429E+000, -3.360308E+000, -4.431497E+000
4.037600E-002, -5.666760E-001, 3.052616E+000, 1.874217E+000, 3.061844E-001, 1.048397E+000, -3.316239E+000, -4.441283E+000
4.038400E-002, -5.183012E-001, 2.940019E+000, 2.090223E+000, 1.141437E+000, 1.098565E+000, -3.282686E+000, -4.444467E+000
4.039200E-002, -7.411708E-001, 2.931083E+000, 2.229896E+000, 1.983444E+000, 1.179073E+000, -3.244170E+000, -4.452013E+000
4.040000E-002, -8.776568E-001, 3.054403E+000, 2.070734E+000, 2.756785E+000, 1.289204E+000, -3.204355E+000, -4.457201E+000
4.040800E-002, -8.154606E-001, 3.066914E+000, 1.952174E+000, 3.195800E+000, 1.419283E+000, -3.183680E+000, -4.454843E+000
4.041600E-002, -8.638355E-001, 2.875678E+000, 2.122705E+000, 3.007811E+000, 1.544585E+000, -3.168675E+000, -4.473945E+000
4.042400E-002, -9.865001E-001, 2.702316E+000, 2.262378E+000, 2.341410E+000, 1.630946E+000, -3.149772E+000, -4.509908E+000
4.043200E-002, -1.084977E+000, 2.673720E+000, 2.137322E+000, 1.588331E+000, 1.675022E+000, -3.156388E+000, -4.525354E+000
4.044000E-002, -1.128169E+000, 2.689805E+000, 1.880713E+000, 7.789691E-001, 1.702376E+000, -3.198093E+000, -4.519813E+000
4.044800E-002, -1.129897E+000, 2.625464E+000, 1.817373E+000, -3.219439E-001, 1.714679E+000, -3.251968E+000, -4.515804E+000
4.045600E-002, -1.299209E+000, 2.641549E+000, 2.047996E+000, -1.423983E+000, 1.688042E+000, -3.316712E+000, -4.522053E+000
4.046400E-002, -1.466793E+000, 2.705890E+000, 2.223399E+000, -2.108395E+000, 1.631782E+000, -3.398233E+000, -4.530071E+000
4.047200E-002, -1.357949E+000, 2.387760E+000, 2.171428E+000, -2.562043E+000, 1.580897E+000, -3.486370E+000, -4.526887E+000
4.048000E-002, -1.247378E+000, 2.060694E+000, 2.030131E+000, -2.874981E+000, 1.543748E+000, -3.574625E+000, -4.510851E+000
4.048800E-002, -1.318213E+000, 2.271589E+000, 1.986280E+000, -2.816446E+000, 1.513170E+000, -3.659926E+000, -4.497292E+000
4.049600E-002, -1.389047E+000, 2.396697E+000, 2.125953E+000, -2.433716E+000, 1.471243E+000, -3.731286E+000, -4.501536E+000
4.050400E-002, -1.390775E+000, 1.971332E+000, 2.241265E+000, -1.859620E+000, 1.399575E+000, -3.784215E+000, -4.504956E+000
4.051200E-002, -1.458154E+000, 1.674649E+000, 2.205534E+000, -1.157197E+000, 1.313811E+000, -3.829347E+000, -4.495523E+000
4.052000E-002, -1.682751E+000, 1.908778E+000, 2.192541E+000, -5.009267E-001, 1.235692E+000, -3.871998E+000, -4.492103E+000
4.052800E-002, -1.808871E+000, 2.023162E+000, 2.350080E+000, 0.000000E+000, 1.180626E+000, -3.901180E+000, -4.488802E+000
4.053600E-002, -1.625738E+000, 1.765799E+000, 2.562837E+000, 3.669710E-001, 1.174176E+000, -3.902007E+000, -4.463097E+000
4.054400E-002, -1.458154E+000, 1.681798E+000, 2.520611E+000, 4.705333E-001, 1.211563E+000, -3.881922E+000, -4.419941E+000
4.055200E-002, -1.565270E+000, 1.810480E+000, 2.309477E+000, 1.992450E-001, 1.255639E+000, -3.862783E+000, -4.369121E+000
4.056000E-002, -1.643015E+000, 1.783671E+000, 2.233144E+000, -2.116274E-001, 1.283590E+000, -3.846360E+000, -4.309693E+000
4.056800E-002, -1.570453E+000, 1.556691E+000, 2.181173E+000, -5.256916E-001, 1.278932E+000, -3.822258E+000, -4.247082E+000
4.057600E-002, -1.660292E+000, 1.299328E+000, 2.143818E+000, -7.485758E-001, 1.232108E+000, -3.789178E+000, -4.190012E+000
4.058400E-002, -1.924625E+000, 1.227838E+000, 2.212031E+000, -9.737114E-001, 1.189704E+000, -3.750544E+000, -4.141668E+000
4.059200E-002, -2.074933E+000, 1.184944E+000, 2.312725E+000, -1.170705E+000, 1.194960E+000, -3.713564E+000, -4.103347E+000
4.060000E-002, -2.047290E+000, 8.757504E-001, 2.458894E+000, -1.057011E+000, 1.204635E+000, -3.680129E+000, -4.073987E+000
4.060800E-002, -1.966089E+000, 6.058763E-001, 2.544972E+000, -5.301943E-001, 1.153750E+000, -3.641141E+000, -4.049814E+000
4.061600E-002, -1.874523E+000, 5.844294E-001, 2.557965E+000, 1.249502E-001, 1.044455E+000, -3.598017E+000, -4.032363E+000
4.062400E-002, -1.922898E+000, 5.236630E-001, 2.632674E+000, 8.093624E-001, 9.349210E-001, -3.558321E+000, -4.027411E+000
4.063200E-002, -2.216602E+000, 4.843436E-001, 2.689517E+000, 1.527545E+000, 8.975337E-001, -3.516969E+000, -4.017624E+000
4.064000E-002, -2.398007E+000, 6.005146E-001, 2.707382E+000, 2.046482E+000, 9.697999E-001, -3.469593E+000, -3.988029E+000
4.064800E-002, -2.270159E+000, 6.344723E-001, 2.734992E+000, 2.269367E+000, 1.090204E+000, -3.421389E+000, -3.953244E+000
4.065600E-002, -2.171682E+000, 6.023018E-001, 2.657035E+000, 2.293006E+000, 1.160200E+000, -3.375903E+000, -3.919639E+000
4.066400E-002, -2.232151E+000, 6.255360E-001, 2.566085E+000, 2.071247E+000, 1.176087E+000, -3.334788E+000, -3.889454E+000
4.067200E-002, -2.130218E+000, 5.951529E-001, 2.592071E+000, 1.517414E+000, 1.196393E+000, -3.296509E+000, -3.871295E+000
4.068000E-002, -1.938447E+000, 5.915784E-001, 2.570958E+000, 6.517675E-001, 1.241067E+000, -3.256103E+000, -3.846180E+000
4.068800E-002, -2.080116E+000, 7.274090E-001, 2.460519E+000, -3.725994E-001, 1.291832E+000, -3.219123E+000, -3.801609E+000
4.069600E-002, -2.308168E+000, 7.810264E-001, 2.431285E+000, -1.311415E+000, 1.312975E+000, -3.199511E+000, -3.768004E+000
4.070400E-002, -2.327173E+000, 5.594079E-001, 2.468639E+000, -2.075750E+000, 1.290757E+000, -3.199039E+000, -3.763995E+000
4.071200E-002, -2.320262E+000, 2.269802E-001, 2.473511E+000, -2.567671E+000, 1.256117E+000, -3.204237E+000, -3.766707E+000
4.072000E-002, -2.230423E+000, 8.936229E-002, 2.484880E+000, -2.551912E+000, 1.220402E+000, -3.207191E+000, -3.754916E+000
4.072800E-002, -2.128490E+000, 9.651127E-002, 2.470263E+000, -2.136537E+000, 1.175131E+000, -3.222786E+000, -3.730862E+000
4.073600E-002, -2.261521E+000, -1.429797E-002, 2.377689E+000, -1.644615E+000, 1.146344E+000, -3.255276E+000, -3.698436E+000
4.074400E-002, -2.522399E+000, -1.054475E-001, 2.298108E+000, -1.052509E+000, 1.142761E+000, -3.279496E+000, -3.655988E+000
4.075200E-002, -2.724537E+000, 1.787246E-002, 2.294860E+000, -1.823598E-001, 1.140014E+000, -3.289184E+000, -3.611888E+000
4.076000E-002, -2.746997E+000, 5.540462E-002, 2.335463E+000, 8.622693E-001, 1.130338E+000, -3.303125E+000, -3.566492E+000
4.076800E-002, -2.662341E+000, -1.501286E-001, 2.405299E+000, 1.806713E+000, 1.103104E+000, -3.321320E+000, -3.508833E+000
4.077600E-002, -2.658885E+000, -2.591506E-001, 2.439405E+000, 2.491125E+000, 1.042066E+000, -3.327227E+000, -3.453768E+000
4.078400E-002, -2.632970E+000, -2.412782E-001, 2.406923E+000, 2.721889E+000, 9.528382E-001, -3.326873E+000, -3.415211E+000
4.079200E-002, -2.515489E+000, -2.627251E-001, 2.429661E+000, 2.381934E+000, 8.447376E-001, -3.339750E+000, -3.370168E+000
4.080000E-002, -2.517216E+000, -1.840863E-001, 2.575830E+000, 1.804462E+000, 7.350842E-001, -3.357118E+000, -3.314867E+000
4.080800E-002, -2.631243E+000, -8.936229E-002, 2.751233E+000, 1.228115E+000, 6.581596E-001, -3.365742E+000, -3.262868E+000
4.081600E-002, -2.708988E+000, -2.234057E-001, 2.782091E+000, 4.615279E-001, 6.249529E-001, -3.376021E+000, -3.187522E+000
4.082400E-002, -2.816103E+000, -3.806833E-001, 2.705758E+000, -3.680967E-001, 6.189805E-001, -3.397406E+000, -3.080930E+000
4.083200E-002, -2.840291E+000, -3.485129E-001, 2.725248E+000, -8.633949E-001, 6.269836E-001, -3.422334E+000, -2.986482E+000
4.084000E-002, -2.660613E+000, -2.895338E-001, 2.762602E+000, -1.037875E+000, 6.390478E-001, -3.449154E+000, -2.912315E+000
4.084800E-002, -2.586323E+000, -3.145553E-001, 2.840559E+000, -1.063766E+000, 6.309254E-001, -3.495230E+000, -2.835672E+000
4.085600E-002, -2.776367E+000, -4.057048E-001, 3.098792E+000, -9.230559E-001, 5.793237E-001, -3.562219E+000, -2.769052E+000
4.086400E-002, -2.969866E+000, -5.254502E-001, 3.339159E+000, -5.583363E-001, 5.020407E-001, -3.626609E+000, -2.720354E+000
4.087200E-002, -3.083893E+000, -5.075778E-001, 3.413868E+000, 1.575949E-002, 4.322830E-001, -3.675876E+000, -2.668355E+000
4.088000E-002, -3.130540E+000, -3.324277E-001, 3.389507E+000, 6.641499E-001, 3.761424E-001, -3.722307E+000, -2.607865E+000
4.088800E-002, -2.976777E+000, -2.323419E-001, 3.488577E+000, 1.238246E+000, 3.442497E-001, -3.781380E+000, -2.546669E+000
4.089600E-002, -2.719354E+000, -2.198312E-001, 3.678597E+000, 1.627730E+000, 3.547611E-001, -3.839862E+000, -2.479695E+000
4.090400E-002, -2.517216E+000, -2.609379E-001, 3.633122E+000, 1.754932E+000, 3.761424E-001, -3.869871E+000, -2.400222E+000
4.091200E-002, -2.380730E+000, -4.092793E-001, 3.472336E+000, 1.681763E+000, 3.616891E-001, -3.877433E+000, -2.312731E+000
4.092000E-002, -2.479208E+000, -4.360880E-001, 3.379762E+000, 1.395841E+000, 3.210768E-001, -3.887830E+000, -2.227716E+000
4.092800E-002, -2.776367E+000, -4.432369E-001, 3.352152E+000, 8.048597E-001, 2.626666E-001, -3.895982E+000, -2.151899E+000
4.093600E-002, -2.845474E+000, -6.827279E-001, 3.506442E+000, 8.892855E-002, 1.690192E-001, -3.885112E+000, -2.080090E+000
4.094400E-002, -2.748724E+000, -8.453673E-001, 3.657484E+000, -5.909809E-001, 6.474092E-002, -3.854867E+000, -2.000853E+000
4.095200E-002, -2.921491E+000, -7.613667E-001, 3.532428E+000, -1.232617E+000, -3.033984E-002, -3.822849E+000, -1.917017E+000
4.096000E-002, -3.133995E+000, -7.256218E-001, 3.322918E+000, -1.636736E+000, -1.254206E-001, -3.806545E+000, -1.846388E+000
4.096800E-002, -3.007875E+000, -8.131968E-001, 3.386258E+000, -1.673883E+000, -1.751111E-001, -3.784688E+000, -1.783895E+000
4.097600E-002, -2.862751E+000, -8.042606E-001, 3.680221E+000, -1.542179E+000, -1.430989E-001, -3.736367E+000, -1.705365E+000
4.098400E-002, -2.924947E+000, -7.542177E-001, 3.797157E+000, -1.367699E+000, -9.245290E-002, -3.690644E+000, -1.614337E+000
4.099200E-002, -2.890393E+000, -8.400055E-001, 3.521059E+000, -1.099787E+000, -9.472241E-002, -3.667724E+000, -1.531680E+000
4.100000E-002, -2.774639E+000, -8.543035E-001, 3.236841E+000, -7.575812E-001, -1.554021E-001, -3.654137E+000, -1.455627E+000
4.100800E-002, -2.854112E+000, -7.345580E-001, 3.308301E+000, -5.290686E-001, -2.360296E-001, -3.647048E+000, -1.382050E+000
4.101600E-002, -2.888666E+000, -8.507290E-001, 3.514563E+000, -4.345117E-001, -2.950370E-001, -3.658745E+000, -1.326277E+000
4.102400E-002, -2.689984E+000, -1.134901E+000, 3.707831E+000, -2.769168E-001, -3.409051E-001, -3.688281E+000, -1.278405E+000
4.103200E-002, -2.674434E+000, -1.142050E+000, 3.863745E+000, -1.632233E-001, -3.982403E-001, -3.720889E+000, -1.216147E+000
4.104000E-002, -2.890393E+000, -9.668999E-001, 3.727320E+000, -2.645343E-001, -4.505586E-001, -3.747590E+000, -1.160139E+000
4.104800E-002, -2.919764E+000, -8.989846E-001, 3.459343E+000, -4.862928E-001, -5.087299E-001, -3.775236E+000, -1.123704E+000
4.105600E-002, -2.847202E+000, -1.024092E+000, 3.449598E+000, -7.609583E-001, -5.895963E-001, -3.813634E+000, -1.081727E+000
4.106400E-002, -2.957772E+000, -1.252859E+000, 3.634746E+000, -9.917222E-001, -6.441841E-001, -3.854867E+000, -1.026308E+000
4.107200E-002, -3.054522E+000, -1.288604E+000, 3.862121E+000, -1.109918E+000, -6.527843E-001, -3.891610E+000, -9.622819E-001
4.108000E-002, -2.938768E+000, -1.192093E+000, 4.019659E+000, -1.233743E+000, -6.388089E-001, -3.927763E+000, -8.861106E-001
4.108800E-002, -2.781550E+000, -1.299328E+000, 4.022907E+000, -1.283273E+000, -5.995105E-001, -3.951983E+000, -8.049870E-001
4.109600E-002, -2.708988E+000, -1.451244E+000, 4.008290E+000, -9.872195E-001, -5.519701E-001, -3.964152E+000, -7.246888E-001
4.110400E-002, -2.700350E+000, -1.376179E+000, 4.035900E+000, -4.018670E-001, -5.253332E-001, -3.994870E+000, -6.395561E-001
4.111200E-002, -2.766001E+000, -1.317200E+000, 4.094368E+000, 2.240099E-001, -5.151801E-001, -4.047917E+000, -5.565459E-001
4.112000E-002, -2.804010E+000, -1.476265E+000, 4.227544E+000, 8.498868E-001, -5.287971E-001, -4.083952E+000, -4.849731E-001
4.112800E-002, -2.662341E+000, -1.569202E+000, 4.302253E+000, 1.434114E+000, -5.814738E-001, -4.095176E+000, -4.205930E-001
4.113600E-002, -2.531038E+000, -1.388690E+000, 4.196687E+000, 1.841609E+000, -6.576818E-001, -4.121641E+000, -3.635235E-001
4.114400E-002, -2.477480E+000, -1.267157E+000, 4.065134E+000, 2.079127E+000, -7.373537E-001, -4.168426E+000, -3.097555E-001
4.115200E-002, -2.271887E+000, -1.503074E+000, 4.195063E+000, 2.141039E+000, -8.216841E-001, -4.202689E+000, -2.515068E-001
4.116000E-002, -2.202780E+000, -1.694309E+000, 4.454919E+000, 2.045357E+000, -9.198705E-001, -4.219229E+000, -1.963239E-001
4.116800E-002, -2.543132E+000, -1.535244E+000, 4.404572E+000, 1.878756E+000, -1.024985E+000, -4.233052E+000, -1.416126E-001
4.117600E-002, -2.783278E+000, -1.451244E+000, 4.229168E+000, 1.694145E+000, -1.118155E+000, -4.251246E+000, -7.251604E-002
4.118400E-002, -2.550042E+000, -1.626394E+000, 4.313622E+000, 1.535425E+000, -1.186837E+000, -4.266251E+000, 2.711982E-003
4.119200E-002, -2.247700E+000, -1.681798E+000, 4.415941E+000, 1.297907E+000, -1.224105E+000, -4.260698E+000, 7.758626E-002
4.120000E-002, -2.321990E+000, -1.558478E+000, 4.349352E+000, 9.996020E-001, -1.242022E+000, -4.235415E+000, 1.667279E-001
4.120800E-002, -2.484391E+000, -1.565627E+000, 4.510139E+000, 9.140505E-001, -1.259940E+000, -4.214503E+000, 2.591712E-001
4.121600E-002, -2.363454E+000, -1.756863E+000, 4.786237E+000, 9.827168E-001, -1.259581E+000, -4.201271E+000, 3.308618E-001
4.122400E-002, -2.330628E+000, -1.853374E+000, 4.592968E+000, 9.117991E-001, -1.231750E+000, -4.172798E+000, 3.920583E-001
4.123200E-002, -2.498212E+000, -1.697883E+000, 4.250282E+000, 7.665867E-001, -1.250503E+000, -4.132392E+000, 4.454725E-001
4.124000E-002, -2.306441E+000, -1.488776E+000, 4.255154E+000, 7.114284E-001, -1.347734E+000, -4.102619E+000, 4.668146E-001
4.124800E-002, -2.009281E+000, -1.542393E+000, 4.349352E+000, 6.270026E-001, -1.392885E+000, -4.084779E+000, 4.656355E-001
4.125600E-002, -2.202780E+000, -1.842650E+000, 4.333111E+000, 4.637793E-001, -1.277976E+000, -4.072137E+000, 4.784879E-001
4.126400E-002, -2.365181E+000, -2.125035E+000, 4.299005E+000, 3.422061E-001, -1.082917E+000, -4.066112E+000, 5.093809E-001
4.127200E-002, -2.169955E+000, -2.189376E+000, 4.441926E+000, 1.812341E-001, -9.214234E-001, -4.064103E+000, 5.429860E-001
4.128000E-002, -2.074933E+000, -2.101801E+000, 4.701783E+000, -3.714737E-002, -8.292093E-001, -4.065876E+000, 5.767089E-001
4.128800E-002, -2.071477E+000, -2.119673E+000, 4.731017E+000, -1.508408E-001, -8.376902E-001, -4.089150E+000, 5.948673E-001
4.129600E-002, -2.005826E+000, -2.094652E+000, 4.617330E+000, -1.846112E-001, -9.349210E-001, -4.145152E+000, 5.862597E-001
4.130400E-002, -1.990277E+000, -1.935587E+000, 4.571855E+000, -1.429611E-001, -1.050069E+000, -4.222064E+000, 5.864956E-001
4.131200E-002, -1.973000E+000, -1.999928E+000, 4.599464E+000, 6.191228E-002, -1.167248E+000, -4.304058E+000, 6.111392E-001
4.132000E-002, -1.933264E+000, -2.112525E+000, 4.765123E+000, 3.613426E-001, -1.286338E+000, -4.379553E+000, 6.252887E-001
4.132800E-002, -2.007554E+000, -1.998141E+000, 4.896676E+000, 6.495162E-001, -1.373893E+000, -4.455875E+000, 6.265857E-001
4.133600E-002, -2.104303E+000, -2.005290E+000, 4.776492E+000, 9.860938E-001, -1.409608E+000, -4.544839E+000, 6.367262E-001
4.134400E-002, -2.049018E+000, -2.173291E+000, 4.601089E+000, 1.473512E+000, -1.366726E+000, -4.625415E+000, 6.573609E-001
4.135200E-002, -2.054201E+000, -2.101801E+000, 4.544245E+000, 1.953051E+000, -1.256476E+000, -4.679880E+000, 6.955644E-001
4.136000E-002, -2.247700E+000, -1.783671E+000, 4.502018E+000, 2.163553E+000, -1.168920E+000, -4.716978E+000, 7.531056E-001
4.136800E-002, -2.256338E+000, -1.637117E+000, 4.505267E+000, 2.093761E+000, -1.167964E+000, -4.739780E+000, 8.111184E-001
4.137600E-002, -2.038652E+000, -1.817629E+000, 4.696911E+000, 1.901270E+000, -1.246920E+000, -4.753249E+000, 8.617028E-001
4.138400E-002, -2.071477E+000, -2.019588E+000, 4.904796E+000, 1.714407E+000, -1.382135E+000, -4.776405E+000, 9.165320E-001
4.139200E-002, -2.311624E+000, -2.096439E+000, 4.896676E+000, 1.480266E+000, -1.526548E+000, -4.815393E+000, 9.738373E-001
4.140000E-002, -2.282253E+000, -2.103588E+000, 4.758627E+000, 1.067143E+000, -1.626407E+000, -4.850955E+000, 1.021002E+000
4.140800E-002, -2.149223E+000, -1.946311E+000, 4.594592E+000, 5.909809E-001, -1.685414E+000, -4.867732E+000, 1.069582E+000
4.141600E-002, -2.285709E+000, -1.705032E+000, 4.402948E+000, 2.645343E-001, -1.725907E+000, -4.884745E+000, 1.123704E+000
4.142400E-002, -2.389369E+000, -1.621032E+000, 4.284388E+000, 9.005423E-002, -1.746810E+000, -4.920425E+000, 1.161790E+000
4.143200E-002, -2.216602E+000, -1.778309E+000, 4.394827E+000, -3.714737E-002, -1.759830E+000, -4.951971E+000, 1.186669E+000
4.144000E-002, -2.071477E+000, -1.890906E+000, 4.565358E+000, -9.117991E-002, -1.756725E+000, -4.955869E+000, 1.212256E+000
4.144800E-002, -2.147495E+000, -1.735416E+000, 4.461416E+000, 4.502711E-002, -1.726743E+000, -4.951262E+000, 1.228882E+000
4.145600E-002, -2.340994E+000, -1.744352E+000, 4.219424E+000, 2.915506E-001, -1.707273E+000, -4.958823E+000, 1.241144E+000
4.146400E-002, -2.512033E+000, -1.937374E+000, 4.191814E+000, 4.018670E-001, -1.698076E+000, -4.964730E+000, 1.262604E+000
4.147200E-002, -2.586323E+000, -1.769373E+000, 4.316870E+000, 3.241952E-001, -1.678247E+000, -4.963549E+000, 1.288663E+000
4.148000E-002, -2.543132E+000, -1.597798E+000, 4.432182E+000, 1.575949E-001, -1.675858E+000, -4.969929E+000, 1.305996E+000
4.148800E-002, -2.430833E+000, -1.796182E+000, 4.521507E+000, -1.564692E-001, -1.685653E+000, -4.976072E+000, 1.307529E+000
4.149600E-002, -2.283981E+000, -1.883757E+000, 4.365593E+000, -6.787838E-001, -1.669289E+000, -4.961068E+000, 1.308001E+000
4.150400E-002, -2.149223E+000, -1.706820E+000, 3.983929E+000, -1.194344E+000, -1.643010E+000, -4.925506E+000, 1.319556E+000
4.151200E-002, -2.178593E+000, -1.612096E+000, 3.780916E+000, -1.679511E+000, -1.651013E+000, -4.887227E+000, 1.324037E+000
4.152000E-002, -2.389369E+000, -1.649628E+000, 3.803653E+000, -2.269367E+000, -1.649938E+000, -4.852137E+000, 1.319556E+000
4.152800E-002, -2.472297E+000, -1.554904E+000, 3.904348E+000, -2.719638E+000, -1.552827E+000, -4.813503E+000, 1.328753E+000
4.153600E-002, -2.214874E+000, -1.356519E+000, 4.068382E+000, -2.869353E+000, -1.424778E+000, -4.772388E+000, 1.348445E+000
4.154400E-002, -1.976455E+000, -1.293966E+000, 4.097616E+000, -2.898621E+000, -1.359082E+000, -4.723948E+000, 1.363655E+000
4.155200E-002, -2.142312E+000, -1.254647E+000, 3.897851E+000, -2.868227E+000, -1.319664E+000, -4.669483E+000, 1.371084E+000
4.156000E-002, -2.484391E+000, -1.129539E+000, 3.709455E+000, -2.656600E+000, -1.340328E+000, -4.635458E+000, 1.371437E+000
4.156800E-002, -2.645064E+000, -1.125965E+000, 3.680221E+000, -2.154547E+000, -1.406741E+000, -4.616199E+000, 1.362948E+000
4.157600E-002, -2.662341E+000, -1.344009E+000, 3.787412E+000, -1.396966E+000, -1.371504E+000, -4.591389E+000, 1.338540E+000
4.158400E-002, -2.677890E+000, -1.503074E+000, 3.844256E+000, -5.617133E-001, -1.293504E+000, -4.577684E+000, 1.305407E+000
4.159200E-002, -2.646792E+000, -1.283242E+000, 3.834511E+000, 2.363923E-001, -1.253967E+000, -4.573667E+000, 1.270622E+000
4.160000E-002, -2.570774E+000, -9.811979E-001, 3.951447E+000, 9.624546E-001, -1.187793E+000, -4.570123E+000, 1.226052E+000
4.160800E-002, -2.510306E+000, -1.016943E+000, 4.048893E+000, 1.497152E+000, -1.144672E+000, -4.585009E+000, 1.177943E+000
4.161600E-002, -2.437744E+000, -1.068773E+000, 4.060262E+000, 1.754932E+000, -1.131533E+000, -4.616436E+000, 1.136320E+000
4.162400E-002, -2.384186E+000, -8.971974E-001, 4.128474E+000, 1.810090E+000, -1.103701E+000, -4.646799E+000, 1.102951E+000
4.163200E-002, -2.427377E+000, -9.633254E-001, 4.131722E+000, 1.697522E+000, -1.131174E+000, -4.671964E+000, 1.077011E+000
4.164000E-002, -2.524127E+000, -1.338647E+000, 4.039148E+000, 1.332803E+000, -1.179790E+000, -4.700556E+000, 1.054843E+000
4.164800E-002, -2.608783E+000, -1.401201E+000, 4.000170E+000, 8.172421E-001, -1.193526E+000, -4.742143E+000, 1.029374E+000
4.165600E-002, -2.700350E+000, -1.113454E+000, 3.899475E+000, 3.939873E-001, -1.250981E+000, -4.791528E+000, 9.927033E-001
4.166400E-002, -2.807465E+000, -1.083071E+000, 3.615257E+000, 1.226989E-001, -1.343195E+000, -4.843749E+000, 9.550893E-001
4.167200E-002, -2.895576E+000, -1.229625E+000, 3.426861E+000, -1.125678E-003, -1.398499E+000, -4.907666E+000, 9.232530E-001
4.168000E-002, -2.888666E+000, -1.033028E+000, 3.543797E+000, -2.251356E-003, -1.438873E+000, -4.980089E+000, 8.863465E-001
4.168800E-002, -2.776367E+000, -7.881753E-001, 3.641243E+000, -4.502711E-002, -1.479366E+000, -5.039044E+000, 8.477892E-001
4.169600E-002, -2.632970E+000, -1.020517E+000, 3.503194E+000, -7.204338E-002, -1.478291E+000, -5.077205E+000, 8.095856E-001
4.170400E-002, -2.522399E+000, -1.372605E+000, 3.496697E+000, 1.575949E-001, -1.422747E+000, -5.116193E+000, 7.817582E-001
4.171200E-002, -2.588051E+000, -1.419073E+000, 3.712703E+000, 4.221292E-001, -1.328622E+000, -5.163333E+000, 7.806970E-001
4.172000E-002, -2.734903E+000, -1.320775E+000, 3.613633E+000, 3.433318E-001, -1.227450E+000, -5.200431E+000, 7.779851E-001
4.172800E-002, -2.757363E+000, -1.236774E+000, 3.240089E+000, 4.502711E-002, -1.177640E+000, -5.220634E+000, 7.567609E-001
4.173600E-002, -2.805737E+000, -1.159922E+000, 3.215727E+000, -2.487748E-001, -1.195079E+000, -5.232685E+000, 7.437905E-001
4.174400E-002, -2.824742E+000, -1.043751E+000, 3.378138E+000, -6.123688E-001, -1.234258E+000, -5.241192E+000, 7.365979E-001
4.175200E-002, -2.629515E+000, -1.016943E+000, 3.214103E+000, -1.114421E+000, -1.262090E+000, -5.244145E+000, 7.205618E-001
4.176000E-002, -2.603600E+000, -1.231412E+000, 2.905523E+000, -1.647992E+000, -1.271168E+000, -5.245563E+000, 7.065303E-001
4.176800E-002, -2.826470E+000, -1.397626E+000, 2.814574E+000, -2.097138E+000, -1.253848E+000, -5.242019E+000, 6.998093E-001
4.177600E-002, -2.814376E+000, -1.240349E+000, 2.910396E+000, -2.397694E+000, -1.221597E+000, -5.215436E+000, 7.053511E-001
4.178400E-002, -2.698622E+000, -9.383040E-001, 2.907147E+000, -2.580054E+000, -1.200813E+000, -5.175621E+000, 7.309381E-001
4.179200E-002, -2.774639E+000, -7.935371E-001, 2.799957E+000, -2.598065E+000, -1.185165E+000, -5.141358E+000, 7.529877E-001
4.180000E-002, -2.878300E+000, -8.900484E-001, 2.801581E+000, -2.165804E+000, -1.149569E+000, -5.097172E+000, 7.565250E-001
4.180800E-002, -3.009603E+000, -9.293678E-001, 2.845431E+000, -1.342934E+000, -1.098087E+000, -5.037981E+000, 7.661939E-001
4.181600E-002, -3.154727E+000, -7.166855E-001, 2.889282E+000, -5.583363E-001, -1.044933E+000, -4.977253E+000, 7.762164E-001
4.182400E-002, -3.040701E+000, -5.379609E-001, 2.944502E+000, 1.913652E-001, -9.920172E-001, -4.911210E+000, 7.528698E-001
4.183200E-002, -2.804010E+000, -5.969401E-001, 2.912020E+000, 1.020990E+000, -9.466269E-001, -4.839023E+000, 7.094781E-001
4.184000E-002, -2.862751E+000, -8.292820E-001, 2.822694E+000, 1.705402E+000, -9.073285E-001, -4.771325E+000, 6.706849E-001
4.184800E-002, -3.042428E+000, -1.145625E+000, 2.652163E+000, 2.107269E+000, -8.462904E-001, -4.715088E+000, 6.211618E-001
4.185600E-002, -3.040701E+000, -1.268945E+000, 2.468639E+000, 2.237848E+000, -7.479846E-001, -4.670665E+000, 5.587862E-001
4.186400E-002, -3.142633E+000, -1.036602E+000, 2.496249E+000, 2.067870E+000, -6.310448E-001, -4.627305E+000, 5.028958E-001
4.187200E-002, -3.330950E+000, -8.417928E-001, 2.691142E+000, 1.645741E+000, -5.148217E-001, -4.581110E+000, 4.444113E-001
4.188000E-002, -3.244566E+000, -1.008007E+000, 2.863297E+000, 1.160574E+000, -4.077961E-001, -4.551574E+000, 3.830969E-001
4.188800E-002, -3.030335E+000, -1.218902E+000, 2.850304E+000, 6.618986E-001, -3.247796E-001, -4.547793E+000, 3.401769E-001
4.189600E-002, -2.949134E+000, -1.093794E+000, 2.622929E+000, -3.602169E-002, -2.833311E-001, -4.548856E+000, 3.064540E-001
4.190400E-002, -2.971594E+000, -8.882611E-001, 2.510866E+000, -8.318760E-001, -2.901396E-001, -4.545903E+000, 2.641235E-001
4.191200E-002, -2.892121E+000, -9.704744E-001, 2.640794E+000, -1.309163E+000, -3.379189E-001, -4.549801E+000, 2.182556E-001
4.192000E-002, -2.727992E+000, -1.111667E+000, 2.676525E+000, -1.400343E+000, -4.122157E-001, -4.557481E+000, 1.662563E-001
4.192800E-002, -2.857568E+000, -1.093794E+000, 2.647291E+000, -1.291152E+000, -4.903348E-001, -4.567760E+000, 1.050598E-001
4.193600E-002, -3.094259E+000, -1.077709E+000, 2.704134E+000, -9.872195E-001, -5.174496E-001, -4.577211E+000, 5.683371E-002
4.194400E-002, -2.938768E+000, -1.043751E+000, 2.567709E+000, -4.041184E-001, -4.453028E-001, -4.565988E+000, 3.372291E-002
4.195200E-002, -2.651975E+000, -8.686014E-001, 2.289988E+000, 3.399547E-001, -3.028012E-001, -4.535742E+000, 1.945552E-002
4.196000E-002, -2.579413E+000, -7.774519E-001, 2.338711E+000, 8.341273E-001, -1.321097E-001, -4.503961E+000, 8.489682E-003
4.196800E-002, -2.605328E+000, -9.061336E-001, 2.536852E+000, 8.555152E-001, 5.912685E-002, -4.471234E+000, 7.074735E-004
4.197600E-002, -2.660613E+000, -9.740489E-001, 2.418292E+000, 6.562702E-001, 2.049731E-001, -4.438390E+000, -1.450321E-002
4.198400E-002, -2.788461E+000, -8.828994E-001, 2.197414E+000, 4.142494E-001, 2.412854E-001, -4.414288E+000, -4.197676E-002
4.199200E-002, -2.864478E+000, -7.881753E-001, 2.203910E+000, -3.827305E-002, 2.066454E-001, -4.397748E+000, -8.407144E-002
4.200000E-002, -2.683073E+000, -7.577922E-001, 2.343583E+000, -8.386300E-001, 1.061894E-001, -4.382270E+000, -1.399619E-001
4.200800E-002, -2.413556E+000, -7.935371E-001, 2.463767E+000, -1.796582E+000, -8.086643E-002, -4.372819E+000, -2.039882E-001
4.201600E-002, -2.401463E+000, -8.042606E-001, 2.465391E+000, -2.586808E+000, -2.737752E-001, -4.376718E+000, -2.708445E-001
4.202400E-002, -2.536221E+000, -7.399197E-001, 2.289988E+000, -3.034827E+000, -3.907150E-001, -4.385224E+000, -3.303902E-001
4.203200E-002, -2.667524E+000, -5.754931E-001, 2.072358E+000, -3.119253E+000, -3.907150E-001, -4.380498E+000, -3.830969E-001
4.204000E-002, -2.855840E+000, -3.538747E-001, 2.004145E+000, -2.931265E+000, -2.248015E-001, -4.365494E+000, -4.288469E-001
4.204800E-002, -2.842019E+000, -3.645981E-001, 2.093471E+000, -2.621704E+000, 5.960465E-002, -4.350962E+000, -4.448830E-001
4.205600E-002, -2.551770E+000, -5.218757E-001, 2.291612E+000, -2.163553E+000, 3.158210E-001, -4.327214E+000, -4.389873E-001
4.206400E-002, -2.429105E+000, -4.307262E-001, 2.467015E+000, -1.482518E+000, 4.405249E-001, -4.296969E+000, -4.559667E-001
4.207200E-002, -2.577685E+000, -1.608521E-001, 2.437781E+000, -7.767177E-001, 4.204576E-001, -4.277947E+000, -5.061973E-001
4.208000E-002, -2.729720E+000, -3.931941E-002, 2.244513E+000, -2.622829E-001, 3.207184E-001, -4.263298E+000, -5.721103E-001
4.208800E-002, -2.785005E+000, -9.114953E-002, 2.093471E+000, 1.362070E-001, 2.319684E-001, -4.249238E+000, -6.381412E-001
4.209600E-002, -2.819559E+000, -5.719186E-002, 2.114584E+000, 5.448281E-001, 1.911171E-001, -4.249238E+000, -6.855419E-001
4.210400E-002, -2.781550E+000, 2.680869E-002, 2.171428E+000, 8.724003E-001, 2.052120E-001, -4.252310E+000, -7.151378E-001
4.211200E-002, -2.591506E+000, -5.719186E-002, 2.096719E+000, 9.140505E-001, 2.947981E-001, -4.233643E+000, -7.426114E-001
4.212000E-002, -2.429105E+000, -1.590649E-001, 2.000897E+000, 6.393850E-001, 4.307302E-001, -4.193001E+000, -7.685521E-001
4.212800E-002, -2.365181E+000, -5.540462E-002, 2.041500E+000, 2.892992E-001, 5.117161E-001, -4.152831E+000, -7.911913E-001
4.213600E-002, -2.287436E+000, 1.251072E-001, 2.124329E+000, 5.853525E-002, 4.937988E-001, -4.126248E+000, -8.067557E-001
4.214400E-002, -2.116397E+000, 1.680011E-001, 2.025259E+000, -8.330017E-002, 4.393305E-001, -4.099902E+000, -8.110005E-001
4.215200E-002, -1.907349E+000, 2.144695E-001, 1.898578E+000, -1.339557E-001, 4.077961E-001, -4.070837E+000, -8.230276E-001
4.216000E-002, -1.922898E+000, 4.664711E-001, 1.927812E+000, -1.035624E-001, 4.359859E-001, -4.062213E+000, -8.517982E-001
4.216800E-002, -2.106031E+000, 6.487702E-001, 1.866096E+000, -7.091770E-002, 5.461171E-001, -4.071901E+000, -8.751448E-001
4.217600E-002, -1.993732E+000, 5.254502E-001, 1.804380E+000, 1.181962E-001, 6.733295E-001, -4.070247E+000, -8.927137E-001
4.218400E-002, -1.677568E+000, 3.074063E-001, 2.052868E+000, 4.874185E-001, 7.491791E-001, -4.059968E+000, -9.291486E-001
4.219200E-002, -1.665475E+000, 3.163425E-001, 2.254257E+000, 7.395704E-001, 8.011390E-001, -4.058550E+000, -9.739553E-001
4.220000E-002, -1.833059E+000, 5.719186E-001, 2.023634E+000, 8.510125E-001, 8.446181E-001, -4.057724E+000, -1.001783E+000
4.220800E-002, -1.820965E+000, 7.363452E-001, 1.750785E+000, 9.962249E-001, 8.616992E-001, -4.043546E+000, -1.022063E+000
4.221600E-002, -1.741492E+000, 6.898769E-001, 1.806004E+000, 1.126804E+000, 8.676717E-001, -4.023934E+000, -1.038217E+000
4.222400E-002, -1.748403E+000, 7.988988E-001, 1.918068E+000, 1.144814E+000, 8.655216E-001, -4.012001E+000, -1.032558E+000
4.223200E-002, -1.800233E+000, 1.120603E+000, 1.833614E+000, 1.106541E+000, 8.419903E-001, -3.996524E+000, -1.013102E+000
4.224000E-002, -1.705211E+000, 1.181369E+000, 1.780019E+000, 9.962249E-001, 8.011390E-001, -3.971241E+000, -1.001547E+000
4.224800E-002, -1.402869E+000, 9.561765E-001, 1.960294E+000, 7.046744E-001, 7.606461E-001, -3.952101E+000, -1.001193E+000
4.225600E-002, -1.212825E+000, 9.043463E-001, 2.065861E+000, 2.499005E-001, 7.675741E-001, -3.932961E+000, -9.985989E-001
4.226400E-002, -1.216280E+000, 1.093794E+000, 1.817373E+000, -2.724141E-001, 8.401986E-001, -3.892910E+000, -9.868077E-001
4.227200E-002, -1.228374E+000, 1.347583E+000, 1.602991E+000, -6.844122E-001, 9.173621E-001, -3.852031E+000, -9.767851E-001
4.228000E-002, -1.240468E+000, 1.567415E+000, 1.739416E+000, -8.273733E-001, 9.546300E-001, -3.831710E+000, -9.745448E-001
4.228800E-002, -1.254289E+000, 1.542393E+000, 1.981408E+000, -7.857231E-001, 9.590495E-001, -3.804891E+000, -9.743090E-001
4.229600E-002, -1.307847E+000, 1.272519E+000, 2.143818E+000, -7.215595E-001, 9.356377E-001, -3.764603E+000, -9.719508E-001
4.230400E-002, -1.288842E+000, 1.168859E+000, 2.129201E+000, -7.035487E-001, 9.149731E-001, -3.737784E+000, -9.644043E-001
4.231200E-002, -1.019326E+000, 1.372605E+000, 1.851479E+000, -5.380740E-001, 9.369516E-001, -3.720181E+000, -9.445951E-001
4.232000E-002, -9.536743E-001, 1.517372E+000, 1.658211E+000, -7.429474E-002, 1.010771E+000, -3.691117E+000, -9.119334E-001
4.232800E-002, -1.221463E+000, 1.494137E+000, 1.791387E+000, 4.007413E-001, 1.137744E+000, -3.650947E+000, -8.845778E-001
4.233600E-002, -1.205914E+000, 1.581712E+000, 1.984656E+000, 6.776581E-001, 1.287174E+000, -3.611014E+000, -8.751448E-001
4.234400E-002, -9.346699E-001, 1.753288E+000, 2.036627E+000, 8.453841E-001, 1.409728E+000, -3.580414E+000, -8.711358E-001
4.235200E-002, -8.189160E-001, 1.747926E+000, 1.922940E+000, 9.421924E-001, 1.490236E+000, -3.555130E+000, -8.609953E-001
4.236000E-002, -7.826349E-001, 1.540606E+000, 1.754033E+000, 8.735260E-001, 1.504092E+000, -3.530438E+000, -8.543922E-001
4.236800E-002, -7.325324E-001, 1.501286E+000, 1.770274E+000, 6.056147E-001, 1.428242E+000, -3.511416E+000, -8.727865E-001
4.237600E-002, -7.187111E-001, 1.776522E+000, 2.005769E+000, 3.973643E-001, 1.315125E+000, -3.487906E+000, -9.145275E-001
4.238400E-002, -6.323276E-001, 1.860523E+000, 2.160059E+000, 4.243806E-001, 1.220760E+000, -3.451753E+000, -9.441234E-001
4.239200E-002, -4.146410E-001, 1.646053E+000, 2.046372E+000, 4.029927E-001, 1.147658E+000, -3.413119E+000, -9.488400E-001
4.240000E-002, -3.092531E-001, 1.567415E+000, 1.877465E+000, 1.879882E-001, 1.109196E+000, -3.360071E+000, -9.432980E-001
4.240800E-002, -4.198240E-001, 1.603159E+000, 1.793012E+000, 5.178118E-002, 1.116960E+000, -3.275952E+000, -9.299740E-001
4.241600E-002, -4.163687E-001, 1.721118E+000, 1.887210E+000, 5.853525E-002, 1.153511E+000, -3.180135E+000, -9.133484E-001
4.242400E-002, -2.746997E-001, 1.946311E+000, 2.176300E+000, 1.575949E-002, 1.200693E+000, -3.094125E+000, -8.996705E-001
4.243200E-002, -3.576279E-001, 1.851587E+000, 2.252633E+000, -1.463381E-002, 1.240231E+000, -3.011541E+000, -8.813941E-001
4.244000E-002, -4.405561E-001, 1.449456E+000, 2.108088E+000, 4.052440E-002, 1.264120E+000, -2.927185E+000, -8.634714E-001
4.244800E-002, -2.556953E-001, 1.428009E+000, 2.270498E+000, 3.827305E-002, 1.261731E+000, -2.853225E+000, -8.704283E-001
4.245600E-002, -1.658564E-001, 1.790820E+000, 2.528731E+000, 5.966093E-002, 1.215863E+000, -2.795806E+000, -9.087498E-001
4.246400E-002, -1.641287E-001, 1.864097E+000, 2.332214E+000, 1.395841E-001, 1.171070E+000, -2.740160E+000, -9.600416E-001
4.247200E-002, -4.146410E-002, 1.601372E+000, 2.085351E+000, 4.615279E-002, 1.194960E+000, -2.682386E+000, -1.012984E+000
4.248000E-002, -8.638354E-002, 1.495925E+000, 2.182797E+000, -1.958680E-001, 1.297805E+000, -2.640681E+000, -1.061682E+000
4.248800E-002, -3.230745E-001, 1.608521E+000, 2.247761E+000, -4.964240E-001, 1.470407E+000, -2.620832E+000, -1.103777E+000
4.249600E-002, -4.353731E-001, 1.617457E+000, 2.186045E+000, -9.230559E-001, 1.670364E+000, -2.608191E+000, -1.150352E+000
4.250400E-002, -3.887259E-001, 1.486988E+000, 2.241265E+000, -1.342934E+000, 1.799009E+000, -2.602047E+000, -1.201290E+000
4.251200E-002, -1.917715E-001, 1.469116E+000, 2.369569E+000, -1.595086E+000, 1.799965E+000, -2.614807E+000, -1.250813E+000
4.252000E-002, 1.036603E-001, 1.522733E+000, 2.431285E+000, -1.821347E+000, 1.693059E+000, -2.641035E+000, -1.303166E+000
4.252800E-002, 2.125035E-001, 1.535244E+000, 2.437781E+000, -2.174810E+000, 1.518425E+000, -2.668209E+000, -1.348445E+000
4.253600E-002, 1.105709E-001, 1.562053E+000, 2.467015E+000, -2.479868E+000, 1.351079E+000, -2.694792E+000, -1.368726E+000
4.254400E-002, 3.455342E-003, 1.470903E+000, 2.528731E+000, -2.574425E+000, 1.273437E+000, -2.716294E+000, -1.367900E+000
4.255200E-002, -8.120053E-002, 1.327924E+000, 2.553092E+000, -2.634086E+000, 1.289563E+000, -2.723619E+000, -1.350685E+000
4.256000E-002, -2.937040E-002, 1.428009E+000, 2.601816E+000, -2.695998E+000, 1.352392E+000, -2.718657E+000, -1.314014E+000
4.256800E-002, 1.865885E-001, 1.610308E+000, 2.853552E+000, -2.550786E+000, 1.419403E+000, -2.703062E+000, -1.276164E+000
4.257600E-002, 1.952268E-001, 1.631755E+000, 3.106912E+000, -2.258110E+000, 1.459657E+000, -2.674707E+000, -1.254940E+000
4.258400E-002, 5.010245E-002, 1.592436E+000, 3.015962E+000, -2.000329E+000, 1.463957E+000, -2.639972E+000, -1.249162E+000
4.259200E-002, 2.107759E-001, 1.617457E+000, 2.882786E+000, -1.697522E+000, 1.430034E+000, -2.606891E+000, -1.252228E+000
4.260000E-002, 5.079352E-001, 1.612096E+000, 2.983480E+000, -1.251754E+000, 1.364696E+000, -2.577945E+000, -1.244328E+000
4.260800E-002, 6.098678E-001, 1.488776E+000, 3.056565E+000, -8.003570E-001, 1.293743E+000, -2.555025E+000, -1.217208E+000
4.261600E-002, 6.997067E-001, 1.467329E+000, 3.058189E+000, -4.378887E-001, 1.233661E+000, -2.539311E+000, -1.198696E+000
4.262400E-002, 7.619029E-001, 1.594223E+000, 3.160508E+000, -1.046880E-001, 1.192332E+000, -2.527969E+000, -1.198224E+000
4.263200E-002, 6.236892E-001, 1.578138E+000, 3.262826E+000, 1.249502E-001, 1.180268E+000, -2.519463E+000, -1.193626E+000
4.264000E-002, 5.200289E-001, 1.344009E+000, 3.205983E+000, 1.260759E-001, 1.200096E+000, -2.510838E+000, -1.174052E+000
4.264800E-002, 5.597653E-001, 1.251072E+000, 3.123153E+000, 3.939873E-002, 1.269615E+000, -2.499732E+000, -1.148465E+000
4.265600E-002, 6.305999E-001, 1.365456E+000, 3.183245E+000, 9.117991E-002, 1.413669E+000, -2.496897E+000, -1.128656E+000
4.266400E-002, 6.772470E-001, 1.310051E+000, 3.209231E+000, 2.408951E-001, 1.586391E+000, -2.507294E+000, -1.104366E+000
4.267200E-002, 6.530596E-001, 1.254647E+000, 3.157259E+000, 3.692223E-001, 1.699987E+000, -2.518990E+000, -1.063333E+000
4.268000E-002, 6.409659E-001, 1.449456E+000, 3.259578E+000, 5.290686E-001, 1.724115E+000, -2.535413E+000, -1.028313E+000
4.268800E-002, 5.390333E-001, 1.558478E+000, 3.348904E+000, 7.800948E-001, 1.671080E+000, -2.566957E+000, -1.011687E+000
4.269600E-002, 3.299851E-001, 1.453031E+000, 3.300181E+000, 1.026618E+000, 1.582808E+000, -2.601338E+000, -9.895197E-001
4.270400E-002, 4.595605E-001, 1.263583E+000, 3.387882E+000, 1.181962E+000, 1.517709E+000, -2.625440E+000, -9.507266E-001
4.271200E-002, 8.275543E-001, 1.190306E+000, 3.573030E+000, 1.300158E+000, 1.487369E+000, -2.641035E+000, -9.050945E-001
4.272000E-002, 8.655631E-001, 1.372605E+000, 3.620129E+000, 1.436365E+000, 1.483666E+000, -2.649542E+000, -8.618207E-001
4.272800E-002, 6.375105E-001, 1.470903E+000, 3.548669E+000, 1.444245E+000, 1.512692E+000, -2.652023E+000, -8.166603E-001
4.273600E-002, 6.115955E-001, 1.374392E+000, 3.503194E+000, 1.131306E+000, 1.562024E+000, -2.651314E+000, -7.578221E-001
4.274400E-002, 9.294869E-001, 1.422648E+000, 3.556789E+000, 6.134945E-001, 1.600008E+000, -2.647533E+000, -6.912017E-001
4.275200E-002, 1.275021E+000, 1.549542E+000, 3.689966E+000, 1.575949E-001, 1.586272E+000, -2.636191E+000, -6.308306E-001
4.276000E-002, 1.311302E+000, 1.537031E+000, 3.776043E+000, -3.005560E-001, 1.512811E+000, -2.615515E+000, -5.780059E-001
4.276800E-002, 1.190365E+000, 1.449456E+000, 3.702959E+000, -9.602032E-001, 1.430392E+000, -2.597557E+000, -5.243558E-001
4.277600E-002, 1.154084E+000, 1.336860E+000, 3.642867E+000, -1.650244E+000, 1.363262E+000, -2.592595E+000, -4.753043E-001
4.278400E-002, 1.078067E+000, 1.274306E+000, 3.795533E+000, -2.177061E+000, 1.297685E+000, -2.599448E+000, -4.494815E-001
4.279200E-002, 9.122102E-001, 1.252859E+000, 3.910844E+000, -2.593562E+000, 1.265315E+000, -2.608899E+000, -4.253095E-001
4.280000E-002, 9.208485E-001, 1.158135E+000, 3.818270E+000, -2.963910E+000, 1.292429E+000, -2.606300E+000, -3.827432E-001
4.280800E-002, 1.160995E+000, 1.168859E+000, 3.766299E+000, -3.230695E+000, 1.358245E+000, -2.593777E+000, -3.504352E-001
4.281600E-002, 1.342400E+000, 1.422648E+000, 3.886482E+000, -3.235198E+000, 1.451295E+000, -2.587515E+000, -3.234333E-001
4.282400E-002, 1.302664E+000, 1.490563E+000, 4.000170E+000, -2.969538E+000, 1.543151E+000, -2.582671E+000, -2.783909E-001
4.283200E-002, 1.097071E+000, 1.209965E+000, 3.957943E+000, -2.564294E+000, 1.583883E+000, -2.567548E+000, -2.403052E-001
4.284000E-002, 8.724738E-001, 1.109880E+000, 3.941702E+000, -2.091510E+000, 1.572416E+000, -2.558924E+000, -2.144824E-001
4.284800E-002, 7.981839E-001, 1.218902E+000, 4.022907E+000, -1.580452E+000, 1.521651E+000, -2.573219E+000, -1.776938E-001
4.285600E-002, 8.897505E-001, 1.045539E+000, 4.001794E+000, -1.036749E+000, 1.430631E+000, -2.595903E+000, -1.399619E-001
4.286400E-002, 9.847724E-001, 7.631539E-001, 4.031028E+000, -5.234402E-001, 1.347973E+000, -2.614925E+000, -1.103659E-001
4.287200E-002, 9.139379E-001, 8.078350E-001, 4.271395E+000, -1.328300E-001, 1.324561E+000, -2.638554E+000, -7.522802E-002
4.288000E-002, 8.171883E-001, 9.114953E-001, 4.329863E+000, 1.981193E-001, 1.326233E+000, -2.663128E+000, -2.629443E-002
4.288800E-002, 9.035718E-001, 8.489417E-001, 4.160956E+000, 5.617133E-001, 1.315244E+000, -2.670808E+000, 2.653026E-002
4.289600E-002, 8.845675E-001, 8.793249E-001, 4.190190E+000, 8.588922E-001, 1.310227E+000, -2.669036E+000, 6.213976E-002
4.290400E-002, 6.444212E-001, 8.954101E-001, 4.261651E+000, 9.376897E-001, 1.314766E+000, -2.675534E+000, 8.265650E-002
4.291200E-002, 5.528547E-001, 7.810264E-001, 4.175573E+000, 9.309356E-001, 1.307002E+000, -2.681087E+000, 1.101300E-001
4.292000E-002, 5.545824E-001, 8.024733E-001, 4.318494E+000, 1.105416E+000, 1.288249E+000, -2.674943E+000, 1.426738E-001
4.292800E-002, 4.284624E-001, 9.240060E-001, 4.609209E+000, 1.400343E+000, 1.277857E+000, -2.673643E+000, 1.761609E-001
4.293600E-002, 3.783599E-001, 8.846866E-001, 4.448423E+000, 1.579326E+000, 1.276184E+000, -2.691365E+000, 2.181377E-001
4.294400E-002, 4.630158E-001, 6.451957E-001, 4.071630E+000, 1.572572E+000, 1.254684E+000, -2.713813E+000, 2.495023E-001
4.295200E-002, 4.561051E-001, 5.468972E-001, 4.082999E+000, 1.472387E+000, 1.204754E+000, -2.730590E+000, 2.569308E-001
4.296000E-002, 3.230745E-001, 7.399197E-001, 4.362345E+000, 1.375578E+000, 1.157333E+000, -2.747366E+000, 2.585816E-001
4.296800E-002, 2.263249E-001, 7.452815E-001, 4.537748E+000, 1.202224E+000, 1.122932E+000, -2.765207E+000, 2.623548E-001
4.297600E-002, 2.574230E-001, 4.825563E-001, 4.547493E+000, 9.230559E-001, 1.089845E+000, -2.787300E+000, 2.772117E-001
4.298400E-002, 2.228695E-001, 4.414497E-001, 4.497146E+000, 5.909809E-001, 1.070136E+000, -2.816718E+000, 3.135287E-001
4.299200E-002, 8.638354E-003, 5.558334E-001, 4.464664E+000, 9.230559E-002, 1.062492E+000, -2.841647E+000, 3.532651E-001
4.300000E-002, 1.382137E-002, 4.110665E-001, 4.469536E+000, -5.324456E-001, 1.031913E+000, -2.852871E+000, 3.793238E-001
4.300800E-002, 2.487846E-001, 2.841721E-001, 4.467912E+000, -1.075022E+000, 9.871199E-001, -2.851453E+000, 3.986613E-001
4.301600E-002, 1.727671E-001, 5.165140E-001, 4.467912E+000, -1.560190E+000, 9.625135E-001, -2.839638E+000, 4.266066E-001
4.302400E-002, -1.382137E-001, 6.594937E-001, 4.599464E+000, -2.035226E+000, 9.459102E-001, -2.823098E+000, 4.632773E-001
4.303200E-002, -2.556953E-001, 4.664711E-001, 4.737514E+000, -2.404448E+000, 9.422073E-001, -2.809866E+000, 4.967643E-001
4.304000E-002, -2.781550E-001, 3.002573E-001, 4.602713E+000, -2.623955E+000, 9.819836E-001, -2.802659E+000, 5.277753E-001
4.304800E-002, -3.645386E-001, 2.680869E-001, 4.360721E+000, -2.688119E+000, 1.040872E+000, -2.786827E+000, 5.554847E-001
4.305600E-002, -3.006147E-001, 1.340434E-001, 4.362345E+000, -2.591311E+000, 1.090443E+000, -2.755991E+000, 5.706953E-001
4.306400E-002, -1.071156E-001, -6.970258E-002, 4.539372E+000, -2.375180E+000, 1.136908E+000, -2.730826E+000, 5.755298E-001
4.307200E-002, -1.554904E-001, -1.590649E-001, 4.657932E+000, -1.966559E+000, 1.160678E+000, -2.716767E+000, 5.670400E-001
4.308000E-002, -4.180964E-001, -2.377037E-001, 4.661180E+000, -1.326048E+000, 1.146822E+000, -2.708497E+000, 5.407456E-001
4.308800E-002, -5.528547E-001, -2.162567E-001, 4.617330E+000, -6.146201E-001, 1.132727E+000, -2.712631E+000, 5.173990E-001
4.309600E-002, -6.651533E-001, -5.540462E-002, 4.687166E+000, 3.714737E-002, 1.134758E+000, -2.724801E+000, 5.080839E-001
4.310400E-002, -8.310097E-001, -2.305547E-001, 4.792733E+000, 5.245659E-001, 1.127591E+000, -2.735906E+000, 4.978256E-001
4.311200E-002, -7.532645E-001, -6.237488E-001, 4.744010E+000, 7.992313E-001, 1.110152E+000, -2.749375E+000, 4.828507E-001
4.312000E-002, -6.461489E-001, -6.451957E-001, 4.703407E+000, 1.027744E+000, 1.083753E+000, -2.763198E+000, 4.683475E-001
4.312800E-002, -8.448310E-001, -3.610236E-001, 4.773244E+000, 1.245000E+000, 1.036094E+000, -2.772886E+000, 4.557309E-001
4.313600E-002, -9.450360E-001, -2.698741E-001, 4.784613E+000, 1.269765E+000, 9.754139E-001, -2.786000E+000, 4.536085E-001
4.314400E-002, -7.791796E-001, -5.951529E-001, 4.711528E+000, 1.234869E+000, 9.057756E-001, -2.809039E+000, 4.670505E-001
4.315200E-002, -8.240990E-001, -9.061336E-001, 4.693663E+000, 1.401469E+000, 8.318372E-001, -2.835267E+000, 4.709416E-001
4.316000E-002, -1.164450E+000, -8.828994E-001, 4.711528E+000, 1.704276E+000, 7.706797E-001, -2.855588E+000, 4.571458E-001
4.316800E-002, -1.509984E+000, -9.794106E-001, 4.682294E+000, 2.032974E+000, 7.138224E-001, -2.874491E+000, 4.605653E-001
4.317600E-002, -1.746675E+000, -1.217114E+000, 4.685542E+000, 2.320022E+000, 6.581596E-001, -2.897884E+000, 4.816716E-001
4.318400E-002, -1.725943E+000, -1.143837E+000, 4.784613E+000, 2.446098E+000, 6.253113E-001, -2.914661E+000, 4.854448E-001
4.319200E-002, -1.394230E+000, -9.776234E-001, 4.896676E+000, 2.487748E+000, 6.187416E-001, -2.913007E+000, 4.735356E-001
4.320000E-002, -1.155812E+000, -1.095582E+000, 4.947023E+000, 2.594687E+000, 6.263863E-001, -2.899302E+000, 4.653997E-001
4.320800E-002, -1.297481E+000, -1.238561E+000, 4.938902E+000, 2.599190E+000, 6.302087E-001, -2.877091E+000, 4.611548E-001
4.321600E-002, -1.525533E+000, -1.113454E+000, 4.942151E+000, 2.187192E+000, 6.183833E-001, -2.844128E+000, 4.572637E-001
4.322400E-002, -1.689662E+000, -1.063411E+000, 4.927534E+000, 1.421731E+000, 6.136054E-001, -2.815773E+000, 4.499532E-001
4.323200E-002, -1.986822E+000, -1.478052E+000, 4.791109E+000, 6.371337E-001, 6.222056E-001, -2.802068E+000, 4.276678E-001
4.324000E-002, -2.318534E+000, -1.905204E+000, 4.703407E+000, -1.395841E-001, 6.138443E-001, -2.788127E+000, 3.893463E-001
4.324800E-002, -2.420467E+000, -1.762224E+000, 4.851201E+000, -1.048006E+000, 6.001077E-001, -2.766034E+000, 3.513785E-001
4.325600E-002, -2.259794E+000, -1.478052E+000, 4.987626E+000, -2.005958E+000, 6.106191E-001, -2.745476E+000, 3.262632E-001
4.326400E-002, -2.074933E+000, -1.615670E+000, 4.925910E+000, -2.861473E+000, 6.231612E-001, -2.729290E+000, 3.095197E-001
4.327200E-002, -2.068022E+000, -1.826565E+000, 4.903172E+000, -3.531251E+000, 6.140832E-001, -2.710978E+000, 2.884134E-001
4.328000E-002, -2.152678E+000, -1.688947E+000, 4.986001E+000, -3.915108E+000, 5.862517E-001, -2.691956E+000, 2.520964E-001
4.328800E-002, -2.192414E+000, -1.545968E+000, 4.989250E+000, -3.900474E+000, 5.477894E-001, -2.676597E+000, 2.100017E-001
4.329600E-002, -2.123307E+000, -1.806905E+000, 4.951895E+000, -3.594290E+000, 5.237803E-001, -2.651432E+000, 1.929045E-001
4.330400E-002, -1.986822E+000, -2.094652E+000, 4.986001E+000, -3.281351E+000, 5.368001E-001, -2.610199E+000, 2.012762E-001
4.331200E-002, -1.850335E+000, -1.971332E+000, 5.044469E+000, -2.889615E+000, 5.820711E-001, -2.577473E+000, 1.984463E-001
4.332000E-002, -1.786412E+000, -1.778309E+000, 5.122426E+000, -2.223214E+000, 6.449008E-001, -2.552898E+000, 1.721519E-001
4.332800E-002, -1.983366E+000, -1.883757E+000, 5.226369E+000, -1.529796E+000, 6.905300E-001, -2.504222E+000, 1.445604E-001
4.333600E-002, -2.290892E+000, -2.135759E+000, 5.227993E+000, -1.043503E+000, 6.718961E-001, -2.441723E+000, 1.172048E-001
4.334400E-002, -2.377275E+000, -2.296611E+000, 5.018484E+000, -6.945432E-001, 6.069162E-001, -2.401789E+000, 7.628923E-002
4.335200E-002, -2.353088E+000, -2.207248E+000, 4.779740E+000, -3.680967E-001, 5.647510E-001, -2.382059E+000, 3.501994E-002
4.336000E-002, -2.273615E+000, -1.971332E+000, 4.896676E+000, -6.866635E-002, 5.706040E-001, -2.365991E+000, -3.891105E-003
4.336800E-002, -2.074933E+000, -1.940949E+000, 5.252355E+000, 1.181962E-001, 6.157554E-001, -2.352995E+000, -4.645743E-002
4.337600E-002, -2.016192E+000, -2.155418E+000, 5.297830E+000, 3.917359E-001, 6.951885E-001, -2.339290E+000, -6.874285E-002
4.338400E-002, -2.119852E+000, -2.337718E+000, 5.109433E+000, 9.500721E-001, 7.839385E-001, -2.325822E+000, -7.640714E-002
4.339200E-002, -2.154406E+000, -2.382399E+000, 5.099689E+000, 1.488146E+000, 8.553685E-001, -2.323695E+000, -1.032911E-001
4.340000E-002, -2.154406E+000, -2.359164E+000, 5.190639E+000, 1.776320E+000, 9.008783E-001, -2.330666E+000, -1.443246E-001
4.340800E-002, -2.252883E+000, -2.335930E+000, 5.185766E+000, 1.962057E+000, 9.066118E-001, -2.343189E+000, -1.832356E-001
4.341600E-002, -2.418739E+000, -2.394909E+000, 5.164653E+000, 2.123029E+000, 8.547713E-001, -2.367645E+000, -2.232079E-001
4.342400E-002, -2.427377E+000, -2.577208E+000, 5.281589E+000, 2.249104E+000, 7.659018E-001, -2.405570E+000, -2.609398E-001
4.343200E-002, -2.297802E+000, -2.652273E+000, 5.458616E+000, 2.304263E+000, 6.972191E-001, -2.451765E+000, -2.903000E-001
4.344000E-002, -2.328900E+000, -2.428867E+000, 5.473233E+000, 2.117400E+000, 6.636541E-001, -2.492289E+000, -3.168302E-001
4.344800E-002, -2.448110E+000, -2.255504E+000, 5.349801E+000, 1.747052E+000, 6.401228E-001, -2.524543E+000, -3.372291E-001
4.345600E-002, -2.413556E+000, -2.414569E+000, 5.307574E+000, 1.444245E+000, 6.298503E-001, -2.564831E+000, -3.485487E-001
4.346400E-002, -2.339266E+000, -2.587932E+000, 5.362794E+000, 1.151569E+000, 6.373755E-001, -2.608427E+000, -3.572741E-001
4.347200E-002, -2.249428E+000, -2.548612E+000, 5.374163E+000, 6.922919E-001, 6.391672E-001, -2.638318E+000, -3.575100E-001
4.348000E-002, -2.157861E+000, -2.546825E+000, 5.401772E+000, 1.632233E-001, 6.261474E-001, -2.664901E+000, -3.490203E-001
4.348800E-002, -2.271887E+000, -2.704103E+000, 5.596665E+000, -2.971790E-001, 6.061996E-001, -2.689593E+000, -3.400590E-001
4.349600E-002, -2.413556E+000, -2.695167E+000, 5.694111E+000, -6.877892E-001, 5.727541E-001, -2.691956E+000, -3.302722E-001
4.350400E-002, -2.320262E+000, -2.293036E+000, 5.515460E+000, -1.059263E+000, 5.082520E-001, -2.682032E+000, -3.272065E-001
4.351200E-002, -2.142312E+000, -1.919502E+000, 5.421261E+000, -1.480266E+000, 3.878483E-001, -2.685694E+000, -3.393515E-001
4.352000E-002, -2.019647E+000, -2.080354E+000, 5.517084E+000, -1.885510E+000, 1.691386E-001, -2.697981E+000, -3.597503E-001
4.352800E-002, -2.052473E+000, -2.530740E+000, 5.544693E+000, -2.081378E+000, -1.419045E-001, -2.698927E+000, -3.944165E-001
4.353600E-002, -2.202780E+000, -2.639762E+000, 5.452119E+000, -2.000329E+000, -3.518944E-001, -2.683568E+000, -4.438217E-001
4.354400E-002, -2.197597E+000, -2.294823E+000, 5.250731E+000, -1.769566E+000, -1.677053E-001, -2.671871E+000, -4.587966E-001
4.355200E-002, -2.078388E+000, -2.055333E+000, 5.124050E+000, -1.593960E+000, 4.774344E-001, -2.674234E+000, -4.037316E-001
4.356000E-002, -2.030013E+000, -2.309121E+000, 5.289709E+000, -1.427360E+000, 1.340328E+000, -2.656630E+000, -3.155332E-001
4.356800E-002, -2.055928E+000, -2.502144E+000, 5.473233E+000, -1.053635E+000, 2.060959E+000, -2.609844E+000, -2.511531E-001
4.357600E-002, -2.154406E+000, -2.175078E+000, 5.499218E+000, -6.348823E-001, 2.325537E+000, -2.568730E+000, -2.477337E-001
4.358400E-002, -2.171682E+000, -1.917715E+000, 5.621027E+000, -3.861075E-001, 2.050806E+000, -2.542619E+000, -3.104630E-001
4.359200E-002, -1.992005E+000, -2.103588E+000, 5.785061E+000, -1.924909E-001, 1.473155E+000, -2.540847E+000, -3.954777E-001
4.360000E-002, -1.776046E+000, -2.246568E+000, 5.716848E+000, 5.290686E-002, 8.962198E-001, -2.582198E+000, -4.565563E-001
4.360800E-002, -1.598096E+000, -2.060694E+000, 5.557686E+000, 2.746654E-001, 4.555754E-001, -2.635482E+000, -5.040749E-001
4.361600E-002, -1.547993E+000, -1.958821E+000, 5.518708E+000, 3.399547E-001, 1.995979E-001, -2.658402E+000, -5.486457E-001
4.362400E-002, -1.743220E+000, -2.217972E+000, 5.543069E+000, 3.624683E-001, 1.657941E-001, -2.647887E+000, -5.678654E-001
4.363200E-002, -1.902166E+000, -2.396697E+000, 5.582048E+000, 5.493308E-001, 3.455636E-001, -2.609844E+000, -5.619698E-001
4.364000E-002, -1.826148E+000, -2.216185E+000, 5.546318E+000, 8.026083E-001, 6.879022E-001, -2.543919E+000, -5.370904E-001
4.364800E-002, -1.717305E+000, -2.076780E+000, 5.411517E+000, 1.006356E+000, 1.059744E+000, -2.454955E+000, -4.860343E-001
4.365600E-002, -1.651653E+000, -2.055333E+000, 5.422885E+000, 1.217983E+000, 1.258984E+000, -2.358666E+000, -4.321484E-001
4.366400E-002, -1.544538E+000, -1.794395E+000, 5.593417E+000, 1.381207E+000, 1.200454E+000, -2.287188E+000, -4.109242E-001
4.367200E-002, -1.421873E+000, -1.563840E+000, 5.625899E+000, 1.434114E+000, 9.718305E-001, -2.264740E+000, -4.296723E-001
4.368000E-002, -1.437422E+000, -1.751501E+000, 5.557686E+000, 1.501654E+000, 6.974580E-001, -2.282462E+000, -4.727103E-001
4.368800E-002, -1.527261E+000, -1.983843E+000, 5.728217E+000, 1.684014E+000, 4.877070E-001, -2.325940E+000, -5.329634E-001
4.369600E-002, -1.473703E+000, -1.894480E+000, 5.952344E+000, 1.831478E+000, 4.364637E-001, -2.386076E+000, -6.132616E-001
4.370400E-002, -1.458154E+000, -1.678224E+000, 5.838656E+000, 1.829227E+000, 5.519701E-001, -2.446803E+000, -6.961540E-001
4.371200E-002, -1.537627E+000, -1.653202E+000, 5.733089E+000, 1.660375E+000, 7.785633E-001, -2.488627E+000, -7.710283E-001
4.372000E-002, -1.380409E+000, -1.749714E+000, 5.892252E+000, 1.144814E+000, 1.091876E+000, -2.510602E+000, -8.378845E-001
4.372800E-002, -1.169633E+000, -1.783671E+000, 5.817543E+000, 3.523372E-001, 1.446756E+000, -2.529860E+000, -8.775030E-001
4.373600E-002, -1.145446E+000, -1.828352E+000, 5.504091E+000, -4.412657E-001, 1.711215E+000, -2.543683E+000, -8.928316E-001
4.374400E-002, -1.067701E+000, -1.772948E+000, 5.495970E+000, -1.237120E+000, 1.776314E+000, -2.544746E+000, -8.971944E-001
4.375200E-002, -9.813170E-001, -1.540606E+000, 5.692487E+000, -1.958680E+000, 1.657105E+000, -2.545928E+000, -8.779747E-001
4.376000E-002, -1.034875E+000, -1.499499E+000, 5.700607E+000, -2.354918E+000, 1.438156E+000, -2.554316E+000, -8.471996E-001
4.376800E-002, -1.007232E+000, -1.617457E+000, 5.640516E+000, -2.450601E+000, 1.194243E+000, -2.565422E+000, -8.299844E-001
4.377600E-002, -8.517417E-001, -1.626394E+000, 5.759075E+000, -2.505759E+000, 9.745778E-001, -2.569320E+000, -8.150095E-001
4.378400E-002, -7.999116E-001, -1.572776E+000, 5.989698E+000, -2.580054E+000, 8.112921E-001, -2.565894E+000, -7.994451E-001
4.379200E-002, -8.240990E-001, -1.461967E+000, 6.130995E+000, -2.461858E+000, 7.111945E-001, -2.558451E+000, -8.072273E-001
4.380000E-002, -7.359878E-001, -1.428009E+000, 6.040045E+000, -2.066745E+000, 6.492009E-001, -2.526670E+000, -8.337576E-001
4.380800E-002, -6.634256E-001, -1.526308E+000, 5.832160E+000, -1.608594E+000, 6.017800E-001, -2.464407E+000, -8.528594E-001
4.381600E-002, -7.619029E-001, -1.456605E+000, 5.765572E+000, -1.304661E+000, 5.520895E-001, -2.398363E+000, -8.634714E-001
4.382400E-002, -7.549922E-001, -1.276093E+000, 5.864642E+000, -1.151569E+000, 4.912904E-001, -2.346615E+000, -8.718432E-001
4.383200E-002, -4.906585E-001, -1.226051E+000, 5.903621E+000, -9.669573E-001, 4.420778E-001, -2.308927E+000, -8.705462E-001
4.384000E-002, -2.487846E-001, -1.279668E+000, 5.799678E+000, -7.643353E-001, 4.254745E-001, -2.271711E+000, -8.765597E-001
4.384800E-002, -2.004098E-001, -1.351158E+000, 5.737962E+000, -8.611436E-001, 4.757622E-001, -2.225634E+000, -9.173574E-001
4.385600E-002, -2.712443E-001, -1.293966E+000, 5.791557E+000, -1.216858E+000, 6.378533E-001, -2.194679E+000, -9.780822E-001
4.386400E-002, -3.351682E-001, -1.124178E+000, 5.885756E+000, -1.268639E+000, 8.691050E-001, -2.189718E+000, -1.041755E+000
4.387200E-002, -3.265298E-001, -1.004432E+000, 5.986450E+000, -9.815911E-001, 1.090801E+000, -2.185937E+000, -1.120520E+000
4.388000E-002, -2.574230E-001, -9.776234E-001, 5.962089E+000, -9.489465E-001, 1.263642E+000, -2.182274E+000, -1.206360E+000
4.388800E-002, -1.174816E-001, -1.009794E+000, 5.840281E+000, -1.114421E+000, 1.332803E+000, -2.186527E+000, -1.283475E+000
4.389600E-002, 1.122986E-001, -9.365168E-001, 5.773692E+000, -8.960396E-001, 1.265195E+000, -2.181093E+000, -1.358231E+000
4.390400E-002, 4.060026E-001, -6.827279E-001, 5.695735E+000, -3.422061E-001, 1.105493E+000, -2.160890E+000, -1.419546E+000
4.391200E-002, 6.219615E-001, -4.360880E-001, 5.668126E+000, 1.958680E-001, 9.234540E-001, -2.132771E+000, -1.447609E+000
4.392000E-002, 5.269396E-001, -3.824706E-001, 5.757451E+000, 7.035487E-001, 7.902693E-001, -2.089175E+000, -1.452443E+000
4.392800E-002, 2.263249E-001, -5.540462E-001, 5.789933E+000, 1.180836E+000, 7.654240E-001, -2.022068E+000, -1.440652E+000
4.393600E-002, 1.140263E-001, -7.452815E-001, 5.801302E+000, 1.570321E+000, 8.356596E-001, -1.935585E+000, -1.409287E+000
4.394400E-002, 3.248021E-001, -7.792391E-001, 5.866266E+000, 1.893390E+000, 9.334876E-001, -1.837052E+000, -1.380399E+000
4.395200E-002, 6.098678E-001, -6.648554E-001, 5.827288E+000, 2.058865E+000, 1.007426E+000, -1.732138E+000, -1.378041E+000
4.396000E-002, 6.513319E-001, -5.308120E-001, 5.804550E+000, 1.939543E+000, 1.009576E+000, -1.629351E+000, -1.407990E+000
4.396800E-002, 6.202338E-001, -4.825563E-001, 5.983202E+000, 1.587206E+000, 9.050589E-001, -1.544404E+000, -1.479799E+000
4.397600E-002, 8.258267E-001, -3.753216E-001, 6.040045E+000, 1.161700E+000, 7.374731E-001, -1.489821E+000, -1.586509E+000
4.398400E-002, 1.008960E+000, -2.502144E-001, 5.736338E+000, 6.697783E-001, 5.803987E-001, -1.458748E+000, -1.681193E+000
4.399200E-002, 9.554020E-001, -3.056190E-001, 5.367666E+000, 7.429474E-002, 4.866319E-001, -1.439136E+000, -1.738734E+000
4.400000E-002, 9.225762E-001, -3.538747E-001, 5.322191E+000, -5.088064E-001, 5.207941E-001, -1.436537E+000, -1.778117E+000
4.400800E-002, 1.072884E+000, -2.805976E-001, 5.611282E+000, -1.018739E+000, 6.959051E-001, -1.453077E+000, -1.802171E+000
4.401600E-002, 1.243923E+000, -1.340434E-001, 5.785061E+000, -1.345185E+000, 9.391017E-001, -1.468673E+000, -1.801228E+000
4.402400E-002, 1.228374E+000, 6.612809E-002, 5.612906E+000, -1.391338E+000, 1.176565E+000, -1.473398E+000, -1.796275E+000
4.403200E-002, 1.197276E+000, 1.376179E-001, 5.455368E+000, -1.356442E+000, 1.323367E+000, -1.484622E+000, -1.813137E+000
4.404000E-002, 1.345856E+000, 1.125965E-001, 5.443999E+000, -1.292278E+000, 1.307599E+000, -1.516404E+000, -1.863721E+000
4.404800E-002, 1.435694E+000, 2.430654E-001, 5.344929E+000, -1.023241E+000, 1.172981E+000, -1.564962E+000, -1.948382E+000
4.405600E-002, 1.389047E+000, 4.628966E-001, 5.234489E+000, -6.889148E-001, 9.951229E-001, -1.627697E+000, -2.035873E+000
4.406400E-002, 1.430511E+000, 5.361737E-001, 5.271844E+000, -5.301943E-001, 7.907470E-001, -1.700711E+000, -2.101904E+000
4.407200E-002, 1.594640E+000, 4.128538E-001, 5.320567E+000, -5.144348E-001, 5.888796E-001, -1.767109E+000, -2.170529E+000
4.408000E-002, 1.736309E+000, 3.091935E-001, 5.234489E+000, -5.166861E-001, 4.298940E-001, -1.809760E+000, -2.241866E+000
4.408800E-002, 1.789867E+000, 4.217900E-001, 5.120802E+000, -4.885442E-001, 3.432941E-001, -1.819802E+000, -2.276886E+000
4.409600E-002, 1.846880E+000, 6.183870E-001, 5.078576E+000, -4.784131E-001, 3.781730E-001, -1.786840E+000, -2.279834E+000
4.410400E-002, 1.933264E+000, 6.791534E-001, 4.976257E+000, -6.438878E-001, 5.350084E-001, -1.715952E+000, -2.273820E+000
4.411200E-002, 1.903893E+000, 7.274090E-001, 4.886931E+000, -9.714600E-001, 7.201532E-001, -1.638685E+000, -2.247525E+000
4.412000E-002, 1.805416E+000, 9.132826E-001, 5.007115E+000, -1.185339E+000, 8.615798E-001, -1.560236E+000, -2.202601E+000
4.412800E-002, 1.746675E+000, 9.990703E-001, 5.057462E+000, -1.122301E+000, 9.533160E-001, -1.467609E+000, -2.159799E+000
4.413600E-002, 1.689662E+000, 8.989846E-001, 4.888555E+000, -8.656463E-001, 9.745778E-001, -1.390224E+000, -2.121949E+000
4.414400E-002, 1.829603E+000, 8.918356E-001, 4.880435E+000, -5.076807E-001, 9.131814E-001, -1.349463E+000, -2.102847E+000
4.415200E-002, 2.144040E+000, 1.011581E+000, 5.010363E+000, -1.046880E-001, 8.084254E-001, -1.318036E+000, -2.114285E+000
4.416000E-002, 2.228695E+000, 1.090220E+000, 4.929158E+000, 3.512115E-001, 6.933967E-001, -1.290627E+000, -2.125015E+000
4.416800E-002, 2.195870E+000, 1.104518E+000, 4.745634E+000, 8.892855E-001, 5.844600E-001, -1.289681E+000, -2.125722E+000
4.417600E-002, 2.351360E+000, 1.124178E+000, 4.718024E+000, 1.368824E+000, 5.086104E-001, -1.308112E+000, -2.145178E+000
4.418400E-002, 2.366909E+000, 1.268945E+000, 4.833335E+000, 1.672757E+000, 5.009657E-001, -1.330087E+000, -2.176071E+000
4.419200E-002, 2.085299E+000, 1.440520E+000, 4.917789E+000, 1.848363E+000, 5.789654E-001, -1.350881E+000, -2.195880E+000
4.420000E-002, 2.095665E+000, 1.381541E+000, 4.834960E+000, 1.838232E+000, 7.088056E-001, -1.359269E+000, -2.202955E+000
4.420800E-002, 2.467114E+000, 1.295753E+000, 4.718024E+000, 1.544430E+000, 8.259842E-001, -1.355371E+000, -2.193522E+000
4.421600E-002, 2.522399E+000, 1.515584E+000, 4.773244E+000, 1.072771E+000, 8.826027E-001, -1.355371E+000, -2.179137E+000
4.422400E-002, 2.282253E+000, 1.801544E+000, 4.831711E+000, 5.493308E-001, 8.774664E-001, -1.362932E+000, -2.182792E+000
4.423200E-002, 2.289164E+000, 1.817629E+000, 4.724521E+000, 2.363924E-002, 8.489183E-001, -1.373801E+000, -2.193876E+000
4.424000E-002, 2.437744E+000, 1.697883E+000, 4.615705E+000, -4.851672E-001, 8.159506E-001, -1.394595E+000, -2.186683E+000
4.424800E-002, 2.401463E+000, 1.635330E+000, 4.427310E+000, -9.208045E-001, 7.637517E-001, -1.426258E+000, -2.171708E+000
4.425600E-002, 2.233878E+000, 1.601372E+000, 4.156084E+000, -1.087405E+000, 7.036693E-001, -1.455558E+000, -2.173123E+000
4.426400E-002, 2.144040E+000, 1.608521E+000, 4.182070E+000, -1.017613E+000, 6.629375E-001, -1.484859E+000, -2.180551E+000
4.427200E-002, 2.252883E+000, 1.674649E+000, 4.419189E+000, -1.024367E+000, 6.306865E-001, -1.516640E+000, -2.183735E+000
4.428000E-002, 2.468842E+000, 1.778309E+000, 4.461416E+000, -1.048006E+000, 6.132470E-001, -1.532708E+000, -2.194347E+000
4.428800E-002, 2.541404E+000, 1.982056E+000, 4.268147E+000, -8.611436E-001, 6.349866E-001, -1.538024E+000, -2.202837E+000
4.429600E-002, 2.328900E+000, 2.125035E+000, 4.089496E+000, -5.774727E-001, 6.535010E-001, -1.540978E+000, -2.201540E+000
4.430400E-002, 2.119852E+000, 2.005290E+000, 4.156084E+000, -4.187522E-001, 6.278197E-001, -1.528691E+000, -2.203073E+000
4.431200E-002, 2.218329E+000, 1.842650E+000, 4.368842E+000, -3.658453E-001, 5.839822E-001, -1.517821E+000, -2.206728E+000
4.432000E-002, 2.354815E+000, 1.855161E+000, 4.430558E+000, -2.476491E-001, 5.493422E-001, -1.521129E+000, -2.205549E+000
4.432800E-002, 2.308168E+000, 1.942736E+000, 4.263275E+000, -1.767314E-001, 5.537618E-001, -1.512977E+000, -2.204723E+000
4.433600E-002, 2.283981E+000, 2.012439E+000, 4.081375E+000, -3.849818E-001, 6.060801E-001, -1.490412E+000, -2.211444E+000
4.434400E-002, 2.228695E+000, 2.057120E+000, 4.003418E+000, -7.609583E-001, 6.385700E-001, -1.472808E+000, -2.212741E+000
4.435200E-002, 2.043835E+000, 2.073205E+000, 3.930333E+000, -1.050257E+000, 6.177860E-001, -1.457567E+000, -2.196588E+000
4.436000E-002, 2.064567E+000, 2.096439E+000, 3.953071E+000, -1.112170E+000, 5.928214E-001, -1.425431E+000, -2.173712E+000
4.436800E-002, 2.361726E+000, 2.139333E+000, 4.113857E+000, -1.045755E+000, 5.807571E-001, -1.374392E+000, -2.149069E+000
4.437600E-002, 2.515489E+000, 2.189376E+000, 4.134971E+000, -8.949139E-001, 5.836239E-001, -1.329378E+000, -2.123600E+000
4.438400E-002, 2.308168E+000, 2.207248E+000, 3.961191E+000, -4.547739E-001, 6.329560E-001, -1.302559E+000, -2.098956E+000
4.439200E-002, 2.102576E+000, 2.251930E+000, 3.805277E+000, 1.193219E-001, 7.127473E-001, -1.281529E+000, -2.069360E+000
4.440000E-002, 2.216602E+000, 2.341292E+000, 3.816646E+000, 5.684673E-001, 7.779661E-001, -1.260499E+000, -2.044952E+000
4.440800E-002, 2.366909E+000, 2.164355E+000, 3.915716E+000, 1.073897E+000, 8.127255E-001, -1.249276E+000, -2.048018E+000
4.441600E-002, 2.315079E+000, 1.937374E+000, 3.953071E+000, 1.753806E+000, 7.988695E-001, -1.256719E+000, -2.069714E+000
4.442400E-002, 2.252883E+000, 2.201887E+000, 3.943326E+000, 2.395442E+000, 7.292312E-001, -1.289563E+000, -2.094122E+000
4.443200E-002, 2.221785E+000, 2.427080E+000, 3.879986E+000, 2.797310E+000, 6.094247E-001, -1.353717E+000, -2.132679E+000
4.444000E-002, 2.088754E+000, 2.137546E+000, 3.800405E+000, 2.976292E+000, 4.377776E-001, -1.437128E+000, -2.182556E+000
4.444800E-002, 1.988549E+000, 2.024949E+000, 3.821518E+000, 2.980795E+000, 2.576497E-001, -1.527037E+000, -2.227127E+000
4.445600E-002, 2.004098E+000, 2.259079E+000, 3.925461E+000, 2.831080E+000, 1.232705E-001, -1.620254E+000, -2.275707E+000
4.446400E-002, 2.095665E+000, 2.355590E+000, 3.975808E+000, 2.617201E+000, 3.093708E-002, -1.701538E+000, -2.327352E+000
4.447200E-002, 2.335811E+000, 2.423505E+000, 3.850752E+000, 2.271618E+000, -1.493102E-002, -1.757421E+000, -2.362254E+000
4.448000E-002, 2.468842E+000, 2.471761E+000, 3.706207E+000, 1.801085E+000, -3.583446E-004, -1.785658E+000, -2.392558E+000
4.448800E-002, 2.340994E+000, 2.284100E+000, 3.717576E+000, 1.462256E+000, 4.992934E-002, -1.787312E+000, -2.430408E+000
4.449600E-002, 2.240789E+000, 2.234057E+000, 3.756554E+000, 1.156071E+000, 1.500269E-001, -1.763092E+000, -2.453872E+000
4.450400E-002, 2.166499E+000, 2.500357E+000, 3.766299E+000, 7.114284E-001, 3.228685E-001, -1.715361E+000, -2.456348E+000
4.451200E-002, 2.116397E+000, 2.621890E+000, 3.675349E+000, 4.029927E-001, 4.932016E-001, -1.658888E+000, -2.453400E+000
4.452000E-002, 2.225240E+000, 2.469974E+000, 3.478832E+000, 2.757911E-001, 6.011828E-001, -1.603005E+000, -2.448330E+000
4.452800E-002, 2.266704E+000, 2.260866E+000, 3.530804E+000, 1.823598E-001, 6.616235E-001, -1.547240E+000, -2.450335E+000
4.453600E-002, 2.168227E+000, 2.285887E+000, 3.785788E+000, 2.161302E-001, 6.466925E-001, -1.507661E+000, -2.474035E+000
4.454400E-002, 2.131946E+000, 2.755933E+000, 3.779292E+000, 1.598463E-001, 5.489839E-001, -1.496555E+000, -2.507404E+000
4.455200E-002, 2.164772E+000, 3.118744E+000, 3.564910E+000, -1.620976E-001, 4.468557E-001, -1.510142E+000, -2.519903E+000
4.456000E-002, 2.204508E+000, 2.798827E+000, 3.447974E+000, -4.468941E-001, 3.770979E-001, -1.555392E+000, -2.509526E+000
4.456800E-002, 2.252883E+000, 2.477123E+000, 3.428485E+000, -6.821608E-001, 3.336188E-001, -1.621908E+000, -2.508819E+000
4.457600E-002, 2.375547E+000, 2.727337E+000, 3.446350E+000, -1.005230E+000, 3.210768E-001, -1.677555E+000, -2.529925E+000
4.458400E-002, 2.487846E+000, 2.918572E+000, 3.405748E+000, -1.273142E+000, 2.951565E-001, -1.733438E+000, -2.557163E+000
4.459200E-002, 2.370364E+000, 2.736273E+000, 3.205983E+000, -1.469010E+000, 2.102288E-001, -1.813304E+000, -2.587113E+000
4.460000E-002, 2.142312E+000, 2.589719E+000, 3.033828E+000, -1.604091E+000, 9.961979E-002, -1.898724E+000, -2.630151E+000
4.460800E-002, 2.102576E+000, 2.557549E+000, 3.067934E+000, -1.569195E+000, -9.675303E-003, -1.968666E+000, -2.680028E+000
4.461600E-002, 2.220057E+000, 2.575421E+000, 3.126402E+000, -1.345185E+000, -1.256595E-001, -2.023722E+000, -2.724363E+000
4.462400E-002, 2.226968E+000, 2.680869E+000, 3.058189E+000, -9.309356E-001, -2.179929E-001, -2.067318E+000, -2.761741E+000
4.463200E-002, 2.078388E+000, 2.709465E+000, 3.035452E+000, -3.996156E-001, -2.680417E-001, -2.099926E+000, -2.787564E+000
4.464000E-002, 2.035196E+000, 2.612953E+000, 3.163756E+000, 7.767177E-002, -2.939620E-001, -2.115640E+000, -2.807373E+000
4.464800E-002, 2.192414E+000, 2.536102E+000, 3.248209E+000, 5.234402E-001, -3.001733E-001, -2.113513E+000, -2.830956E+000
4.465600E-002, 2.249428E+000, 2.688018E+000, 3.147515E+000, 1.040126E+000, -2.939620E-001, -2.101699E+000, -2.845223E+000
4.466400E-002, 2.019647E+000, 3.047254E+000, 3.132898E+000, 1.450999E+000, -2.888257E-001, -2.077124E+000, -2.838856E+000
4.467200E-002, 1.784684E+000, 3.052616E+000, 3.332663E+000, 1.595086E+000, -3.079374E-001, -2.036128E+000, -2.828951E+000
4.468000E-002, 1.902166E+000, 2.614741E+000, 3.363521E+000, 1.664878E+000, -3.544028E-001, -1.990287E+000, -2.838384E+000
4.468800E-002, 2.116397E+000, 2.398484E+000, 3.179997E+000, 1.700899E+000, -3.736340E-001, -1.945037E+000, -2.863145E+000
4.469600E-002, 1.874523E+000, 2.511080E+000, 3.105288E+000, 1.469010E+000, -3.518944E-001, -1.896952E+000, -2.890501E+000
4.470400E-002, 1.409779E+000, 2.530740E+000, 3.064686E+000, 9.770884E-001, -3.214351E-001, -1.854656E+000, -2.923281E+000
4.471200E-002, 1.376954E+000, 2.541463E+000, 2.882786E+000, 4.682820E-001, -2.878701E-001, -1.829845E+000, -2.956414E+000
4.472000E-002, 1.681024E+000, 2.688018E+000, 2.795084E+000, 6.528932E-002, -2.679223E-001, -1.821575E+000, -2.981293E+000
4.472800E-002, 1.820965E+000, 2.696954E+000, 2.949374E+000, -3.039330E-001, -2.675639E-001, -1.828900E+000, -3.013130E+000
4.473600E-002, 1.758769E+000, 2.575421E+000, 2.908772E+000, -6.483905E-001, -2.452271E-001, -1.847094E+000, -3.057347E+000
4.474400E-002, 1.682751E+000, 2.407420E+000, 2.606688E+000, -8.600179E-001, -1.611356E-001, -1.874740E+000, -3.087415E+000
4.475200E-002, 1.582546E+000, 2.260866E+000, 2.587199E+000, -9.692087E-001, -4.180687E-003, -1.923653E+000, -3.093428E+000
4.476000E-002, 1.477159E+000, 2.464612E+000, 2.692766E+000, -1.059263E+000, 1.847863E-001, -1.989933E+000, -3.089065E+000
4.476800E-002, 1.553176E+000, 2.757720E+000, 2.514114E+000, -1.072771E+000, 3.106847E-001, -2.052078E+000, -3.082344E+000
4.477600E-002, 1.689662E+000, 2.596868E+000, 2.418292E+000, -9.872195E-001, 3.202406E-001, -2.104652E+000, -3.083405E+000
4.478400E-002, 1.446061E+000, 2.255504E+000, 2.686269E+000, -9.163018E-001, 2.442715E-001, -2.168333E+000, -3.096612E+000
4.479200E-002, 9.951384E-001, 2.158993E+000, 2.942878E+000, -9.478208E-001, 1.110868E-001, -2.254816E+000, -3.108993E+000
4.480000E-002, 1.007232E+000, 2.192950E+000, 2.939630E+000, -1.123427E+000, -7.835802E-002, -2.334328E+000, -3.112884E+000
4.480800E-002, 1.256017E+000, 2.287674E+000, 2.879538E+000, -1.366573E+000, -2.813005E-001, -2.383004E+000, -3.112058E+000
4.481600E-002, 1.223191E+000, 2.402058E+000, 2.933133E+000, -1.425108E+000, -4.515142E-001, -2.426836E+000, -3.103333E+000
4.482400E-002, 1.186910E+000, 2.339505E+000, 2.960743E+000, -1.299032E+000, -6.112164E-001, -2.482011E+000, -3.085764E+000
4.483200E-002, 1.285387E+000, 2.146482E+000, 2.894155E+000, -1.304661E+000, -7.784439E-001, -2.520054E+000, -3.071143E+000
4.484000E-002, 1.363132E+000, 1.964183E+000, 2.847055E+000, -1.419480E+000, -9.217817E-001, -2.527142E+000, -3.059469E+000
4.484800E-002, 1.352766E+000, 2.012439E+000, 2.746361E+000, -1.320420E+000, -1.032988E+000, -2.519817E+000, -3.037891E+000
4.485600E-002, 1.107437E+000, 2.230483E+000, 2.548220E+000, -9.748371E-001, -1.124246E+000, -2.501623E+000, -3.014781E+000
4.486400E-002, 8.240990E-001, 2.123248E+000, 2.570958E+000, -5.684673E-001, -1.173937E+000, -2.469487E+000, -3.001810E+000
4.487200E-002, 7.964563E-001, 1.894480E+000, 2.889282E+000, -1.542179E-001, -1.151003E+000, -2.438651E+000, -2.986835E+000
4.488000E-002, 9.363976E-001, 2.010651E+000, 2.996473E+000, 3.714737E-001, -1.073361E+000, -2.419157E+000, -2.972804E+000
4.488800E-002, 9.934108E-001, 2.160780E+000, 2.775595E+000, 1.033372E+000, -9.970341E-001, -2.398600E+000, -2.969856E+000
4.489600E-002, 7.428985E-001, 2.057120E+000, 2.657035E+000, 1.661501E+000, -9.353988E-001, -2.367764E+000, -2.967262E+000
4.490400E-002, 4.561051E-001, 1.903417E+000, 2.718751E+000, 2.121903E+000, -8.743607E-001, -2.334328E+000, -2.965375E+000
4.491200E-002, 6.150509E-001, 1.755075E+000, 2.754482E+000, 2.448349E+000, -8.325539E-001, -2.313771E+000, -2.969738E+000
4.492000E-002, 9.709510E-001, 1.603159E+000, 2.689517E+000, 2.695998E+000, -8.112921E-001, -2.310699E+000, -2.973511E+000
4.492800E-002, 9.208485E-001, 1.694309E+000, 2.593695E+000, 2.878358E+000, -7.968389E-001, -2.307627E+000, -2.967026E+000
4.493600E-002, 5.079352E-001, 1.892693E+000, 2.657035E+000, 2.945899E+000, -7.917026E-001, -2.291205E+000, -2.952759E+000
4.494400E-002, 3.178914E-001, 1.789033E+000, 2.829190E+000, 2.778173E+000, -7.755771E-001, -2.271238E+000, -2.942383E+000
4.495200E-002, 4.042750E-001, 1.503074E+000, 2.801581E+000, 2.380809E+000, -7.353231E-001, -2.256234E+000, -2.925403E+000
4.496000E-002, 4.664711E-001, 1.385115E+000, 2.660284E+000, 1.901270E+000, -6.930384E-001, -2.241938E+000, -2.894864E+000
4.496800E-002, 6.133232E-001, 1.383328E+000, 2.707382E+000, 1.339557E+000, -6.626986E-001, -2.217246E+000, -2.867390E+000
4.497600E-002, 6.997067E-001, 1.270732E+000, 2.786964E+000, 7.012973E-001, -6.392867E-001, -2.182629E+000, -2.839091E+000
4.498400E-002, 5.027522E-001, 1.111667E+000, 2.733368E+000, 1.722287E-001, -6.174277E-001, -2.155337E+000, -2.809731E+000
4.499200E-002, 4.042750E-001, 1.092007E+000, 2.785340E+000, -2.273869E-001, -5.997494E-001, -2.144940E+000, -2.796407E+000
4.500000E-002, 5.424886E-001, 1.188518E+000, 2.955871E+000, -6.326309E-001, -5.845795E-001, -2.150493E+000, -2.793341E+000
4.500800E-002, 6.686086E-001, 1.258221E+000, 2.973736E+000, -9.950992E-001, -5.621232E-001, -2.177076E+000, -2.792988E+000
4.501600E-002, 6.824300E-001, 1.190306E+000, 2.819446E+000, -1.258508E+000, -5.229442E-001, -2.223625E+000, -2.800770E+000
4.502400E-002, 5.511270E-001, 1.038390E+000, 2.730120E+000, -1.447622E+000, -4.760011E-001, -2.275964E+000, -2.804071E+000
4.503200E-002, 4.042750E-001, 1.027666E+000, 2.853552E+000, -1.464507E+000, -4.614284E-001, -2.332320E+000, -2.800770E+000
4.504000E-002, 3.714492E-001, 1.272519E+000, 2.978608E+000, -1.348562E+000, -5.002490E-001, -2.395528E+000, -2.815391E+000
4.504800E-002, 3.213468E-001, 1.415499E+000, 2.864921E+000, -1.323797E+000, -5.703651E-001, -2.462044E+000, -2.838384E+000
4.505600E-002, 3.161638E-001, 1.222476E+000, 2.726872E+000, -1.375578E+000, -6.503954E-001, -2.536358E+000, -2.841332E+000
4.506400E-002, 4.923862E-001, 1.092007E+000, 2.837311E+000, -1.342934E+000, -7.307841E-001, -2.618824E+000, -2.835908E+000
4.507200E-002, 6.323276E-001, 1.168859E+000, 3.022459E+000, -1.278770E+000, -8.134422E-001, -2.707433E+000, -2.830248E+000
4.508000E-002, 5.355780E-001, 1.184944E+000, 3.033828E+000, -1.321546E+000, -9.093591E-001, -2.801477E+000, -2.797704E+000
4.508800E-002, 3.731769E-001, 1.043751E+000, 2.910396E+000, -1.439742E+000, -1.013757E+000, -2.877327E+000, -2.739455E+000
4.509600E-002, 3.766322E-001, 7.917498E-001, 2.832439E+000, -1.505031E+000, -1.127471E+000, -2.916670E+000, -2.688871E+000
4.510400E-002, 5.183012E-001, 6.380467E-001, 2.765850E+000, -1.532048E+000, -1.254445E+000, -2.933919E+000, -2.643593E+000
4.511200E-002, 6.305999E-001, 7.327707E-001, 2.595319E+000, -1.496026E+000, -1.366726E+000, -2.941126E+000, -2.574732E+000
4.512000E-002, 6.634256E-001, 8.346438E-001, 2.583951E+000, -1.247251E+000, -1.446159E+000, -2.937109E+000, -2.483350E+000
4.512800E-002, 6.979790E-001, 7.613667E-001, 2.825942E+000, -9.061707E-001, -1.483188E+000, -2.919860E+000, -2.385601E+000
4.513600E-002, 7.722689E-001, 6.308978E-001, 2.942878E+000, -6.326309E-001, -1.446040E+000, -2.887724E+000, -2.280777E+000
4.514400E-002, 7.428985E-001, 6.076636E-001, 2.808077E+000, -3.624683E-001, -1.344509E+000, -2.843065E+000, -2.178901E+000
4.515200E-002, 5.563100E-001, 7.363452E-001, 2.686269E+000, -3.039330E-002, -1.234019E+000, -2.793561E+000, -2.098249E+000
4.516000E-002, 4.388284E-001, 8.078350E-001, 2.803205E+000, 3.973643E-001, -1.143955E+000, -2.742641E+000, -2.036463E+000
4.516800E-002, 5.373057E-001, 6.594937E-001, 3.020835E+000, 7.440731E-001, -1.084351E+000, -2.694673E+000, -1.992246E+000
4.517600E-002, 7.878179E-001, 5.022160E-001, 3.030579E+000, 8.003570E-001, -1.068822E+000, -2.662538E+000, -1.969253E+000
4.518400E-002, 9.985937E-001, 5.486844E-001, 2.920140E+000, 7.271879E-001, -1.097490E+000, -2.645879E+000, -1.960527E+000
4.519200E-002, 8.223713E-001, 6.326850E-001, 2.972112E+000, 6.213742E-001, -1.144433E+000, -2.630756E+000, -1.967012E+000
4.520000E-002, 4.232794E-001, 5.522589E-001, 3.165380E+000, 3.973643E-001, -1.170353E+000, -2.613862E+000, -1.982577E+000
4.520800E-002, 3.593555E-001, 3.914068E-001, 3.236841E+000, 1.947423E-001, -1.170353E+000, -2.600157E+000, -1.979983E+000
4.521600E-002, 5.891358E-001, 3.610236E-001, 3.137770E+000, 5.628389E-002, -1.177879E+000, -2.595785E+000, -1.961470E+000
4.522400E-002, 7.688136E-001, 5.290247E-001, 3.097168E+000, -2.037477E-001, -1.199618E+000, -2.595785E+000, -1.952273E+000
4.523200E-002, 7.359878E-001, 6.720044E-001, 3.050069E+000, -4.874185E-001, -1.212877E+000, -2.580662E+000, -1.948028E+000
4.524000E-002, 5.856804E-001, 5.772803E-001, 2.925013E+000, -6.416364E-001, -1.230316E+000, -2.544864E+000, -1.934469E+000
4.524800E-002, 7.480815E-001, 4.271517E-001, 2.985105E+000, -7.789691E-001, -1.279171E+000, -2.497606E+000, -1.916428E+000
4.525600E-002, 1.131624E+000, 3.896196E-001, 3.168628E+000, -8.341273E-001, -1.344987E+000, -2.449993E+000, -1.886950E+000
4.526400E-002, 1.223191E+000, 3.628109E-001, 3.118281E+000, -7.598326E-001, -1.397902E+000, -2.413131E+000, -1.839903E+000
4.527200E-002, 1.067701E+000, 3.163425E-001, 2.907147E+000, -7.598326E-001, -1.438276E+000, -2.379224E+000, -1.802525E+000
4.528000E-002, 9.588574E-001, 2.966828E-001, 2.889282E+000, -7.733407E-001, -1.477335E+000, -2.329366E+000, -1.783069E+000
4.528800E-002, 9.122102E-001, 2.931083E-001, 3.089047E+000, -6.630242E-001, -1.503494E+000, -2.266512E+000, -1.755360E+000
4.529600E-002, 8.534694E-001, 2.805976E-001, 3.199486E+000, -5.493308E-001, -1.503733E+000, -2.214410E+000, -1.723641E+000
4.530400E-002, 9.018442E-001, 2.323419E-001, 3.139394E+000, -4.761617E-001, -1.484383E+000, -2.176603E+000, -1.714798E+000
4.531200E-002, 1.164450E+000, 1.894480E-001, 3.128026E+000, -3.951129E-001, -1.458104E+000, -2.126627E+000, -1.720694E+000
4.532000E-002, 1.420146E+000, 1.840863E-001, 3.175125E+000, -3.804791E-001, -1.440067E+000, -2.065546E+000, -1.716213E+000
4.532800E-002, 1.465065E+000, 2.770231E-001, 3.223848E+000, -4.322603E-001, -1.428003E+000, -2.026558E+000, -1.708784E+000
4.533600E-002, 1.347583E+000, 3.931940E-001, 3.423613E+000, -4.491455E-001, -1.402441E+000, -2.000329E+000, -1.728004E+000
4.534400E-002, 1.199004E+000, 2.966828E-001, 3.571406E+000, -3.984900E-001, -1.358843E+000, -1.964649E+000, -1.770453E+000
4.535200E-002, 1.167905E+000, 2.073205E-001, 3.335911E+000, -2.746654E-001, -1.307480E+000, -1.942911E+000, -1.802053E+000
4.536000E-002, 1.243923E+000, 3.449384E-001, 3.093920E+000, -1.148191E-001, -1.261731E+000, -1.934640E+000, -1.817735E+000
4.536800E-002, 1.297481E+000, 4.593222E-001, 3.170252E+000, 1.913652E-002, -1.230436E+000, -1.910893E+000, -1.838016E+000
4.537600E-002, 1.214553E+000, 4.485987E-001, 3.243337E+000, 1.744801E-001, -1.215146E+000, -1.887855E+000, -1.856529E+000
4.538400E-002, 9.882277E-001, 3.467257E-001, 3.134522E+000, 4.761617E-001, -1.229719E+000, -1.885255E+000, -1.853699E+000
4.539200E-002, 8.828398E-001, 2.144695E-001, 3.015962E+000, 8.982909E-001, -1.281321E+000, -1.885846E+000, -1.837663E+000
4.540000E-002, 1.005504E+000, 2.502144E-001, 3.079303E+000, 1.214606E+000, -1.344628E+000, -1.877458E+000, -1.817264E+000
4.540800E-002, 1.064245E+000, 3.735344E-001, 3.240089E+000, 1.305786E+000, -1.403636E+000, -1.869660E+000, -1.782126E+000
4.541600E-002, 9.450360E-001, 4.485987E-001, 3.194614E+000, 1.313666E+000, -1.464913E+000, -1.868124E+000, -1.742036E+000
4.542400E-002, 9.985937E-001, 6.005146E-001, 2.993225E+000, 1.478015E+000, -1.533715E+000, -1.862571E+000, -1.715388E+000
4.543200E-002, 1.390775E+000, 7.399197E-001, 2.962367E+000, 1.759435E+000, -1.612073E+000, -1.852647E+000, -1.695696E+000
4.544000E-002, 1.608462E+000, 7.238345E-001, 3.189742E+000, 1.788702E+000, -1.676216E+000, -1.844495E+000, -1.674826E+000
4.544800E-002, 1.406324E+000, 7.560049E-001, 3.512938E+000, 1.479141E+000, -1.704526E+000, -1.839769E+000, -1.647116E+000
4.545600E-002, 1.162722E+000, 8.578780E-001, 3.626626E+000, 1.086279E+000, -1.731402E+000, -1.841541E+000, -1.617285E+000
4.546400E-002, 9.156656E-001, 8.417928E-001, 3.456095E+000, 7.665867E-001, -1.792559E+000, -1.837879E+000, -1.602663E+000
4.547200E-002, 7.308048E-001, 7.291963E-001, 3.342407E+000, 5.391997E-001, -1.863989E+000, -1.829136E+000, -1.593230E+000
4.548000E-002, 9.813170E-001, 6.255360E-001, 3.446350E+000, 3.185668E-001, -1.920488E+000, -1.834689E+000, -1.577902E+000
4.548800E-002, 1.375226E+000, 6.219615E-001, 3.676973E+000, 8.217449E-002, -1.991201E+000, -1.849457E+000, -1.566582E+000
4.549600E-002, 1.496163E+000, 7.256218E-001, 3.871866E+000, -2.251356E-003, -2.078160E+000, -1.848276E+000, -1.555381E+000
4.550400E-002, 1.494435E+000, 7.881753E-001, 3.789036E+000, 8.217449E-002, -2.147798E+000, -1.832208E+000, -1.536633E+000
4.551200E-002, 1.401141E+000, 7.131110E-001, 3.525931E+000, 1.058137E-001, -2.208836E+000, -1.829963E+000, -1.521186E+000
4.552000E-002, 1.200731E+000, 6.773661E-001, 3.381386E+000, -3.939873E-002, -2.254465E+000, -1.835398E+000, -1.509277E+000
4.552800E-002, 1.129897E+000, 8.382183E-001, 3.253082E+000, -2.330153E-001, -2.259960E+000, -1.818975E+000, -1.489939E+000
4.553600E-002, 1.262927E+000, 9.829851E-001, 3.072806E+000, -4.131238E-001, -2.250165E+000, -1.790502E+000, -1.472606E+000
4.554400E-002, 1.351039E+000, 9.704744E-001, 3.163756E+000, -6.832865E-001, -2.235831E+000, -1.759312E+000, -1.460933E+000
4.555200E-002, 1.252561E+000, 1.024092E+000, 3.477208E+000, -9.545748E-001, -2.212778E+000, -1.715952E+000, -1.436525E+000
4.556000E-002, 1.237012E+000, 1.202816E+000, 3.631498E+000, -1.096410E+000, -2.198324E+000, -1.665622E+000, -1.401859E+000
4.556800E-002, 1.452971E+000, 1.261796E+000, 3.637995E+000, -1.319294E+000, -2.169776E+000, -1.605368E+000, -1.371791E+000
4.557600E-002, 1.630921E+000, 1.124178E+000, 3.605512E+000, -1.653621E+000, -2.108141E+000, -1.532590E+000, -1.341370E+000
4.558400E-002, 1.563542E+000, 1.100943E+000, 3.599016E+000, -1.797708E+000, -2.050448E+000, -1.469027E+000, -1.315075E+000
4.559200E-002, 1.418418E+000, 1.292179E+000, 3.641243E+000, -1.722287E+000, -2.006252E+000, -1.413735E+000, -1.309298E+000
4.560000E-002, 1.427056E+000, 1.313626E+000, 3.639619E+000, -1.582703E+000, -1.963012E+000, -1.349463E+000, -1.307883E+000
4.560800E-002, 1.492708E+000, 1.158135E+000, 3.681845E+000, -1.401469E+000, -1.932672E+000, -1.296298E+000, -1.289371E+000
4.561600E-002, 1.427056E+000, 1.124178E+000, 3.738689E+000, -1.223612E+000, -1.912724E+000, -1.272905E+000, -1.269915E+000
4.562400E-002, 1.313030E+000, 1.234987E+000, 3.589271E+000, -1.109918E+000, -1.900540E+000, -1.258609E+000, -1.269561E+000
4.563200E-002, 1.264655E+000, 1.426222E+000, 3.365145E+000, -9.770884E-001, -1.920249E+000, -1.238170E+000, -1.281235E+000
4.564000E-002, 1.230102E+000, 1.570989E+000, 3.413868E+000, -7.226852E-001, -1.971731E+000, -1.220566E+000, -1.293969E+000
4.564800E-002, 1.224919E+000, 1.601372E+000, 3.628250E+000, -4.536482E-001, -2.034203E+000, -1.220920E+000, -1.298568E+000
4.565600E-002, 1.307847E+000, 1.583500E+000, 3.613633E+000, -2.746654E-001, -2.107066E+000, -1.242423E+000, -1.284182E+000
4.566400E-002, 1.385592E+000, 1.479839E+000, 3.465839E+000, -1.170705E-001, -2.180527E+000, -1.271014E+000, -1.267203E+000
4.567200E-002, 1.380409E+000, 1.426222E+000, 3.457719E+000, -6.866635E-002, -2.248015E+000, -1.297479E+000, -1.258006E+000
4.568000E-002, 1.326851E+000, 1.596010E+000, 3.602264E+000, -1.834855E-001, -2.334376E+000, -1.327134E+000, -1.238432E+000
4.568800E-002, 1.281932E+000, 1.721118E+000, 3.792284E+000, -2.048734E-001, -2.432085E+000, -1.359978E+000, -1.216265E+000
4.569600E-002, 1.283659E+000, 1.617457E+000, 3.819894E+000, -1.643490E-001, -2.510921E+000, -1.390460E+000, -1.199404E+000
4.570400E-002, 1.328579E+000, 1.562053E+000, 3.691590E+000, -2.881735E-001, -2.578170E+000, -1.418106E+000, -1.164855E+000
4.571200E-002, 1.385592E+000, 1.765799E+000, 3.629874E+000, -4.941726E-001, -2.633116E+000, -1.435119E+000, -1.120992E+000
4.572000E-002, 1.480614E+000, 2.001715E+000, 3.636370E+000, -7.035487E-001, -2.652944E+000, -1.428739E+000, -1.100593E+000
4.572800E-002, 1.608462E+000, 1.969545E+000, 3.647739E+000, -8.172421E-001, -2.644344E+000, -1.400857E+000, -1.093754E+000
4.573600E-002, 1.625738E+000, 1.862310E+000, 3.608761E+000, -6.371337E-001, -2.619140E+000, -1.363523E+000, -1.076303E+000
4.574400E-002, 1.528989E+000, 1.878395E+000, 3.608761E+000, -3.816048E-001, -2.560372E+000, -1.316501E+000, -1.051542E+000
4.575200E-002, 1.504801E+000, 1.856948E+000, 3.782540E+000, -3.298236E-001, -2.467919E+000, -1.250339E+000, -1.033501E+000
4.576000E-002, 1.541082E+000, 1.794395E+000, 3.771171E+000, -2.577802E-001, -2.365552E+000, -1.171890E+000, -1.034208E+000
4.576800E-002, 1.373498E+000, 1.758650E+000, 3.566534E+000, -5.515822E-002, -2.269874E+000, -1.095922E+000, -1.050598E+000
4.577600E-002, 1.121258E+000, 1.840863E+000, 3.686718E+000, 7.767177E-002, -2.198205E+000, -1.028343E+000, -1.064394E+000
4.578400E-002, 1.266383E+000, 2.139333E+000, 3.899475E+000, 8.442584E-002, -2.152695E+000, -9.646619E-001, -1.075714E+000
4.579200E-002, 1.634377E+000, 2.353803E+000, 3.766299E+000, -5.740957E-002, -2.122117E+000, -8.989727E-001, -1.105427E+000
4.580000E-002, 1.646470E+000, 2.196525E+000, 3.581151E+000, -2.870479E-001, -2.103363E+000, -8.377731E-001, -1.153182E+000
4.580800E-002, 1.416690E+000, 1.948098E+000, 3.498322E+000, -5.178118E-001, -2.095121E+000, -7.927595E-001, -1.187141E+000
4.581600E-002, 1.344128E+000, 2.035673E+000, 3.357024E+000, -7.902259E-001, -2.112202E+000, -7.657040E-001, -1.201290E+000
4.582400E-002, 1.349311E+000, 2.359164E+000, 3.275819E+000, -1.022115E+000, -2.157115E+000, -7.495180E-001, -1.227702E+000
4.583200E-002, 1.275021E+000, 2.482484E+000, 3.306677E+000, -1.178585E+000, -2.197488E+000, -7.400664E-001, -1.274514E+000
4.584000E-002, 1.192093E+000, 2.305547E+000, 3.384634E+000, -1.323797E+000, -2.211225E+000, -7.377034E-001, -1.316254E+000
4.584800E-002, 1.160995E+000, 2.162567E+000, 3.478832E+000, -1.381207E+000, -2.198205E+000, -7.369946E-001, -1.335121E+000
4.585600E-002, 1.174816E+000, 2.323419E+000, 3.514563E+000, -1.400343E+000, -2.171688E+000, -7.352224E-001, -1.345261E+000
4.586400E-002, 1.135080E+000, 2.550400E+000, 3.615257E+000, -1.446496E+000, -2.143498E+000, -7.342772E-001, -1.372617E+000
4.587200E-002, 1.019326E+000, 2.562910E+000, 3.732193E+000, -1.314792E+000, -2.112083E+000, -7.316780E-001, -1.404217E+000
4.588000E-002, 1.033147E+000, 2.536102E+000, 3.508066E+000, -9.602032E-001, -2.088313E+000, -7.369946E-001, -1.415301E+000
4.588800E-002, 1.230102E+000, 2.514655E+000, 3.230344E+000, -5.932323E-001, -2.075651E+000, -7.558979E-001, -1.427092E+000
4.589600E-002, 1.266383E+000, 2.421718E+000, 3.327790E+000, -2.757911E-001, -2.066454E+000, -7.681851E-001, -1.463527E+000
4.590400E-002, 1.033147E+000, 2.407420E+000, 3.454471E+000, 8.330017E-002, -2.073143E+000, -7.659404E-001, -1.505740E+000
4.591200E-002, 9.260316E-001, 2.382399E+000, 3.438230E+000, 4.604023E-001, -2.083654E+000, -7.640500E-001, -1.536750E+000
4.592000E-002, 9.813170E-001, 2.310909E+000, 3.451222E+000, 6.292539E-001, -2.070276E+000, -7.623960E-001, -1.570473E+000
4.592800E-002, 8.638355E-001, 2.514655E+000, 3.326166E+000, 5.290686E-001, -2.047820E+000, -7.569612E-001, -1.612804E+000
4.593600E-002, 6.029571E-001, 2.866742E+000, 3.097168E+000, 4.052441E-001, -2.029305E+000, -7.542439E-001, -1.648531E+000
4.594400E-002, 4.457391E-001, 2.941807E+000, 3.106912E+000, 3.624683E-001, -2.011746E+000, -7.437289E-001, -1.677656E+000
4.595200E-002, 4.958415E-001, 2.872104E+000, 3.298557E+000, 3.275723E-001, -2.010313E+000, -7.143106E-001, -1.717746E+000
4.596000E-002, 6.616979E-001, 2.811337E+000, 3.371641E+000, 2.487748E-001, -2.027872E+000, -6.856011E-001, -1.770453E+000
4.596800E-002, 7.014344E-001, 2.616528E+000, 3.313174E+000, 8.104881E-002, -2.061915E+000, -6.696514E-001, -1.820447E+000
4.597600E-002, 5.355780E-001, 2.521804E+000, 3.306677E+000, -6.078660E-002, -2.113994E+000, -6.519295E-001, -1.868556E+000
4.598400E-002, 3.559002E-001, 2.788103E+000, 3.397627E+000, -1.350813E-002, -2.150426E+000, -6.338531E-001, -1.926804E+000
4.599200E-002, 2.850657E-001, 3.118744E+000, 3.404124E+000, 1.429611E-001, -2.138242E+000, -6.149498E-001, -1.979983E+000
4.600000E-002, 3.196191E-001, 3.124105E+000, 3.279067E+000, 3.444574E-001, -2.092971E+000, -5.808056E-001, -2.008518E+000
4.600800E-002, 3.818153E-001, 2.961466E+000, 3.298557E+000, 6.112431E-001, -2.037906E+000, -5.479611E-001, -2.023492E+000
4.601600E-002, 3.196191E-001, 3.009722E+000, 3.506442E+000, 7.508271E-001, -1.973881E+000, -5.314206E-001, -2.044599E+000
4.602400E-002, 1.572181E-001, 3.093722E+000, 3.529180E+000, 6.990460E-001, -1.903526E+000, -5.120447E-001, -2.080444E+000
4.603200E-002, 3.628109E-002, 2.959679E+000, 3.339159E+000, 6.360080E-001, -1.842369E+000, -4.815630E-001, -2.122539E+000
4.604000E-002, 4.491944E-002, 2.873891E+000, 3.266075E+000, 3.624683E-001, -1.804862E+000, -4.506087E-001, -2.154257E+000
4.604800E-002, 7.256217E-002, 2.988275E+000, 3.365145E+000, -2.150045E-001, -1.800084E+000, -4.235533E-001, -2.184560E+000
4.605600E-002, -1.382137E-001, 3.127680E+000, 3.524307E+000, -6.224999E-001, -1.815493E+000, -3.982701E-001, -2.229603E+000
4.606400E-002, -3.472618E-001, 3.140191E+000, 3.512938E+000, -8.363787E-001, -1.810715E+000, -3.744046E-001, -2.281720E+000
4.607200E-002, -2.816103E-001, 3.045467E+000, 3.188118E+000, -1.286650E+000, -1.766878E+000, -3.552649E-001, -2.334781E+000
4.608000E-002, -2.816103E-001, 3.177723E+000, 3.006218E+000, -1.942920E+000, -1.710976E+000, -3.376612E-001, -2.390789E+000
4.608800E-002, -4.077303E-001, 3.501215E+000, 3.248209E+000, -2.510262E+000, -1.665825E+000, -3.176945E-001, -2.448212E+000
4.609600E-002, -3.783599E-001, 3.515512E+000, 3.428485E+000, -2.793932E+000, -1.623779E+000, -3.017448E-001, -2.508701E+000
4.610400E-002, -3.921813E-001, 3.349298E+000, 3.266075E+000, -2.734272E+000, -1.577911E+000, -2.882762E-001, -2.568836E+000
4.611200E-002, -6.012295E-001, 3.390405E+000, 3.072806E+000, -2.550786E+000, -1.536104E+000, -2.723265E-001, -2.620482E+000
4.612000E-002, -5.735867E-001, 3.481555E+000, 3.033828E+000, -2.387563E+000, -1.504689E+000, -2.615752E-001, -2.665878E+000
4.612800E-002, -3.230745E-001, 3.401129E+000, 3.048445E+000, -2.094887E+000, -1.486413E+000, -2.621659E-001, -2.713161E+000
4.613600E-002, -4.025473E-001, 3.272447E+000, 3.041948E+000, -1.721161E+000, -1.480680E+000, -2.748075E-001, -2.765632E+000
4.614400E-002, -7.325324E-001, 3.349298E+000, 3.051693E+000, -1.362070E+000, -1.476619E+000, -2.907572E-001, -2.828951E+000
4.615200E-002, -9.243039E-001, 3.540534E+000, 3.118281E+000, -8.724003E-001, -1.479007E+000, -3.016267E-001, -2.901703E+000
4.616000E-002, -1.003777E+000, 3.467257E+000, 3.149139E+000, -3.579656E-001, -1.488683E+000, -3.152135E-001, -2.959126E+000
4.616800E-002, -1.072884E+000, 3.181297E+000, 3.115033E+000, -5.628389E-002, -1.481038E+000, -3.397878E-001, -2.999924E+000
4.617600E-002, -1.010687E+000, 3.081212E+000, 3.132898E+000, 1.733544E-001, -1.459538E+000, -3.760586E-001, -3.055696E+000
4.618400E-002, -8.137330E-001, 3.265298E+000, 3.150763E+000, 4.952983E-001, -1.440784E+000, -4.103210E-001, -3.117836E+000
4.619200E-002, -7.843626E-001, 3.479767E+000, 3.079303E+000, 6.787838E-001, -1.421672E+000, -4.306421E-001, -3.160992E+000
4.620000E-002, -9.035718E-001, 3.540534E+000, 3.077678E+000, 6.089917E-001, -1.406980E+000, -4.503725E-001, -3.200728E+000
4.620800E-002, -8.776568E-001, 3.494066E+000, 3.162132E+000, 6.258769E-001, -1.405547E+000, -4.743561E-001, -3.250723E+000
4.621600E-002, -8.171883E-001, 3.342149E+000, 3.186493E+000, 8.802801E-001, -1.413072E+000, -4.962131E-001, -3.291049E+000
4.622400E-002, -9.657680E-001, 3.168787E+000, 3.267699E+000, 1.070520E+000, -1.417850E+000, -5.168886E-001, -3.307203E+000
4.623200E-002, -1.328579E+000, 3.206319E+000, 3.327790E+000, 1.010859E+000, -1.415461E+000, -5.376824E-001, -3.307321E+000
4.624000E-002, -1.587730E+000, 3.265298E+000, 3.162132E+000, 9.613289E-001, -1.420597E+000, -5.548135E-001, -3.307557E+000
4.624800E-002, -1.313030E+000, 3.224191E+000, 3.032203E+000, 1.106541E+000, -1.432064E+000, -5.590668E-001, -3.324183E+000
4.625600E-002, -8.413757E-001, 3.288532E+000, 3.100416E+000, 1.228115E+000, -1.427764E+000, -5.533957E-001, -3.347765E+000
4.626400E-002, -9.139379E-001, 3.215255E+000, 3.087423E+000, 1.234869E+000, -1.412236E+000, -5.563494E-001, -3.350713E+000
4.627200E-002, -1.344128E+000, 2.961466E+000, 2.877913E+000, 1.229240E+000, -1.393005E+000, -5.675732E-001, -3.340690E+000
4.628000E-002, -1.361405E+000, 3.175936E+000, 2.736616E+000, 1.061514E+000, -1.357648E+000, -5.676914E-001, -3.337624E+000
4.628800E-002, -9.554020E-001, 3.758578E+000, 2.825942E+000, 6.236256E-001, -1.320261E+000, -5.609571E-001, -3.329253E+000
4.629600E-002, -8.344650E-001, 3.890834E+000, 2.944502E+000, 2.138788E-001, -1.299477E+000, -5.678095E-001, -3.315103E+000
4.630400E-002, -1.242195E+000, 3.656705E+000, 2.832439E+000, -1.564692E-001, -1.281201E+000, -5.707632E-001, -3.315575E+000
4.631200E-002, -1.620555E+000, 3.585215E+000, 2.601816E+000, -8.296246E-001, -1.256237E+000, -5.493788E-001, -3.325361E+000
4.632000E-002, -1.575636E+000, 3.510151E+000, 2.619681E+000, -1.598463E+000, -1.227689E+000, -5.334291E-001, -3.331847E+000
4.632800E-002, -1.430511E+000, 3.295681E+000, 2.743113E+000, -2.080253E+000, -1.188748E+000, -5.451255E-001, -3.340808E+000
4.633600E-002, -1.539355E+000, 3.200957E+000, 2.544972E+000, -2.407825E+000, -1.151003E+000, -5.609571E-001, -3.352363E+000
4.634400E-002, -1.784684E+000, 3.236702E+000, 2.380938E+000, -2.628458E+000, -1.134519E+000, -5.594212E-001, -3.363093E+000
4.635200E-002, -1.871068E+000, 3.229553E+000, 2.653787E+000, -2.412328E+000, -1.116602E+000, -5.490243E-001, -3.377479E+000
4.636000E-002, -1.675841E+000, 3.188446E+000, 2.949374E+000, -1.668255E+000, -1.066075E+000, -5.425263E-001, -3.387147E+000
4.636800E-002, -1.484069E+000, 3.259936E+000, 2.985105E+000, -7.395704E-001, -1.002768E+000, -5.396908E-001, -3.381016E+000
4.637600E-002, -1.630921E+000, 3.374320E+000, 2.947750E+000, 1.091908E-001, -9.584523E-001, -5.401634E-001, -3.370168E+000
4.638400E-002, -1.738037E+000, 3.333213E+000, 2.825942E+000, 9.545748E-001, -9.281124E-001, -5.461888E-001, -3.363565E+000
4.639200E-002, -1.370043E+000, 3.213468E+000, 2.562837E+000, 1.860746E+000, -9.050589E-001, -5.532776E-001, -3.358141E+000
4.640000E-002, -1.022781E+000, 3.259936E+000, 2.452398E+000, 2.556414E+000, -9.012366E-001, -5.515054E-001, -3.356372E+000
4.640800E-002, -1.207642E+000, 3.520874E+000, 2.583951E+000, 2.745528E+000, -9.156898E-001, -5.472522E-001, -3.360264E+000
4.641600E-002, -1.546265E+000, 3.662066E+000, 2.699262E+000, 2.629584E+000, -9.365933E-001, -5.597757E-001, -3.369932E+000
4.642400E-002, -1.681024E+000, 3.587002E+000, 2.694390E+000, 2.564294E+000, -9.568995E-001, -5.747802E-001, -3.379129E+000
4.643200E-002, -1.758769E+000, 3.558406E+000, 2.637546E+000, 2.340284E+000, -9.576162E-001, -5.747802E-001, -3.376889E+000
4.644000E-002, -1.803688E+000, 3.508363E+000, 2.730120E+000, 1.673883E+000, -9.308597E-001, -5.797423E-001, -3.369579E+000
4.644800E-002, -1.720760E+000, 3.424363E+000, 3.030579E+000, 8.757774E-001, -9.068507E-001, -5.902573E-001, -3.374413E+000
4.645600E-002, -1.701756E+000, 3.479767E+000, 3.214103E+000, 2.825451E-001, -8.990865E-001, -5.836411E-001, -3.390213E+000
4.646400E-002, -1.727671E+000, 3.479767E+000, 3.082551E+000, -1.362070E-001, -8.901279E-001, -5.660374E-001, -3.401297E+000
4.647200E-002, -1.523806E+000, 3.308192E+000, 2.874665E+000, -4.367630E-001, -8.840361E-001, -5.491425E-001, -3.400943E+000
4.648000E-002, -1.376954E+000, 3.213468E+000, 2.821070E+000, -7.012973E-001, -8.799748E-001, -5.337835E-001, -3.395991E+000
4.648800E-002, -1.579091E+000, 3.267085E+000, 2.785340E+000, -1.051383E+000, -8.590714E-001, -5.218508E-001, -3.387265E+000
4.649600E-002, -1.741492E+000, 3.340362E+000, 2.712255E+000, -1.360945E+000, -8.246703E-001, -5.051922E-001, -3.372526E+000
4.650400E-002, -1.586002E+000, 3.420788E+000, 2.806453E+000, -1.507283E+000, -7.711575E-001, -4.770734E-001, -3.364862E+000
4.651200E-002, -1.326851E+000, 3.440448E+000, 2.916892E+000, -1.700899E+000, -6.913661E-001, -4.454103E-001, -3.361443E+000
4.652000E-002, -1.262927E+000, 3.268872E+000, 2.832439E+000, -2.022843E+000, -6.204139E-001, -4.203634E-001, -3.340219E+000
4.652800E-002, -1.444333E+000, 3.091935E+000, 2.777219E+000, -2.302011E+000, -5.680956E-001, -3.993334E-001, -3.313216E+000
4.653600E-002, -1.651653E+000, 3.049041E+000, 2.798332E+000, -2.600316E+000, -5.055047E-001, -3.731050E-001, -3.300836E+000
4.654400E-002, -1.672385E+000, 2.922147E+000, 2.715503E+000, -3.048336E+000, -4.435111E-001, -3.461677E-001, -3.289752E+000
4.655200E-002, -1.487525E+000, 2.914998E+000, 2.601816E+000, -3.472716E+000, -4.020626E-001, -3.250196E-001, -3.264047E+000
4.656000E-002, -1.385592E+000, 3.313554E+000, 2.566085E+000, -3.658453E+000, -3.775757E-001, -3.009178E-001, -3.226905E+000
4.656800E-002, -1.451244E+000, 3.477980E+000, 2.606688E+000, -3.588661E+000, -3.702894E-001, -2.781156E-001, -3.196837E+000
4.657600E-002, -1.406324E+000, 3.163425E+000, 2.712255E+000, -3.379285E+000, -3.577473E-001, -2.772886E-001, -3.179740E+000
4.658400E-002, -1.420146E+000, 3.145552E+000, 2.795084E+000, -3.171035E+000, -3.197628E-001, -2.865040E-001, -3.163822E+000
4.659200E-002, -1.596368E+000, 3.354660E+000, 2.819446E+000, -2.948150E+000, -2.852423E-001, -2.779975E-001, -3.152502E+000
4.660000E-002, -1.558359E+000, 3.215255E+000, 2.832439E+000, -2.562043E+000, -2.762837E-001, -2.638200E-001, -3.145781E+000
4.660800E-002, -1.440878E+000, 3.165212E+000, 2.778843E+000, -2.058865E+000, -2.851228E-001, -2.589760E-001, -3.128920E+000
4.661600E-002, -1.592913E+000, 3.427937E+000, 2.731744E+000, -1.593960E+000, -3.016067E-001, -2.621659E-001, -3.109110E+000
4.662400E-002, -1.713850E+000, 3.374320E+000, 2.809701E+000, -1.060389E+000, -3.149849E-001, -2.726809E-001, -3.101682E+000
4.663200E-002, -1.513440E+000, 3.091935E+000, 2.892530E+000, -3.275723E-001, -3.449664E-001, -2.726809E-001, -3.097909E+000
4.664000E-002, -1.297481E+000, 3.134829E+000, 2.949374E+000, 4.277576E-001, -4.100657E-001, -2.579127E-001, -3.087768E+000
4.664800E-002, -1.297481E+000, 3.293894E+000, 2.934757E+000, 1.106541E+000, -4.666841E-001, -2.495243E-001, -3.070435E+000
4.665600E-002, -1.432239E+000, 3.301043E+000, 2.715503E+000, 1.780822E+000, -4.902154E-001, -2.491699E-001, -3.045909E+000
4.666400E-002, -1.563542E+000, 3.309979E+000, 2.557965E+000, 2.348164E+000, -4.908126E-001, -2.411359E-001, -3.016078E+000
4.667200E-002, -1.530716E+000, 3.270660E+000, 2.681397E+000, 2.714009E+000, -4.640562E-001, -2.212874E-001, -2.973040E+000
4.668000E-002, -1.451244E+000, 3.193808E+000, 2.793460E+000, 2.841211E+000, -4.288190E-001, -1.950590E-001, -2.910428E+000
4.668800E-002, -1.420146E+000, 3.190234E+000, 2.741489E+000, 2.641966E+000, -3.913123E-001, -1.626870E-001, -2.851001E+000
4.669600E-002, -1.380409E+000, 3.097297E+000, 2.809701E+000, 2.255858E+000, -3.350522E-001, -1.283065E-001, -2.809142E+000
4.670400E-002, -1.413235E+000, 3.041892E+000, 3.022459E+000, 1.881008E+000, -2.811810E-001, -9.392605E-002, -2.768934E+000
4.671200E-002, -1.311302E+000, 3.211681E+000, 3.071182E+000, 1.425108E+000, -2.442715E-001, -6.084518E-002, -2.722594E+000
4.672000E-002, -1.024509E+000, 3.345724E+000, 2.967239E+000, 8.375043E-001, -2.087954E-001, -4.383216E-002, -2.674368E+000
4.672800E-002, -9.329423E-001, 3.297468E+000, 2.970488E+000, 2.904249E-001, -1.784556E-001, -3.851559E-002, -2.628972E+000
4.673600E-002, -9.795894E-001, 3.086573E+000, 3.074430E+000, -1.305786E-001, -1.485935E-001, -2.114813E-002, -2.592891E+000
4.674400E-002, -8.500141E-001, 2.961466E+000, 3.001345E+000, -4.423914E-001, -1.064283E-001, 4.843985E-003, -2.560936E+000
4.675200E-002, -6.634256E-001, 3.236702E+000, 2.845431E+000, -5.560849E-001, -8.851111E-002, 2.162071E-002, -2.523794E+000
4.676000E-002, -6.513319E-001, 3.529810E+000, 3.066310E+000, -4.131238E-001, -9.997813E-002, 3.201756E-002, -2.475686E+000
4.676800E-002, -6.945237E-001, 3.333213E+000, 3.433357E+000, -1.452124E-001, -8.767498E-002, 4.524991E-002, -2.421210E+000
4.677600E-002, -6.167785E-001, 2.997211E+000, 3.374890E+000, 1.103164E-001, -6.223251E-002, 5.671007E-002, -2.381474E+000
4.678400E-002, -4.163687E-001, 3.007935E+000, 3.176749E+000, 2.690370E-001, -5.817127E-002, 6.450770E-002, -2.352703E+000
4.679200E-002, -2.418739E-001, 3.154489E+000, 3.199486E+000, 2.375180E-001, -5.805182E-002, 7.372309E-002, -2.311552E+000
4.680000E-002, -3.766322E-001, 3.170574E+000, 3.212479E+000, 1.575949E-002, -7.214671E-002, 7.573157E-002, -2.267099E+000
4.680800E-002, -5.649484E-001, 3.251000E+000, 3.230344E+000, -3.095614E-001, -1.207621E-001, 6.876095E-002, -2.236678E+000
4.681600E-002, -3.472618E-001, 3.329639E+000, 3.331039E+000, -7.125541E-001, -1.657941E-001, 7.372309E-002, -2.207200E+000
4.682400E-002, -7.256217E-002, 3.252787E+000, 3.348904E+000, -1.284398E+000, -1.834724E-001, 9.227201E-002, -2.155790E+000
4.683200E-002, -1.693117E-001, 3.304617E+000, 3.313174E+000, -1.906898E+000, -1.862197E-001, 1.151923E-001, -2.089170E+000
4.684000E-002, -2.937040E-001, 3.336788E+000, 3.184869E+000, -2.229968E+000, -1.686608E-001, 1.452014E-001, -2.034576E+000
4.684800E-002, -1.658564E-001, 3.161638E+000, 3.006218E+000, -2.191695E+000, -1.428600E-001, 1.683580E-001, -1.989651E+000
4.685600E-002, -9.674957E-002, 3.154489E+000, 3.054941E+000, -1.923784E+000, -1.417850E-001, 1.811178E-001, -1.933761E+000
4.686400E-002, -1.347583E-001, 3.225979E+000, 3.251458E+000, -1.423983E+000, -1.489519E-001, 2.175067E-001, -1.875277E+000
4.687200E-002, -1.036603E-002, 3.168787E+000, 3.350528E+000, -6.799095E-001, -1.274512E-001, 2.807148E-001, -1.826579E+000
4.688000E-002, 3.282575E-001, 3.186659E+000, 3.209231E+000, 2.251356E-001, -9.316959E-002, 3.336442E-001, -1.774344E+000
4.688800E-002, 6.824300E-001, 3.308192E+000, 2.973736E+000, 1.069394E+000, -5.996299E-002, 3.772401E-001, -1.713265E+000
4.689600E-002, 6.634256E-001, 3.377894E+000, 3.017586E+000, 1.745926E+000, -1.242261E-002, 4.293425E-001, -1.659615E+000
4.690400E-002, 4.422837E-001, 3.274234E+000, 3.212479E+000, 2.385311E+000, 3.774563E-002, 4.788456E-001, -1.613629E+000
4.691200E-002, 4.889309E-001, 3.186659E+000, 3.300181E+000, 2.869353E+000, 8.218036E-002, 5.237411E-001, -1.567290E+000
4.692000E-002, 4.353731E-001, 3.315341E+000, 3.415492E+000, 2.936894E+000, 1.377238E-001, 5.712358E-001, -1.533213E+000
4.692800E-002, 1.641287E-001, 3.354660E+000, 3.571406E+000, 2.659977E+000, 1.909977E-001, 6.137683E-001, -1.504796E+000
4.693600E-002, 3.127084E-001, 3.217042E+000, 3.720824E+000, 2.096012E+000, 2.234876E-001, 6.495666E-001, -1.459282E+000
4.694400E-002, 6.375105E-001, 3.165212E+000, 3.806901E+000, 1.188716E+000, 2.460633E-001, 6.889092E-001, -1.416598E+000
4.695200E-002, 5.701314E-001, 3.125893E+000, 3.683470E+000, 1.677260E-001, 2.562164E-001, 7.273066E-001, -1.390303E+000
4.696000E-002, 5.010245E-001, 3.075850E+000, 3.548669E+000, -7.632096E-001, 2.344768E-001, 7.490455E-001, -1.361297E+000
4.696800E-002, 7.791796E-001, 3.200957E+000, 3.509690E+000, -1.602965E+000, 1.863392E-001, 7.701936E-001, -1.330640E+000
4.697600E-002, 1.029692E+000, 3.381469E+000, 3.347280E+000, -2.288503E+000, 1.392766E-001, 8.117810E-001, -1.300808E+000
4.698400E-002, 9.968661E-001, 3.417214E+000, 3.270947E+000, -2.765790E+000, 1.129980E-001, 8.563220E-001, -1.268972E+000
4.699200E-002, 9.467636E-001, 3.322490E+000, 3.498322E+000, -2.930140E+000, 1.063089E-001, 8.920021E-001, -1.244682E+000
4.700000E-002, 1.029692E+000, 3.188446E+000, 3.698087E+000, -2.717386E+000, 1.114452E-001, 9.352435E-001, -1.214260E+000
4.700800E-002, 1.081522E+000, 3.188446E+000, 3.633122E+000, -2.281749E+000, 1.287652E-001, 9.867552E-001, -1.164619E+000
4.701600E-002, 1.135080E+000, 3.363596E+000, 3.534052E+000, -1.697522E+000, 1.561188E-001, 1.032123E+000, -1.117101E+000
4.702400E-002, 1.233557E+000, 3.420788E+000, 3.633122E+000, -1.081776E+000, 1.932672E-001, 1.083871E+000, -1.081963E+000
4.703200E-002, 1.202459E+000, 3.217042E+000, 3.693214E+000, -7.249365E-001, 2.491689E-001, 1.151096E+000, -1.043759E+000
4.704000E-002, 1.145446E+000, 3.031169E+000, 3.587647E+000, -5.988606E-001, 3.045929E-001, 1.218085E+000, -1.005674E+000
4.704800E-002, 1.271566E+000, 3.054403E+000, 3.600640E+000, -5.054294E-001, 3.443691E-001, 1.277867E+000, -9.805583E-001
4.705600E-002, 1.297481E+000, 3.134829E+000, 3.691590E+000, -5.819755E-001, 3.994347E-001, 1.325598E+000, -9.468355E-001
4.706400E-002, 1.091888E+000, 3.192021E+000, 3.686718E+000, -9.320613E-001, 4.629812E-001, 1.362105E+000, -8.901196E-001
4.707200E-002, 1.152357E+000, 3.224191E+000, 3.746809E+000, -1.404846E+000, 4.984573E-001, 1.408891E+000, -8.494399E-001
4.708000E-002, 1.414962E+000, 3.138403E+000, 3.823143E+000, -1.873128E+000, 5.290360E-001, 1.464538E+000, -8.352904E-001
4.708800E-002, 1.394230E+000, 3.047254E+000, 3.754930E+000, -2.165804E+000, 5.642732E-001, 1.502226E+000, -8.125334E-001
4.709600E-002, 1.245651E+000, 3.145552E+000, 3.759802E+000, -2.112897E+000, 5.587786E-001, 1.521011E+000, -7.878897E-001
4.710400E-002, 1.271566E+000, 3.270660E+000, 3.811774E+000, -1.742549E+000, 5.219886E-001, 1.535779E+000, -7.745656E-001
4.711200E-002, 1.475431E+000, 3.240277E+000, 3.782540E+000, -1.231492E+000, 5.049075E-001, 1.548776E+000, -7.521623E-001
4.712000E-002, 1.643015E+000, 3.190234E+000, 3.797157E+000, -7.260622E-001, 5.033547E-001, 1.564253E+000, -7.268112E-001
4.712800E-002, 1.566998E+000, 3.247426E+000, 3.693214E+000, -4.052440E-002, 5.003685E-001, 1.583629E+000, -7.068840E-001
4.713600E-002, 1.399413E+000, 3.283170E+000, 3.616881E+000, 9.455694E-001, 5.008463E-001, 1.593317E+000, -6.723357E-001
4.714400E-002, 1.361405E+000, 3.192021E+000, 3.948199E+000, 1.844986E+000, 4.972628E-001, 1.588118E+000, -6.277649E-001
4.715200E-002, 1.451244E+000, 3.027594E+000, 4.245409E+000, 2.397694E+000, 4.854375E-001, 1.581029E+000, -5.908583E-001
4.716000E-002, 1.611917E+000, 2.947168E+000, 4.159332E+000, 2.682490E+000, 4.807790E-001, 1.581384E+000, -5.506502E-001
4.716800E-002, 1.687934E+000, 3.025807E+000, 4.134971E+000, 2.683616E+000, 4.830485E-001, 1.587882E+000, -4.981793E-001
4.717600E-002, 1.573908E+000, 3.099084E+000, 4.273019E+000, 2.383060E+000, 4.695508E-001, 1.595325E+000, -4.478308E-001
4.718400E-002, 1.452971E+000, 3.029382E+000, 4.292509E+000, 1.858494E+000, 4.372998E-001, 1.599460E+000, -4.006658E-001
4.719200E-002, 1.522078E+000, 2.909636E+000, 4.321743E+000, 1.287776E+000, 4.011070E-001, 1.607612E+000, -3.472516E-001
4.720000E-002, 1.703483E+000, 2.838146E+000, 4.472785E+000, 8.870342E-001, 3.808008E-001, 1.627933E+000, -3.082227E-001
4.720800E-002, 1.767407E+000, 2.859593E+000, 4.558862E+000, 6.641499E-001, 4.118574E-001, 1.645892E+000, -2.873522E-001
4.721600E-002, 1.663747E+000, 2.920360E+000, 4.524755E+000, 5.076807E-001, 4.878264E-001, 1.644356E+000, -2.477337E-001
4.722400E-002, 1.549721E+000, 2.839933E+000, 4.456543E+000, 4.266319E-001, 5.360835E-001, 1.642820E+000, -1.979747E-001
4.723200E-002, 1.605006E+000, 2.743422E+000, 4.445175E+000, 4.266319E-001, 5.272443E-001, 1.666921E+000, -1.703832E-001
4.724000E-002, 1.796778E+000, 2.886402E+000, 4.537748E+000, 4.885442E-001, 5.138661E-001, 1.699412E+000, -1.426738E-001
4.724800E-002, 1.865885E+000, 3.009722E+000, 4.599464E+000, 5.583363E-001, 5.137467E-001, 1.719733E+000, -1.050598E-001
4.725600E-002, 1.798505E+000, 2.914998E+000, 4.519883E+000, 4.243806E-001, 4.817345E-001, 1.737100E+000, -9.067453E-002
4.726400E-002, 1.741492E+000, 2.900700E+000, 4.448423E+000, 6.641500E-002, 4.279829E-001, 1.750569E+000, -9.539102E-002
4.727200E-002, 1.691390E+000, 3.109807E+000, 4.584847E+000, -2.375180E-001, 4.093490E-001, 1.754231E+000, -8.642969E-002
4.728000E-002, 1.762224E+000, 3.317128E+000, 4.703407E+000, -5.245659E-001, 4.178298E-001, 1.764983E+000, -6.296515E-002
4.728800E-002, 1.992005E+000, 3.347511E+000, 4.479281E+000, -1.041252E+000, 4.236827E-001, 1.793220E+000, -4.174094E-002
4.729600E-002, 2.080116E+000, 3.283170E+000, 4.238913E+000, -1.724539E+000, 4.439889E-001, 1.826419E+000, -2.110629E-002
4.730400E-002, 1.858974E+000, 3.254575E+000, 4.339608E+000, -2.313268E+000, 4.909321E-001, 1.852765E+000, -1.179123E-003
4.731200E-002, 1.610189E+000, 3.333213E+000, 4.477657E+000, -2.522644E+000, 5.443254E-001, 1.873795E+000, 6.367262E-003
4.732000E-002, 1.646470E+000, 3.503002E+000, 4.381835E+000, -2.443847E+000, 5.772931E-001, 1.898724E+000, 9.197156E-003
4.732800E-002, 1.776046E+000, 3.553045E+000, 4.242161E+000, -2.429213E+000, 5.923436E-001, 1.928497E+000, 1.308826E-002
4.733600E-002, 1.815782E+000, 3.361809E+000, 4.186942E+000, -2.274995E+000, 6.130081E-001, 1.956379E+000, 7.074736E-003
4.734400E-002, 1.909076E+000, 3.336788E+000, 4.167453E+000, -1.675009E+000, 6.343893E-001, 1.982844E+000, 1.061210E-003
4.735200E-002, 1.945357E+000, 3.694237E+000, 4.225920E+000, -9.613289E-001, 6.489620E-001, 2.007773E+000, -4.834403E-003
4.736000E-002, 1.801961E+000, 3.837217E+000, 4.331487E+000, -3.861075E-001, 6.665209E-001, 2.030693E+000, -3.136466E-002
4.736800E-002, 1.724216E+000, 3.569130E+000, 4.328239E+000, 2.026220E-001, 6.904106E-001, 2.047233E+000, -6.037107E-002
4.737600E-002, 1.717305E+000, 3.417214E+000, 4.334735E+000, 7.384447E-001, 7.269617E-001, 2.050778E+000, -7.051153E-002
4.738400E-002, 1.580819E+000, 3.417214E+000, 4.453295E+000, 1.016487E+000, 7.657824E-001, 2.063656E+000, -8.348188E-002
4.739200E-002, 1.528989E+000, 3.279596E+000, 4.393203E+000, 1.099787E+000, 7.795189E-001, 2.101108E+000, -1.055315E-001
4.740000E-002, 1.670658E+000, 3.229553E+000, 4.128474E+000, 1.103164E+000, 7.783244E-001, 2.130881E+000, -1.201526E-001
4.740800E-002, 1.643015E+000, 3.494066E+000, 4.021283E+000, 1.049132E+000, 7.785633E-001, 2.143168E+000, -1.345379E-001
4.741600E-002, 1.452971E+000, 3.626322E+000, 4.095992E+000, 9.568262E-001, 7.626767E-001, 2.156755E+000, -1.585920E-001
4.742400E-002, 1.478886E+000, 3.452959E+000, 4.186942E+000, 7.429474E-001, 7.384287E-001, 2.164789E+000, -1.835894E-001
4.743200E-002, 1.580819E+000, 3.417214E+000, 4.297381E+000, 4.390144E-001, 7.383093E-001, 2.171050E+000, -2.101196E-001
4.744000E-002, 1.490980E+000, 3.499427E+000, 4.264899E+000, 2.983046E-001, 7.481040E-001, 2.189245E+000, -2.370036E-001
4.744800E-002, 1.395958E+000, 3.406490E+000, 4.078127E+000, 2.983046E-001, 7.390260E-001, 2.203304E+000, -2.538651E-001
4.745600E-002, 1.439150E+000, 3.342149E+000, 4.193439E+000, 3.005560E-001, 7.306646E-001, 2.205549E+000, -2.783909E-001
4.746400E-002, 1.364860E+000, 3.401129E+000, 4.622202E+000, 4.423914E-001, 7.466707E-001, 2.210865E+000, -3.182452E-001
4.747200E-002, 1.029692E+000, 3.356447E+000, 4.828463E+000, 6.416364E-001, 7.635128E-001, 2.221144E+000, -3.479591E-001
4.748000E-002, 8.396481E-001, 3.317128E+000, 4.713152E+000, 6.292539E-001, 7.608850E-001, 2.229296E+000, -3.689474E-001
4.748800E-002, 9.692234E-001, 3.390405E+000, 4.526380E+000, 4.513968E-001, 7.709186E-001, 2.236740E+000, -3.964210E-001
4.749600E-002, 1.057335E+000, 3.463682E+000, 4.437054E+000, 1.339557E-001, 8.095004E-001, 2.245010E+000, -4.182348E-001
4.750400E-002, 1.088433E+000, 3.469044E+000, 4.573479E+000, -4.029927E-001, 8.563241E-001, 2.252335E+000, -4.352142E-001
4.751200E-002, 1.249106E+000, 3.360022E+000, 4.722897E+000, -1.026618E+000, 8.977726E-001, 2.254462E+000, -4.615086E-001
4.752000E-002, 1.290570E+000, 3.340362E+000, 4.620578E+000, -1.591709E+000, 9.219012E-001, 2.247373E+000, -4.941703E-001
4.752800E-002, 9.692234E-001, 3.483342E+000, 4.519883E+000, -2.039728E+000, 9.395795E-001, 2.241584E+000, -5.355575E-001
4.753600E-002, 6.496043E-001, 3.376107E+000, 4.492274E+000, -2.343661E+000, 9.711138E-001, 2.258006E+000, -5.764731E-001
4.754400E-002, 7.498091E-001, 3.056190E+000, 4.412693E+000, -2.566545E+000, 9.929728E-001, 2.286952E+000, -6.013525E-001
4.755200E-002, 9.139379E-001, 3.124105E+000, 4.451671E+000, -2.650971E+000, 9.921367E-001, 2.292859E+000, -6.350754E-001
4.756000E-002, 7.757242E-001, 3.438661E+000, 4.513387E+000, -2.362798E+000, 9.990647E-001, 2.279036E+000, -6.820045E-001
4.756800E-002, 6.461489E-001, 3.256362E+000, 4.438678E+000, -1.699774E+000, 1.026060E+000, 2.275491E+000, -7.113647E-001
4.757600E-002, 7.688136E-001, 2.843508E+000, 4.415941E+000, -9.838425E-001, 1.055205E+000, 2.279390E+000, -7.350650E-001
4.758400E-002, 9.571297E-001, 2.997211E+000, 4.433806E+000, -3.455831E-001, 1.070375E+000, 2.272892E+000, -7.797537E-001
4.759200E-002, 9.605850E-001, 3.461895E+000, 4.299005E+000, 3.917359E-001, 1.053414E+000, 2.263795E+000, -8.319889E-001
4.760000E-002, 7.394431E-001, 3.642407E+000, 4.178822E+000, 1.223612E+000, 1.007545E+000, 2.274664E+000, -8.704283E-001
4.760800E-002, 5.148459E-001, 3.513725E+000, 4.222672E+000, 1.862997E+000, 9.805502E-001, 2.293686E+000, -9.017929E-001
4.761600E-002, 5.252119E-001, 3.302830E+000, 4.260026E+000, 2.079127E+000, 9.971535E-001, 2.286006E+000, -9.384637E-001
4.762400E-002, 6.288722E-001, 3.301043E+000, 4.334735E+000, 1.885510E+000, 1.020804E+000, 2.260369E+000, -9.760777E-001
4.763200E-002, 5.183012E-001, 3.476193E+000, 4.498770E+000, 1.512911E+000, 1.028688E+000, 2.248082E+000, -1.018644E+000
4.764000E-002, 3.800876E-001, 3.517300E+000, 4.445175E+000, 1.079525E+000, 1.043977E+000, 2.253634E+000, -1.071822E+000
4.764800E-002, 4.941139E-001, 3.390405E+000, 4.173949E+000, 5.729700E-001, 1.076348E+000, 2.266867E+000, -1.115804E+000
4.765600E-002, 4.664711E-001, 3.215255E+000, 3.998546E+000, 2.262613E-001, 1.107404E+000, 2.275137E+000, -1.139976E+000
4.766400E-002, 1.071156E-001, 3.063339E+000, 3.983929E+000, 1.688517E-001, 1.124007E+000, 2.276555E+000, -1.163440E+000
4.767200E-002, -6.565149E-002, 3.156276E+000, 4.108985E+000, 2.690370E-001, 1.123530E+000, 2.278682E+000, -1.188084E+000
4.768000E-002, 1.727671E-002, 3.517300E+000, 4.295757E+000, 5.245659E-001, 1.115288E+000, 2.278445E+000, -1.205299E+000
4.768800E-002, 1.382137E-002, 3.746067E+000, 4.284388E+000, 8.836572E-001, 1.116721E+000, 2.271829E+000, -1.243149E+000
4.769600E-002, 4.837478E-002, 3.678152E+000, 4.086247E+000, 1.234869E+000, 1.139058E+000, 2.265331E+000, -1.306704E+000
4.770400E-002, 2.764273E-002, 3.544108E+000, 3.961191E+000, 1.597337E+000, 1.179073E+000, 2.264977E+000, -1.351746E+000
4.771200E-002, -2.746997E-001, 3.494066E+000, 4.000170E+000, 1.936166E+000, 1.213594E+000, 2.270529E+000, -1.377215E+000
4.772000E-002, -4.612881E-001, 3.492278E+000, 4.022907E+000, 2.179312E+000, 1.225658E+000, 2.276909E+000, -1.415183E+000
4.772800E-002, -3.921813E-001, 3.513725E+000, 3.879986E+000, 2.300886E+000, 1.240469E+000, 2.280217E+000, -1.463291E+000
4.773600E-002, -4.457391E-001, 3.583428E+000, 3.790660E+000, 2.143291E+000, 1.281440E+000, 2.280099E+000, -1.511635E+000
4.774400E-002, -5.908635E-001, 3.565555E+000, 3.852376E+000, 1.589457E+000, 1.327308E+000, 2.274546E+000, -1.556324E+000
4.775200E-002, -6.323276E-001, 3.474406E+000, 3.889731E+000, 9.196788E-001, 1.365412E+000, 2.268993E+000, -1.592995E+000
4.776000E-002, -6.876130E-001, 3.567343E+000, 3.927085E+000, 3.545885E-001, 1.402680E+000, 2.271356E+000, -1.634971E+000
4.776800E-002, -7.308048E-001, 3.712109E+000, 3.910844E+000, -3.163155E-001, 1.426689E+000, 2.273247E+000, -1.693810E+000
4.777600E-002, -7.083451E-001, 3.676364E+000, 3.738689E+000, -1.116673E+000, 1.429198E+000, 2.264858E+000, -1.757128E+000
4.778400E-002, -8.880228E-001, 3.576279E+000, 3.589271E+000, -1.798833E+000, 1.426570E+000, 2.259305E+000, -1.811132E+000
4.779200E-002, -1.150629E+000, 3.540534E+000, 3.569782E+000, -2.350415E+000, 1.429078E+000, 2.272774E+000, -1.861009E+000
4.780000E-002, -9.916831E-001, 3.565555E+000, 3.620129E+000, -2.970664E+000, 1.422867E+000, 2.288842E+000, -1.906170E+000
4.780800E-002, -6.582426E-001, 3.604875E+000, 3.693214E+000, -3.524498E+000, 1.406264E+000, 2.287661E+000, -1.931639E+000
4.781600E-002, -7.048897E-001, 3.599513E+000, 3.772795E+000, -3.648322E+000, 1.399813E+000, 2.286361E+000, -1.950387E+000
4.782400E-002, -9.329423E-001, 3.554832E+000, 3.826391E+000, -3.569525E+000, 1.405189E+000, 2.297585E+000, -1.987175E+000
4.783200E-002, -1.052152E+000, 3.501215E+000, 3.847504E+000, -3.616803E+000, 1.417492E+000, 2.307863E+000, -2.035166E+000
4.784000E-002, -1.138535E+000, 3.372533E+000, 4.009914E+000, -3.513241E+000, 1.441740E+000, 2.315897E+000, -2.073723E+000
4.784800E-002, -1.262927E+000, 3.206319E+000, 4.279516E+000, -3.174412E+000, 1.468974E+000, 2.328303E+000, -2.102140E+000
4.785600E-002, -1.423601E+000, 3.345724E+000, 4.264899E+000, -2.860348E+000, 1.483427E+000, 2.345316E+000, -2.129613E+000
4.786400E-002, -1.518623E+000, 3.637045E+000, 4.009914E+000, -2.520393E+000, 1.490594E+000, 2.366109E+000, -2.154493E+000
4.787200E-002, -1.492708E+000, 3.451171E+000, 4.035900E+000, -2.039728E+000, 1.514603E+000, 2.385485E+000, -2.181495E+000
4.788000E-002, -1.395958E+000, 3.077637E+000, 4.271395E+000, -1.562441E+000, 1.554618E+000, 2.403444E+000, -2.216868E+000
4.788800E-002, -1.266383E+000, 3.186659E+000, 4.224296E+000, -1.202224E+000, 1.585675E+000, 2.427191E+000, -2.249530E+000
4.789600E-002, -1.283659E+000, 3.579853E+000, 3.985553E+000, -9.174275E-001, 1.610639E+000, 2.447630E+000, -2.285493E+000
4.790400E-002, -1.477159E+000, 3.765727E+000, 3.912468E+000, -6.787838E-001, 1.637396E+000, 2.459208E+000, -2.341266E+000
4.791200E-002, -1.560087E+000, 3.588789E+000, 4.019659E+000, -3.973643E-001, 1.647071E+000, 2.477994E+000, -2.398453E+000
4.792000E-002, -1.456427E+000, 3.351086E+000, 4.154460E+000, -1.688517E-002, 1.643368E+000, 2.501859E+000, -2.432412E+000
4.792800E-002, -1.259472E+000, 3.379682E+000, 4.248658E+000, 3.241952E-001, 1.656507E+000, 2.509066E+000, -2.458942E+000
4.793600E-002, -1.065973E+000, 3.347511E+000, 4.295757E+000, 6.618986E-001, 1.678247E+000, 2.504931E+000, -2.500683E+000
4.794400E-002, -1.097071E+000, 3.206319E+000, 4.227544E+000, 1.121175E+000, 1.679203E+000, 2.507530E+000, -2.551150E+000
4.795200E-002, -1.352766E+000, 3.390405E+000, 4.167453E+000, 1.554561E+000, 1.671439E+000, 2.511902E+000, -2.600083E+000
4.796000E-002, -1.496163E+000, 3.628109E+000, 4.352601E+000, 1.881008E+000, 1.669766E+000, 2.510838E+000, -2.643593E+000
4.796800E-002, -1.383864E+000, 3.463682E+000, 4.526380E+000, 2.142165E+000, 1.668691E+000, 2.510247E+000, -2.683683E+000
4.797600E-002, -1.385592E+000, 3.240277E+000, 4.427310E+000, 2.182689E+000, 1.688758E+000, 2.510838E+000, -2.728372E+000
4.798400E-002, -1.667202E+000, 3.327852E+000, 4.240537E+000, 1.941794E+000, 1.739285E+000, 2.511547E+000, -2.774122E+000
4.799200E-002, -1.751858E+000, 3.553045E+000, 4.065134E+000, 1.552310E+000, 1.784914E+000, 2.514619E+000, -2.819164E+000
4.800000E-002, -1.478886E+000, 3.721046E+000, 4.022907E+000, 9.421924E-001, 1.813104E+000, 2.523952E+000, -2.860316E+000
4.800800E-002, -1.224919E+000, 3.737131E+000, 4.172325E+000, 3.939873E-002, 1.842369E+000, 2.538603E+000, -2.886610E+000
4.801600E-002, -1.105709E+000, 3.529810E+000, 4.292509E+000, -8.555152E-001, 1.867453E+000, 2.542856E+000, -2.909603E+000
4.802400E-002, -1.095343E+000, 3.295681E+000, 4.250282E+000, -1.566944E+000, 1.875934E+000, 2.533286E+000, -2.941911E+000
4.803200E-002, -1.254289E+000, 3.293894E+000, 4.031028E+000, -2.215334E+000, 1.874501E+000, 2.535767E+000, -2.969266E+000
4.804000E-002, -1.385592E+000, 3.377894E+000, 3.800405E+000, -2.650971E+000, 1.875576E+000, 2.548763E+000, -2.986717E+000
4.804800E-002, -1.385592E+000, 3.347511E+000, 3.777668E+000, -2.645343E+000, 1.876173E+000, 2.545455E+000, -3.006527E+000
4.805600E-002, -1.475431E+000, 3.433299E+000, 3.836135E+000, -2.316645E+000, 1.862556E+000, 2.536948E+000, -3.037891E+000
4.806400E-002, -1.596368E+000, 3.594151E+000, 3.777668E+000, -1.774068E+000, 1.842130E+000, 2.536358E+000, -3.081047E+000
4.807200E-002, -1.487525E+000, 3.504789E+000, 3.586023E+000, -9.568262E-001, 1.829827E+000, 2.529151E+000, -3.112412E+000
4.808000E-002, -1.292298E+000, 3.415426E+000, 3.439854E+000, 4.952983E-002, 1.815135E+000, 2.522889E+000, -3.117364E+000
4.808800E-002, -1.278476E+000, 3.572704E+000, 3.548669E+000, 1.063766E+000, 1.787064E+000, 2.531041E+000, -3.120666E+000
4.809600E-002, -1.314758E+000, 3.719258E+000, 3.681845E+000, 1.993576E+000, 1.751349E+000, 2.540966E+000, -3.135759E+000
4.810400E-002, -1.223191E+000, 3.685301E+000, 3.589271E+000, 2.709507E+000, 1.712290E+000, 2.539430E+000, -3.151913E+000
4.811200E-002, -1.164450E+000, 3.533385E+000, 3.488577E+000, 3.055090E+000, 1.669169E+000, 2.534231E+000, -3.163940E+000
4.812000E-002, -1.275021E+000, 3.511938E+000, 3.564910E+000, 3.083232E+000, 1.627482E+000, 2.538366E+000, -3.167123E+000
4.812800E-002, -1.414962E+000, 3.590577E+000, 3.763051E+000, 2.914380E+000, 1.585794E+000, 2.534940E+000, -3.159223E+000
4.813600E-002, -1.456427E+000, 3.386831E+000, 3.944950E+000, 2.550786E+000, 1.538254E+000, 2.514737E+000, -3.153799E+000
4.814400E-002, -1.475431E+000, 3.183085E+000, 3.985553E+000, 2.037477E+000, 1.506361E+000, 2.511075E+000, -3.161463E+000
4.815200E-002, -1.566998E+000, 3.374320E+000, 3.962816E+000, 1.494900E+000, 1.507914E+000, 2.525961E+000, -3.167005E+000
4.816000E-002, -1.572181E+000, 3.492278E+000, 4.016411E+000, 9.984763E-001, 1.521531E+000, 2.529151E+000, -3.155922E+000
4.816800E-002, -1.352766E+000, 3.297468E+000, 4.070006E+000, 5.639646E-001, 1.522845E+000, 2.527379E+000, -3.147078E+000
4.817600E-002, -1.128169E+000, 3.256362E+000, 4.019659E+000, 2.059990E-001, 1.510064E+000, 2.538366E+000, -3.155332E+000
4.818400E-002, -1.160995E+000, 3.374320E+000, 3.941702E+000, -1.575949E-002, 1.500628E+000, 2.559514E+000, -3.161463E+000
4.819200E-002, -1.380409E+000, 3.365384E+000, 3.891355E+000, -1.148191E-001, 1.502539E+000, 2.587751E+000, -3.153681E+000
4.820000E-002, -1.468520E+000, 3.376107E+000, 3.884858E+000, -2.048734E-001, 1.493700E+000, 2.617760E+000, -3.144838E+000
4.820800E-002, -1.349311E+000, 3.465469E+000, 4.057014E+000, -3.748507E-001, 1.467302E+000, 2.643871E+000, -3.138117E+000
4.821600E-002, -1.273293E+000, 3.467257E+000, 4.320118E+000, -6.315053E-001, 1.450579E+000, 2.674116E+000, -3.129509E+000
4.822400E-002, -1.252561E+000, 3.474406E+000, 4.326615E+000, -9.298099E-001, 1.463121E+000, 2.714876E+000, -3.127741E+000
4.823200E-002, -1.179999E+000, 3.595938E+000, 4.172325E+000, -1.251754E+000, 1.493461E+000, 2.752329E+000, -3.133047E+000
4.824000E-002, -1.150629E+000, 3.660279E+000, 4.178822E+000, -1.611971E+000, 1.516634E+000, 2.781865E+000, -3.132811E+000
4.824800E-002, -1.195548E+000, 3.594151E+000, 4.321743E+000, -2.021718E+000, 1.523920E+000, 2.823334E+000, -3.129509E+000
4.825600E-002, -1.204187E+000, 3.447597E+000, 4.404572E+000, -2.412328E+000, 1.520098E+000, 2.871656E+000, -3.128566E+000
4.826400E-002, -1.159267E+000, 3.326064E+000, 4.250282E+000, -2.650971E+000, 1.511856E+000, 2.902020E+000, -3.120076E+000
4.827200E-002, -1.202459E+000, 3.415426E+000, 4.050517E+000, -2.612698E+000, 1.501464E+000, 2.924822E+000, -3.109228E+000
4.828000E-002, -1.174816E+000, 3.590577E+000, 4.037524E+000, -2.387563E+000, 1.477574E+000, 2.960029E+000, -3.115242E+000
4.828800E-002, -9.260316E-001, 3.590577E+000, 4.070006E+000, -2.317771E+000, 1.449384E+000, 2.995119E+000, -3.128920E+000
4.829600E-002, -8.068223E-001, 3.483342E+000, 4.117105E+000, -2.420208E+000, 1.435887E+000, 3.018866E+000, -3.124557E+000
4.830400E-002, -8.517417E-001, 3.426150E+000, 4.165829E+000, -2.356044E+000, 1.421553E+000, 3.046040E+000, -3.104040E+000
4.831200E-002, -8.724738E-001, 3.404703E+000, 4.147964E+000, -2.062242E+000, 1.393960E+000, 3.083492E+000, -3.084467E+000
4.832000E-002, -8.983889E-001, 3.349298E+000, 4.138219E+000, -1.783074E+000, 1.374132E+000, 3.114800E+000, -3.071261E+000
4.832800E-002, -6.962513E-001, 3.413639E+000, 4.128474E+000, -1.670506E+000, 1.363859E+000, 3.143037E+000, -3.062299E+000
4.833600E-002, -3.524449E-001, 3.637045E+000, 4.058638E+000, -1.610845E+000, 1.350003E+000, 3.179899E+000, -3.050626E+000
4.834400E-002, -3.852706E-001, 3.660279E+000, 3.961191E+000, -1.457753E+000, 1.347376E+000, 3.208963E+000, -3.030463E+000
4.835200E-002, -6.858853E-001, 3.513725E+000, 3.969312E+000, -1.310289E+000, 1.358365E+000, 3.230938E+000, -2.998155E+000
4.836000E-002, -6.858853E-001, 3.570917E+000, 4.100864E+000, -1.323797E+000, 1.363501E+000, 3.266736E+000, -2.961131E+000
4.836800E-002, -4.180964E-001, 3.726407E+000, 4.139843E+000, -1.321546E+000, 1.368876E+000, 3.304897E+000, -2.940142E+000
4.837600E-002, -4.060026E-001, 3.637045E+000, 4.117105E+000, -1.145940E+000, 1.376999E+000, 3.331244E+000, -2.925167E+000
4.838400E-002, -6.064125E-001, 3.469044E+000, 4.091120E+000, -9.151761E-001, 1.371624E+000, 3.351447E+000, -2.890855E+000
4.839200E-002, -5.528547E-001, 3.574492E+000, 3.961191E+000, -6.765324E-001, 1.355856E+000, 3.361962E+000, -2.854420E+000
4.840000E-002, -3.196191E-001, 3.731769E+000, 3.889731E+000, -3.703480E-001, 1.339850E+000, 3.363025E+000, -2.837205E+000
4.840800E-002, -2.798827E-001, 3.467257E+000, 4.050517E+000, 1.913652E-002, 1.317036E+000, 3.371650E+000, -2.818810E+000
4.841600E-002, -4.388284E-001, 3.000786E+000, 4.248658E+000, 3.849818E-001, 1.288965E+000, 3.388072E+000, -2.786149E+000
4.842400E-002, -6.305999E-001, 3.036530E+000, 4.235665E+000, 6.044890E-001, 1.265554E+000, 3.394452E+000, -2.761034E+000
4.843200E-002, -7.653582E-001, 3.528023E+000, 4.229168E+000, 7.497015E-001, 1.239633E+000, 3.387009E+000, -2.746059E+000
4.844000E-002, -6.599703E-001, 3.819344E+000, 4.409444E+000, 7.913516E-001, 1.198663E+000, 3.375785E+000, -2.716934E+000
4.844800E-002, -3.628109E-001, 3.801472E+000, 4.448423E+000, 4.649050E-001, 1.146703E+000, 3.378975E+000, -2.670949E+000
4.845600E-002, -2.937040E-001, 3.729982E+000, 4.217800E+000, -1.238246E-001, 1.095818E+000, 3.399769E+000, -2.626731E+000
4.846400E-002, -4.785648E-001, 3.654917E+000, 4.000170E+000, -5.988606E-001, 1.048397E+000, 3.408629E+000, -2.585934E+000
4.847200E-002, -4.906585E-001, 3.615598E+000, 4.104113E+000, -1.025493E+000, 1.011248E+000, 3.396342E+000, -2.534878E+000
4.848000E-002, -2.038652E-001, 3.613811E+000, 4.424061E+000, -1.545556E+000, 9.916589E-001, 3.397051E+000, -2.477926E+000
4.848800E-002, 7.428985E-002, 3.524449E+000, 4.415941E+000, -1.894516E+000, 9.680082E-001, 3.423989E+000, -2.430761E+000
4.849600E-002, 1.157539E-001, 3.436873E+000, 4.164205E+000, -1.957554E+000, 9.192733E-001, 3.444546E+000, -2.383360E+000
4.850400E-002, 2.764273E-002, 3.526236E+000, 4.160956E+000, -1.938417E+000, 8.613409E-001, 3.436157E+000, -2.321339E+000
4.851200E-002, -3.455342E-002, 3.629896E+000, 4.225920E+000, -1.756058E+000, 8.096198E-001, 3.430959E+000, -2.259789E+000
4.852000E-002, -2.418739E-002, 3.610236E+000, 4.212928E+000, -1.239371E+000, 7.647073E-001, 3.454825E+000, -2.211327E+000
4.852800E-002, 8.811121E-002, 3.578066E+000, 4.313622E+000, -6.236256E-001, 7.353231E-001, 3.475736E+000, -2.158973E+000
4.853600E-002, 2.660613E-001, 3.688875E+000, 4.415941E+000, -2.138788E-001, 7.211087E-001, 3.477391E+000, -2.097070E+000
4.854400E-002, 4.526498E-001, 3.928366E+000, 4.383459E+000, 8.667719E-002, 7.051027E-001, 3.493222E+000, -2.034812E+000
4.855200E-002, 6.167785E-001, 3.949813E+000, 4.295757E+000, 5.358227E-001, 6.920828E-001, 3.534928E+000, -1.970785E+000
4.856000E-002, 6.392382E-001, 3.597726E+000, 4.245409E+000, 9.647059E-001, 6.967413E-001, 3.577578E+000, -1.910179E+000
4.856800E-002, 5.649484E-001, 3.304617E+000, 4.195063E+000, 1.024367E+000, 7.035499E-001, 3.605815E+000, -1.860773E+000
4.857600E-002, 6.634256E-001, 3.411852E+000, 4.154460E+000, 7.744664E-001, 6.908883E-001, 3.621056E+000, -1.810661E+000
4.858400E-002, 9.122102E-001, 3.638832E+000, 4.206431E+000, 5.054294E-001, 6.684321E-001, 3.631098E+000, -1.750290E+000
4.859200E-002, 1.062518E+000, 3.740705E+000, 4.240537E+000, 3.771021E-001, 6.505148E-001, 3.648111E+000, -1.694517E+000
4.860000E-002, 1.062518E+000, 3.840791E+000, 4.221048E+000, 3.230695E-001, 6.308059E-001, 3.674340E+000, -1.655252E+000
4.860800E-002, 1.036602E+000, 3.955175E+000, 4.175573E+000, 1.530922E-001, 6.097830E-001, 3.695015E+000, -1.619053E+000
4.861600E-002, 1.117803E+000, 4.023090E+000, 4.125226E+000, -1.373327E-001, 5.913880E-001, 3.708011E+000, -1.571888E+000
4.862400E-002, 1.237012E+000, 3.996281E+000, 4.227544E+000, -3.399547E-001, 5.624815E-001, 3.724434E+000, -1.517059E+000
4.863200E-002, 1.245651E+000, 3.831855E+000, 4.297381E+000, -3.928616E-001, 5.179273E-001, 3.735657E+000, -1.463763E+000
4.864000E-002, 1.212825E+000, 3.760365E+000, 4.190190E+000, -3.703480E-001, 4.657285E-001, 3.737784E+000, -1.419782E+000
4.864800E-002, 1.273293E+000, 3.826493E+000, 4.318494E+000, -1.688517E-001, 4.135296E-001, 3.746172E+000, -1.388771E+000
4.865600E-002, 1.454699E+000, 3.706748E+000, 4.646564E+000, 2.262613E-001, 3.738728E-001, 3.766848E+000, -1.350449E+000
4.866400E-002, 1.639560E+000, 3.449384E+000, 4.664429E+000, 4.829158E-001, 3.511777E-001, 3.795439E+000, -1.287484E+000
4.867200E-002, 1.598096E+000, 3.449384E+000, 4.398076E+000, 4.356374E-001, 3.410246E-001, 3.816824E+000, -1.222396E+000
4.868000E-002, 1.459882E+000, 3.721046E+000, 4.307126E+000, 2.408951E-001, 3.418607E-001, 3.833010E+000, -1.175349E+000
4.868800E-002, 1.501346E+000, 3.753216E+000, 4.553989E+000, -7.767177E-002, 3.340966E-001, 3.871289E+000, -1.126770E+000
4.869600E-002, 1.508257E+000, 3.404703E+000, 4.859321E+000, -6.258769E-001, 2.995761E-001, 3.920792E+000, -1.063451E+000
4.870400E-002, 1.302664E+000, 3.272447E+000, 4.943775E+000, -1.267513E+000, 2.661306E-001, 3.955173E+000, -1.004612E+000
4.871200E-002, 1.230102E+000, 3.511938E+000, 4.784613E+000, -1.762812E+000, 2.540663E-001, 3.981637E+000, -9.602774E-001
4.872000E-002, 1.416690E+000, 3.690662E+000, 4.596216E+000, -2.120777E+000, 2.388964E-001, 4.012710E+000, -9.230171E-001
4.872800E-002, 1.599823E+000, 3.728195E+000, 4.589720E+000, -2.348164E+000, 2.092732E-001, 4.053943E+000, -8.881151E-001
4.873600E-002, 1.696573E+000, 3.747854E+000, 4.649812E+000, -2.362798E+000, 1.796501E-001, 4.100256E+000, -8.525056E-001
4.874400E-002, 1.698300E+000, 3.864025E+000, 4.633571E+000, -2.228842E+000, 1.599411E-001, 4.137354E+000, -8.112363E-001
4.875200E-002, 1.587730E+000, 4.028452E+000, 4.623826E+000, -1.940669E+000, 1.372460E-001, 4.168190E+000, -7.578221E-001
4.876000E-002, 1.522078E+000, 4.014154E+000, 4.588096E+000, -1.462256E+000, 9.818641E-002, 4.193828E+000, -6.965077E-001
4.876800E-002, 1.544538E+000, 3.919430E+000, 4.493898E+000, -9.624546E-001, 6.653264E-002, 4.211432E+000, -6.425039E-001
4.877600E-002, 1.556631E+000, 3.765727E+000, 4.471160E+000, -5.110577E-001, 5.757403E-002, 4.236478E+000, -5.993480E-001
4.878400E-002, 1.584274E+000, 3.560194E+000, 4.503643E+000, -7.992313E-002, 5.112383E-002, 4.266960E+000, -5.670400E-001
4.879200E-002, 1.599823E+000, 3.683513E+000, 4.503643E+000, 2.926762E-001, 4.550976E-002, 4.284328E+000, -5.428680E-001
4.880000E-002, 1.534172E+000, 3.872962E+000, 4.502018E+000, 5.245659E-001, 4.598755E-002, 4.299332E+000, -5.082018E-001
4.880800E-002, 1.544538E+000, 3.694237E+000, 4.498770E+000, 4.108724E-001, 4.264300E-002, 4.328987E+000, -4.629235E-001
4.881600E-002, 1.727671E+000, 3.556619E+000, 4.484153E+000, -8.217449E-002, 3.714839E-002, 4.359350E+000, -4.328559E-001
4.882400E-002, 1.746675E+000, 3.579853E+000, 4.552365E+000, -6.675270E-001, 3.762618E-002, 4.380498E+000, -4.164661E-001
4.883200E-002, 1.522078E+000, 3.528023E+000, 4.586472E+000, -1.286650E+000, 4.288190E-002, 4.406963E+000, -3.887567E-001
4.884000E-002, 1.482342E+000, 3.536959E+000, 4.347728E+000, -1.963182E+000, 4.598755E-002, 4.442525E+000, -3.514965E-001
4.884800E-002, 1.523806E+000, 3.619173E+000, 4.082999E+000, -2.358295E+000, 4.491252E-002, 4.473598E+000, -3.253199E-001
4.885600E-002, 1.371771E+000, 3.671003E+000, 4.006666E+000, -2.393191E+000, 5.482672E-002, 4.492501E+000, -3.097555E-001
4.886400E-002, 1.283659E+000, 3.676364E+000, 3.982305E+000, -2.380809E+000, 7.632739E-002, 4.506560E+000, -2.882955E-001
4.887200E-002, 1.421873E+000, 3.545896E+000, 4.092744E+000, -2.261487E+000, 8.253870E-002, 4.532197E+000, -2.572846E-001
4.888000E-002, 1.570453E+000, 3.402916E+000, 4.258402E+000, -1.781948E+000, 6.557706E-002, 4.567760E+000, -2.250945E-001
4.888800E-002, 1.458154E+000, 3.451171E+000, 4.279516E+000, -1.088531E+000, 4.419583E-002, 4.587254E+000, -1.964418E-001
4.889600E-002, 1.285387E+000, 3.653130E+000, 4.294133E+000, -4.626536E-001, 2.998150E-002, 4.582646E+000, -1.741564E-001
4.890400E-002, 1.326851E+000, 3.824706E+000, 4.365593E+000, 8.330017E-002, 1.206427E-002, 4.579811E+000, -1.548188E-001
4.891200E-002, 1.370043E+000, 3.805046E+000, 4.388331E+000, 6.044890E-001, -2.866757E-002, 4.592689E+000, -1.347737E-001
4.892000E-002, 1.385592E+000, 3.658492E+000, 4.350976E+000, 1.010859E+000, -8.683883E-002, 4.598005E+000, -1.205063E-001
4.892800E-002, 1.449516E+000, 3.406490E+000, 4.339608E+000, 1.225863E+000, -1.382016E-001, 4.586545E+000, -1.060031E-001
4.893600E-002, 1.409779E+000, 3.145552E+000, 4.406196E+000, 1.286650E+000, -1.743944E-001, 4.578275E+000, -7.334142E-002
4.894400E-002, 1.382137E+000, 3.170574E+000, 4.376962E+000, 1.215732E+000, -2.037786E-001, 4.571422E+000, -2.405410E-002
4.895200E-002, 1.330307E+000, 3.306405E+000, 4.183694E+000, 9.894708E-001, -2.286238E-001, 4.550746E+000, 2.181377E-002
4.896000E-002, 1.122986E+000, 3.284958E+000, 4.107361E+000, 7.373190E-001, -2.394936E-001, 4.523809E+000, 5.813074E-002
4.896800E-002, 1.081522E+000, 3.340362E+000, 4.237289E+000, 6.123688E-001, -2.471383E-001, 4.507032E+000, 9.267904E-002
4.897600E-002, 1.171361E+000, 3.517300E+000, 4.417565E+000, 5.121834E-001, -2.747308E-001, 4.504079E+000, 1.271094E-001
4.898400E-002, 9.122102E-001, 3.513725E+000, 4.544245E+000, 2.971790E-001, -3.161794E-001, 4.500535E+000, 1.648413E-001
4.899200E-002, 4.751095E-001, 3.368958E+000, 4.531252E+000, 1.440868E-001, -3.577473E-001, 4.490374E+000, 2.087047E-001
4.900000E-002, 5.044799E-001, 3.292107E+000, 4.508515E+000, 2.510262E-001, -3.976430E-001, 4.481040E+000, 2.531576E-001
4.900800E-002, 9.847724E-001, 3.218830E+000, 4.490650E+000, 4.682820E-001, -4.227271E-001, 4.469108E+000, 2.936015E-001
4.901600E-002, 1.212825E+000, 3.183085E+000, 4.245409E+000, 6.483905E-001, -4.257134E-001, 4.455049E+000, 3.264990E-001
4.902400E-002, 1.017598E+000, 3.263511E+000, 4.006666E+000, 8.059854E-001, -4.245189E-001, 4.441226E+000, 3.540905E-001
4.903200E-002, 9.363976E-001, 3.327852E+000, 4.070006E+000, 8.442584E-001, -4.239216E-001, 4.421968E+000, 3.873418E-001
4.904000E-002, 1.050424E+000, 3.374320E+000, 4.167453E+000, 6.956689E-001, -4.039738E-001, 4.412043E+000, 4.251916E-001
4.904800E-002, 9.623127E-001, 3.456533E+000, 4.074879E+000, 4.952983E-001, -3.714839E-001, 4.421022E+000, 4.540801E-001
4.905600E-002, 7.636305E-001, 3.420788E+000, 3.896227E+000, 2.870479E-001, -3.595391E-001, 4.425512E+000, 4.758939E-001
4.906400E-002, 7.999116E-001, 3.315341E+000, 3.779292E+000, 5.628389E-003, -3.679004E-001, 4.412043E+000, 5.050182E-001
4.907200E-002, 8.413757E-001, 3.361809E+000, 3.751682E+000, -2.881735E-001, -3.796064E-001, 4.394321E+000, 5.349679E-001
4.908000E-002, 6.876130E-001, 3.435086E+000, 3.667228E+000, -5.527079E-001, -4.011070E-001, 4.387233E+000, 5.485278E-001
4.908800E-002, 6.720639E-001, 3.370745E+000, 3.480456E+000, -7.609583E-001, -4.313274E-001, 4.389832E+000, 5.528906E-001
4.909600E-002, 7.878179E-001, 3.302830E+000, 3.413868E+000, -7.553298E-001, -4.519919E-001, 4.386287E+000, 5.644460E-001
4.910400E-002, 7.187111E-001, 3.208106E+000, 3.449598E+000, -5.369483E-001, -4.654896E-001, 4.370928E+000, 5.776522E-001
4.911200E-002, 4.906585E-001, 3.054403E+000, 3.322918E+000, -2.757911E-001, -4.832874E-001, 4.369392E+000, 5.809537E-001
4.912000E-002, 3.075254E-001, 3.177723E+000, 3.179997E+000, 5.403254E-002, -4.966656E-001, 4.392313E+000, 5.826045E-001
4.912800E-002, 3.248021E-001, 3.556619E+000, 3.194614E+000, 5.121834E-001, -4.975017E-001, 4.412516E+000, 5.896792E-001
4.913600E-002, 4.371007E-001, 3.615598E+000, 3.277443E+000, 9.511978E-001, -4.991740E-001, 4.424803E+000, 5.921553E-001
4.914400E-002, 3.282575E-001, 3.290319E+000, 3.439854E+000, 1.233743E+000, -5.109994E-001, 4.443588E+000, 5.881463E-001
4.915200E-002, 1.174816E-001, 3.025807E+000, 3.547045E+000, 1.356442E+000, -5.270054E-001, 4.463201E+000, 5.867314E-001
4.916000E-002, 1.347583E-001, 3.047254E+000, 3.446350E+000, 1.333928E+000, -5.420559E-001, 4.485294E+000, 5.859060E-001
4.916800E-002, 2.453293E-001, 3.363596E+000, 3.378138E+000, 1.156071E+000, -5.450421E-001, 4.513649E+000, 5.842552E-001
4.917600E-002, 3.092531E-001, 3.619173E+000, 3.495073E+000, 8.532639E-001, -5.292749E-001, 4.532788E+000, 5.859060E-001
4.918400E-002, 2.107759E-001, 3.483342E+000, 3.556789E+000, 5.639646E-001, -5.045491E-001, 4.543894E+000, 5.823687E-001
4.919200E-002, -1.382137E-001, 3.224191E+000, 3.426861E+000, 4.243806E-001, -4.690731E-001, 4.567405E+000, 5.657430E-001
4.920000E-002, -3.697216E-001, 3.000786E+000, 3.339159E+000, 3.759764E-001, -4.276245E-001, 4.603086E+000, 5.389769E-001
4.920800E-002, -3.248021E-001, 2.881040E+000, 3.472336E+000, 2.757911E-001, -3.952541E-001, 4.636166E+000, 5.082018E-001
4.921600E-002, -2.833380E-001, 3.057977E+000, 3.647739E+000, 1.947423E-001, -3.602557E-001, 4.664403E+000, 4.778984E-001
4.922400E-002, -3.455342E-001, 3.208106E+000, 3.670477E+000, 2.532775E-001, -3.184489E-001, 4.689923E+000, 4.521935E-001
4.923200E-002, -5.165736E-001, 3.088361E+000, 3.571406E+000, 3.714737E-001, -2.840478E-001, 4.714379E+000, 4.314409E-001
4.924000E-002, -6.565149E-001, 2.938232E+000, 3.402499E+000, 5.076807E-001, -2.675639E-001, 4.739780E+000, 4.077406E-001
4.924800E-002, -5.200289E-001, 2.845295E+000, 3.189742E+000, 7.508271E-001, -2.728197E-001, 4.751359E+000, 3.826253E-001
4.925600E-002, -4.008196E-001, 2.764869E+000, 2.994849E+000, 1.037875E+000, -2.821366E-001, 4.752068E+000, 3.614011E-001
4.926400E-002, -6.081402E-001, 2.739848E+000, 2.959119E+000, 1.204475E+000, -2.858395E-001, 4.765891E+000, 3.299185E-001
4.927200E-002, -8.137330E-001, 2.859593E+000, 3.189742E+000, 1.213481E+000, -2.965899E-001, 4.781958E+000, 2.871163E-001
4.928000E-002, -8.223713E-001, 2.982913E+000, 3.428485E+000, 1.120049E+000, -3.081763E-001, 4.777705E+000, 2.582279E-001
4.928800E-002, -8.932058E-001, 2.970402E+000, 3.353776E+000, 9.703344E-001, -3.155821E-001, 4.765772E+000, 2.457291E-001
4.929600E-002, -1.040058E+000, 2.981126E+000, 3.071182E+000, 7.857231E-001, -3.303937E-001, 4.763646E+000, 2.267453E-001
4.930400E-002, -1.027964E+000, 3.025807E+000, 2.957495E+000, 4.108724E-001, -3.438914E-001, 4.761873E+000, 1.886596E-001
4.931200E-002, -9.398530E-001, 2.963253E+000, 3.085799E+000, -2.690370E-001, -3.449664E-001, 4.746278E+000, 1.456216E-001
4.932000E-002, -9.985937E-001, 2.838146E+000, 3.188118E+000, -9.534492E-001, -3.386356E-001, 4.722531E+000, 1.193272E-001
4.932800E-002, -1.128169E+000, 2.805976E+000, 3.231968E+000, -1.490398E+000, -3.185683E-001, 4.706109E+000, 1.073002E-001
4.933600E-002, -1.038330E+000, 2.827423E+000, 3.290436E+000, -1.959805E+000, -2.909758E-001, 4.696421E+000, 8.925958E-002
4.934400E-002, -7.947286E-001, 2.798827E+000, 3.283940E+000, -2.195072E+000, -2.814199E-001, 4.679644E+000, 5.647997E-002
4.935200E-002, -8.586524E-001, 2.931083E+000, 3.124778E+000, -2.170307E+000, -2.834505E-001, 4.662158E+000, 2.570487E-002
4.936000E-002, -1.186910E+000, 3.108020E+000, 2.921764E+000, -2.065619E+000, -2.784337E-001, 4.652588E+000, 7.192648E-003
4.936800E-002, -1.323396E+000, 2.888189E+000, 3.014338E+000, -1.929412E+000, -2.885868E-001, 4.635103E+000, -1.532859E-002
4.937600E-002, -1.325124E+000, 2.595081E+000, 3.241713E+000, -1.684014E+000, -3.252574E-001, 4.607693E+000, -4.197676E-002
4.938400E-002, -1.345856E+000, 2.700528E+000, 3.134522E+000, -1.294530E+000, -3.638392E-001, 4.586781E+000, -6.508756E-002
4.939200E-002, -1.361405E+000, 2.843508E+000, 2.920140E+000, -8.678976E-001, -4.027793E-001, 4.570004E+000, -1.005792E-001
4.940000E-002, -1.492708E+000, 2.680869E+000, 2.933133E+000, -3.984900E-001, -4.525892E-001, 4.551455E+000, -1.457396E-001
4.940800E-002, -1.596368E+000, 2.607592E+000, 2.994849E+000, 1.924909E-001, -4.917682E-001, 4.538578E+000, -1.623652E-001
4.941600E-002, -1.528989E+000, 2.734486E+000, 2.991601E+000, 7.755921E-001, -4.973823E-001, 4.527117E+000, -1.559979E-001
4.942400E-002, -1.563542E+000, 2.645124E+000, 3.024083E+000, 1.150443E+000, -4.770761E-001, 4.511640E+000, -1.706190E-001
4.943200E-002, -1.715577E+000, 2.419931E+000, 3.063061E+000, 1.330551E+000, -4.608311E-001, 4.503016E+000, -1.934940E-001
4.944000E-002, -1.746675E+000, 2.409207E+000, 3.041948E+000, 1.511785E+000, -4.636979E-001, 4.497108E+000, -2.006867E-001
4.944800E-002, -1.779501E+000, 2.523591E+000, 3.032203E+000, 1.841609E+000, -4.705064E-001, 4.484349E+000, -2.189631E-001
4.945600E-002, -1.929808E+000, 2.528953E+000, 3.097168E+000, 2.152296E+000, -4.744482E-001, 4.467336E+000, -2.511531E-001
4.946400E-002, -1.915987E+000, 2.473548E+000, 3.191366E+000, 2.157924E+000, -4.660868E-001, 4.448196E+000, -2.690758E-001
4.947200E-002, -1.670658E+000, 2.487846E+000, 3.189742E+000, 2.074624E+000, -4.356275E-001, 4.437090E+000, -2.834611E-001
4.948000E-002, -1.592913E+000, 2.586145E+000, 3.093920E+000, 2.227716E+000, -4.159186E-001, 4.434845E+000, -3.180094E-001
4.948800E-002, -1.810599E+000, 2.677294E+000, 3.084175E+000, 2.348164E+000, -4.062433E-001, 4.426693E+000, -3.628160E-001
4.949600E-002, -2.012737E+000, 2.611166E+000, 3.196238E+000, 2.201826E+000, -3.689755E-001, 4.413697E+000, -3.954777E-001
4.950400E-002, -2.050745E+000, 2.530740E+000, 3.347280E+000, 2.023969E+000, -3.345744E-001, 4.398575E+000, -4.125750E-001
4.951200E-002, -1.973000E+000, 2.754146E+000, 3.456095E+000, 1.951925E+000, -3.256158E-001, 4.382625E+000, -4.317947E-001
4.952000E-002, -1.883161E+000, 3.022233E+000, 3.331039E+000, 1.777445E+000, -3.104458E-001, 4.374118E+000, -4.649280E-001
4.952800E-002, -1.953996E+000, 2.888189E+000, 3.019211E+000, 1.299032E+000, -3.032790E-001, 4.369511E+000, -5.069048E-001
4.953600E-002, -1.988549E+000, 2.673720E+000, 2.855176E+000, 5.999863E-001, -3.240629E-001, 4.365494E+000, -5.468770E-001
4.954400E-002, -1.852063E+000, 2.754146E+000, 2.890906E+000, -5.515822E-002, -3.551195E-001, 4.360295E+000, -5.784776E-001
4.955200E-002, -1.850335E+000, 2.868529E+000, 2.991601E+000, -5.808498E-001, -3.889233E-001, 4.346708E+000, -6.030033E-001
4.956000E-002, -1.952268E+000, 2.791678E+000, 3.058189E+000, -1.190967E+000, -4.155602E-001, 4.334421E+000, -6.250529E-001
4.956800E-002, -1.879706E+000, 2.671932E+000, 3.038700E+000, -1.936166E+000, -4.230855E-001, 4.336312E+000, -6.559459E-001
4.957600E-002, -1.655109E+000, 2.641549E+000, 3.054941E+000, -2.550786E+000, -4.191437E-001, 4.344582E+000, -7.024033E-001
4.958400E-002, -1.617100E+000, 2.720188E+000, 3.053317E+000, -2.871604E+000, -4.138880E-001, 4.341628E+000, -7.476816E-001
4.959200E-002, -1.829603E+000, 2.916785E+000, 2.921764E+000, -2.934642E+000, -4.171131E-001, 4.333004E+000, -7.725611E-001
4.960000E-002, -1.915987E+000, 3.007935E+000, 2.798332E+000, -2.768042E+000, -4.378971E-001, 4.334421E+000, -7.890688E-001
4.960800E-002, -1.957451E+000, 2.793465E+000, 2.754482E+000, -2.363924E+000, -4.666841E-001, 4.330523E+000, -8.187827E-001
4.961600E-002, -2.014464E+000, 2.557549E+000, 2.842183E+000, -1.740298E+000, -4.837652E-001, 4.317290E+000, -8.530952E-001
4.962400E-002, -1.777773E+000, 2.589719E+000, 3.077678E+000, -1.043503E+000, -4.899765E-001, 4.318471E+000, -8.701925E-001
4.963200E-002, -1.639560E+000, 2.709465E+000, 3.157259E+000, -4.525225E-001, -4.957100E-001, 4.323670E+000, -8.725507E-001
4.964000E-002, -1.810599E+000, 2.659422E+000, 2.988353E+000, -1.350813E-002, -4.928432E-001, 4.315045E+000, -8.830449E-001
4.964800E-002, -1.727671E+000, 2.577208E+000, 2.999721E+000, 3.185668E-001, -4.755233E-001, 4.313037E+000, -9.101647E-001
4.965600E-002, -1.489252E+000, 2.695167E+000, 3.192990E+000, 5.099321E-001, -4.535448E-001, 4.323197E+000, -9.310352E-001
4.966400E-002, -1.566998E+000, 2.814912E+000, 3.110161E+000, 4.615279E-001, -4.344331E-001, 4.325088E+000, -9.374025E-001
4.967200E-002, -1.757041E+000, 2.779167E+000, 2.962367E+000, 2.892992E-001, -4.203382E-001, 4.324379E+000, -9.556789E-001
4.968000E-002, -1.793322E+000, 2.788103E+000, 3.082551E+000, 1.992450E-001, -4.206965E-001, 4.336075E+000, -9.881047E-001
4.968800E-002, -1.829603E+000, 2.843508E+000, 3.173501E+000, 9.117991E-002, -4.349109E-001, 4.353207E+000, -1.008857E+000
4.969600E-002, -1.884889E+000, 2.836359E+000, 3.142642E+000, -1.440868E-001, -4.374193E-001, 4.370337E+000, -1.013927E+000
4.970400E-002, -1.732854E+000, 2.879253E+000, 3.210855E+000, -3.174412E-001, -4.205771E-001, 4.382979E+000, -1.015107E+000
4.971200E-002, -1.518623E+000, 2.961466E+000, 3.371641E+000, -3.230695E-001, -4.044516E-001, 4.384161E+000, -1.023243E+000
4.972000E-002, -1.551448E+000, 2.906062E+000, 3.483705E+000, -2.307640E-001, -3.956124E-001, 4.385224E+000, -1.048476E+000
4.972800E-002, -1.653381E+000, 2.705890E+000, 3.396003E+000, -3.039330E-002, -3.744701E-001, 4.400938E+000, -1.081963E+000
4.973600E-002, -1.641287E+000, 2.557549E+000, 3.215727E+000, 1.891139E-001, -3.286020E-001, 4.416178E+000, -1.106842E+000
4.974400E-002, -1.643015E+000, 2.591506E+000, 3.230344E+000, 2.544032E-001, -2.822561E-001, 4.410625E+000, -1.126180E+000
4.975200E-002, -1.658564E+000, 2.718401E+000, 3.386258E+000, 2.105018E-001, -2.717446E-001, 4.404482E+000, -1.154597E+000
4.976000E-002, -1.598096E+000, 2.761295E+000, 3.482080E+000, 8.442584E-002, -2.932453E-001, 4.415115E+000, -1.182188E+000
4.976800E-002, -1.471976E+000, 2.786316E+000, 3.555165E+000, -1.801085E-001, -3.106847E-001, 4.424803E+000, -1.187258E+000
4.977600E-002, -1.442605E+000, 2.838146E+000, 3.655860E+000, -5.943579E-001, -3.124765E-001, 4.424212E+000, -1.192447E+000
4.978400E-002, -1.534172E+000, 2.820274E+000, 3.647739E+000, -1.160574E+000, -3.179711E-001, 4.415470E+000, -1.222750E+000
4.979200E-002, -1.515167E+000, 2.923934E+000, 3.464215E+000, -1.670506E+000, -3.425774E-001, 4.403537E+000, -1.249045E+000
4.980000E-002, -1.435694E+000, 3.149127E+000, 3.340783E+000, -1.894516E+000, -3.805619E-001, 4.397866E+000, -1.257888E+000
4.980800E-002, -1.506529E+000, 3.133042E+000, 3.436605E+000, -1.981193E+000, -4.136491E-001, 4.398929E+000, -1.270622E+000
4.981600E-002, -1.611917E+000, 2.859593E+000, 3.603888E+000, -2.130908E+000, -4.289384E-001, 4.404364E+000, -1.282532E+000
4.982400E-002, -1.580819E+000, 2.652273E+000, 3.675349E+000, -2.193946E+000, -4.260717E-001, 4.413225E+000, -1.283947E+000
4.983200E-002, -1.409779E+000, 2.657634E+000, 3.628250E+000, -1.923784E+000, -4.045710E-001, 4.418305E+000, -1.277226E+000
4.984000E-002, -1.230102E+000, 2.668358E+000, 3.560038E+000, -1.467884E+000, -3.656309E-001, 4.422322E+000, -1.258713E+000
4.984800E-002, -1.143718E+000, 2.721975E+000, 3.472336E+000, -1.121175E+000, -3.315882E-001, 4.436972E+000, -1.237725E+000
4.985600E-002, -1.211097E+000, 3.011509E+000, 3.290436E+000, -7.755921E-001, -3.223907E-001, 4.455875E+000, -1.227938E+000
4.986400E-002, -1.427056E+000, 3.174148E+000, 3.207607E+000, -2.724141E-001, -3.350522E-001, 4.457648E+000, -1.228764E+000
4.987200E-002, -1.387320E+000, 3.090148E+000, 3.340783E+000, 1.947423E-001, -3.557167E-001, 4.441343E+000, -1.233126E+000
4.988000E-002, -1.072884E+000, 3.070488E+000, 3.431733E+000, 4.097467E-001, -3.601363E-001, 4.433900E+000, -1.226877E+000
4.988800E-002, -1.067701E+000, 3.024020E+000, 3.464215E+000, 3.962386E-001, -3.477137E-001, 4.441698E+000, -1.209780E+000
4.989600E-002, -1.276749E+000, 2.918572E+000, 3.657484E+000, 3.275723E-001, -3.447275E-001, 4.442997E+000, -1.204238E+000
4.990400E-002, -1.242195E+000, 2.838146E+000, 3.810150E+000, 3.185668E-001, -3.492665E-001, 4.441580E+000, -1.217444E+000
4.991200E-002, -1.038330E+000, 2.736273E+000, 3.698087E+000, 3.073101E-001, -3.512971E-001, 4.450086E+000, -1.226405E+000
4.992000E-002, -9.502190E-001, 2.755933E+000, 3.553541E+000, 2.555289E-001, -3.518944E-001, 4.450086E+000, -1.215086E+000
4.992800E-002, -9.951384E-001, 2.868529E+000, 3.519435E+000, 2.105018E-001, -3.512971E-001, 4.439453E+000, -1.195866E+000
4.993600E-002, -9.640403E-001, 2.923934E+000, 3.547045E+000, 1.868625E-001, -3.597780E-001, 4.439453E+000, -1.176529E+000
4.994400E-002, -8.016393E-001, 2.923934E+000, 3.644491E+000, 2.127531E-001, -3.855788E-001, 4.450086E+000, -1.152003E+000
4.995200E-002, -6.305999E-001, 2.832784E+000, 3.730568E+000, 3.264466E-001, -4.128129E-001, 4.460720E+000, -1.136556E+000
4.996000E-002, -5.960464E-001, 2.766656E+000, 3.847504E+000, 4.727847E-001, -4.202187E-001, 4.465800E+000, -1.140212E+000
4.996800E-002, -7.048897E-001, 2.836359E+000, 3.992049E+000, 6.360080E-001, -4.251161E-001, 4.467690E+000, -1.139976E+000
4.997600E-002, -7.532645E-001, 2.965041E+000, 3.993674E+000, 8.521382E-001, -4.461390E-001, 4.476433E+000, -1.120520E+000
4.998400E-002, -6.582426E-001, 3.068701E+000, 4.057014E+000, 9.905965E-001, -4.451834E-001, 4.494155E+000, -1.102715E+000
4.999200E-002, -5.355780E-001, 2.922147E+000, 4.182070E+000, 9.793398E-001, -4.088712E-001, 4.514003E+000, -1.100003E+000
5.000000E-002, -5.321226E-001, 2.571847E+000, 4.031028E+000, 8.881599E-001, -3.808008E-001, 4.534324E+000, -1.089273E+000
5.000800E-002, -6.202338E-001, 2.437803E+000, 3.876738E+000, 5.752214E-001, -3.722006E-001, 4.559371E+000, -1.063569E+000
5.001600E-002, -7.342601E-001, 2.661209E+000, 3.995298E+000, 5.740957E-002, -3.626447E-001, 4.591743E+000, -1.047886E+000
5.002400E-002, -8.932058E-001, 3.056190E+000, 3.979057E+000, -3.264466E-001, -3.492665E-001, 4.620453E+000, -1.048947E+000
5.003200E-002, -8.569248E-001, 3.276021E+000, 3.751682E+000, -6.112431E-001, -3.381578E-001, 4.641246E+000, -1.052956E+000
5.004000E-002, -6.478766E-001, 3.088361E+000, 3.826391E+000, -1.024367E+000, -3.344549E-001, 4.665703E+000, -1.051542E+000
5.004800E-002, -7.118004E-001, 2.746997E+000, 4.095992E+000, -1.394715E+000, -3.412635E-001, 4.689450E+000, -1.042580E+000
5.005600E-002, -8.811122E-001, 2.621890E+000, 4.073255E+000, -1.553435E+000, -3.474748E-001, 4.707526E+000, -1.039632E+000
5.006400E-002, -7.878179E-001, 2.682656E+000, 3.967688E+000, -1.590583E+000, -3.360078E-001, 4.731155E+000, -1.052839E+000
5.007200E-002, -6.582426E-001, 2.736273E+000, 4.053765E+000, -1.542179E+000, -3.080569E-001, 4.761046E+000, -1.059324E+000
5.008000E-002, -6.064125E-001, 2.839933E+000, 4.094368E+000, -1.432988E+000, -2.934842E-001, 4.793655E+000, -1.050244E+000
5.008800E-002, -4.129134E-001, 3.050828E+000, 3.948199E+000, -1.241623E+000, -3.188072E-001, 4.827917E+000, -1.046118E+000
5.009600E-002, -1.313030E-001, 3.152701E+000, 3.826391E+000, -8.859085E-001, -3.521333E-001, 4.861352E+000, -1.049773E+000
5.010400E-002, -3.800876E-002, 2.968615E+000, 3.977432E+000, -5.729700E-001, -3.400690E-001, 4.900104E+000, -1.052721E+000
5.011200E-002, -2.245972E-001, 2.630826E+000, 4.261651E+000, -5.099321E-001, -2.930064E-001, 4.944881E+000, -1.052721E+000
5.012000E-002, -4.526498E-001, 2.502144E+000, 4.269771E+000, -5.031780E-001, -2.571720E-001, 4.981861E+000, -1.046000E+000
5.012800E-002, -3.420788E-001, 2.654060E+000, 4.076503E+000, -3.793534E-001, -2.550219E-001, 5.008208E+000, -1.036920E+000
5.013600E-002, 3.455342E-003, 2.725550E+000, 4.053765E+000, -2.037477E-001, -2.729391E-001, 5.035854E+000, -1.031614E+000
5.014400E-002, 8.465587E-002, 2.589719E+000, 4.195063E+000, -6.528932E-002, -2.734169E-001, 5.069644E+000, -1.027016E+000
5.015200E-002, -1.693117E-001, 2.520016E+000, 4.245409E+000, -6.754068E-002, -2.362685E-001, 5.103434E+000, -1.018054E+000
5.016000E-002, -3.489895E-001, 2.616528E+000, 4.115481E+000, -1.924909E-001, -1.731999E-001, 5.130843E+000, -1.000368E+000
5.016800E-002, -1.848608E-001, 2.668358E+000, 3.969312E+000, -2.273869E-001, -1.090562E-001, 5.157072E+000, -9.800867E-001
5.017600E-002, 1.209370E-001, 2.434229E+000, 3.907596E+000, -1.474638E-001, -6.438258E-002, 5.194051E+000, -9.648760E-001
5.018400E-002, 2.159589E-001, 2.110737E+000, 3.897851E+000, -8.892855E-002, -4.742093E-002, 5.231740E+000, -9.563863E-001
5.019200E-002, 9.329423E-002, 2.212610E+000, 3.962816E+000, -9.005423E-003, -5.602120E-002, 5.249107E+000, -9.602774E-001
5.020000E-002, -7.601752E-002, 2.602230E+000, 4.031028E+000, 1.328300E-001, -8.492766E-002, 5.253597E+000, -9.619282E-001
5.020800E-002, -1.762224E-001, 2.637975E+000, 4.011539E+000, 2.667857E-001, -1.334236E-001, 5.265412E+000, -9.463638E-001
5.021600E-002, -1.313030E-001, 2.373462E+000, 4.040772E+000, 4.131238E-001, -1.876531E-001, 5.284079E+000, -9.363412E-001
5.022400E-002, 6.910684E-003, 2.359164E+000, 4.273019E+000, 5.515822E-001, -2.074815E-001, 5.295539E+000, -9.391711E-001
5.023200E-002, 8.465587E-002, 2.527165E+000, 4.471160E+000, 5.831012E-001, -1.745138E-001, 5.291876E+000, -9.297382E-001
5.024000E-002, 2.937040E-002, 2.521804E+000, 4.350976E+000, 5.572106E-001, -1.199260E-001, 5.285733E+000, -9.105185E-001
5.024800E-002, -6.219615E-002, 2.452101E+000, 4.147964E+000, 5.898552E-001, -9.340849E-002, 5.299556E+000, -9.030900E-001
5.025600E-002, -5.874081E-002, 2.405633E+000, 4.102489E+000, 6.742811E-001, -1.100118E-001, 5.325902E+000, -9.036795E-001
5.026400E-002, 7.947286E-002, 2.285887E+000, 4.095992E+000, 6.754068E-001, -1.343792E-001, 5.337717E+000, -8.951899E-001
5.027200E-002, 2.712443E-001, 2.192950E+000, 4.074879E+000, 4.874185E-001, -1.519381E-001, 5.332755E+000, -8.743194E-001
5.028000E-002, 3.127084E-001, 2.255504E+000, 4.065134E+000, 2.476491E-001, -1.861003E-001, 5.329447E+000, -8.521519E-001
5.028800E-002, 9.674957E-002, 2.364526E+000, 4.018035E+000, 1.485895E-001, -2.184707E-001, 5.338308E+000, -8.312814E-001
5.029600E-002, -1.192093E-001, 2.326994E+000, 3.990425E+000, 1.778571E-001, -2.197847E-001, 5.354021E+000, -8.031004E-001
5.030400E-002, -1.157539E-001, 2.157206E+000, 4.057014E+000, 1.958680E-001, -2.056898E-001, 5.364536E+000, -7.656043E-001
5.031200E-002, -1.088433E-001, 1.969545E+000, 4.110609E+000, 1.677260E-001, -1.712887E-001, 5.375288E+000, -7.253962E-001
5.032000E-002, -1.969545E-001, 1.905204E+000, 4.149588E+000, 1.958680E-001, -1.286457E-001, 5.401989E+000, -6.932062E-001
5.032800E-002, -2.764273E-001, 2.073205E+000, 4.297381E+000, 3.275723E-001, -1.287652E-001, 5.428335E+000, -6.735148E-001
5.033600E-002, -4.595605E-001, 2.139333E+000, 4.376962E+000, 5.290686E-001, -1.444129E-001, 5.436014E+000, -6.552384E-001
5.034400E-002, -5.373057E-001, 1.887331E+000, 4.260026E+000, 7.316906E-001, -1.307958E-001, 5.442276E+000, -6.265857E-001
5.035200E-002, -2.729720E-001, 1.894480E+000, 4.264899E+000, 8.330016E-001, -1.297207E-001, 5.455390E+000, -5.973435E-001
5.036000E-002, -1.243923E-001, 2.287674E+000, 4.357473E+000, 8.420070E-001, -1.495491E-001, 5.470513E+000, -5.808358E-001
5.036800E-002, -2.401462E-001, 2.339505E+000, 4.146339E+000, 7.384447E-001, -1.319903E-001, 5.488353E+000, -5.643281E-001
5.037600E-002, -1.658564E-001, 2.016013E+000, 3.915716E+000, 4.998010E-001, -8.683883E-002, 5.495324E+000, -5.387411E-001
5.038400E-002, -1.727671E-002, 1.887331E+000, 4.029404E+000, 3.275723E-001, -6.641319E-002, 5.487644E+000, -5.165736E-001
5.039200E-002, -1.071156E-001, 1.839076E+000, 4.102489E+000, 1.429611E-001, -5.936575E-002, 5.483273E+000, -5.038391E-001
5.040000E-002, -1.485797E-001, 1.612096E+000, 3.956319E+000, -3.140641E-001, -4.933210E-002, 5.486463E+000, -4.970002E-001
5.040800E-002, -1.157539E-001, 1.603159E+000, 3.980681E+000, -7.418217E-001, -5.888796E-002, 5.489062E+000, -4.948778E-001
5.041600E-002, -3.213468E-001, 1.764012E+000, 4.144715E+000, -8.769031E-001, -7.429677E-002, 5.483273E+000, -4.869776E-001
5.042400E-002, -3.679939E-001, 1.613883E+000, 4.105737E+000, -9.039193E-001, -7.799967E-002, 5.468859E+000, -4.651639E-001
5.043200E-002, 4.146410E-002, 1.486988E+000, 4.014787E+000, -8.273733E-001, -9.030283E-002, 5.457635E+000, -4.485382E-001
5.044000E-002, 2.643336E-001, 1.703245E+000, 4.000170E+000, -6.664013E-001, -1.022477E-001, 5.455509E+000, -4.460621E-001
5.044800E-002, 1.313030E-001, 1.749714E+000, 3.925461E+000, -5.358227E-001, -9.508076E-002, 5.460471E+000, -4.288469E-001
5.045600E-002, 8.292820E-002, 1.572776E+000, 3.910844E+000, -2.600316E-001, -7.931360E-002, 5.468150E+000, -3.911150E-001
5.046400E-002, 2.073205E-002, 1.717543E+000, 3.985553E+000, 1.294530E-001, -5.626010E-002, 5.473821E+000, -3.603399E-001
5.047200E-002, -1.226646E-001, 1.987417E+000, 3.979057E+000, 3.714737E-001, -2.603971E-002, 5.477720E+000, -3.388798E-001
5.048000E-002, -3.455342E-002, 1.944523E+000, 3.946574E+000, 5.560849E-001, -8.600269E-003, 5.481973E+000, -3.189526E-001
5.048800E-002, 1.537627E-001, 1.873034E+000, 3.983929E+000, 7.913516E-001, -9.078062E-003, 5.488826E+000, -3.091660E-001
5.049600E-002, 9.156656E-002, 1.805118E+000, 3.964440E+000, 9.208045E-001, -4.897376E-003, 5.496150E+000, -2.976106E-001
5.050400E-002, -1.313030E-001, 1.494137E+000, 3.871866E+000, 9.230559E-001, 5.136272E-003, 5.500522E+000, -2.706086E-001
5.051200E-002, -1.433967E-001, 1.272519E+000, 3.876738E+000, 8.926626E-001, -2.986205E-003, 5.510801E+000, -2.454933E-001
5.052000E-002, 7.083450E-002, 1.458393E+000, 3.905972E+000, 7.857231E-001, -1.958950E-002, 5.533367E+000, -2.346454E-001
5.052800E-002, 7.774519E-002, 1.749714E+000, 3.852376E+000, 5.808498E-001, -1.015310E-002, 5.556878E+000, -2.248587E-001
5.053600E-002, -1.606734E-001, 1.715756E+000, 3.875114E+000, 3.906102E-001, 2.317295E-002, 5.570937E+000, -2.074077E-001
5.054400E-002, -2.798827E-001, 1.574564E+000, 3.972560E+000, 2.363923E-001, 5.470727E-002, 5.578380E+000, -1.873626E-001
5.055200E-002, -2.315079E-001, 1.710394E+000, 3.951447E+000, -1.125678E-003, 8.875000E-002, 5.582633E+000, -1.721519E-001
5.056000E-002, -1.831331E-001, 1.792607E+000, 3.777668E+000, -2.600316E-001, 1.257789E-001, 5.582870E+000, -1.664921E-001
5.056800E-002, -1.796778E-001, 1.569202E+000, 3.636370E+000, -3.737251E-001, 1.399933E-001, 5.584288E+000, -1.664921E-001
5.057600E-002, -1.399413E-001, 1.424435E+000, 3.685094E+000, -4.806645E-001, 1.390377E-001, 5.584406E+000, -1.667279E-001
5.058400E-002, -8.638354E-003, 1.456605E+000, 3.816646E+000, -7.114284E-001, 1.435767E-001, 5.576962E+000, -1.686145E-001
5.059200E-002, 5.355780E-002, 1.426222E+000, 3.865369E+000, -1.000728E+000, 1.451295E-001, 5.575545E+000, -1.762788E-001
5.060000E-002, -1.572181E-001, 1.429797E+000, 3.758178E+000, -1.302409E+000, 1.458462E-001, 5.583697E+000, -1.831177E-001
5.060800E-002, -4.509221E-001, 1.531670E+000, 3.511314E+000, -1.463381E+000, 1.588661E-001, 5.574009E+000, -1.768684E-001
5.061600E-002, -4.889309E-001, 1.554904E+000, 3.365145E+000, -1.403720E+000, 1.855030E-001, 5.547190E+000, -1.609502E-001
5.062400E-002, -3.610832E-001, 1.579925E+000, 3.535676E+000, -1.402595E+000, 2.209792E-001, 5.537029E+000, -1.472724E-001
5.063200E-002, -2.781550E-001, 1.642479E+000, 3.745185E+000, -1.578200E+000, 2.492884E-001, 5.546954E+000, -1.422022E-001
5.064000E-002, -3.541725E-001, 1.576351E+000, 3.561662E+000, -1.592834E+000, 2.596804E-001, 5.554397E+000, -1.496307E-001
5.064800E-002, -5.165736E-001, 1.522733E+000, 3.223848E+000, -1.327174E+000, 2.569331E-001, 5.550143E+000, -1.602428E-001
5.065600E-002, -4.647435E-001, 1.585287E+000, 3.256330E+000, -1.157197E+000, 2.520357E-001, 5.541046E+000, -1.580024E-001
5.066400E-002, -3.593555E-001, 1.646053E+000, 3.475584E+000, -1.157197E+000, 2.578886E-001, 5.539983E+000, -1.484515E-001
5.067200E-002, -4.232794E-001, 1.690735E+000, 3.439854E+000, -9.174275E-001, 2.695946E-001, 5.545418E+000, -1.539934E-001
5.068000E-002, -4.146410E-001, 1.524521E+000, 3.314798E+000, -4.333860E-001, 2.711474E-001, 5.544827E+000, -1.766326E-001
5.068800E-002, -3.541725E-001, 1.265370E+000, 3.309925E+000, -1.125678E-001, 2.790310E-001, 5.543882E+000, -1.923149E-001
5.069600E-002, -4.025473E-001, 1.370817E+000, 3.279067E+000, 1.463381E-002, 3.226296E-001, 5.548371E+000, -1.989180E-001
5.070400E-002, -4.111857E-001, 1.585287E+000, 3.295308E+000, 1.643490E-001, 3.836676E-001, 5.541164E+000, -2.226183E-001
5.071200E-002, -3.489895E-001, 1.642479E+000, 3.477208E+000, 3.073101E-001, 4.157991E-001, 5.518953E+000, -2.614115E-001
5.072000E-002, -3.645386E-001, 1.764012E+000, 3.530804E+000, 3.332007E-001, 4.180687E-001, 5.497805E+000, -2.877059E-001
5.072800E-002, -4.008196E-001, 1.769373E+000, 3.355400E+000, 3.827305E-001, 4.189048E-001, 5.486581E+000, -3.015016E-001
5.073600E-002, -3.455342E-001, 1.585287E+000, 3.298557E+000, 5.605876E-001, 4.205771E-001, 5.473349E+000, -3.143541E-001
5.074400E-002, -3.317128E-001, 1.672862E+000, 3.456095E+000, 5.876039E-001, 4.228466E-001, 5.445939E+000, -3.187168E-001
5.075200E-002, -4.180964E-001, 2.001715E+000, 3.530804E+000, 3.951129E-001, 4.278634E-001, 5.420419E+000, -3.185989E-001
5.076000E-002, -4.716541E-001, 2.017800E+000, 3.392755E+000, 3.545885E-001, 4.191437E-001, 5.407541E+000, -3.246124E-001
5.076800E-002, -4.232794E-001, 1.672862E+000, 3.217351E+000, 4.919212E-001, 4.070794E-001, 5.394545E+000, -3.262632E-001
5.077600E-002, -3.144361E-001, 1.451244E+000, 3.192990E+000, 4.750361E-001, 4.126935E-001, 5.383440E+000, -3.235512E-001
5.078400E-002, -2.712443E-001, 1.510223E+000, 3.285564E+000, 3.579656E-001, 4.169936E-001, 5.378123E+000, -3.352245E-001
5.079200E-002, -4.129134E-001, 1.633543E+000, 3.275819E+000, 4.446428E-001, 4.142463E-001, 5.364300E+000, -3.542084E-001
5.080000E-002, -6.409659E-001, 1.756863E+000, 3.142642E+000, 6.720297E-001, 4.214132E-001, 5.344569E+000, -3.614011E-001
5.080800E-002, -8.275543E-001, 1.787246E+000, 3.098792E+000, 7.688380E-001, 4.326414E-001, 5.330274E+000, -3.665892E-001
5.081600E-002, -8.776568E-001, 1.603159E+000, 3.128026E+000, 6.562702E-001, 4.438695E-001, 5.311370E+000, -3.792058E-001
5.082400E-002, -6.876130E-001, 1.486988E+000, 3.095544E+000, 4.333860E-001, 4.590394E-001, 5.287505E+000, -3.899359E-001
5.083200E-002, -4.751095E-001, 1.694309E+000, 3.108536E+000, 1.553435E-001, 4.708648E-001, 5.270256E+000, -4.057361E-001
5.084000E-002, -4.146410E-001, 1.926651E+000, 3.233593E+000, -2.814195E-001, 4.763594E-001, 5.251825E+000, -4.335634E-001
5.084800E-002, -3.472618E-001, 1.830140E+000, 3.348904E+000, -7.530785E-001, 4.795845E-001, 5.224651E+000, -4.586787E-001
5.085600E-002, -3.835429E-001, 1.520946E+000, 3.319670E+000, -9.421924E-001, 4.835263E-001, 5.193933E+000, -4.760118E-001
5.086400E-002, -6.634256E-001, 1.349370E+000, 3.085799E+000, -9.849681E-001, 4.905737E-001, 5.169004E+000, -5.000659E-001
5.087200E-002, -9.398530E-001, 1.476265E+000, 2.840559E+000, -1.257382E+000, 5.001296E-001, 5.150810E+000, -5.360291E-001
5.088000E-002, -1.007232E+000, 1.703245E+000, 2.855176E+000, -1.707653E+000, 5.057436E-001, 5.125527E+000, -5.688087E-001
5.088800E-002, -9.916831E-001, 1.756863E+000, 3.080927E+000, -1.981193E+000, 5.074159E-001, 5.090910E+000, -5.913300E-001
5.089600E-002, -1.015870E+000, 1.712181E+000, 3.204359E+000, -1.982319E+000, 5.137467E-001, 5.052276E+000, -6.155020E-001
5.090400E-002, -9.225762E-001, 1.778309E+000, 3.102040E+000, -1.956428E+000, 5.166134E-001, 5.013288E+000, -6.421502E-001
5.091200E-002, -7.688136E-001, 1.948098E+000, 3.007842E+000, -2.018340E+000, 5.061020E-001, 4.979971E+000, -6.650251E-001
5.092000E-002, -8.862951E-001, 2.026737E+000, 3.024083E+000, -2.038603E+000, 4.941572E-001, 4.956460E+000, -6.920270E-001
5.092800E-002, -1.040058E+000, 1.883757E+000, 2.998097E+000, -1.919281E+000, 4.863930E-001, 4.948308E+000, -7.210335E-001
5.093600E-002, -8.379204E-001, 1.706820E+000, 2.970488E+000, -1.700899E+000, 4.884236E-001, 4.940629E+000, -7.428472E-001
5.094400E-002, -5.649484E-001, 1.697883E+000, 3.046820E+000, -1.408223E+000, 5.123133E-001, 4.917472E+000, -7.707924E-001
5.095200E-002, -6.064125E-001, 1.710394E+000, 3.121529E+000, -1.029995E+000, 5.346501E-001, 4.907784E+000, -8.141841E-001
5.096000E-002, -8.068223E-001, 1.662139E+000, 3.077678E+000, -7.350677E-001, 5.359640E-001, 4.915109E+000, -8.574579E-001
5.096800E-002, -8.793845E-001, 1.776522E+000, 2.949374E+000, -6.134945E-001, 5.391892E-001, 4.907075E+000, -8.916525E-001
5.097600E-002, -8.534694E-001, 1.940949E+000, 2.910396E+000, -4.401400E-001, 5.492228E-001, 4.890771E+000, -9.193619E-001
5.098400E-002, -8.120053E-001, 1.906991E+000, 3.030579E+000, -1.440868E-001, 5.566286E-001, 4.883564E+000, -9.399965E-001
5.099200E-002, -6.565149E-001, 1.944523E+000, 3.066310E+000, 6.191228E-002, 5.635566E-001, 4.878484E+000, -9.628715E-001
5.100000E-002, -4.975692E-001, 2.017800E+000, 2.947750E+000, 1.069394E-001, 5.680956E-001, 4.873049E+000, -9.996601E-001
5.100800E-002, -4.785648E-001, 1.817629E+000, 3.007842E+000, 1.879882E-001, 5.787265E-001, 4.866433E+000, -1.038453E+000
5.101600E-002, -4.906585E-001, 1.731841E+000, 3.264451E+000, 3.061844E-001, 5.984355E-001, 4.850129E+000, -1.070997E+000
5.102400E-002, -6.461489E-001, 1.992779E+000, 3.269323E+000, 2.172558E-001, 6.133665E-001, 4.827208E+000, -1.111913E+000
5.103200E-002, -8.828398E-001, 2.092865E+000, 3.009466E+000, 2.476491E-002, 6.192194E-001, 4.813267E+000, -1.152828E+000
5.104000E-002, -7.999116E-001, 1.980268E+000, 2.928261E+000, -2.926763E-002, 6.163527E-001, 4.808187E+000, -1.177000E+000
5.104800E-002, -5.804974E-001, 2.067843E+000, 3.059813E+000, -8.104881E-002, 6.040495E-001, 4.795191E+000, -1.202351E+000
5.105600E-002, -6.098678E-001, 2.328781E+000, 3.111785E+000, -2.375180E-001, 5.913880E-001, 4.772625E+000, -1.235721E+000
5.106400E-002, -6.737916E-001, 2.459250E+000, 3.032203E+000, -4.322603E-001, 5.799209E-001, 4.750532E+000, -1.265670E+000
5.107200E-002, -5.614930E-001, 2.289462E+000, 2.952622E+000, -7.316906E-001, 5.665427E-001, 4.730683E+000, -1.301515E+000
5.108000E-002, -4.509221E-001, 1.974907E+000, 2.863297E+000, -1.102039E+000, 5.633177E-001, 4.707881E+000, -1.346794E+000
5.108800E-002, -5.131183E-001, 1.901629E+000, 2.726872E+000, -1.373327E+000, 5.704846E-001, 4.681416E+000, -1.383700E+000
5.109600E-002, -6.841577E-001, 2.150057E+000, 2.653787E+000, -1.638987E+000, 5.750236E-001, 4.659795E+000, -1.408816E+000
5.110400E-002, -6.824300E-001, 2.400271E+000, 2.741489E+000, -2.036351E+000, 5.835044E-001, 4.643610E+000, -1.435346E+000
5.111200E-002, -3.800876E-001, 2.487846E+000, 2.950998E+000, -2.365049E+000, 6.011828E-001, 4.624470E+000, -1.465060E+000
5.112000E-002, -1.952268E-001, 2.437803E+000, 3.015962E+000, -2.461858E+000, 6.157554E-001, 4.609111E+000, -1.491118E+000
5.112800E-002, -3.524449E-001, 2.175078E+000, 2.835687E+000, -2.419082E+000, 6.273419E-001, 4.605094E+000, -1.513758E+000
5.113600E-002, -5.131183E-001, 1.874821E+000, 2.765850E+000, -2.357169E+000, 6.390478E-001, 4.588081E+000, -1.534982E+000
5.114400E-002, -5.856804E-001, 1.983843E+000, 2.874665E+000, -2.206329E+000, 6.403617E-001, 4.550392E+000, -1.556324E+000
5.115200E-002, -6.167785E-001, 2.446739E+000, 2.817822E+000, -1.841609E+000, 6.299698E-001, 4.528535E+000, -1.582147E+000
5.116000E-002, -4.889309E-001, 2.695167E+000, 2.645667E+000, -1.413851E+000, 6.207722E-001, 4.520738E+000, -1.611271E+000
5.116800E-002, -3.317128E-001, 2.580783E+000, 2.681397E+000, -1.023241E+000, 6.139637E-001, 4.493328E+000, -1.628368E+000
5.117600E-002, -3.075254E-001, 2.527165E+000, 2.923388E+000, -5.808498E-001, 5.955687E-001, 4.460247E+000, -1.638980E+000
5.118400E-002, -4.681988E-001, 2.725550E+000, 3.095544E+000, -1.767314E-001, 5.692901E-001, 4.438862E+000, -1.665039E+000
5.119200E-002, -7.083451E-001, 2.841721E+000, 3.020835E+000, 1.463381E-001, 5.529257E-001, 4.412161E+000, -1.696168E+000
5.120000E-002, -5.874081E-001, 2.648698E+000, 2.868169E+000, 4.243806E-001, 5.388308E-001, 4.380144E+000, -1.713973E+000
5.120800E-002, -1.192093E-001, 2.520016E+000, 2.882786E+000, 5.673416E-001, 5.154189E-001, 4.362658E+000, -1.728358E+000
5.121600E-002, 6.392382E-002, 2.691592E+000, 3.025707E+000, 6.326309E-001, 4.934405E-001, 4.352143E+000, -1.743451E+000
5.122400E-002, -1.433967E-001, 2.804188E+000, 3.124778E+000, 7.373190E-001, 4.732537E-001, 4.325088E+000, -1.756657E+000
5.123200E-002, -2.764273E-001, 2.714826E+000, 3.084175E+000, 7.722150E-001, 4.497224E-001, 4.290353E+000, -1.772339E+000
5.124000E-002, -2.159589E-001, 2.591506E+000, 2.894155E+000, 6.427621E-001, 4.370609E-001, 4.275466E+000, -1.786489E+000
5.124800E-002, -1.088433E-001, 2.462825E+000, 2.726872E+000, 4.772874E-001, 4.435111E-001, 4.274994E+000, -1.797337E+000
5.125600E-002, -1.088433E-001, 2.396697E+000, 2.697638E+000, 3.951129E-001, 4.529475E-001, 4.260108E+000, -1.804883E+000
5.126400E-002, -3.524449E-001, 2.430654E+000, 2.754482E+000, 3.039330E-001, 4.525892E-001, 4.235297E+000, -1.807477E+000
5.127200E-002, -5.373057E-001, 2.425292E+000, 2.980232E+000, 1.058137E-001, 4.493641E-001, 4.222537E+000, -1.817264E+000
5.128000E-002, -3.127084E-001, 2.489633E+000, 3.285564E+000, -1.080651E-001, 4.518725E-001, 4.216866E+000, -1.838960E+000
5.128800E-002, -1.002049E-001, 2.763082E+000, 3.319670E+000, -1.868625E-001, 4.615478E-001, 4.215684E+000, -1.856646E+000
5.129600E-002, -2.280526E-001, 2.957892E+000, 3.165380E+000, -1.350814E-001, 4.726565E-001, 4.226436E+000, -1.858061E+000
5.130400E-002, -2.315079E-001, 2.914998E+000, 3.157259E+000, -1.170705E-001, 4.810179E-001, 4.234588E+000, -1.855467E+000
5.131200E-002, -6.910684E-003, 2.820274E+000, 3.069558E+000, -2.341410E-001, 4.954711E-001, 4.231162E+000, -1.866433E+000
5.132000E-002, 1.900438E-002, 2.779167E+000, 2.773971E+000, -4.198779E-001, 5.175690E-001, 4.231634E+000, -1.880465E+000
5.132800E-002, -3.282575E-002, 2.864955E+000, 2.780467E+000, -6.258769E-001, 5.308278E-001, 4.238132E+000, -1.887775E+000
5.133600E-002, 4.319177E-002, 2.997211E+000, 3.025707E+000, -9.016680E-001, 5.314250E-001, 4.244040E+000, -1.900981E+000
5.134400E-002, 6.565149E-002, 2.929296E+000, 3.012714E+000, -1.285524E+000, 5.317833E-001, 4.255382E+000, -1.923031E+000
5.135200E-002, 8.983888E-002, 2.818486E+000, 2.913644E+000, -1.635610E+000, 5.377558E-001, 4.268496E+000, -1.947321E+000
5.136000E-002, 8.292820E-002, 2.863168E+000, 3.019211E+000, -1.799959E+000, 5.443254E-001, 4.275703E+000, -1.964654E+000
5.136800E-002, -1.019326E-001, 2.852444E+000, 3.111785E+000, -1.869751E+000, 5.403836E-001, 4.279956E+000, -1.962532E+000
5.137600E-002, -8.292820E-002, 2.679081E+000, 3.006218E+000, -1.971062E+000, 5.323806E-001, 4.283973E+000, -1.959230E+000
5.138400E-002, 2.384186E-001, 2.530740E+000, 2.881162E+000, -2.067870E+000, 5.356057E-001, 4.290589E+000, -1.981280E+000
5.139200E-002, 3.265298E-001, 2.591506E+000, 2.913644E+000, -2.093761E+000, 5.370390E-001, 4.305476E+000, -2.003801E+000
5.140000E-002, 1.347583E-001, 2.882827E+000, 3.090671E+000, -2.062242E+000, 5.322611E-001, 4.324379E+000, -1.999438E+000
5.140800E-002, 1.554904E-002, 3.052616E+000, 3.137770E+000, -1.957554E+000, 5.418170E-001, 4.330523E+000, -1.999910E+000
5.141600E-002, -2.245972E-002, 2.841721E+000, 2.949374E+000, -1.727916E+000, 5.569869E-001, 4.328396E+000, -2.023374E+000
5.142400E-002, -2.937040E-002, 2.738060E+000, 2.918516E+000, -1.529796E+000, 5.592564E-001, 4.341274E+000, -2.033751E+000
5.143200E-002, 8.120053E-002, 2.986488E+000, 3.058189E+000, -1.481392E+000, 5.631982E-001, 4.364312E+000, -2.022195E+000
5.144000E-002, 1.814054E-001, 3.032956E+000, 2.976984E+000, -1.420606E+000, 5.706040E-001, 4.383098E+000, -2.021134E+000
5.144800E-002, 1.952268E-001, 2.902487E+000, 2.773971E+000, -1.270890E+000, 5.566286E-001, 4.395503E+000, -2.040236E+000
5.145600E-002, 2.626060E-001, 3.027594E+000, 2.814574E+000, -1.071645E+000, 5.370390E-001, 4.404482E+000, -2.056390E+000
5.146400E-002, 1.675841E-001, 3.068701E+000, 3.024083E+000, -8.183678E-001, 5.458782E-001, 4.415470E+000, -2.055800E+000
5.147200E-002, -8.811121E-002, 2.870317E+000, 3.071182E+000, -6.213742E-001, 5.617648E-001, 4.423976E+000, -2.055211E+000
5.148000E-002, 2.073205E-002, 2.909636E+000, 2.991601E+000, -5.718443E-001, 5.524479E-001, 4.431537E+000, -2.065705E+000
5.148800E-002, 3.559002E-001, 3.099084E+000, 3.004594E+000, -5.088064E-001, 5.411003E-001, 4.445360E+000, -2.072662E+000
5.149600E-002, 4.215517E-001, 3.059765E+000, 3.115033E+000, -3.050587E-001, 5.532840E-001, 4.459420E+000, -2.070539E+000
5.150400E-002, 3.248021E-001, 2.898913E+000, 3.316422E+000, -1.519665E-001, 5.655872E-001, 4.475133E+000, -2.069596E+000
5.151200E-002, 2.643336E-001, 2.691592E+000, 3.503194E+000, -2.183815E-001, 5.631982E-001, 4.494273E+000, -2.071247E+000
5.152000E-002, 2.885210E-001, 2.502144E+000, 3.465839E+000, -3.680967E-001, 5.597342E-001, 4.509277E+000, -2.074312E+000
5.152800E-002, 3.990920E-001, 2.679081E+000, 3.282315E+000, -3.804791E-001, 5.553147E-001, 4.526527E+000, -2.082566E+000
5.153600E-002, 4.474668E-001, 3.056190E+000, 3.154011E+000, -2.048734E-001, 5.580620E-001, 4.550392E+000, -2.087165E+000
5.154400E-002, 3.921813E-001, 3.025807E+000, 3.056565E+000, -2.026220E-002, 5.678567E-001, 4.568587E+000, -2.079854E+000
5.155200E-002, 2.436016E-001, 2.679081E+000, 2.996473E+000, -1.125678E-002, 5.131494E-001, 4.579456E+000, -2.078793E+000
5.156000E-002, 1.140263E-001, 2.623677E+000, 3.043572E+000, -1.114421E-001, 3.339771E-001, 4.594224E+000, -2.098956E+000
5.156800E-002, 2.280526E-001, 3.002573E+000, 3.179997E+000, -2.082504E-001, 1.556410E-001, 4.611001E+000, -2.121949E+000
5.157600E-002, 3.317128E-001, 3.345724E+000, 3.313174E+000, -3.951129E-001, 2.302961E-001, 4.619508E+000, -2.120888E+000
5.158400E-002, 1.140263E-001, 3.351086E+000, 3.387882E+000, -6.371337E-001, 6.132470E-001, 4.622697E+000, -2.089877E+000
5.159200E-002, -5.701314E-002, 3.258149E+000, 3.394379E+000, -6.866635E-001, 1.059267E+000, 4.638293E+000, -2.044009E+000
5.160000E-002, 1.451243E-001, 3.149127E+000, 3.269323E+000, -5.729700E-001, 1.288129E+000, 4.670901E+000, -2.008635E+000
5.160800E-002, 4.889309E-001, 2.857806E+000, 3.189742E+000, -5.020523E-001, 1.178715E+000, 4.691931E+000, -2.008046E+000
5.161600E-002, 6.392382E-001, 2.602230E+000, 3.292060E+000, -4.378887E-001, 8.093809E-001, 4.687205E+000, -2.053678E+000
5.162400E-002, 5.977741E-001, 2.634400E+000, 3.301805E+000, -3.422061E-001, 4.279829E-001, 4.677399E+000, -2.121242E+000
5.163200E-002, 5.874081E-001, 2.839933E+000, 3.196238E+000, -3.692223E-001, 2.403298E-001, 4.668302E+000, -2.155082E+000
5.164000E-002, 5.614930E-001, 3.161638E+000, 3.178373E+000, -6.202485E-001, 2.535885E-001, 4.651052E+000, -2.136924E+000
5.164800E-002, 4.647435E-001, 3.356447E+000, 3.228720E+000, -9.579519E-001, 3.491471E-001, 4.639238E+000, -2.103201E+000
5.165600E-002, 6.236892E-001, 3.122318E+000, 3.353776E+000, -1.196596E+000, 4.057655E-001, 4.652943E+000, -2.077968E+000
5.166400E-002, 9.865001E-001, 2.929296E+000, 3.477208E+000, -1.305786E+000, 3.733951E-001, 4.684015E+000, -2.062875E+000
5.167200E-002, 9.433083E-001, 3.150914E+000, 3.378138E+000, -1.381207E+000, 2.694751E-001, 4.708235E+000, -2.061696E+000
5.168000E-002, 5.407610E-001, 3.326064E+000, 3.212479E+000, -1.377830E+000, 1.720054E-001, 4.722531E+000, -2.062050E+000
5.168800E-002, 5.649484E-001, 3.292107E+000, 3.175125E+000, -1.067143E+000, 1.856225E-001, 4.738126E+000, -2.040943E+000
5.169600E-002, 9.623127E-001, 3.333213E+000, 3.100416E+000, -5.065550E-001, 3.256158E-001, 4.753249E+000, -1.999084E+000
5.170400E-002, 1.027964E+000, 3.329639E+000, 3.011090E+000, 3.039330E-002, 5.192413E-001, 4.764946E+000, -1.959820E+000
5.171200E-002, 7.791796E-001, 3.147340E+000, 2.952622E+000, 4.446428E-001, 7.013998E-001, 4.779359E+000, -1.929280E+000
5.172000E-002, 6.236892E-001, 3.154489E+000, 2.798332E+000, 6.934175E-001, 8.231175E-001, 4.791056E+000, -1.900628E+000
5.172800E-002, 6.979790E-001, 3.420788E+000, 2.731744E+000, 7.587069E-001, 8.315983E-001, 4.787511E+000, -1.896265E+000
5.173600E-002, 9.122102E-001, 3.467257E+000, 2.832439E+000, 5.954836E-001, 6.924412E-001, 4.771443E+000, -1.931639E+000
5.174400E-002, 1.014143E+000, 3.233128E+000, 2.947750E+000, 1.575949E-001, 4.370609E-001, 4.757856E+000, -1.976327E+000
5.175200E-002, 9.260316E-001, 3.097297E+000, 3.111785E+000, -3.545885E-001, 1.544465E-001, 4.749586E+000, -2.006395E+000
5.176000E-002, 8.724738E-001, 3.068701E+000, 3.141018E+000, -8.149908E-001, -8.385263E-002, 4.735881E+000, -2.028445E+000
5.176800E-002, 1.014143E+000, 2.927509E+000, 2.923388E+000, -1.197721E+000, -2.326851E-001, 4.728320E+000, -2.039410E+000
5.177600E-002, 1.119531E+000, 2.875678E+000, 2.790212E+000, -1.350814E+000, -2.482133E-001, 4.742143E+000, -2.028091E+000
5.178400E-002, 9.070272E-001, 3.113382E+000, 2.834063E+000, -1.314792E+000, -1.201649E-001, 4.760337E+000, -1.992246E+000
5.179200E-002, 6.185062E-001, 3.349298E+000, 2.955871E+000, -1.107667E+000, 1.023671E-001, 4.781013E+000, -1.932582E+000
5.180000E-002, 6.547872E-001, 3.247426E+000, 3.066310E+000, -6.022376E-001, 3.382773E-001, 4.828271E+000, -1.868320E+000
5.180800E-002, 8.500141E-001, 3.015084E+000, 2.986728E+000, -1.362070E-001, 5.225858E-001, 4.888762E+000, -1.825871E+000
5.181600E-002, 8.137330E-001, 3.154489E+000, 2.796708E+000, -2.138788E-002, 6.349866E-001, 4.924915E+000, -1.803114E+000
5.182400E-002, 7.169834E-001, 3.549470E+000, 2.726872E+000, -4.840415E-002, 6.764351E-001, 4.936139E+000, -1.796157E+000
5.183200E-002, 7.981839E-001, 3.536959E+000, 2.707382E+000, -8.104881E-002, 6.606680E-001, 4.933067E+000, -1.807949E+000
5.184000E-002, 8.638355E-001, 3.147340E+000, 2.650539E+000, -1.598463E-001, 6.235195E-001, 4.916999E+000, -1.820801E+000
5.184800E-002, 9.173932E-001, 2.988275E+000, 2.713879E+000, -3.489601E-001, 5.419365E-001, 4.908257E+000, -1.830470E+000
5.185600E-002, 1.053879E+000, 3.116956E+000, 2.975360E+000, -5.954836E-001, 3.233463E-001, 4.916763E+000, -1.863132E+000
5.186400E-002, 1.084977E+000, 3.175936E+000, 3.235217E+000, -7.789691E-001, -1.624495E-002, 4.923379E+000, -1.922206E+000
5.187200E-002, 1.005504E+000, 3.024020E+000, 3.306677E+000, -9.647059E-001, -3.234657E-001, 4.927868E+000, -1.972790E+000
5.188000E-002, 9.018442E-001, 2.789891E+000, 3.283940E+000, -1.100913E+000, -4.620256E-001, 4.954569E+000, -1.982930E+000
5.188800E-002, 6.927960E-001, 2.788103E+000, 3.194614E+000, -1.207852E+000, -3.735145E-001, 5.001828E+000, -1.955221E+000
5.189600E-002, 4.681988E-001, 3.070488E+000, 2.954247E+000, -1.491523E+000, -9.699193E-002, 5.040698E+000, -1.906877E+000
5.190400E-002, 4.336454E-001, 3.234915E+000, 2.899027E+000, -1.723413E+000, 2.320878E-001, 5.066690E+000, -1.847331E+000
5.191200E-002, 4.768372E-001, 3.224191E+000, 3.192990E+000, -1.601840E+000, 4.688342E-001, 5.099417E+000, -1.789436E+000
5.192000E-002, 4.301901E-001, 3.293894E+000, 3.272571E+000, -1.357568E+000, 5.227053E-001, 5.134151E+000, -1.755714E+000
5.192800E-002, 3.662662E-001, 3.286745E+000, 3.025707E+000, -1.296781E+000, 3.867733E-001, 5.154236E+000, -1.758897E+000
5.193600E-002, 3.438065E-001, 3.029382E+000, 2.998097E+000, -1.254005E+000, 1.635246E-001, 5.157426E+000, -1.782008E+000
5.194400E-002, 3.109808E-001, 2.820274E+000, 3.123153E+000, -9.714600E-001, -8.241925E-003, 5.145257E+000, -1.803114E+000
5.195200E-002, 2.090482E-001, 2.988275E+000, 2.991601E+000, -6.191229E-001, -5.339334E-002, 5.123991E+000, -1.820919E+000
5.196000E-002, 1.727671E-001, 3.265298E+000, 2.730120E+000, -3.849818E-001, 4.168742E-002, 5.109459E+000, -1.827758E+000
5.196800E-002, 2.487846E-001, 3.274234E+000, 2.603440E+000, -1.834855E-001, 2.242043E-001, 5.105560E+000, -1.808067E+000
5.197600E-002, 2.539676E-001, 3.175936E+000, 2.647291E+000, -7.091770E-002, 3.636003E-001, 5.104260E+000, -1.785310E+000
5.198400E-002, 3.334405E-001, 3.136616E+000, 2.741489E+000, -1.643490E-001, 3.598974E-001, 5.109222E+000, -1.804411E+000
5.199200E-002, 4.820202E-001, 3.090148E+000, 2.804829E+000, -2.814195E-001, 2.452271E-001, 5.121746E+000, -1.852166E+000
5.200000E-002, 2.505123E-001, 3.052616E+000, 2.876289E+000, -3.016817E-001, 1.132369E-001, 5.128717E+000, -1.877871E+000
5.200800E-002, -2.038652E-001, 3.054403E+000, 2.954247E+000, -2.375180E-001, -8.241925E-003, 5.127181E+000, -1.878932E+000
5.201600E-002, -3.057978E-001, 3.136616E+000, 2.999721E+000, 4.952983E-002, -1.366487E-001, 5.122337E+000, -1.883648E+000
5.202400E-002, -7.256217E-002, 3.283170E+000, 2.985105E+000, 4.772874E-001, -2.494078E-001, 5.121864E+000, -1.900038E+000
5.203200E-002, 7.774519E-002, 3.292107E+000, 2.851928E+000, 7.418217E-001, -3.008900E-001, 5.137932E+000, -1.910414E+000
5.204000E-002, 4.664711E-002, 3.057977E+000, 2.699262E+000, 8.082367E-001, -2.784337E-001, 5.158962E+000, -1.888365E+000
5.204800E-002, 1.226646E-001, 2.827423E+000, 2.759354E+000, 8.656463E-001, -2.158429E-001, 5.177039E+000, -1.824810E+000
5.205600E-002, 2.712443E-001, 2.870317E+000, 2.907147E+000, 1.026618E+000, -1.411878E-001, 5.203149E+000, -1.739913E+000
5.206400E-002, 1.088433E-001, 3.057977E+000, 2.842183E+000, 1.138060E+000, -5.124328E-002, 5.219335E+000, -1.668105E+000
5.207200E-002, -2.470569E-001, 3.097297E+000, 2.660284E+000, 1.050257E+000, 4.013459E-002, 5.209765E+000, -1.621883E+000
5.208000E-002, -3.040701E-001, 2.984700E+000, 2.650539E+000, 9.489465E-001, 1.237483E-001, 5.195233E+000, -1.603371E+000
5.208800E-002, -1.313030E-001, 2.900700E+000, 2.751233E+000, 9.163018E-001, 2.113038E-001, 5.191334E+000, -1.622119E+000
5.209600E-002, -1.313030E-001, 2.895338E+000, 2.696014E+000, 7.744664E-001, 2.552608E-001, 5.187553E+000, -1.662209E+000
5.210400E-002, -3.023424E-001, 2.973977E+000, 2.613184E+000, 4.772874E-001, 1.779778E-001, 5.165460E+000, -1.704658E+000
5.211200E-002, -4.854755E-001, 3.204532E+000, 2.746361E+000, 4.952983E-002, -6.689099E-003, 5.133442E+000, -1.761963E+000
5.212000E-002, -5.580377E-001, 3.383256E+000, 2.868169E+000, -4.570252E-001, -2.105872E-001, 5.110286E+000, -1.824456E+000
5.212800E-002, -4.681988E-001, 3.106233E+000, 2.777219E+000, -9.433181E-001, -3.650337E-001, 5.082994E+000, -1.853817E+000
5.213600E-002, -4.129134E-001, 2.807763E+000, 2.723624E+000, -1.454376E+000, -4.383749E-001, 5.042470E+000, -1.844030E+000
5.214400E-002, -4.267347E-001, 3.129467E+000, 2.858424E+000, -1.965434E+000, -4.310885E-001, 5.015769E+000, -1.811014E+000
5.215200E-002, -4.422837E-001, 3.470831E+000, 2.939630E+000, -2.218711E+000, -3.681393E-001, 5.015060E+000, -1.771396E+000
5.216000E-002, -5.459440E-001, 3.245638E+000, 2.847055E+000, -2.146668E+000, -2.644583E-001, 5.019550E+000, -1.749346E+000
5.216800E-002, -6.979790E-001, 2.940019E+000, 2.786964E+000, -2.046482E+000, -1.413072E-001, 5.021677E+000, -1.746988E+000
5.217600E-002, -7.308048E-001, 3.015084E+000, 2.886034E+000, -1.921532E+000, -1.899226E-002, 5.031837E+000, -1.749464E+000
5.218400E-002, -5.614930E-001, 3.215255E+000, 2.975360E+000, -1.346311E+000, 9.627524E-002, 5.045542E+000, -1.752176E+000
5.219200E-002, -4.111857E-001, 3.179510E+000, 2.811325E+000, -4.941726E-001, 1.346181E-001, 5.046723E+000, -1.748639E+000
5.220000E-002, -5.321226E-001, 3.079424E+000, 2.561213E+000, -3.039330E-002, 3.762618E-002, 5.037035E+000, -1.737791E+000
5.220800E-002, -7.083451E-001, 3.072275E+000, 2.564461E+000, 5.628389E-003, -1.225538E-001, 5.035381E+000, -1.741564E+000
5.221600E-002, -7.463538E-001, 2.916785E+000, 2.637546E+000, -3.264466E-002, -2.547830E-001, 5.047432E+000, -1.763614E+000
5.222400E-002, -9.035718E-001, 2.743422E+000, 2.515738E+000, -1.148191E-001, -3.271686E-001, 5.056648E+000, -1.770571E+000
5.223200E-002, -1.095343E+000, 2.938232E+000, 2.463767E+000, -3.455831E-001, -3.319465E-001, 5.050149E+000, -1.750997E+000
5.224000E-002, -9.156656E-001, 3.225979E+000, 2.660284E+000, -6.551445E-001, -2.925286E-001, 5.029119E+000, -1.730480E+000
5.224800E-002, -6.133232E-001, 3.204532E+000, 2.851928E+000, -8.577666E-001, -2.489300E-001, 5.005490E+000, -1.719043E+000
5.225600E-002, -6.392382E-001, 3.186659E+000, 2.717127E+000, -9.286842E-001, -2.084371E-001, 4.989068E+000, -1.712322E+000
5.226400E-002, -7.273495E-001, 3.417214E+000, 2.395555E+000, -8.937882E-001, -1.555215E-001, 4.967211E+000, -1.715270E+000
5.227200E-002, -5.839527E-001, 3.469044E+000, 2.333838E+000, -6.720297E-001, -1.026060E-001, 4.930232E+000, -1.729301E+000
5.228000E-002, -6.254169E-001, 3.163425E+000, 2.419916E+000, -3.680967E-001, -6.724934E-002, 4.901286E+000, -1.756185E+000
5.228800E-002, -1.015870E+000, 3.016871E+000, 2.338711E+000, -2.273869E-001, -6.951885E-002, 4.892307E+000, -1.794860E+000
5.229600E-002, -1.299209E+000, 3.183085E+000, 2.247761E+000, -3.557142E-001, -1.473991E-001, 4.884037E+000, -1.824810E+000
5.230400E-002, -1.390775E+000, 3.088361E+000, 2.324094E+000, -6.101174E-001, -2.698335E-001, 4.867378E+000, -1.843204E+000
5.231200E-002, -1.332034E+000, 2.786316E+000, 2.546596E+000, -7.958543E-001, -3.527305E-001, 4.845521E+000, -1.868438E+000
5.232000E-002, -1.093616E+000, 2.945381E+000, 2.709007E+000, -9.410667E-001, -3.837870E-001, 4.809132E+000, -1.886832E+000
5.232800E-002, -1.019326E+000, 3.293894E+000, 2.592071E+000, -1.111044E+000, -4.042127E-001, 4.756675E+000, -1.877399E+000
5.233600E-002, -1.141990E+000, 3.188446E+000, 2.354952E+000, -1.399218E+000, -4.294162E-001, 4.710007E+000, -1.858769E+000
5.234400E-002, -1.171361E+000, 2.986488E+000, 2.333838E+000, -1.784199E+000, -4.414805E-001, 4.677990E+000, -1.847095E+000
5.235200E-002, -1.173089E+000, 3.120531E+000, 2.520611E+000, -1.897893E+000, -4.095879E-001, 4.650816E+000, -1.833654E+000
5.236000E-002, -1.224919E+000, 3.279596E+000, 2.622929E+000, -1.779697E+000, -3.415024E-001, 4.637229E+000, -1.823513E+000
5.236800E-002, -1.271566E+000, 3.225979E+000, 2.598567E+000, -1.770691E+000, -2.926481E-001, 4.648690E+000, -1.830234E+000
5.237600E-002, -1.269838E+000, 3.099084E+000, 2.650539E+000, -1.641238E+000, -3.071013E-001, 4.669011E+000, -1.855703E+000
5.238400E-002, -1.204187E+000, 3.127680E+000, 2.683021E+000, -1.286650E+000, -3.883261E-001, 4.680825E+000, -1.893789E+000
5.239200E-002, -1.211097E+000, 3.331426E+000, 2.574206E+000, -1.079525E+000, -4.915293E-001, 4.684015E+000, -1.930695E+000
5.240000E-002, -1.237012E+000, 3.288532E+000, 2.587199E+000, -9.849681E-001, -5.574647E-001, 4.674563E+000, -1.946024E+000
5.240800E-002, -1.167905E+000, 2.961466E+000, 2.734992E+000, -8.667720E-001, -5.676178E-001, 4.655069E+000, -1.938242E+000
5.241600E-002, -1.224919E+000, 2.966828E+000, 2.704134E+000, -8.949139E-001, -5.276027E-001, 4.642310E+000, -1.929516E+000
5.242400E-002, -1.380409E+000, 3.240277E+000, 2.483256E+000, -9.635803E-001, -4.585616E-001, 4.631913E+000, -1.939303E+000
5.243200E-002, -1.397686E+000, 3.179510E+000, 2.320846E+000, -8.937882E-001, -4.020626E-001, 4.611592E+000, -1.968073E+000
5.244000E-002, -1.430511E+000, 2.991849E+000, 2.371193E+000, -8.082367E-001, -3.671837E-001, 4.595170E+000, -1.997905E+000
5.244800E-002, -1.586002E+000, 3.181297E+000, 2.504369E+000, -7.249365E-001, -3.330216E-001, 4.598596E+000, -2.021252E+000
5.245600E-002, -1.646470E+000, 3.501215E+000, 2.541724E+000, -5.999863E-001, -2.992177E-001, 4.613719E+000, -2.053796E+000
5.246400E-002, -1.637832E+000, 3.515512E+000, 2.468639E+000, -5.808498E-001, -2.538274E-001, 4.624588E+000, -2.088580E+000
5.247200E-002, -1.686207E+000, 3.320703E+000, 2.346831E+000, -6.641499E-001, -1.877726E-001, 4.628251E+000, -2.103437E+000
5.248000E-002, -1.637832E+000, 3.190234E+000, 2.411795E+000, -5.921066E-001, -1.433378E-001, 4.620571E+000, -2.107446E+000
5.248800E-002, -1.556631E+000, 3.183085E+000, 2.632674E+000, -3.512115E-001, -1.359320E-001, 4.589499E+000, -2.119355E+000
5.249600E-002, -1.587730E+000, 3.284958E+000, 2.585575E+000, -1.609719E-001, -1.574327E-001, 4.535506E+000, -2.133858E+000
5.250400E-002, -1.591185E+000, 3.424363E+000, 2.372817E+000, -3.602169E-002, -2.560969E-001, 4.467690E+000, -2.134801E+000
5.251200E-002, -1.662019E+000, 3.329639E+000, 2.361448E+000, 1.148191E-001, -4.454223E-001, 4.402473E+000, -2.130557E+000
5.252000E-002, -1.810599E+000, 3.045467E+000, 2.441029E+000, 2.532775E-001, -6.647292E-001, 4.344936E+000, -2.141640E+000
5.252800E-002, -1.734582E+000, 3.043679E+000, 2.379313E+000, 2.645343E-001, -8.597881E-001, 4.276530E+000, -2.167345E+000
5.253600E-002, -1.613645E+000, 3.347511E+000, 2.276995E+000, 2.105018E-001, -9.794751E-001, 4.211077E+000, -2.201894E+000
5.254400E-002, -1.639560E+000, 3.515512E+000, 2.340335E+000, 2.836708E-001, -9.878365E-001, 4.183076E+000, -2.235734E+000
5.255200E-002, -1.584274E+000, 3.376107E+000, 2.330590E+000, 3.996156E-001, -8.965781E-001, 4.185912E+000, -2.258963E+000
5.256000E-002, -1.449516E+000, 3.234915E+000, 2.070734E+000, 3.332007E-001, -7.581376E-001, 4.201980E+000, -2.277475E+000
5.256800E-002, -1.406324E+000, 3.318915E+000, 2.052868E+000, 1.395841E-001, -6.463342E-001, 4.232697E+000, -2.298110E+000
5.257600E-002, -1.427056E+000, 3.444022E+000, 2.376065E+000, 1.013110E-002, -5.942547E-001, 4.271686E+000, -2.315679E+000
5.258400E-002, -1.373498E+000, 3.497640E+000, 2.434533E+000, -7.992313E-002, -5.823100E-001, 4.301459E+000, -2.324522E+000
5.259200E-002, -1.295753E+000, 3.572704E+000, 2.199038E+000, -3.332007E-001, -5.851767E-001, 4.321543E+000, -2.329592E+000
5.260000E-002, -1.433967E+000, 3.706748E+000, 2.195790E+000, -6.765324E-001, -5.743069E-001, 4.336075E+000, -2.336903E+000
5.260800E-002, -1.727671E+000, 3.828280E+000, 2.406923E+000, -8.465098E-001, -5.444449E-001, 4.336075E+000, -2.340322E+000
5.261600E-002, -1.786412E+000, 3.712109E+000, 2.501121E+000, -9.523235E-001, -5.253332E-001, 4.317290E+000, -2.329475E+000
5.262400E-002, -1.566998E+000, 3.429724E+000, 2.569334E+000, -1.188716E+000, -5.289166E-001, 4.276294E+000, -2.316740E+000
5.263200E-002, -1.420146E+000, 3.426150E+000, 2.593695E+000, -1.371076E+000, -5.369196E-001, 4.216039E+000, -2.321456E+000
5.264000E-002, -1.544538E+000, 3.588789E+000, 2.410171E+000, -1.303535E+000, -5.319028E-001, 4.155549E+000, -2.335134E+000
5.264800E-002, -1.755314E+000, 3.601300E+000, 2.324094E+000, -1.160574E+000, -5.233026E-001, 4.101674E+000, -2.348341E+000
5.265600E-002, -1.760497E+000, 3.581640E+000, 2.497873E+000, -1.124552E+000, -5.356057E-001, 4.038584E+000, -2.371569E+000
5.266400E-002, -1.663747E+000, 3.477980E+000, 2.621305E+000, -1.080651E+000, -5.696484E-001, 3.957417E+000, -2.403641E+000
5.267200E-002, -1.717305E+000, 3.360022E+000, 2.493001E+000, -9.320613E-001, -6.198167E-001, 3.875779E+000, -2.435596E+000
5.268000E-002, -1.701756E+000, 3.495853E+000, 2.371193E+000, -8.352530E-001, -6.863493E-001, 3.813634E+000, -2.466724E+000
5.268800E-002, -1.544538E+000, 3.620960E+000, 2.484880E+000, -8.735260E-001, -7.408177E-001, 3.768029E+000, -2.497971E+000
5.269600E-002, -1.544538E+000, 3.529810E+000, 2.471887E+000, -8.296246E-001, -7.575404E-001, 3.734712E+000, -2.529454E+000
5.270400E-002, -1.606734E+000, 3.579853E+000, 2.229896E+000, -6.393850E-001, -7.440428E-001, 3.720062E+000, -2.555041E+000
5.271200E-002, -1.613645E+000, 3.821131E+000, 2.119457E+000, -5.527079E-001, -7.023554E-001, 3.724434E+000, -2.565063E+000
5.272000E-002, -1.674113E+000, 3.912281E+000, 2.054492E+000, -5.279430E-001, -6.594735E-001, 3.736248E+000, -2.554687E+000
5.272800E-002, -1.708666E+000, 3.908706E+000, 2.101592E+000, -3.073101E-001, -6.832436E-001, 3.749362E+000, -2.536764E+000
5.273600E-002, -1.637832E+000, 3.924792E+000, 2.463767E+000, -7.654610E-002, -7.786828E-001, 3.769211E+000, -2.543367E+000
5.274400E-002, -1.475431E+000, 3.778238E+000, 2.590447E+000, -8.780287E-002, -8.871417E-001, 3.796739E+000, -2.568954E+000
5.275200E-002, -1.456427E+000, 3.495853E+000, 2.345207E+000, -8.667719E-002, -9.874782E-001, 3.819423E+000, -2.570723E+000
5.276000E-002, -1.710394E+000, 3.413639E+000, 2.309477E+000, 1.350814E-001, -1.061656E+000, 3.830647E+000, -2.550088E+000
5.276800E-002, -1.776046E+000, 3.756791E+000, 2.483256E+000, 2.847965E-001, -1.068464E+000, 3.840571E+000, -2.536882E+000
5.277600E-002, -1.551448E+000, 4.135686E+000, 2.556341E+000, 8.555152E-002, -1.026179E+000, 3.853213E+000, -2.527803E+000
5.278400E-002, -1.544538E+000, 4.074920E+000, 2.470263E+000, -2.499005E-001, -9.730250E-001, 3.862074E+000, -2.514125E+000
5.279200E-002, -1.706939E+000, 3.869387E+000, 2.354952E+000, -3.962386E-001, -8.943086E-001, 3.865973E+000, -2.508112E+000
5.280000E-002, -1.608462E+000, 3.847940E+000, 2.416668E+000, -5.256916E-001, -8.173839E-001, 3.856403E+000, -2.518016E+000
5.280800E-002, -1.316485E+000, 3.808621E+000, 2.525483E+000, -8.093624E-001, -7.968389E-001, 3.827339E+000, -2.535821E+000
5.281600E-002, -1.216280E+000, 3.712109E+000, 2.509242E+000, -9.196788E-001, -7.971972E-001, 3.795321E+000, -2.551857E+000
5.282400E-002, -1.387320E+000, 3.751429E+000, 2.569334E+000, -7.789691E-001, -7.913443E-001, 3.768739E+000, -2.570016E+000
5.283200E-002, -1.471976E+000, 3.912281E+000, 2.637546E+000, -6.922919E-001, -8.017362E-001, 3.737193E+000, -2.598079E+000
5.284000E-002, -1.330307E+000, 4.010580E+000, 2.512490E+000, -7.530785E-001, -7.840579E-001, 3.699032E+000, -2.629208E+000
5.284800E-002, -1.297481E+000, 3.996281E+000, 2.416668E+000, -7.879745E-001, -7.209893E-001, 3.655909E+000, -2.644182E+000
5.285600E-002, -1.359677E+000, 3.899770E+000, 2.454022E+000, -5.966093E-001, -6.828853E-001, 3.607942E+000, -2.647602E+000
5.286400E-002, -1.193821E+000, 3.737131E+000, 2.554717E+000, -2.915506E-001, -6.621013E-001, 3.571907E+000, -2.664935E+000
5.287200E-002, -1.024509E+000, 3.755003E+000, 2.777219E+000, -1.474638E-001, -6.272225E-001, 3.551350E+000, -2.680146E+000
5.288000E-002, -1.093616E+000, 3.948026E+000, 2.908772E+000, -1.620976E-001, -6.573234E-001, 3.526303E+000, -2.672128E+000
5.288800E-002, -1.105709E+000, 4.003430E+000, 2.806453E+000, -1.654747E-001, -7.833412E-001, 3.502083E+000, -2.671656E+000
5.289600E-002, -1.024509E+000, 4.049899E+000, 2.829190E+000, -4.615279E-002, -9.195122E-001, 3.492395E+000, -2.688517E+000
5.290400E-002, -1.017598E+000, 4.210751E+000, 2.963991E+000, 2.307640E-001, -1.025941E+000, 3.476327E+000, -2.703256E+000
5.291200E-002, -1.000321E+000, 4.196453E+000, 2.816198E+000, 5.020523E-001, -1.123769E+000, 3.443601E+000, -2.718703E+000
5.292000E-002, -1.036602E+000, 4.028452E+000, 2.634298E+000, 5.391997E-001, -1.193526E+000, 3.418554E+000, -2.725896E+000
5.292800E-002, -1.103982E+000, 3.964111E+000, 2.658659E+000, 4.074954E-001, -1.196035E+000, 3.415482E+000, -2.708327E+000
5.293600E-002, -1.053879E+000, 4.048111E+000, 2.540100E+000, 3.568399E-001, -1.139655E+000, 3.427060E+000, -2.684037E+000
5.294400E-002, -1.050424E+000, 4.182155E+000, 2.395555E+000, 4.829158E-001, -1.054250E+000, 3.443955E+000, -2.666939E+000
5.295200E-002, -1.119531E+000, 4.217900E+000, 2.580702E+000, 6.990460E-001, -9.687248E-001, 3.459314E+000, -2.645715E+000
5.296000E-002, -9.934108E-001, 4.232198E+000, 2.752857E+000, 8.656463E-001, -9.256040E-001, 3.473728E+000, -2.621779E+000
5.296800E-002, -7.601752E-001, 4.360879E+000, 2.683021E+000, 9.264329E-001, -9.418490E-001, 3.490505E+000, -2.605036E+000
5.297600E-002, -7.014344E-001, 4.405560E+000, 2.658659E+000, 1.004105E+000, -9.870004E-001, 3.496648E+000, -2.590886E+000
5.298400E-002, -7.653582E-001, 4.167857E+000, 2.733368E+000, 1.147066E+000, -1.024985E+000, 3.490150E+000, -2.579331E+000
5.299200E-002, -7.981839E-001, 3.890834E+000, 2.773971E+000, 1.140312E+000, -1.056519E+000, 3.492986E+000, -2.572610E+000
5.300000E-002, -8.258267E-001, 3.933728E+000, 2.754482E+000, 9.421924E-001, -1.088412E+000, 3.502319E+000, -2.564592E+000
5.300800E-002, -8.050946E-001, 4.141048E+000, 2.777219E+000, 7.305650E-001, -1.082320E+000, 3.499129E+000, -2.556574E+000
5.301600E-002, -6.616979E-001, 4.257219E+000, 3.004594E+000, 4.907956E-001, -1.025463E+000, 3.493340E+000, -2.554687E+000
5.302400E-002, -5.511270E-001, 4.346581E+000, 3.227096E+000, 2.059990E-001, -9.743389E-001, 3.502083E+000, -2.553154E+000
5.303200E-002, -6.115955E-001, 4.341220E+000, 3.069558E+000, -4.952983E-002, -9.418490E-001, 3.518151E+000, -2.545490E+000
5.304000E-002, -6.461489E-001, 4.196453E+000, 2.838935E+000, -2.431464E-001, -8.886945E-001, 3.530556E+000, -2.539948E+000
5.304800E-002, -4.129134E-001, 4.110665E+000, 2.994849E+000, -3.005560E-001, -8.374513E-001, 3.542489E+000, -2.548438E+000
5.305600E-002, -1.554904E-001, 4.114240E+000, 3.163756E+000, -2.667857E-001, -8.335095E-001, 3.555721E+000, -2.561644E+000
5.306400E-002, -2.055928E-001, 4.146410E+000, 2.975360E+000, -3.016817E-001, -8.606242E-001, 3.566118E+000, -2.566714E+000
5.307200E-002, -3.109808E-001, 4.266156E+000, 2.717127E+000, -3.793534E-001, -8.963392E-001, 3.576633E+000, -2.568719E+000
5.308000E-002, -2.107759E-001, 4.378752E+000, 2.627801E+000, -3.692223E-001, -9.389822E-001, 3.589511E+000, -2.573081E+000
5.308800E-002, -1.174816E-001, 4.380539E+000, 2.739865E+000, -3.602169E-001, -9.606023E-001, 3.603216E+000, -2.588292E+000
5.309600E-002, -1.986821E-001, 4.396625E+000, 2.902275E+000, -4.694077E-001, -9.371905E-001, 3.619638E+000, -2.620718E+000
5.310400E-002, -3.248021E-001, 4.464540E+000, 2.903899E+000, -5.921066E-001, -8.890529E-001, 3.634525E+000, -2.646659E+000
5.311200E-002, -2.902487E-001, 4.427008E+000, 2.910396E+000, -6.754068E-001, -8.308816E-001, 3.645867E+000, -2.643357E+000
5.312000E-002, -1.226646E-001, 4.273304E+000, 3.032203E+000, -8.273733E-001, -7.713964E-001, 3.661816E+000, -2.628854E+000
5.312800E-002, 7.947286E-002, 4.248283E+000, 3.168628E+000, -1.039001E+000, -7.368759E-001, 3.681310E+000, -2.635575E+000
5.313600E-002, 1.934991E-001, 4.443093E+000, 3.264451E+000, -1.177459E+000, -7.252894E-001, 3.692889E+000, -2.654912E+000
5.314400E-002, -3.800876E-002, 4.536030E+000, 3.217351E+000, -1.230366E+000, -7.205115E-001, 3.692416E+000, -2.654441E+000
5.315200E-002, -3.766322E-001, 4.410923E+000, 3.121529E+000, -1.302409E+000, -7.309035E-001, 3.681192E+000, -2.643239E+000
5.316000E-002, -3.541725E-001, 4.375177E+000, 3.085799E+000, -1.357568E+000, -7.541959E-001, 3.665006E+000, -2.646069E+000
5.316800E-002, -1.140263E-001, 4.478838E+000, 3.038700E+000, -1.279896E+000, -7.731881E-001, 3.648702E+000, -2.660336E+000
5.317600E-002, -1.900438E-002, 4.498497E+000, 3.142642E+000, -1.152694E+000, -7.770105E-001, 3.625900E+000, -2.667529E+000
5.318400E-002, -7.256217E-002, 4.423433E+000, 3.365145E+000, -1.033372E+000, -7.631545E-001, 3.599553E+000, -2.650432E+000
5.319200E-002, -5.010245E-002, 4.400199E+000, 3.319670E+000, -8.341273E-001, -7.448789E-001, 3.578878E+000, -2.620954E+000
5.320000E-002, 0.000000E+000, 4.393050E+000, 3.097168E+000, -6.146201E-001, -7.381898E-001, 3.553831E+000, -2.593009E+000
5.320800E-002, -9.502190E-002, 4.307262E+000, 3.041948E+000, -4.671563E-001, -7.422510E-001, 3.512125E+000, -2.557517E+000
5.321600E-002, -1.624011E-001, 4.280454E+000, 3.069558E+000, -4.142494E-001, -7.562265E-001, 3.457542E+000, -2.524266E+000
5.322400E-002, -1.192093E-001, 4.355518E+000, 3.092295E+000, -4.784131E-001, -7.828634E-001, 3.406857E+000, -2.505517E+000
5.323200E-002, -2.418739E-002, 4.309050E+000, 3.176749E+000, -5.876039E-001, -8.038864E-001, 3.373658E+000, -2.484883E+000
5.324000E-002, 1.433967E-001, 4.182155E+000, 3.285564E+000, -5.650903E-001, -8.009001E-001, 3.350620E+000, -2.458117E+000
5.324800E-002, 2.073205E-001, 4.196453E+000, 3.457719E+000, -4.097467E-001, -7.833412E-001, 3.328290E+000, -2.434063E+000
5.325600E-002, 3.109808E-002, 4.257219E+000, 3.581151E+000, -4.187522E-001, -7.580182E-001, 3.310450E+000, -2.404938E+000
5.326400E-002, -1.347583E-001, 4.192879E+000, 3.464215E+000, -6.551445E-001, -7.295896E-001, 3.302180E+000, -2.372159E+000
5.327200E-002, -5.874081E-002, 4.099942E+000, 3.423613E+000, -8.577666E-001, -7.212282E-001, 3.303125E+000, -2.353057E+000
5.328000E-002, 7.256217E-002, 4.153559E+000, 3.657484E+000, -9.737114E-001, -7.349647E-001, 3.312104E+000, -2.346690E+000
5.328800E-002, 8.120053E-002, 4.221475E+000, 3.715951E+000, -1.084028E+000, -7.367564E-001, 3.334198E+000, -2.339733E+000
5.329600E-002, 8.983888E-002, 4.132112E+000, 3.454471E+000, -1.127929E+000, -7.148975E-001, 3.367987E+000, -2.329239E+000
5.330400E-002, 7.601752E-002, 4.160708E+000, 3.292060E+000, -1.077274E+000, -6.895744E-001, 3.397406E+000, -2.317565E+000
5.331200E-002, -8.292820E-002, 4.353731E+000, 3.410620E+000, -1.028870E+000, -6.579207E-001, 3.421271E+000, -2.310373E+000
5.332000E-002, -3.023424E-001, 4.242921E+000, 3.537300E+000, -1.039001E+000, -6.118137E-001, 3.459078E+000, -2.311434E+000
5.332800E-002, -3.800876E-001, 4.017728E+000, 3.490201E+000, -1.040126E+000, -5.634371E-001, 3.508817E+000, -2.316150E+000
5.333600E-002, -2.556953E-001, 4.230411E+000, 3.402499E+000, -9.748371E-001, -5.088493E-001, 3.553831E+000, -2.314736E+000
5.334400E-002, -1.002049E-001, 4.439518E+000, 3.373266E+000, -8.217449E-001, -4.533059E-001, 3.603570E+000, -2.302119E+000
5.335200E-002, -1.157539E-001, 4.196453E+000, 3.397627E+000, -7.024230E-001, -4.166353E-001, 3.661462E+000, -2.297049E+000
5.336000E-002, -2.885210E-001, 4.012367E+000, 3.519435E+000, -7.665867E-001, -3.940596E-001, 3.706712E+000, -2.313792E+000
5.336800E-002, -3.679939E-001, 4.071346E+000, 3.641243E+000, -7.710894E-001, -3.856982E-001, 3.741565E+000, -2.334898E+000
5.337600E-002, -1.364860E-001, 4.037388E+000, 3.586023E+000, -5.954836E-001, -3.888039E-001, 3.777599E+000, -2.348105E+000
5.338400E-002, 1.710394E-001, 4.103516E+000, 3.506442E+000, -5.166861E-001, -3.812786E-001, 3.801937E+000, -2.358009E+000
5.339200E-002, 1.347583E-001, 4.382327E+000, 3.581151E+000, -5.437024E-001, -3.690949E-001, 3.820132E+000, -2.370508E+000
5.340000E-002, -1.088433E-001, 4.353731E+000, 3.620129E+000, -4.941726E-001, -3.636003E-001, 3.855340E+000, -2.389020E+000
5.340800E-002, -1.364860E-001, 4.094580E+000, 3.512938E+000, -3.241952E-001, -3.425774E-001, 3.894446E+000, -2.402108E+000
5.341600E-002, 4.664711E-002, 4.085644E+000, 3.444726E+000, -1.463381E-001, -2.992177E-001, 3.923510E+000, -2.401401E+000
5.342400E-002, 8.638354E-002, 4.087431E+000, 3.506442E+000, -7.992313E-002, -2.517968E-001, 3.955645E+000, -2.401637E+000
5.343200E-002, -3.800876E-002, 4.053473E+000, 3.621753E+000, -2.926763E-002, -2.058092E-001, 3.988136E+000, -2.409419E+000
5.344000E-002, 4.491944E-002, 4.148197E+000, 3.767923E+000, 1.260759E-001, -1.656746E-001, 4.014009E+000, -2.416612E+000
5.344800E-002, 1.624011E-001, 4.048111E+000, 3.979057E+000, 2.825451E-001, -1.407100E-001, 4.052052E+000, -2.426988E+000
5.345600E-002, -1.744948E-001, 3.915855E+000, 4.152836E+000, 3.286979E-001, -1.362904E-001, 4.104273E+000, -2.439841E+000
5.346400E-002, -6.115955E-001, 4.121388E+000, 4.071630E+000, 3.377034E-001, -1.472796E-001, 4.143025E+000, -2.441845E+000
5.347200E-002, -5.459440E-001, 4.284028E+000, 3.743561E+000, 2.938019E-001, -1.413072E-001, 4.169962E+000, -2.437364E+000
5.348000E-002, -1.917715E-001, 4.092793E+000, 3.568158E+000, 1.328300E-001, -9.293069E-002, 4.203161E+000, -2.444675E+000
5.348800E-002, -7.256217E-002, 3.787174E+000, 3.709455E+000, 4.502711E-003, -2.078399E-002, 4.232816E+000, -2.456230E+000
5.349600E-002, -1.848608E-001, 3.692450E+000, 3.806901E+000, -4.165008E-002, 4.921265E-002, 4.248765E+000, -2.449863E+000
5.350400E-002, -1.986821E-001, 3.892621E+000, 3.650987E+000, -8.892855E-002, 1.081006E-001, 4.254791E+000, -2.439251E+000
5.351200E-002, -9.502190E-002, 4.015941E+000, 3.465839E+000, -9.117991E-002, 1.513409E-001, 4.260817E+000, -2.445854E+000
5.352000E-002, -7.256217E-002, 3.833642E+000, 3.465839E+000, -3.377034E-002, 1.894448E-001, 4.271331E+000, -2.449509E+000
5.352800E-002, -8.465587E-002, 3.733556E+000, 3.561662E+000, 2.701627E-002, 2.259960E-001, 4.271095E+000, -2.444911E+000
5.353600E-002, 1.209370E-002, 3.858664E+000, 3.553541E+000, 2.926763E-002, 2.411659E-001, 4.252546E+000, -2.454697E+000
5.354400E-002, 7.947286E-002, 3.971260E+000, 3.444726E+000, 1.463381E-002, 2.408075E-001, 4.228917E+000, -2.461536E+000
5.355200E-002, -7.428985E-002, 4.051686E+000, 3.350528E+000, 1.677260E-001, 2.564553E-001, 4.208596E+000, -2.449038E+000
5.356000E-002, -2.107759E-001, 4.146410E+000, 3.407372E+000, 3.984900E-001, 2.953954E-001, 4.182250E+000, -2.446562E+000
5.356800E-002, -1.122986E-001, 4.180368E+000, 3.626626E+000, 3.669710E-001, 3.404273E-001, 4.142434E+000, -2.462362E+000
5.357600E-002, -3.973643E-002, 4.153559E+000, 3.727320E+000, 9.905966E-002, 3.710061E-001, 4.110535E+000, -2.468847E+000
5.358400E-002, -2.107759E-001, 4.065984E+000, 3.573030E+000, -1.542179E-001, 3.815175E-001, 4.093286E+000, -2.461418E+000
5.359200E-002, -4.578328E-001, 3.896196E+000, 3.332663E+000, -3.557142E-001, 3.866538E-001, 4.065049E+000, -2.455051E+000
5.360000E-002, -4.889309E-001, 3.726407E+000, 3.235217E+000, -6.450135E-001, 3.902372E-001, 4.029487E+000, -2.447269E+000
5.360800E-002, -3.317128E-001, 3.694237E+000, 3.420365E+000, -1.099787E+000, 3.821148E-001, 4.000541E+000, -2.433120E+000
5.361600E-002, -2.125035E-001, 3.869387E+000, 3.584399E+000, -1.623227E+000, 3.757840E-001, 3.969114E+000, -2.421093E+000
5.362400E-002, -2.608783E-001, 3.948026E+000, 3.441478E+000, -2.134285E+000, 3.809203E-001, 3.938751E+000, -2.412956E+000
5.363200E-002, -5.528547E-001, 3.755003E+000, 3.306677E+000, -2.586808E+000, 3.825926E-001, 3.910514E+000, -2.407650E+000
5.364000E-002, -7.930009E-001, 3.778238E+000, 3.378138E+000, -2.814195E+000, 3.799647E-001, 3.877787E+000, -2.409891E+000
5.364800E-002, -7.169834E-001, 4.001643E+000, 3.439854E+000, -2.763539E+000, 3.793675E-001, 3.861010E+000, -2.412249E+000
5.365600E-002, -6.392382E-001, 3.933728E+000, 3.431733E+000, -2.601442E+000, 3.770979E-001, 3.860420E+000, -2.401047E+000
5.366400E-002, -7.394431E-001, 3.842578E+000, 3.477208E+000, -2.359421E+000, 3.782924E-001, 3.840217E+000, -2.381002E+000
5.367200E-002, -7.895456E-001, 3.921217E+000, 3.469088E+000, -1.881008E+000, 3.877288E-001, 3.807963E+000, -2.368386E+000
5.368000E-002, -7.619029E-001, 3.819344E+000, 3.332663E+000, -1.196596E+000, 4.021821E-001, 3.793667E+000, -2.371451E+000
5.368800E-002, -6.997067E-001, 3.717471E+000, 3.392755E+000, -4.772874E-001, 4.210549E-001, 3.785279E+000, -2.379116E+000
5.369600E-002, -5.822251E-001, 3.790748E+000, 3.717576E+000, 2.330153E-001, 4.395694E-001, 3.766376E+000, -2.369211E+000
5.370400E-002, -5.908635E-001, 3.778238E+000, 3.868617E+000, 7.744664E-001, 4.478113E-001, 3.740502E+000, -2.346218E+000
5.371200E-002, -7.411708E-001, 3.776450E+000, 3.712703E+000, 9.241815E-001, 4.462585E-001, 3.715809E+000, -2.338200E+000
5.372000E-002, -7.359878E-001, 3.831855E+000, 3.521059E+000, 8.161165E-001, 4.453028E-001, 3.696788E+000, -2.344685E+000
5.372800E-002, -5.666760E-001, 3.685301E+000, 3.408996E+000, 6.810351E-001, 4.464974E-001, 3.680838E+000, -2.343624E+000
5.373600E-002, -5.355780E-001, 3.517300E+000, 3.370017E+000, 4.401400E-001, 4.427944E-001, 3.663116E+000, -2.336195E+000
5.374400E-002, -6.219615E-001, 3.681726E+000, 3.465839E+000, -4.390144E-002, 4.408833E-001, 3.640432E+000, -2.335606E+000
5.375200E-002, -5.684037E-001, 3.962324E+000, 3.618505E+000, -6.889148E-001, 4.567699E-001, 3.619993E+000, -2.340205E+000
5.376000E-002, -5.165736E-001, 4.039176E+000, 3.711079E+000, -1.301284E+000, 4.811373E-001, 3.614440E+000, -2.342327E+000
5.376800E-002, -6.409659E-001, 4.053473E+000, 3.702959E+000, -1.749303E+000, 4.922460E-001, 3.617630E+000, -2.343388E+000
5.377600E-002, -7.860903E-001, 4.114240E+000, 3.576278E+000, -2.088132E+000, 4.951127E-001, 3.615149E+000, -2.341738E+000
5.378400E-002, -8.932058E-001, 4.080282E+000, 3.499946E+000, -2.352667E+000, 5.035936E-001, 3.608414E+000, -2.334898E+000
5.379200E-002, -9.433083E-001, 3.969473E+000, 3.597392E+000, -2.460732E+000, 5.185246E-001, 3.606642E+000, -2.330889E+000
5.380000E-002, -9.363976E-001, 3.910494E+000, 3.584399E+000, -2.393191E+000, 5.366807E-001, 3.611132E+000, -2.327116E+000
5.380800E-002, -9.726787E-001, 3.903345E+000, 3.433357E+000, -2.123029E+000, 5.617648E-001, 3.618811E+000, -2.311552E+000
5.381600E-002, -1.015870E+000, 3.939090E+000, 3.473960E+000, -1.788702E+000, 6.014217E-001, 3.630862E+000, -2.299879E+000
5.382400E-002, -1.124714E+000, 3.994494E+000, 3.540548E+000, -1.598463E+000, 6.465731E-001, 3.645630E+000, -2.310491E+000
5.383200E-002, -1.402869E+000, 4.017728E+000, 3.371641E+000, -1.402595E+000, 6.824075E-001, 3.661462E+000, -2.320513E+000
5.384000E-002, -1.416690E+000, 4.148197E+000, 3.183245E+000, -1.064891E+000, 7.116723E-001, 3.677412E+000, -2.316033E+000
5.384800E-002, -1.014143E+000, 4.289390E+000, 3.054941E+000, -7.992313E-001, 7.349647E-001, 3.688990E+000, -2.325583E+000
5.385600E-002, -9.709510E-001, 4.148197E+000, 2.884410E+000, -7.620839E-001, 7.463123E-001, 3.694543E+000, -2.353293E+000
5.386400E-002, -1.318213E+000, 4.017728E+000, 2.907147E+000, -7.474501E-001, 7.500152E-001, 3.698205E+000, -2.366735E+000
5.387200E-002, -1.330307E+000, 4.191091E+000, 3.186493E+000, -4.885442E-001, 7.617211E-001, 3.709429E+000, -2.365674E+000
5.388000E-002, -1.119531E+000, 4.387688E+000, 3.285564E+000, -1.283273E-001, 7.964805E-001, 3.726915E+000, -2.375225E+000
5.388800E-002, -1.034875E+000, 4.360879E+000, 3.064686E+000, 3.827305E-002, 8.471266E-001, 3.732940E+000, -2.396095E+000
5.389600E-002, -9.294869E-001, 4.108878E+000, 2.863297E+000, 4.952983E-002, 8.940697E-001, 3.731050E+000, -2.416494E+000
5.390400E-002, -8.137330E-001, 3.880111E+000, 2.936381E+000, 2.251356E-002, 9.283513E-001, 3.747000E+000, -2.434888E+000
5.391200E-002, -8.603801E-001, 4.019516E+000, 3.205983E+000, -9.005423E-002, 9.540327E-001, 3.775355E+000, -2.455759E+000
5.392000E-002, -1.036602E+000, 4.389475E+000, 3.240089E+000, -2.442721E-001, 9.807891E-001, 3.789886E+000, -2.478869E+000
5.392800E-002, -1.292298E+000, 4.393050E+000, 2.946126E+000, -3.568399E-001, 1.014473E+000, 3.796621E+000, -2.494198E+000
5.393600E-002, -1.560087E+000, 4.005218E+000, 2.889282E+000, -5.065550E-001, 1.048516E+000, 3.812925E+000, -2.499386E+000
5.394400E-002, -1.573908E+000, 3.899770E+000, 3.171876E+000, -7.238109E-001, 1.074436E+000, 3.832655E+000, -2.507640E+000
5.395200E-002, -1.371771E+000, 4.105303E+000, 3.399251E+000, -8.498868E-001, 1.096295E+000, 3.848014E+000, -2.522733E+000
5.396000E-002, -1.313030E+000, 4.169644E+000, 3.381386E+000, -7.891002E-001, 1.116602E+000, 3.863964E+000, -2.539476E+000
5.396800E-002, -1.503074E+000, 4.203602E+000, 3.103664E+000, -6.551445E-001, 1.135833E+000, 3.880150E+000, -2.564474E+000
5.397600E-002, -1.741492E+000, 4.325135E+000, 2.936381E+000, -5.718443E-001, 1.158528E+000, 3.887948E+000, -2.596310E+000
5.398400E-002, -1.701756E+000, 4.385901E+000, 3.105288E+000, -4.750361E-001, 1.182895E+000, 3.885585E+000, -2.615412E+000
5.399200E-002, -1.414962E+000, 4.410923E+000, 3.171876E+000, -3.275723E-001, 1.211324E+000, 3.879914E+000, -2.625552E+000
5.400000E-002, -1.290570E+000, 4.317986E+000, 3.054941E+000, -1.587206E-001, 1.242261E+000, 3.873298E+000, -2.643121E+000
5.400800E-002, -1.316485E+000, 4.037388E+000, 3.087423E+000, 1.148191E-001, 1.265554E+000, 3.866445E+000, -2.664346E+000
5.401600E-002, -1.205914E+000, 3.874749E+000, 3.128026E+000, 4.570252E-001, 1.287174E+000, 3.868335E+000, -2.688517E+000
5.402400E-002, -1.048696E+000, 4.057048E+000, 3.022459E+000, 6.652756E-001, 1.312616E+000, 3.878732E+000, -2.715166E+000
5.403200E-002, -1.135080E+000, 4.341220E+000, 2.921764E+000, 6.618986E-001, 1.338297E+000, 3.877078E+000, -2.731437E+000
5.404000E-002, -1.385592E+000, 4.319773E+000, 2.886034E+000, 5.256916E-001, 1.361829E+000, 3.856757E+000, -2.743582E+000
5.404800E-002, -1.449516E+000, 4.101729E+000, 2.899027E+000, 4.086211E-001, 1.373296E+000, 3.832655E+000, -2.759147E+000
5.405600E-002, -1.366588E+000, 4.055261E+000, 2.936381E+000, 2.881735E-001, 1.380941E+000, 3.810208E+000, -2.765632E+000
5.406400E-002, -1.356222E+000, 4.142836E+000, 2.933133E+000, -3.039330E-002, 1.406144E+000, 3.792013E+000, -2.765396E+000
5.407200E-002, -1.313030E+000, 4.244709E+000, 2.918516E+000, -4.198779E-001, 1.433498E+000, 3.777954E+000, -2.763274E+000
5.408000E-002, -1.240468E+000, 4.314411E+000, 2.968863E+000, -6.393850E-001, 1.438276E+000, 3.754088E+000, -2.755963E+000
5.408800E-002, -1.216280E+000, 4.269730E+000, 3.069558E+000, -8.814058E-001, 1.430750E+000, 3.721834E+000, -2.759854E+000
5.409600E-002, -1.179999E+000, 4.192879E+000, 3.176749E+000, -1.297907E+000, 1.433737E+000, 3.694188E+000, -2.770702E+000
5.410400E-002, -1.342400E+000, 4.171432E+000, 3.183245E+000, -1.636736E+000, 1.451534E+000, 3.675994E+000, -2.770938E+000
5.411200E-002, -1.665475E+000, 4.167857E+000, 3.111785E+000, -1.761686E+000, 1.468138E+000, 3.662171E+000, -2.774475E+000
5.412000E-002, -1.620555E+000, 4.160708E+000, 3.126402E+000, -1.866374E+000, 1.466107E+000, 3.634643E+000, -2.781550E+000
5.412800E-002, -1.330307E+000, 4.110665E+000, 3.110161E+000, -2.115149E+000, 1.461090E+000, 3.601444E+000, -2.775065E+000
5.413600E-002, -1.257744E+000, 4.026665E+000, 2.994849E+000, -2.399945E+000, 1.477813E+000, 3.589038E+000, -2.766575E+000
5.414400E-002, -1.273293E+000, 4.078495E+000, 2.976984E+000, -2.589059E+000, 1.495611E+000, 3.583840E+000, -2.771410E+000
5.415200E-002, -1.313030E+000, 4.251858E+000, 2.955871E+000, -2.826577E+000, 1.489638E+000, 3.561510E+000, -2.782847E+000
5.416000E-002, -1.470248E+000, 4.341220E+000, 2.795084E+000, -3.128259E+000, 1.474230E+000, 3.529847E+000, -2.787446E+000
5.416800E-002, -1.449516E+000, 4.359092E+000, 2.770723E+000, -3.182291E+000, 1.467779E+000, 3.500193E+000, -2.779546E+000
5.417600E-002, -1.364860E+000, 4.400199E+000, 2.973736E+000, -2.849091E+000, 1.479724E+000, 3.475736E+000, -2.766929E+000
5.418400E-002, -1.530716E+000, 4.475263E+000, 3.108536E+000, -2.303137E+000, 1.500747E+000, 3.460377E+000, -2.758557E+000
5.419200E-002, -1.484069E+000, 4.503859E+000, 3.173501E+000, -1.778571E+000, 1.513767E+000, 3.439702E+000, -2.753723E+000
5.420000E-002, -1.211097E+000, 4.427008E+000, 3.236841E+000, -1.315917E+000, 1.518187E+000, 3.401777E+000, -2.755138E+000
5.420800E-002, -1.295753E+000, 4.384114E+000, 3.102040E+000, -7.080514E-001, 1.509108E+000, 3.369169E+000, -2.763510E+000
5.421600E-002, -1.382137E+000, 4.444880E+000, 2.985105E+000, 3.151898E-002, 1.492625E+000, 3.352865E+000, -2.765868E+000
5.422400E-002, -1.100526E+000, 4.489561E+000, 3.098792E+000, 6.720297E-001, 1.492386E+000, 3.334434E+000, -2.754313E+000
5.423200E-002, -8.966612E-001, 4.444880E+000, 3.063061E+000, 1.161700E+000, 1.498955E+000, 3.309741E+000, -2.740870E+000
5.424000E-002, -9.744064E-001, 4.325135E+000, 2.925013E+000, 1.453250E+000, 1.493819E+000, 3.282922E+000, -2.744408E+000
5.424800E-002, -1.117803E+000, 4.405560E+000, 3.020835E+000, 1.485895E+000, 1.492147E+000, 3.250787E+000, -2.758086E+000
5.425600E-002, -1.140263E+000, 4.743350E+000, 3.069558E+000, 1.371076E+000, 1.503972E+000, 3.216170E+000, -2.760208E+000
5.426400E-002, -1.022781E+000, 4.796968E+000, 2.900651E+000, 1.141437E+000, 1.513170E+000, 3.189705E+000, -2.757732E+000
5.427200E-002, -9.139379E-001, 4.569987E+000, 2.851928E+000, 6.720297E-001, 1.513767E+000, 3.180844E+000, -2.764925E+000
5.428000E-002, -8.845675E-001, 4.584285E+000, 3.033828E+000, 1.238246E-001, 1.510183E+000, 3.176118E+000, -2.770584E+000
5.428800E-002, -8.379204E-001, 4.712967E+000, 3.134522E+000, -2.296383E-001, 1.502300E+000, 3.149772E+000, -2.765868E+000
5.429600E-002, -7.428985E-001, 4.630754E+000, 2.994849E+000, -5.425767E-001, 1.495730E+000, 3.110547E+000, -2.756788E+000
5.430400E-002, -7.169834E-001, 4.578924E+000, 2.834063E+000, -9.039193E-001, 1.490833E+000, 3.084673E+000, -2.748770E+000
5.431200E-002, -8.206437E-001, 4.775521E+000, 2.821070E+000, -1.027744E+000, 1.472677E+000, 3.072150E+000, -2.743936E+000
5.432000E-002, -8.742015E-001, 4.916713E+000, 2.955871E+000, -8.926626E-001, 1.443770E+000, 3.061162E+000, -2.746766E+000
5.432800E-002, -7.912732E-001, 4.807691E+000, 3.098792E+000, -7.058001E-001, 1.429675E+000, 3.047812E+000, -2.755491E+000
5.433600E-002, -7.670859E-001, 4.705818E+000, 3.051693E+000, -4.502712E-001, 1.436126E+000, 3.031271E+000, -2.753605E+000
5.434400E-002, -8.742015E-001, 4.766584E+000, 2.983480E+000, -1.136935E-001, 1.449504E+000, 3.008587E+000, -2.735093E+000
5.435200E-002, -9.623127E-001, 4.981054E+000, 2.986728E+000, 1.069394E-001, 1.473513E+000, 2.984604E+000, -2.718231E+000
5.436000E-002, -7.860903E-001, 5.259864E+000, 2.877913E+000, 2.026220E-002, 1.506003E+000, 2.969481E+000, -2.718467E+000
5.436800E-002, -4.751095E-001, 5.279524E+000, 2.814574E+000, -3.984900E-001, 1.517709E+000, 2.963692E+000, -2.720590E+000
5.437600E-002, -4.474668E-001, 4.939947E+000, 2.912020E+000, -1.034498E+000, 1.505167E+000, 2.966882E+000, -2.706322E+000
5.438400E-002, -6.305999E-001, 4.725478E+000, 2.928261E+000, -1.806713E+000, 1.502300E+000, 2.975861E+000, -2.697007E+000
5.439200E-002, -7.584475E-001, 4.893479E+000, 2.905523E+000, -2.680239E+000, 1.513647E+000, 2.974207E+000, -2.704553E+000
5.440000E-002, -7.912732E-001, 5.120459E+000, 3.006218E+000, -3.585284E+000, 1.516156E+000, 2.961447E+000, -2.703728E+000
5.440800E-002, -6.720639E-001, 5.247354E+000, 3.093920E+000, -4.386767E+000, 1.504808E+000, 2.951995E+000, -2.689461E+000
5.441600E-002, -5.027522E-001, 5.209821E+000, 3.144267E+000, -4.934972E+000, 1.488444E+000, 2.943253E+000, -2.680499E+000
5.442400E-002, -4.146410E-001, 5.002501E+000, 3.186493E+000, -5.153353E+000, 1.474588E+000, 2.936873E+000, -2.681325E+000
5.443200E-002, -3.386235E-001, 5.009650E+000, 3.054941E+000, -4.907956E+000, 1.463957E+000, 2.946206E+000, -2.678613E+000
5.444000E-002, -3.368958E-001, 5.218758E+000, 2.905523E+000, -4.186396E+000, 1.457507E+000, 2.956957E+000, -2.663284E+000
5.444800E-002, -4.457391E-001, 5.202672E+000, 3.041948E+000, -3.213810E+000, 1.461090E+000, 2.944670E+000, -2.645951E+000
5.445600E-002, -4.820202E-001, 4.913138E+000, 3.214103E+000, -2.009335E+000, 1.473274E+000, 2.922104E+000, -2.633334E+000
5.446400E-002, -3.662662E-001, 4.677222E+000, 3.121529E+000, -5.864782E-001, 1.481874E+000, 2.912062E+000, -2.617652E+000
5.447200E-002, -3.144361E-001, 4.759435E+000, 2.991601E+000, 7.339420E-001, 1.474349E+000, 2.912062E+000, -2.599494E+000
5.448000E-002, -5.321226E-001, 4.988203E+000, 2.985105E+000, 1.720036E+000, 1.458462E+000, 2.914189E+000, -2.590178E+000
5.448800E-002, -7.100728E-001, 5.054331E+000, 3.006218E+000, 2.361672E+000, 1.453087E+000, 2.916552E+000, -2.582632E+000
5.449600E-002, -5.183012E-001, 4.981054E+000, 3.059813E+000, 2.737649E+000, 1.455715E+000, 2.914779E+000, -2.569662E+000
5.450400E-002, -2.971594E-001, 4.918500E+000, 3.064686E+000, 2.777047E+000, 1.458462E+000, 2.906155E+000, -2.563648E+000
5.451200E-002, -3.040701E-001, 4.959607E+000, 2.985105E+000, 2.227716E+000, 1.466465E+000, 2.903555E+000, -2.558106E+000
5.452000E-002, -3.075254E-001, 5.077565E+000, 2.936381E+000, 1.257382E+000, 1.476977E+000, 2.910644E+000, -2.539830E+000
5.452800E-002, -2.919764E-001, 5.234843E+000, 2.884410E+000, 3.151898E-001, 1.476021E+000, 2.908518E+000, -2.530869E+000
5.453600E-002, -3.472618E-001, 5.443951E+000, 2.855176E+000, -5.256916E-001, 1.464554E+000, 2.894813E+000, -2.543367E+000
5.454400E-002, -3.507172E-001, 5.511866E+000, 2.921764E+000, -1.355316E+000, 1.460374E+000, 2.885006E+000, -2.549027E+000
5.455200E-002, -3.248021E-001, 5.318843E+000, 3.009466E+000, -2.068996E+000, 1.463360E+000, 2.881344E+000, -2.533817E+000
5.456000E-002, -4.336454E-001, 5.086501E+000, 3.085799E+000, -2.502382E+000, 1.456551E+000, 2.874137E+000, -2.524384E+000
5.456800E-002, -5.995018E-001, 4.968543E+000, 3.084175E+000, -2.621704E+000, 1.449862E+000, 2.858896E+000, -2.524855E+000
5.457600E-002, -4.647435E-001, 4.923862E+000, 2.994849E+000, -2.424710E+000, 1.455596E+000, 2.846373E+000, -2.508348E+000
5.458400E-002, -1.088433E-001, 4.986415E+000, 2.944502E+000, -2.026220E+000, 1.449982E+000, 2.847909E+000, -2.480756E+000
5.459200E-002, -6.910683E-002, 5.149055E+000, 2.962367E+000, -1.724539E+000, 1.433737E+000, 2.855470E+000, -2.464484E+000
5.460000E-002, -3.541725E-001, 5.325992E+000, 3.106912E+000, -1.584955E+000, 1.427764E+000, 2.852989E+000, -2.453872E+000
5.460800E-002, -5.252119E-001, 5.442163E+000, 3.319670E+000, -1.482518E+000, 1.415700E+000, 2.850744E+000, -2.438779E+000
5.461600E-002, -3.783599E-001, 5.395695E+000, 3.267699E+000, -1.511785E+000, 1.399216E+000, 2.863622E+000, -2.428167E+000
5.462400E-002, -1.727671E-001, 5.311694E+000, 2.965615E+000, -1.910275E+000, 1.399575E+000, 2.878154E+000, -2.419795E+000
5.463200E-002, -2.159589E-001, 5.418929E+000, 2.845431E+000, -2.683616E+000, 1.402561E+000, 2.886188E+000, -2.394916E+000
5.464000E-002, -2.937040E-001, 5.576207E+000, 3.043572E+000, -3.541383E+000, 1.395513E+000, 2.892568E+000, -2.359660E+000
5.464800E-002, -1.900438E-001, 5.565483E+000, 3.248209E+000, -4.233675E+000, 1.386555E+000, 2.897412E+000, -2.331951E+000
5.465600E-002, -1.019326E-001, 5.331354E+000, 3.194614E+000, -4.624285E+000, 1.377715E+000, 2.908281E+000, -2.307425E+000
5.466400E-002, -9.502190E-002, 5.007863E+000, 3.041948E+000, -4.622034E+000, 1.372460E+000, 2.919978E+000, -2.286555E+000
5.467200E-002, -4.319177E-002, 5.045395E+000, 3.080927E+000, -4.143620E+000, 1.381299E+000, 2.921514E+000, -2.276296E+000
5.468000E-002, 2.764273E-002, 5.365312E+000, 3.183245E+000, -3.087734E+000, 1.388585E+000, 2.920332E+000, -2.264387E+000
5.468800E-002, 3.973643E-002, 5.274162E+000, 3.071182E+000, -1.546681E+000, 1.370788E+000, 2.926358E+000, -2.247879E+000
5.469600E-002, 2.245972E-002, 4.982841E+000, 2.925013E+000, 3.861075E-001, 1.358126E+000, 2.939235E+000, -2.237149E+000
5.470400E-002, 3.455342E-003, 5.168715E+000, 3.014338E+000, 2.662228E+000, 1.360634E+000, 2.946206E+000, -2.218637E+000
5.471200E-002, 0.000000E+000, 5.390333E+000, 3.241713E+000, 4.790885E+000, 1.346420E+000, 2.946679E+000, -2.196470E+000
5.472000E-002, 1.002049E-001, 5.238417E+000, 3.322918E+000, 6.267775E+000, 1.340209E+000, 2.958021E+000, -2.192932E+000
5.472800E-002, 2.245972E-001, 5.227694E+000, 3.126402E+000, 7.096273E+000, 1.354065E+000, 2.976452E+000, -2.183381E+000
5.473600E-002, 1.900438E-001, 5.352801E+000, 2.928261E+000, 7.248240E+000, 1.350362E+000, 2.988030E+000, -2.147182E+000
5.474400E-002, 2.107759E-001, 5.258077E+000, 2.993225E+000, 6.549194E+000, 1.345942E+000, 2.996773E+000, -2.116053E+000
5.475200E-002, 4.699265E-001, 5.197310E+000, 3.149139E+000, 5.063299E+000, 1.361232E+000, 3.003861E+000, -2.104026E+000
5.476000E-002, 6.115955E-001, 5.302758E+000, 3.248209E+000, 3.041582E+000, 1.356334E+000, 3.001853E+000, -2.093532E+000
5.476800E-002, 4.371007E-001, 5.363524E+000, 3.246585E+000, 9.354383E-001, 1.330414E+000, 2.999963E+000, -2.074430E+000
5.477600E-002, 2.712443E-001, 5.340290E+000, 3.087423E+000, -7.868488E-001, 1.324322E+000, 3.013549E+000, -2.045542E+000
5.478400E-002, 2.816103E-001, 5.317056E+000, 3.100416E+000, -2.119652E+000, 1.328383E+000, 3.032571E+000, -2.013941E+000
5.479200E-002, 2.937040E-001, 5.318843E+000, 3.384634E+000, -3.092237E+000, 1.321575E+000, 3.043204E+000, -1.987293E+000
5.480000E-002, 2.677890E-001, 5.259864E+000, 3.420365E+000, -3.382662E+000, 1.313811E+000, 3.051238E+000, -1.962060E+000
5.480800E-002, 2.954317E-001, 5.132970E+000, 3.194614E+000, -2.918883E+000, 1.306285E+000, 3.058563E+000, -1.939539E+000
5.481600E-002, 4.163687E-001, 5.172289E+000, 3.199486E+000, -2.117400E+000, 1.303896E+000, 3.062462E+000, -1.927158E+000
5.482400E-002, 5.424886E-001, 5.334929E+000, 3.376514E+000, -1.297907E+000, 1.315841E+000, 3.069314E+000, -1.909825E+000
5.483200E-002, 5.580377E-001, 5.356376E+000, 3.316422E+000, -3.647196E-001, 1.316319E+000, 3.076639E+000, -1.869853E+000
5.484000E-002, 5.390333E-001, 5.261652E+000, 3.015962E+000, 6.146201E-001, 1.296849E+000, 3.082310E+000, -1.830352E+000
5.484800E-002, 4.664711E-001, 5.170502E+000, 2.912020E+000, 1.225863E+000, 1.289682E+000, 3.095543E+000, -1.812076E+000
5.485600E-002, 4.077303E-001, 5.115098E+000, 3.136146E+000, 1.314792E+000, 1.296730E+000, 3.111847E+000, -1.797572E+000
5.486400E-002, 5.614930E-001, 5.175864E+000, 3.228720E+000, 9.804654E-001, 1.301507E+000, 3.122952E+000, -1.780003E+000
5.487200E-002, 5.839527E-001, 5.342077E+000, 3.077678E+000, 3.230695E-001, 1.301507E+000, 3.127442E+000, -1.764085E+000
5.488000E-002, 3.731769E-001, 5.440376E+000, 3.082551E+000, -5.504565E-001, 1.286338E+000, 3.120353E+000, -1.738734E+000
5.488800E-002, 4.802925E-001, 5.370674E+000, 3.222224E+000, -1.510660E+000, 1.267943E+000, 3.113501E+000, -1.708431E+000
5.489600E-002, 7.964563E-001, 5.249141E+000, 3.215727E+000, -2.386437E+000, 1.268420E+000, 3.123543E+000, -1.699351E+000
5.490400E-002, 7.463538E-001, 5.247354E+000, 3.045196E+000, -3.074226E+000, 1.270929E+000, 3.141383E+000, -1.702417E+000
5.491200E-002, 4.785648E-001, 5.390333E+000, 2.963991E+000, -3.483973E+000, 1.277857E+000, 3.152725E+000, -1.682726E+000
5.492000E-002, 4.889309E-001, 5.481483E+000, 3.231968E+000, -3.431066E+000, 1.295655E+000, 3.163122E+000, -1.645348E+000
5.492800E-002, 7.912732E-001, 5.308120E+000, 3.491825E+000, -2.837834E+000, 1.285501E+000, 3.177654E+000, -1.621647E+000
5.493600E-002, 9.795894E-001, 5.111523E+000, 3.248209E+000, -1.860746E+000, 1.260059E+000, 3.182262E+000, -1.610210E+000
5.494400E-002, 8.811122E-001, 5.186587E+000, 2.939630E+000, -8.577666E-001, 1.263523E+000, 3.173873E+000, -1.594763E+000
5.495200E-002, 7.238941E-001, 5.343865E+000, 3.033828E+000, 7.879745E-003, 1.264956E+000, 3.171747E+000, -1.580142E+000
5.496000E-002, 6.876130E-001, 5.368886E+000, 3.205983E+000, 1.028870E+000, 1.245128E+000, 3.184743E+000, -1.561630E+000
5.496800E-002, 7.256218E-001, 5.338503E+000, 3.256330E+000, 2.214208E+000, 1.225180E+000, 3.203764E+000, -1.530501E+000
5.497600E-002, 6.858853E-001, 5.406418E+000, 3.296932E+000, 3.030325E+000, 1.202246E+000, 3.213689E+000, -1.507272E+000
5.498400E-002, 6.081402E-001, 5.393908E+000, 3.269323E+000, 3.238575E+000, 1.195199E+000, 3.209199E+000, -1.494656E+000
5.499200E-002, 5.925911E-001, 5.197310E+000, 3.123153E+000, 3.032576E+000, 1.221597E+000, 3.204473E+000, -1.471073E+000
5.500000E-002, 5.614930E-001, 5.070416E+000, 3.028955E+000, 2.571048E+000, 1.238200E+000, 3.213334E+000, -1.445604E+000
5.500800E-002, 6.236892E-001, 4.957819E+000, 3.087423E+000, 2.036351E+000, 1.224463E+000, 3.229520E+000, -1.430394E+000
5.501600E-002, 8.223713E-001, 4.825563E+000, 3.202734E+000, 1.617599E+000, 1.203560E+000, 3.238263E+000, -1.417423E+000
5.502400E-002, 8.638355E-001, 4.998926E+000, 3.383010E+000, 1.233743E+000, 1.179312E+000, 3.243580E+000, -1.407754E+000
5.503200E-002, 7.999116E-001, 5.424291E+000, 3.525931E+000, 8.014827E-001, 1.164859E+000, 3.251850E+000, -1.402331E+000
5.504000E-002, 8.361927E-001, 5.595866E+000, 3.410620E+000, 4.795388E-001, 1.178715E+000, 3.250196E+000, -1.393369E+000
5.504800E-002, 7.515368E-001, 5.377822E+000, 3.202734E+000, 4.210035E-001, 1.184568E+000, 3.238027E+000, -1.388417E+000
5.505600E-002, 4.561051E-001, 5.132970E+000, 3.173501E+000, 6.044890E-001, 1.155064E+000, 3.236609E+000, -1.392308E+000
5.506400E-002, 2.850657E-001, 5.050756E+000, 3.266075E+000, 8.566409E-001, 1.131174E+000, 3.245943E+000, -1.381696E+000
5.507200E-002, 2.816103E-001, 5.073991E+000, 3.350528E+000, 1.054760E+000, 1.131055E+000, 3.247951E+000, -1.353751E+000
5.508000E-002, 2.591506E-001, 5.183012E+000, 3.404124E+000, 1.142563E+000, 1.132608E+000, 3.247715E+000, -1.333470E+000
5.508800E-002, 2.211419E-001, 5.220545E+000, 3.348904E+000, 9.680830E-001, 1.136430E+000, 3.254095E+000, -1.322976E+000
5.509600E-002, 1.192093E-001, 5.088289E+000, 3.162132E+000, 5.414510E-001, 1.130935E+000, 3.255512E+000, -1.313307E+000
5.510400E-002, 6.910683E-002, 5.065054E+000, 3.035452E+000, 5.966093E-002, 1.106449E+000, 3.253268E+000, -1.306114E+000
5.511200E-002, 2.919764E-001, 5.215183E+000, 3.147515E+000, -4.266319E-001, 1.106926E+000, 3.263783E+000, -1.299157E+000
5.512000E-002, 4.820202E-001, 5.149055E+000, 3.345656E+000, -9.174275E-001, 1.132727E+000, 3.278078E+000, -1.292436E+000
5.512800E-002, 3.196191E-001, 4.914926E+000, 3.352152E+000, -1.384584E+000, 1.130935E+000, 3.275243E+000, -1.286894E+000
5.513600E-002, 1.105709E-001, 4.855947E+000, 3.300181E+000, -1.850614E+000, 1.117438E+000, 3.264137E+000, -1.281706E+000
5.514400E-002, 4.491944E-002, 4.950671E+000, 3.415492E+000, -2.165804E+000, 1.119827E+000, 3.266736E+000, -1.271684E+000
5.515200E-002, 4.319177E-002, 5.081140E+000, 3.444726E+000, -2.170307E+000, 1.112660E+000, 3.277251E+000, -1.250695E+000
5.516000E-002, 3.299851E-001, 5.149055E+000, 3.160508E+000, -1.993576E+000, 1.109315E+000, 3.277606E+000, -1.238668E+000
5.516800E-002, 7.498091E-001, 5.131183E+000, 2.881162E+000, -1.707653E+000, 1.121260E+000, 3.270044E+000, -1.245979E+000
5.517600E-002, 7.722689E-001, 5.093650E+000, 2.975360E+000, -1.247251E+000, 1.112540E+000, 3.268981E+000, -1.251167E+000
5.518400E-002, 5.113906E-001, 5.065054E+000, 3.201110E+000, -6.191229E-001, 1.094743E+000, 3.276660E+000, -1.251403E+000
5.519200E-002, 3.282575E-001, 5.106161E+000, 3.154011E+000, 1.463381E-001, 1.084828E+000, 3.280323E+000, -1.246922E+000
5.520000E-002, 3.196191E-001, 5.138331E+000, 2.994849E+000, 8.769031E-001, 1.062014E+000, 3.276306E+000, -1.233716E+000
5.520800E-002, 3.800876E-001, 5.061480E+000, 3.072806E+000, 1.407097E+000, 1.040155E+000, 3.275952E+000, -1.232419E+000
5.521600E-002, 3.818153E-001, 5.065054E+000, 3.251458E+000, 1.816844E+000, 1.026896E+000, 3.279732E+000, -1.246686E+000
5.522400E-002, 3.783599E-001, 5.263439E+000, 3.292060E+000, 2.175935E+000, 1.009457E+000, 3.283631E+000, -1.254233E+000
5.523200E-002, 4.077303E-001, 5.401057E+000, 3.311549E+000, 2.428087E+000, 1.005634E+000, 3.295800E+000, -1.242913E+000
5.524000E-002, 4.146410E-001, 5.231268E+000, 3.337535E+000, 2.493376E+000, 1.008262E+000, 3.310332E+000, -1.227702E+000
5.524800E-002, 3.783599E-001, 4.923862E+000, 3.238465E+000, 2.327902E+000, 9.918978E-001, 3.316239E+000, -1.232773E+000
5.525600E-002, 2.436016E-001, 4.821989E+000, 3.189742E+000, 1.994701E+000, 9.819836E-001, 3.324155E+000, -1.243974E+000
5.526400E-002, 7.601752E-002, 4.973905E+000, 3.352152E+000, 1.650244E+000, 9.988258E-001, 3.333961E+000, -1.234306E+000
5.527200E-002, 5.528547E-002, 5.202672E+000, 3.446350E+000, 1.521917E+000, 1.018415E+000, 3.331126E+000, -1.215440E+000
5.528000E-002, 1.036603E-001, 5.216970E+000, 3.324542E+000, 1.528671E+000, 1.030480E+000, 3.331007E+000, -1.209308E+000
5.528800E-002, 2.418739E-002, 5.020373E+000, 3.277443E+000, 1.266388E+000, 1.038960E+000, 3.346130E+000, -1.214143E+000
5.529600E-002, -3.282575E-002, 4.989990E+000, 3.277443E+000, 7.812204E-001, 1.037766E+000, 3.352983E+000, -1.209898E+000
5.530400E-002, 1.053879E-001, 5.195523E+000, 3.066310E+000, 4.052441E-001, 1.032152E+000, 3.341523E+000, -1.191857E+000
5.531200E-002, 2.470569E-001, 5.377822E+000, 2.968863E+000, 1.091908E-001, 1.026657E+000, 3.325691E+000, -1.187023E+000
5.532000E-002, 2.366909E-001, 5.347439E+000, 3.191366E+000, -2.240099E-001, 1.013996E+000, 3.312104E+000, -1.202469E+000
5.532800E-002, 1.088433E-001, 5.170502E+000, 3.335911E+000, -5.268173E-001, 9.952424E-001, 3.296863E+000, -1.209662E+000
5.533600E-002, 5.183013E-003, 5.070416E+000, 3.408996E+000, -8.363787E-001, 9.782807E-001, 3.280677E+000, -1.200111E+000
5.534400E-002, -3.455342E-003, 5.075778E+000, 3.584399E+000, -1.197721E+000, 9.712332E-001, 3.265909E+000, -1.197989E+000
5.535200E-002, -1.313030E-001, 5.095438E+000, 3.576278E+000, -1.461130E+000, 9.719499E-001, 3.250196E+000, -1.212845E+000
5.536000E-002, -3.196191E-001, 5.104374E+000, 3.358649E+000, -1.619851E+000, 9.695610E-001, 3.235191E+000, -1.223104E+000
5.536800E-002, -2.038652E-001, 5.183012E+000, 3.149139E+000, -1.810090E+000, 9.643052E-001, 3.230465E+000, -1.212610E+000
5.537600E-002, 2.937040E-002, 5.324205E+000, 2.996473E+000, -1.955302E+000, 9.659775E-001, 3.237554E+000, -1.196456E+000
5.538400E-002, 3.109808E-002, 5.156204E+000, 3.014338E+000, -2.008209E+000, 9.761306E-001, 3.239917E+000, -1.195512E+000
5.539200E-002, -6.910683E-002, 4.704031E+000, 3.175125E+000, -2.138788E+000, 9.741000E-001, 3.229166E+000, -1.203177E+000
5.540000E-002, -1.036603E-001, 4.648626E+000, 3.227096E+000, -2.330153E+000, 9.509271E-001, 3.226567E+000, -1.205299E+000
5.540800E-002, -8.811121E-002, 5.057905E+000, 3.168628E+000, -2.370678E+000, 9.379072E-001, 3.240508E+000, -1.203295E+000
5.541600E-002, -9.502190E-002, 5.284885E+000, 3.181621E+000, -2.357169E+000, 9.439991E-001, 3.244288E+000, -1.200229E+000
5.542400E-002, -1.313030E-001, 5.197310E+000, 3.262826E+000, -2.474240E+000, 9.370711E-001, 3.234601E+000, -1.201762E+000
5.543200E-002, -1.537627E-001, 5.107948E+000, 3.345656E+000, -2.581179E+000, 9.203483E-001, 3.236373E+000, -1.208483E+000
5.544000E-002, -1.986821E-001, 5.056118E+000, 3.374890E+000, -2.542906E+000, 9.091202E-001, 3.246179E+000, -1.211195E+000
5.544800E-002, -3.455342E-001, 4.918500E+000, 3.275819E+000, -2.410076E+000, 8.869028E-001, 3.249605E+000, -1.207186E+000
5.545600E-002, -5.718591E-001, 4.771946E+000, 3.228720E+000, -2.119652E+000, 8.679106E-001, 3.252795E+000, -1.202587E+000
5.546400E-002, -7.860903E-001, 4.796968E+000, 3.394379E+000, -1.529796E+000, 8.786609E-001, 3.251850E+000, -1.206125E+000
5.547200E-002, -8.586524E-001, 4.959607E+000, 3.446350E+000, -7.834718E-001, 8.876195E-001, 3.239444E+000, -1.224755E+000
5.548000E-002, -6.755193E-001, 5.029309E+000, 3.308301E+000, -1.958680E-001, 8.731663E-001, 3.233891E+000, -1.241144E+000
5.548800E-002, -5.252119E-001, 4.939947E+000, 3.345656E+000, 2.071247E-001, 8.663577E-001, 3.239563E+000, -1.229235E+000
5.549600E-002, -5.995018E-001, 4.852372E+000, 3.504818E+000, 6.405107E-001, 8.667161E-001, 3.232592E+000, -1.209780E+000
5.550400E-002, -5.390333E-001, 4.854159E+000, 3.566534E+000, 1.094159E+000, 8.582352E-001, 3.213098E+000, -1.216265E+000
5.551200E-002, -3.161638E-001, 4.888117E+000, 3.561662E+000, 1.310289E+000, 8.602659E-001, 3.204119E+000, -1.228528E+000
5.552000E-002, -2.453293E-001, 4.895266E+000, 3.485329E+000, 1.207852E+000, 8.658800E-001, 3.205418E+000, -1.226405E+000
5.552800E-002, -3.057978E-001, 4.914926E+000, 3.421989E+000, 9.557005E-001, 8.577574E-001, 3.201638E+000, -1.232537E+000
5.553600E-002, -4.301901E-001, 4.886330E+000, 3.482080E+000, 6.945432E-001, 8.614603E-001, 3.193249E+000, -1.243974E+000
5.554400E-002, -5.597653E-001, 4.675435E+000, 3.527555E+000, 3.410804E-001, 8.747191E-001, 3.187460E+000, -1.240201E+000
5.555200E-002, -6.288722E-001, 4.566413E+000, 3.506442E+000, -1.879882E-001, 8.692245E-001, 3.178836E+000, -1.242795E+000
5.556000E-002, -7.964563E-001, 4.732627E+000, 3.485329E+000, -6.990460E-001, 8.587130E-001, 3.162650E+000, -1.269679E+000
5.556800E-002, -9.087549E-001, 4.827351E+000, 3.431733E+000, -1.028870E+000, 8.499933E-001, 3.143392E+000, -1.296445E+000
5.557600E-002, -7.843626E-001, 4.823776E+000, 3.324542E+000, -1.188716E+000, 8.341067E-001, 3.128269E+000, -1.300454E+000
5.558400E-002, -7.688136E-001, 4.857734E+000, 3.244961E+000, -1.169579E+000, 8.258648E-001, 3.122716E+000, -1.289606E+000
5.559200E-002, -8.811122E-001, 4.657562E+000, 3.241713E+000, -1.039001E+000, 8.202507E-001, 3.112556E+000, -1.285597E+000
5.560000E-002, -8.258267E-001, 4.364454E+000, 3.183245E+000, -8.825315E-001, 8.010195E-001, 3.086682E+000, -1.295502E+000
5.560800E-002, -7.083451E-001, 4.452029E+000, 3.157259E+000, -6.157458E-001, 7.823856E-001, 3.069669E+000, -1.308708E+000
5.561600E-002, -7.843626E-001, 4.727265E+000, 3.374890E+000, -3.196925E-001, 7.729492E-001, 3.067660E+000, -1.316608E+000
5.562400E-002, -9.329423E-001, 4.779095E+000, 3.535676E+000, -3.050587E-001, 7.604072E-001, 3.052892E+000, -1.320146E+000
5.563200E-002, -9.122102E-001, 4.700456E+000, 3.287188E+000, -5.437024E-001, 7.479846E-001, 3.029145E+000, -1.320853E+000
5.564000E-002, -8.413757E-001, 4.700456E+000, 3.006218E+000, -8.577666E-001, 7.477457E-001, 3.017094E+000, -1.316490E+000
5.564800E-002, -8.621078E-001, 4.707605E+000, 3.054941E+000, -1.376704E+000, 7.484624E-001, 3.011895E+000, -1.314132E+000
5.565600E-002, -9.536743E-001, 4.652201E+000, 3.028955E+000, -2.034100E+000, 7.386676E-001, 3.003153E+000, -1.323801E+000
5.566400E-002, -1.112620E+000, 4.718329E+000, 2.842183E+000, -2.540655E+000, 7.291117E-001, 2.991929E+000, -1.333941E+000
5.567200E-002, -1.169633E+000, 4.864883E+000, 2.959119E+000, -2.921134E+000, 7.233782E-001, 2.982713E+000, -1.335238E+000
5.568000E-002, -1.022781E+000, 4.786244E+000, 3.217351E+000, -3.209308E+000, 7.152558E-001, 2.975388E+000, -1.346440E+000
5.568800E-002, -9.018442E-001, 4.611094E+000, 3.155635E+000, -3.235198E+000, 7.025943E-001, 2.964519E+000, -1.370023E+000
5.569600E-002, -9.139379E-001, 4.621818E+000, 2.952622E+000, -2.960533E+000, 6.849159E-001, 2.946679E+000, -1.382875E+000
5.570400E-002, -9.070272E-001, 4.707605E+000, 3.019211E+000, -2.423584E+000, 6.695071E-001, 2.931911E+000, -1.390185E+000
5.571200E-002, -9.467636E-001, 4.770159E+000, 3.251458E+000, -1.605217E+000, 6.601902E-001, 2.928839E+000, -1.404925E+000
5.572000E-002, -1.122986E+000, 4.900628E+000, 3.266075E+000, -5.504565E-001, 6.519482E-001, 2.924822E+000, -1.414358E+000
5.572800E-002, -1.221463E+000, 5.018586E+000, 3.126402E+000, 6.112431E-001, 6.444230E-001, 2.913125E+000, -1.417187E+000
5.573600E-002, -1.129897E+000, 4.905990E+000, 3.035452E+000, 1.715533E+000, 6.363005E-001, 2.902847E+000, -1.424498E+000
5.574400E-002, -1.048696E+000, 4.637903E+000, 2.879538E+000, 2.620578E+000, 6.259085E-001, 2.892922E+000, -1.436289E+000
5.575200E-002, -1.169633E+000, 4.557477E+000, 2.791836E+000, 3.265592E+000, 6.179055E-001, 2.884534E+000, -1.454801E+000
5.576000E-002, -1.333762E+000, 4.784457E+000, 3.038700E+000, 3.612300E+000, 6.179055E-001, 2.888905E+000, -1.475082E+000
5.576800E-002, -1.347583E+000, 4.954245E+000, 3.295308E+000, 3.553765E+000, 6.256696E-001, 2.896585E+000, -1.486048E+000
5.577600E-002, -1.344128E+000, 4.882755E+000, 3.165380E+000, 3.142893E+000, 6.305670E-001, 2.893513E+000, -1.491001E+000
5.578400E-002, -1.347583E+000, 4.750499E+000, 2.962367E+000, 2.575551E+000, 6.231612E-001, 2.890796E+000, -1.493123E+000
5.579200E-002, -1.157539E+000, 4.653988E+000, 2.954247E+000, 1.823598E+000, 6.081107E-001, 2.893986E+000, -1.496896E+000
5.580000E-002, -9.139379E-001, 4.791606E+000, 2.925013E+000, 9.354383E-001, 6.007050E-001, 2.886661E+000, -1.509866E+000
5.580800E-002, -1.074611E+000, 5.090076E+000, 2.968863E+000, 2.105018E-001, 6.082302E-001, 2.864213E+000, -1.521186E+000
5.581600E-002, -1.497891E+000, 5.091863E+000, 3.079303E+000, -3.377034E-001, 6.127692E-001, 2.842829E+000, -1.528968E+000
5.582400E-002, -1.522078E+000, 4.954245E+000, 2.967239E+000, -8.239962E-001, 6.003466E-001, 2.831486E+000, -1.544651E+000
5.583200E-002, -1.243923E+000, 5.022161E+000, 2.892530E+000, -1.185339E+000, 5.826683E-001, 2.822035E+000, -1.560333E+000
5.584000E-002, -1.271566E+000, 5.016799E+000, 3.043572E+000, -1.427360E+000, 5.702457E-001, 2.808684E+000, -1.577430E+000
5.584800E-002, -1.442605E+000, 4.843436E+000, 3.168628E+000, -1.602965E+000, 5.543591E-001, 2.790608E+000, -1.604668E+000
5.585600E-002, -1.380409E+000, 4.820202E+000, 3.209231E+000, -1.748178E+000, 5.304694E-001, 2.769223E+000, -1.626482E+000
5.586400E-002, -1.332034E+000, 4.927436E+000, 3.235217E+000, -1.948548E+000, 5.142245E-001, 2.751502E+000, -1.638862E+000
5.587200E-002, -1.366588E+000, 4.898840E+000, 3.243337E+000, -2.165804E+000, 5.130300E-001, 2.742286E+000, -1.651125E+000
5.588000E-002, -1.245651E+000, 4.723691E+000, 3.288812E+000, -2.245727E+000, 5.041908E-001, 2.732598E+000, -1.658790E+000
5.588800E-002, -1.150629E+000, 4.523519E+000, 3.394379E+000, -2.210831E+000, 4.782706E-001, 2.712277E+000, -1.668223E+000
5.589600E-002, -1.233557E+000, 4.537817E+000, 3.451222E+000, -2.281749E+000, 4.510364E-001, 2.693256E+000, -1.682136E+000
5.590400E-002, -1.328579E+000, 4.804117E+000, 3.366769E+000, -2.492251E+000, 4.325219E-001, 2.684513E+000, -1.690036E+000
5.591200E-002, -1.427056E+000, 4.932798E+000, 3.124778E+000, -2.652097E+000, 4.296551E-001, 2.677424E+000, -1.699823E+000
5.592000E-002, -1.465065E+000, 4.870245E+000, 3.006218E+000, -2.666731E+000, 4.364637E-001, 2.673643E+000, -1.712558E+000
5.592800E-002, -1.328579E+000, 4.823776E+000, 3.162132E+000, -2.519267E+000, 4.320441E-001, 2.672580E+000, -1.716331E+000
5.593600E-002, -1.197276E+000, 4.789819E+000, 3.227096E+000, -2.233345E+000, 4.185465E-001, 2.664428E+000, -1.721991E+000
5.594400E-002, -1.197276E+000, 4.888117E+000, 3.139394E+000, -1.923784E+000, 4.023015E-001, 2.654740E+000, -1.734607E+000
5.595200E-002, -1.195548E+000, 5.061480E+000, 3.225472E+000, -1.577075E+000, 3.792480E-001, 2.650369E+000, -1.743333E+000
5.596000E-002, -1.145446E+000, 5.061480E+000, 3.324542E+000, -1.106541E+000, 3.607335E-001, 2.644461E+000, -1.760194E+000
5.596800E-002, -1.181727E+000, 4.939947E+000, 3.165380E+000, -4.998010E-001, 3.516555E-001, 2.634773E+000, -1.788493E+000
5.597600E-002, -1.280204E+000, 4.845223E+000, 2.939630E+000, 2.701627E-001, 3.472359E-001, 2.628157E+000, -1.804058E+000
5.598400E-002, -1.257744E+000, 4.872032E+000, 2.874665E+000, 1.058137E+000, 3.502221E-001, 2.625676E+000, -1.803114E+000
5.599200E-002, -1.119531E+000, 5.018586E+000, 3.045196E+000, 1.633359E+000, 3.506999E-001, 2.624140E+000, -1.802171E+000
5.600000E-002, -1.041785E+000, 5.157991E+000, 3.261202E+000, 2.116274E+000, 3.424580E-001, 2.621068E+000, -1.807477E+000
5.600800E-002, -9.813170E-001, 5.152629E+000, 3.147515E+000, 2.635212E+000, 3.372023E-001, 2.618469E+000, -1.812429E+000
5.601600E-002, -9.484913E-001, 4.891692E+000, 2.955871E+000, 2.944773E+000, 3.379189E-001, 2.623195E+000, -1.810543E+000
5.602400E-002, -1.128169E+000, 4.691520E+000, 3.157259E+000, 2.912129E+000, 3.403079E-001, 2.628630E+000, -1.814316E+000
5.603200E-002, -1.306119E+000, 4.839861E+000, 3.322918E+000, 2.724140E+000, 3.419802E-001, 2.624140E+000, -1.835304E+000
5.604000E-002, -1.197276E+000, 4.952458E+000, 3.157259E+000, 2.545158E+000, 3.380384E-001, 2.618115E+000, -1.854170E+000
5.604800E-002, -1.043513E+000, 4.877394E+000, 3.162132E+000, 2.263738E+000, 3.294381E-001, 2.616815E+000, -1.852284E+000
5.605600E-002, -1.046969E+000, 4.891692E+000, 3.306677E+000, 1.766189E+000, 3.131932E-001, 2.617878E+000, -1.845681E+000
5.606400E-002, -9.709510E-001, 5.025735E+000, 3.251458E+000, 1.228115E+000, 2.887063E-001, 2.622841E+000, -1.851694E+000
5.607200E-002, -7.498091E-001, 5.163353E+000, 3.157259E+000, 8.431327E-001, 2.752086E-001, 2.627094E+000, -1.866079E+000
5.608000E-002, -7.169834E-001, 5.138331E+000, 3.093920E+000, 6.292539E-001, 2.746114E-001, 2.627448E+000, -1.883059E+000
5.608800E-002, -9.139379E-001, 5.027522E+000, 3.087423E+000, 4.784131E-001, 2.649361E-001, 2.627448E+000, -1.894732E+000
5.609600E-002, -1.036602E+000, 5.027522E+000, 3.189742E+000, 2.532775E-001, 2.549025E-001, 2.626385E+000, -1.897444E+000
5.610400E-002, -9.605850E-001, 5.068629E+000, 3.231968E+000, -2.926763E-002, 2.646972E-001, 2.625204E+000, -1.905816E+000
5.611200E-002, -7.048897E-001, 5.168715E+000, 3.347280E+000, -2.611573E-001, 2.777171E-001, 2.620123E+000, -1.918904E+000
5.612000E-002, -4.958415E-001, 5.172289E+000, 3.535676E+000, -4.097467E-001, 2.738947E-001, 2.606182E+000, -1.917371E+000
5.612800E-002, -6.323276E-001, 4.961394E+000, 3.322918E+000, -5.076807E-001, 2.637416E-001, 2.596730E+000, -1.908999E+000
5.613600E-002, -8.413757E-001, 4.952458E+000, 2.950998E+000, -6.472648E-001, 2.630249E-001, 2.601338E+000, -1.912065E+000
5.614400E-002, -7.532645E-001, 5.159779E+000, 3.030579E+000, -9.050450E-001, 2.718641E-001, 2.607482E+000, -1.917489E+000
5.615200E-002, -4.474668E-001, 5.145481E+000, 3.280691E+000, -1.174082E+000, 2.790310E-001, 2.604174E+000, -1.907467E+000
5.616000E-002, -1.624011E-001, 4.948884E+000, 3.326166E+000, -1.348562E+000, 2.742530E-001, 2.603583E+000, -1.890723E+000
5.616800E-002, -1.641287E-001, 4.914926E+000, 3.305053E+000, -1.430737E+000, 2.606359E-001, 2.621186E+000, -1.897680E+000
5.617600E-002, -3.489895E-001, 5.073991E+000, 3.191366E+000, -1.395841E+000, 2.531107E-001, 2.639027E+000, -1.923031E+000
5.618400E-002, -3.904536E-001, 5.138331E+000, 3.076054E+000, -1.266388E+000, 2.539468E-001, 2.633474E+000, -1.925743E+000
5.619200E-002, -2.833380E-001, 4.995352E+000, 3.218976E+000, -1.103164E+000, 2.478550E-001, 2.614689E+000, -1.913952E+000
5.620000E-002, -1.658564E-001, 4.902415E+000, 3.397627E+000, -8.498868E-001, 2.365074E-001, 2.607009E+000, -1.920555E+000
5.620800E-002, -1.261200E-001, 4.989990E+000, 3.319670E+000, -4.547739E-001, 2.310128E-001, 2.617288E+000, -1.927865E+000
5.621600E-002, -1.779501E-001, 4.907777E+000, 3.154011E+000, 1.463381E-002, 2.263543E-001, 2.629693E+000, -1.919258E+000
5.622400E-002, -2.608783E-001, 4.550328E+000, 3.170252E+000, 4.739104E-001, 2.182318E-001, 2.625322E+000, -1.911004E+000
5.623200E-002, -3.213468E-001, 4.518157E+000, 3.314798E+000, 9.388154E-001, 1.985229E-001, 2.615752E+000, -1.906995E+000
5.624000E-002, -2.902487E-001, 4.855947E+000, 3.358649E+000, 1.439742E+000, 1.685414E-001, 2.620005E+000, -1.907349E+000
5.624800E-002, -2.384186E-001, 4.909564E+000, 3.321294E+000, 1.885510E+000, 1.702137E-001, 2.628748E+000, -1.915603E+000
5.625600E-002, -2.401462E-001, 4.689733E+000, 3.391131E+000, 2.085881E+000, 2.077204E-001, 2.629929E+000, -1.920791E+000
5.626400E-002, -2.608783E-001, 4.643264E+000, 3.568158E+000, 2.046482E+000, 2.244432E-001, 2.626976E+000, -1.917843E+000
5.627200E-002, -2.626060E-001, 4.820202E+000, 3.672101E+000, 1.940669E+000, 2.175152E-001, 2.624495E+000, -1.916664E+000
5.628000E-002, -1.433967E-001, 4.986415E+000, 3.589271E+000, 1.659249E+000, 2.194263E-001, 2.624613E+000, -1.924564E+000
5.628800E-002, -8.120053E-002, 5.040033E+000, 3.434981E+000, 9.444438E-001, 2.151262E-001, 2.628630E+000, -1.931285E+000
5.629600E-002, -1.917715E-001, 5.088289E+000, 3.384634E+000, -5.403254E-002, 2.011508E-001, 2.631465E+000, -1.925389E+000
5.630400E-002, -1.900438E-001, 5.054331E+000, 3.405748E+000, -9.545748E-001, 2.011508E-001, 2.628393E+000, -1.919258E+000
5.631200E-002, -8.465587E-002, 4.843436E+000, 3.337535E+000, -1.569195E+000, 2.115427E-001, 2.631465E+000, -1.928927E+000
5.632000E-002, -9.502190E-002, 4.766584E+000, 3.256330E+000, -1.990198E+000, 2.177541E-001, 2.649660E+000, -1.942133E+000
5.632800E-002, -1.503074E-001, 4.861309E+000, 3.298557E+000, -2.484371E+000, 2.049731E-001, 2.661120E+000, -1.934469E+000
5.633600E-002, -1.226646E-001, 4.807691E+000, 3.392755E+000, -3.011188E+000, 1.831141E-001, 2.651196E+000, -1.916074E+000
5.634400E-002, -8.465587E-002, 4.813053E+000, 3.491825E+000, -3.168783E+000, 1.786945E-001, 2.647651E+000, -1.912537E+000
5.635200E-002, -7.774519E-002, 5.079352E+000, 3.504818E+000, -3.007811E+000, 1.785750E-001, 2.664192E+000, -1.915838E+000
5.636000E-002, -9.674957E-002, 5.241992E+000, 3.363521E+000, -2.894118E+000, 1.814418E-001, 2.669744E+000, -1.908528E+000
5.636800E-002, -1.485797E-001, 5.100799E+000, 3.295308E+000, -2.727518E+000, 1.925505E-001, 2.656749E+000, -1.892374E+000
5.637600E-002, -1.105709E-001, 4.900628E+000, 3.308301E+000, -2.352667E+000, 1.878920E-001, 2.654858E+000, -1.886007E+000
5.638400E-002, 6.737916E-002, 4.948884E+000, 3.225472E+000, -1.914778E+000, 1.820390E-001, 2.667854E+000, -1.890369E+000
5.639200E-002, 1.606734E-001, 5.056118E+000, 3.183245E+000, -1.434114E+000, 1.943422E-001, 2.667145E+000, -1.882469E+000
5.640000E-002, 2.073205E-002, 4.832713E+000, 3.238465E+000, -8.971653E-001, 2.110649E-001, 2.655921E+000, -1.872211E+000
5.640800E-002, 1.727671E-003, 4.589647E+000, 3.348904E+000, -4.919212E-001, 2.124983E-001, 2.662301E+000, -1.875866E+000
5.641600E-002, 3.766322E-001, 4.712967E+000, 3.535676E+000, -3.005560E-001, 1.893254E-001, 2.680969E+000, -1.873862E+000
5.642400E-002, 6.305999E-001, 4.877394E+000, 3.633122E+000, -3.005560E-001, 1.784556E-001, 2.688648E+000, -1.862424E+000
5.643200E-002, 4.267347E-001, 4.818415E+000, 3.577903E+000, -4.896699E-001, 1.923116E-001, 2.686403E+000, -1.855349E+000
5.644000E-002, 2.332356E-001, 4.684371E+000, 3.521059E+000, -7.238109E-001, 1.994785E-001, 2.688293E+000, -1.852755E+000
5.644800E-002, 3.075254E-001, 4.664711E+000, 3.556789E+000, -8.701490E-001, 1.994785E-001, 2.694555E+000, -1.852166E+000
5.645600E-002, 4.301901E-001, 4.866670E+000, 3.741937E+000, -9.996020E-001, 1.932672E-001, 2.700226E+000, -1.851223E+000
5.646400E-002, 4.457391E-001, 5.041820E+000, 3.904348E+000, -1.152694E+000, 1.798890E-001, 2.704361E+000, -1.854524E+000
5.647200E-002, 3.766322E-001, 4.977479E+000, 3.678597E+000, -1.257382E+000, 1.797695E-001, 2.708497E+000, -1.864900E+000
5.648000E-002, 3.334405E-001, 4.895266E+000, 3.394379E+000, -1.181962E+000, 1.875337E-001, 2.723146E+000, -1.868673E+000
5.648800E-002, 3.852706E-001, 4.920288E+000, 3.551917E+000, -7.485758E-001, 1.945811E-001, 2.745713E+000, -1.867612E+000
5.649600E-002, 5.373057E-001, 4.916713E+000, 3.670477E+000, -8.892855E-002, 2.074815E-001, 2.757881E+000, -1.868320E+000
5.650400E-002, 7.446262E-001, 4.843436E+000, 3.396003E+000, 3.782278E-001, 2.064065E-001, 2.765325E+000, -1.863014E+000
5.651200E-002, 8.586524E-001, 4.857734E+000, 3.243337E+000, 5.425767E-001, 1.963728E-001, 2.783283E+000, -1.855821E+000
5.652000E-002, 8.240990E-001, 4.934586E+000, 3.408996E+000, 6.236256E-001, 2.087954E-001, 2.803604E+000, -1.855467E+000
5.652800E-002, 7.359878E-001, 4.863096E+000, 3.525931E+000, 7.226852E-001, 2.246820E-001, 2.818490E+000, -1.867023E+000
5.653600E-002, 7.221664E-001, 4.779095E+000, 3.483705E+000, 7.125541E-001, 2.393742E-001, 2.831959E+000, -1.882115E+000
5.654400E-002, 7.688136E-001, 4.793393E+000, 3.434981E+000, 5.437024E-001, 2.684001E-001, 2.842947E+000, -1.875159E+000
5.655200E-002, 7.567198E-001, 4.705818E+000, 3.438230E+000, 2.577802E-001, 2.734169E-001, 2.851571E+000, -1.857826E+000
5.656000E-002, 8.621078E-001, 4.536030E+000, 3.438230E+000, -1.508408E-001, 2.600387E-001, 2.867875E+000, -1.865018E+000
5.656800E-002, 1.133352E+000, 4.439518E+000, 3.378138E+000, -5.527079E-001, 2.705502E-001, 2.890796E+000, -1.880936E+000
5.657600E-002, 1.199004E+000, 4.434157E+000, 3.314798E+000, -8.701490E-001, 2.790310E-001, 2.904382E+000, -1.879168E+000
5.658400E-002, 1.026237E+000, 4.546753E+000, 3.282315E+000, -1.246125E+000, 2.727002E-001, 2.905800E+000, -1.876338E+000
5.659200E-002, 8.482864E-001, 4.662924E+000, 3.191366E+000, -1.593960E+000, 2.752086E-001, 2.902492E+000, -1.878814E+000
5.660000E-002, 7.636305E-001, 4.650414E+000, 3.061437E+000, -1.745926E+000, 2.851228E-001, 2.902492E+000, -1.875277E+000
5.660800E-002, 8.880228E-001, 4.687945E+000, 3.100416E+000, -1.872002E+000, 2.873923E-001, 2.908045E+000, -1.875748E+000
5.661600E-002, 1.122986E+000, 4.821989E+000, 3.327790E+000, -1.977816E+000, 2.740141E-001, 2.911708E+000, -1.881408E+000
5.662400E-002, 1.126441E+000, 4.761223E+000, 3.436605E+000, -1.825850E+000, 2.649361E-001, 2.919387E+000, -1.879875E+000
5.663200E-002, 9.208485E-001, 4.605732E+000, 3.309925E+000, -1.601840E+000, 2.718641E-001, 2.932974E+000, -1.878578E+000
5.664000E-002, 9.156656E-001, 4.689733E+000, 3.194614E+000, -1.492649E+000, 2.716252E-001, 2.936991E+000, -1.877753E+000
5.664800E-002, 1.171361E+000, 4.872032E+000, 3.212479E+000, -1.313666E+000, 2.678028E-001, 2.935337E+000, -1.871739E+000
5.665600E-002, 1.352766E+000, 4.923862E+000, 3.262826E+000, -1.158323E+000, 2.781948E-001, 2.938290E+000, -1.874215E+000
5.666400E-002, 1.330307E+000, 4.836287E+000, 3.326166E+000, -1.187590E+000, 2.913342E-001, 2.946088E+000, -1.885535E+000
5.667200E-002, 1.228374E+000, 4.587860E+000, 3.337535E+000, -1.243874E+000, 2.908563E-001, 2.956957E+000, -1.887186E+000
5.668000E-002, 1.135080E+000, 4.375177E+000, 3.160508E+000, -1.176333E+000, 2.765226E-001, 2.962747E+000, -1.883295E+000
5.668800E-002, 1.166178E+000, 4.482412E+000, 2.965615E+000, -1.004105E+000, 2.697140E-001, 2.971844E+000, -1.891784E+000
5.669600E-002, 1.376954E+000, 4.705818E+000, 2.925013E+000, -9.343126E-001, 2.807032E-001, 2.999963E+000, -1.900038E+000
5.670400E-002, 1.503074E+000, 4.745137E+000, 2.972112E+000, -1.043503E+000, 2.913342E-001, 3.022174E+000, -1.895675E+000
5.671200E-002, 1.452971E+000, 4.677222E+000, 3.093920E+000, -1.091908E+000, 2.936037E-001, 3.016267E+000, -1.895793E+000
5.672000E-002, 1.492708E+000, 4.634328E+000, 3.204359E+000, -1.020990E+000, 2.964704E-001, 3.012132E+000, -1.902043E+000
5.672800E-002, 1.589457E+000, 4.725478E+000, 3.248209E+000, -9.849681E-001, 3.013678E-001, 3.027254E+000, -1.901689E+000
5.673600E-002, 1.480614E+000, 4.827351E+000, 3.300181E+000, -1.002979E+000, 3.036373E-001, 3.041314E+000, -1.900038E+000
5.674400E-002, 1.223191E+000, 4.711180E+000, 3.262826E+000, -1.029995E+000, 3.076985E-001, 3.041077E+000, -1.902278E+000
5.675200E-002, 1.138535E+000, 4.679009E+000, 3.100416E+000, -1.090782E+000, 3.226296E-001, 3.029617E+000, -1.905580E+000
5.676000E-002, 1.337217E+000, 4.845223E+000, 3.024083E+000, -1.210104E+000, 3.471164E-001, 3.026900E+000, -1.911711E+000
5.676800E-002, 1.525533E+000, 4.888117E+000, 3.059813E+000, -1.428485E+000, 3.675421E-001, 3.043677E+000, -1.926097E+000
5.677600E-002, 1.482342E+000, 4.902415E+000, 3.007842E+000, -1.775194E+000, 3.719617E-001, 3.052537E+000, -1.940954E+000
5.678400E-002, 1.359677E+000, 4.905990E+000, 2.988353E+000, -2.105018E+000, 3.619280E-001, 3.042259E+000, -1.939775E+000
5.679200E-002, 1.281932E+000, 4.814840E+000, 3.314798E+000, -2.314394E+000, 3.571501E-001, 3.039187E+000, -1.934233E+000
5.680000E-002, 1.179999E+000, 4.911351E+000, 3.582775E+000, -2.504633E+000, 3.742312E-001, 3.045803E+000, -1.946613E+000
5.680800E-002, 1.178272E+000, 4.975692E+000, 3.202734E+000, -2.652097E+000, 3.994347E-001, 3.044031E+000, -1.966541E+000
5.681600E-002, 1.340673E+000, 4.657562E+000, 2.648915E+000, -2.686993E+000, 4.143658E-001, 3.037297E+000, -1.975856E+000
5.682400E-002, 1.378681E+000, 4.536030E+000, 2.681397E+000, -2.719638E+000, 4.200993E-001, 3.038596E+000, -1.977742E+000
5.683200E-002, 1.218008E+000, 4.739776E+000, 3.136146E+000, -2.726392E+000, 4.204576E-001, 3.047693E+000, -1.981633E+000
5.684000E-002, 1.131624E+000, 4.664711E+000, 3.348904E+000, -2.616076E+000, 4.239216E-001, 3.051474E+000, -1.992599E+000
5.684800E-002, 1.235285E+000, 4.550328E+000, 3.150763E+000, -2.486622E+000, 4.389721E-001, 3.046394E+000, -2.011583E+000
5.685600E-002, 1.382137E+000, 4.664711E+000, 2.915268E+000, -2.303137E+000, 4.577255E-001, 3.044976E+000, -2.029034E+000
5.686400E-002, 1.382137E+000, 4.677222E+000, 2.798332E+000, -2.016089E+000, 4.690731E-001, 3.048284E+000, -2.033279E+000
5.687200E-002, 1.243923E+000, 4.771946E+000, 2.811325E+000, -1.778571E+000, 4.748065E-001, 3.048402E+000, -2.030685E+000
5.688000E-002, 1.152357E+000, 5.099012E+000, 2.991601E+000, -1.544430E+000, 4.769566E-001, 3.045685E+000, -2.033043E+000
5.688800E-002, 1.154084E+000, 5.099012E+000, 3.020835E+000, -1.201098E+000, 4.730148E-001, 3.039187E+000, -2.037170E+000
5.689600E-002, 1.079794E+000, 4.641477E+000, 2.900651E+000, -8.543895E-001, 4.760011E-001, 3.029735E+000, -2.046249E+000
5.690400E-002, 9.882277E-001, 4.450242E+000, 2.946126E+000, -5.504565E-001, 4.984573E-001, 3.027727E+000, -2.064644E+000
5.691200E-002, 1.124714E+000, 4.847011E+000, 3.006218E+000, -1.913652E-001, 5.198385E-001, 3.036588E+000, -2.078439E+000
5.692000E-002, 1.249106E+000, 5.113310E+000, 2.959119E+000, 2.611573E-001, 5.197191E-001, 3.043795E+000, -2.082802E+000
5.692800E-002, 1.178272E+000, 4.832713E+000, 2.912020E+000, 6.540189E-001, 5.113577E-001, 3.038714E+000, -2.083510E+000
5.693600E-002, 1.297481E+000, 4.596796E+000, 2.864921E+000, 8.408814E-001, 5.162551E-001, 3.029617E+000, -2.083745E+000
5.694400E-002, 1.458154E+000, 4.705818E+000, 2.913644E+000, 9.602032E-001, 5.347695E-001, 3.030562E+000, -2.093414E+000
5.695200E-002, 1.344128E+000, 4.746925E+000, 3.048445E+000, 1.199973E+000, 5.517312E-001, 3.037887E+000, -2.106503E+000
5.696000E-002, 1.394230E+000, 4.553902E+000, 3.025707E+000, 1.436365E+000, 5.654677E-001, 3.039778E+000, -2.109922E+000
5.696800E-002, 1.558359E+000, 4.519945E+000, 2.850304E+000, 1.417228E+000, 5.815932E-001, 3.038714E+000, -2.121124E+000
5.697600E-002, 1.378681E+000, 4.782670E+000, 2.713879E+000, 1.145940E+000, 5.811154E-001, 3.036470E+000, -2.143645E+000
5.698400E-002, 1.209370E+000, 4.934586E+000, 2.596943E+000, 8.206192E-001, 5.639149E-001, 3.025364E+000, -2.157912E+000
5.699200E-002, 1.413235E+000, 4.834500E+000, 2.556341E+000, 5.549592E-001, 5.680956E-001, 3.012841E+000, -2.175128E+000
5.700000E-002, 1.617100E+000, 4.707605E+000, 2.700886E+000, 3.095614E-001, 5.980771E-001, 3.016976E+000, -2.198946E+000
5.700800E-002, 1.435694E+000, 4.646839E+000, 2.773971E+000, 6.754068E-002, 6.234001E-001, 3.025836E+000, -2.211327E+000
5.701600E-002, 1.067701E+000, 4.677222E+000, 2.551468E+000, -1.395841E-001, 6.366588E-001, 3.024537E+000, -2.220170E+000
5.702400E-002, 9.761341E-001, 4.848798E+000, 2.289988E+000, -3.388290E-001, 6.505148E-001, 3.028081E+000, -2.227952E+000
5.703200E-002, 1.126441E+000, 4.991777E+000, 2.276995E+000, -4.784131E-001, 6.693876E-001, 3.031862E+000, -2.225948E+000
5.704000E-002, 1.135080E+000, 4.872032E+000, 2.457270E+000, -4.817901E-001, 6.985330E-001, 3.022174E+000, -2.231607E+000
5.704800E-002, 1.093616E+000, 4.600370E+000, 2.528731E+000, -4.300089E-001, 7.306646E-001, 3.018157E+000, -2.251181E+000
5.705600E-002, 1.195548E+000, 4.387688E+000, 2.390682E+000, -3.748507E-001, 7.411760E-001, 3.024419E+000, -2.270401E+000
5.706400E-002, 1.231829E+000, 4.357305E+000, 2.337087E+000, -3.118128E-001, 7.412955E-001, 3.024183E+000, -2.284786E+000
5.707200E-002, 1.090160E+000, 4.569987E+000, 2.493001E+000, -2.769168E-001, 7.520458E-001, 3.024301E+000, -2.290328E+000
5.708000E-002, 1.055607E+000, 4.734414E+000, 2.569334E+000, -2.217585E-001, 7.619600E-001, 3.037179E+000, -2.300940E+000
5.708800E-002, 1.382137E+000, 4.605732E+000, 2.484880E+000, -9.343126E-002, 7.778466E-001, 3.053837E+000, -2.339969E+000
5.709600E-002, 1.649926E+000, 4.493136E+000, 2.441029E+000, -1.575949E-002, 8.116505E-001, 3.060335E+000, -2.383360E+000
5.710400E-002, 1.387320E+000, 4.636116E+000, 2.408547E+000, -1.643490E-001, 8.416319E-001, 3.056909E+000, -2.396095E+000
5.711200E-002, 1.224919E+000, 4.804117E+000, 2.327342E+000, -4.952983E-001, 8.616992E-001, 3.051711E+000, -2.393619E+000
5.712000E-002, 1.610189E+000, 4.829138E+000, 2.294860E+000, -7.902259E-001, 8.820055E-001, 3.050884E+000, -2.402344E+000
5.712800E-002, 1.807144E+000, 4.737988E+000, 2.294860E+000, -9.275586E-001, 8.890529E-001, 3.052537E+000, -2.417319E+000
5.713600E-002, 1.515167E+000, 4.637903E+000, 2.239640E+000, -9.984763E-001, 8.798554E-001, 3.048639E+000, -2.429936E+000
5.714400E-002, 1.337217E+000, 4.768372E+000, 2.228272E+000, -1.145940E+000, 8.772275E-001, 3.031507E+000, -2.449745E+000
5.715200E-002, 1.541082E+000, 4.981054E+000, 2.406923E+000, -1.318169E+000, 8.831999E-001, 3.008942E+000, -2.480874E+000
5.716000E-002, 1.618828E+000, 4.836287E+000, 2.566085E+000, -1.333928E+000, 8.871417E-001, 2.995591E+000, -2.505046E+000
5.716800E-002, 1.318213E+000, 4.543179E+000, 2.392306E+000, -1.157197E+000, 8.981310E-001, 2.987557E+000, -2.516366E+000
5.717600E-002, 1.164450E+000, 4.614668E+000, 2.130825E+000, -9.298099E-001, 9.198705E-001, 2.981414E+000, -2.526152E+000
5.718400E-002, 1.333762E+000, 4.863096E+000, 2.148690E+000, -7.744664E-001, 9.379072E-001, 2.985076E+000, -2.533581E+000
5.719200E-002, 1.447788E+000, 4.863096E+000, 2.197414E+000, -6.877892E-001, 9.411323E-001, 2.989920E+000, -2.540538E+000
5.720000E-002, 1.428784E+000, 4.702243E+000, 2.056117E+000, -5.999863E-001, 9.399378E-001, 2.984131E+000, -2.553272E+000
5.720800E-002, 1.319941E+000, 4.609307E+000, 1.939181E+000, -5.268173E-001, 9.512854E-001, 2.974561E+000, -2.564356E+000
5.721600E-002, 1.224919E+000, 4.584285E+000, 1.978160E+000, -5.831012E-001, 9.684860E-001, 2.966055E+000, -2.569780E+000
5.722400E-002, 1.318213E+000, 4.589647E+000, 2.150315E+000, -7.688380E-001, 9.824614E-001, 2.962392E+000, -2.574025E+000
5.723200E-002, 1.404596E+000, 4.587860E+000, 2.403675E+000, -8.859085E-001, 9.941673E-001, 2.971253E+000, -2.587113E+000
5.724000E-002, 1.278476E+000, 4.582498E+000, 2.489753E+000, -8.701490E-001, 9.938089E-001, 2.981532E+000, -2.615530E+000
5.724800E-002, 1.155812E+000, 4.648626E+000, 2.288363E+000, -8.611436E-001, 9.853281E-001, 2.974325E+000, -2.642650E+000
5.725600E-002, 1.281932E+000, 4.684371E+000, 2.130825E+000, -7.767177E-001, 9.908227E-001, 2.959320E+000, -2.650078E+000
5.726400E-002, 1.420146E+000, 4.602158E+000, 2.186045E+000, -5.966093E-001, 1.006709E+000, 2.961802E+000, -2.646305E+000
5.727200E-002, 1.292298E+000, 4.591434E+000, 2.255882E+000, -6.832865E-001, 1.024388E+000, 2.972671E+000, -2.652200E+000
5.728000E-002, 1.116075E+000, 4.668286E+000, 2.324094E+000, -9.376897E-001, 1.052219E+000, 2.962156E+000, -2.671184E+000
5.728800E-002, 1.021053E+000, 4.702243E+000, 2.393930E+000, -8.735260E-001, 1.078259E+000, 2.938054E+000, -2.692644E+000
5.729600E-002, 9.087549E-001, 4.628966E+000, 2.220151E+000, -6.765324E-001, 1.084590E+000, 2.928720E+000, -2.714458E+000
5.730400E-002, 9.070272E-001, 4.439518E+000, 2.046372E+000, -7.677123E-001, 1.085545E+000, 2.935219E+000, -2.738748E+000
5.731200E-002, 1.043513E+000, 4.378752E+000, 2.276995E+000, -1.044629E+000, 1.093548E+000, 2.937463E+000, -2.763392E+000
5.732000E-002, 1.097071E+000, 4.469902E+000, 2.509242E+000, -1.239371E+000, 1.101193E+000, 2.928602E+000, -2.781079E+000
5.732800E-002, 1.069428E+000, 4.469902E+000, 2.405299E+000, -1.299032E+000, 1.111346E+000, 2.917378E+000, -2.790040E+000
5.733600E-002, 1.192093E+000, 4.566413E+000, 2.299732E+000, -1.387961E+000, 1.124844E+000, 2.906627E+000, -2.805015E+000
5.734400E-002, 1.368315E+000, 4.789819E+000, 2.345207E+000, -1.578200E+000, 1.127591E+000, 2.902610E+000, -2.832842E+000
5.735200E-002, 1.359677E+000, 4.768372E+000, 2.408547E+000, -1.715533E+000, 1.122216E+000, 2.901783E+000, -2.856896E+000
5.736000E-002, 1.313030E+000, 4.682584E+000, 2.475136E+000, -1.727916E+000, 1.127830E+000, 2.889732E+000, -2.863971E+000
5.736800E-002, 1.368315E+000, 4.687945E+000, 2.454022E+000, -1.564692E+000, 1.142283E+000, 2.885479E+000, -2.867390E+000
5.737600E-002, 1.306119E+000, 4.468114E+000, 2.213655E+000, -1.183087E+000, 1.151600E+000, 2.895876E+000, -2.881894E+000
5.738400E-002, 1.079794E+000, 4.271517E+000, 2.031755E+000, -7.958543E-001, 1.158528E+000, 2.895640E+000, -2.896986E+000
5.739200E-002, 1.064245E+000, 4.414497E+000, 2.111336E+000, -5.808498E-001, 1.161634E+000, 2.884180E+000, -2.906419E+000
5.740000E-002, 1.321668E+000, 4.543179E+000, 2.148690E+000, -3.737251E-001, 1.158050E+000, 2.869884E+000, -2.916206E+000
5.740800E-002, 1.383864E+000, 4.480625E+000, 2.065861E+000, 4.952983E-002, 1.160678E+000, 2.861495E+000, -2.922809E+000
5.741600E-002, 1.143718E+000, 4.394837E+000, 2.033379E+000, 5.898552E-001, 1.162470E+000, 2.866576E+000, -2.929766E+000
5.742400E-002, 1.029692E+000, 4.341220E+000, 2.082102E+000, 9.466951E-001, 1.150764E+000, 2.870947E+000, -2.946038E+000
5.743200E-002, 1.183455E+000, 4.410923E+000, 2.200662E+000, 1.070520E+000, 1.139416E+000, 2.865512E+000, -2.962074E+000
5.744000E-002, 1.316485E+000, 4.618243E+000, 2.168180E+000, 1.148191E+000, 1.136788E+000, 2.859723E+000, -2.970917E+000
5.744800E-002, 1.316485E+000, 4.704031E+000, 1.885586E+000, 1.213481E+000, 1.137625E+000, 2.861023E+000, -2.981176E+000
5.745600E-002, 1.311302E+000, 4.555689E+000, 1.794636E+000, 1.134683E+000, 1.141089E+000, 2.865158E+000, -2.994500E+000
5.746400E-002, 1.352766E+000, 4.439518E+000, 2.072358E+000, 8.836572E-001, 1.149450E+000, 2.862795E+000, -3.003461E+000
5.747200E-002, 1.490980E+000, 4.589647E+000, 2.262378E+000, 6.247512E-001, 1.163664E+000, 2.856533E+000, -3.010890E+000
5.748000E-002, 1.615372E+000, 4.759435E+000, 2.189293E+000, 5.740957E-001, 1.170115E+000, 2.854643E+000, -3.025511E+000
5.748800E-002, 1.506529E+000, 4.650414E+000, 2.202286E+000, 6.438878E-001, 1.168442E+000, 2.854525E+000, -3.042608E+000
5.749600E-002, 1.408052E+000, 4.480625E+000, 2.272122E+000, 5.864782E-001, 1.177042E+000, 2.856533E+000, -3.048857E+000
5.750400E-002, 1.447788E+000, 4.541391E+000, 1.984656E+000, 4.907956E-001, 1.179551E+000, 2.866812E+000, -3.053692E+000
5.751200E-002, 1.316485E+000, 4.593222E+000, 1.651714E+000, 4.615279E-001, 1.167726E+000, 2.877091E+000, -3.071732E+000
5.752000E-002, 1.181727E+000, 4.369816E+000, 1.780019E+000, 3.590913E-001, 1.175251E+000, 2.876973E+000, -3.094489E+000
5.752800E-002, 1.375226E+000, 4.237560E+000, 1.942429E+000, 1.407097E-001, 1.195796E+000, 2.876500E+000, -3.113591E+000
5.753600E-002, 1.625738E+000, 4.452029E+000, 1.823870E+000, -1.452124E-001, 1.203679E+000, 2.890677E+000, -3.125382E+000
5.754400E-002, 1.624011E+000, 4.605732E+000, 1.711806E+000, -4.581509E-001, 1.211444E+000, 2.909108E+000, -3.125618E+000
5.755200E-002, 1.509984E+000, 4.550328E+000, 1.689069E+000, -7.598326E-001, 1.217535E+000, 2.908399E+000, -3.126679E+000
5.756000E-002, 1.458154E+000, 4.511008E+000, 1.758905E+000, -1.133558E+000, 1.211085E+000, 2.897884E+000, -3.143187E+000
5.756800E-002, 1.480614E+000, 4.489561E+000, 1.903451E+000, -1.626605E+000, 1.203679E+000, 2.898711E+000, -3.164176E+000
5.757600E-002, 1.535899E+000, 4.439518E+000, 2.018762E+000, -2.107269E+000, 1.196513E+000, 2.908163E+000, -3.177971E+000
5.758400E-002, 1.485797E+000, 4.410923E+000, 2.078854E+000, -2.492251E+000, 1.187196E+000, 2.918796E+000, -3.192121E+000
5.759200E-002, 1.473703E+000, 4.502072E+000, 2.036627E+000, -2.742151E+000, 1.190898E+000, 2.920332E+000, -3.208510E+000
5.760000E-002, 1.674113E+000, 4.645051E+000, 1.966791E+000, -2.772545E+000, 1.204277E+000, 2.909817E+000, -3.214878E+000
5.760800E-002, 1.767407E+000, 4.668286E+000, 1.963543E+000, -2.661103E+000, 1.206546E+000, 2.913362E+000, -3.207096E+000
5.761600E-002, 1.655109E+000, 4.737988E+000, 1.922940E+000, -2.510262E+000, 1.197468E+000, 2.936636E+000, -3.199195E+000
5.762400E-002, 1.586002E+000, 4.843436E+000, 1.901827E+000, -2.227716E+000, 1.191854E+000, 2.944434E+000, -3.205091E+000
5.763200E-002, 1.636104E+000, 4.700456E+000, 2.022010E+000, -1.866374E+000, 1.192451E+000, 2.926358E+000, -3.222542E+000
5.764000E-002, 1.757041E+000, 4.641477E+000, 2.153563E+000, -1.515162E+000, 1.193765E+000, 2.909108E+000, -3.236927E+000
5.764800E-002, 1.817510E+000, 4.825563E+000, 2.153563E+000, -1.090782E+000, 1.192929E+000, 2.906037E+000, -3.239050E+000
5.765600E-002, 1.760497E+000, 4.768372E+000, 2.049620E+000, -7.181825E-001, 1.182657E+000, 2.909699E+000, -3.242587E+000
5.766400E-002, 1.734582E+000, 4.564626E+000, 1.908323E+000, -5.391997E-001, 1.165814E+000, 2.913598E+000, -3.256383E+000
5.767200E-002, 1.758769E+000, 4.537817E+000, 1.859600E+000, -4.165008E-001, 1.150644E+000, 2.913480E+000, -3.268174E+000
5.768000E-002, 1.731126E+000, 4.575349E+000, 1.919692E+000, -2.938019E-001, 1.134041E+000, 2.913952E+000, -3.275249E+000
5.768800E-002, 1.755314E+000, 4.653988E+000, 1.848231E+000, -1.823598E-001, 1.127710E+000, 2.924467E+000, -3.277018E+000
5.769600E-002, 1.950540E+000, 4.729052E+000, 1.700438E+000, -6.191228E-002, 1.135355E+000, 2.934864E+000, -3.273952E+000
5.770400E-002, 2.095665E+000, 4.627179E+000, 1.859600E+000, -1.913652E-002, 1.138700E+000, 2.939945E+000, -3.279140E+000
5.771200E-002, 2.005826E+000, 4.527093E+000, 2.199038E+000, -9.230559E-002, 1.138341E+000, 2.947742E+000, -3.290459E+000
5.772000E-002, 1.829603E+000, 4.704031E+000, 2.195790E+000, -1.992450E-001, 1.137027E+000, 2.946088E+000, -3.296591E+000
5.772800E-002, 1.689662E+000, 4.929224E+000, 1.888834E+000, -2.341410E-001, 1.128308E+000, 2.934391E+000, -3.298360E+000
5.773600E-002, 1.599823E+000, 4.875607E+000, 1.693941E+000, -8.330017E-002, 1.124963E+000, 2.937936E+000, -3.292818E+000
5.774400E-002, 1.551448E+000, 4.748712E+000, 1.672828E+000, 1.553435E-001, 1.134280E+000, 2.950577E+000, -3.283503E+000
5.775200E-002, 1.630921E+000, 4.725478E+000, 1.789763E+000, 2.735397E-001, 1.139297E+000, 2.954004E+000, -3.287865E+000
5.776000E-002, 1.914259E+000, 4.664711E+000, 2.022010E+000, 2.780424E-001, 1.133563E+000, 2.952940E+000, -3.301661E+000
5.776800E-002, 2.106031E+000, 4.627179E+000, 2.033379E+000, 2.679113E-001, 1.125082E+000, 2.953177E+000, -3.307557E+000
5.777600E-002, 2.019647E+000, 4.752286E+000, 1.828742E+000, 2.566546E-001, 1.107404E+000, 2.956367E+000, -3.306967E+000
5.778400E-002, 1.834786E+000, 4.859521E+000, 1.781643E+000, 1.339557E-001, 1.083753E+000, 2.961802E+000, -3.304845E+000
5.779200E-002, 1.665475E+000, 4.839861E+000, 1.830366E+000, -2.138788E-001, 1.077662E+000, 2.963337E+000, -3.296827E+000
5.780000E-002, 1.648198E+000, 4.804117E+000, 1.893706E+000, -6.855378E-001, 1.088412E+000, 2.965228E+000, -3.290459E+000
5.780800E-002, 1.758769E+000, 4.723691E+000, 1.978160E+000, -1.133558E+000, 1.090204E+000, 2.979051E+000, -3.294940E+000
5.781600E-002, 1.857246E+000, 4.746925E+000, 1.913195E+000, -1.562441E+000, 1.068225E+000, 2.993346E+000, -3.306613E+000
5.782400E-002, 2.009281E+000, 4.968543E+000, 1.833614E+000, -1.949674E+000, 1.042305E+000, 2.996418E+000, -3.317226E+000
5.783200E-002, 2.168227E+000, 5.029309E+000, 1.932685E+000, -2.237848E+000, 1.040633E+000, 3.000081E+000, -3.315103E+000
5.784000E-002, 2.211419E+000, 4.909564E+000, 1.968415E+000, -2.387563E+000, 1.054728E+000, 3.009060E+000, -3.302251E+000
5.784800E-002, 2.083571E+000, 4.823776E+000, 1.841735E+000, -2.276121E+000, 1.065120E+000, 3.021701E+000, -3.289280E+000
5.785600E-002, 1.812327E+000, 4.755861E+000, 1.732920E+000, -1.978942E+000, 1.064761E+000, 3.049466E+000, -3.288337E+000
5.786400E-002, 1.677568E+000, 4.845223E+000, 1.640346E+000, -1.732418E+000, 1.056041E+000, 3.083728E+000, -3.308146E+000
5.787200E-002, 1.757041E+000, 5.066842E+000, 1.593247E+000, -1.506157E+000, 1.053414E+000, 3.092353E+000, -3.324183E+000
5.788000E-002, 1.817510E+000, 5.120459E+000, 1.741040E+000, -1.199973E+000, 1.055564E+000, 3.082310E+000, -3.317108E+000
5.788800E-002, 1.846880E+000, 4.995352E+000, 1.869344E+000, -8.802801E-001, 1.045291E+000, 3.088336E+000, -3.309443E+000
5.789600E-002, 1.948813E+000, 4.893479E+000, 1.752409E+000, -6.134945E-001, 1.033585E+000, 3.103340E+000, -3.313334E+000
5.790400E-002, 2.023103E+000, 4.857734E+000, 1.706934E+000, -4.153751E-001, 1.038363E+000, 3.109720E+000, -3.319230E+000
5.791200E-002, 1.950540E+000, 4.750499E+000, 1.905075E+000, -3.444574E-001, 1.045530E+000, 3.124370E+000, -3.322178E+000
5.792000E-002, 1.838242E+000, 4.655775E+000, 2.054492E+000, -3.478345E-001, 1.035257E+000, 3.150362E+000, -3.321117E+000
5.792800E-002, 1.914259E+000, 4.764797E+000, 1.976535E+000, -1.801085E-001, 1.009218E+000, 3.161823E+000, -3.319466E+000
5.793600E-002, 2.173410E+000, 4.818415E+000, 1.775146E+000, 1.091908E-001, 9.883143E-001, 3.153198E+000, -3.318523E+000
5.794400E-002, 2.302985E+000, 4.668286E+000, 1.687445E+000, 2.701627E-001, 9.887921E-001, 3.149417E+000, -3.314867E+000
5.795200E-002, 2.171682E+000, 4.670073E+000, 1.742664E+000, 3.951129E-001, 9.930922E-001, 3.160641E+000, -3.319820E+000
5.796000E-002, 1.978183E+000, 4.873819E+000, 1.661459E+000, 6.078660E-001, 9.811475E-001, 3.171629E+000, -3.338214E+000
5.796800E-002, 1.907349E+000, 4.968543E+000, 1.490928E+000, 8.048597E-001, 9.668137E-001, 3.169502E+000, -3.349769E+000
5.797600E-002, 2.085299E+000, 5.031097E+000, 1.568885E+000, 9.264329E-001, 9.639469E-001, 3.160287E+000, -3.348590E+000
5.798400E-002, 2.382458E+000, 5.175864E+000, 1.760530E+000, 9.511978E-001, 9.623941E-001, 3.156506E+000, -3.354840E+000
5.799200E-002, 2.430833E+000, 5.170502E+000, 1.794636E+000, 8.442584E-001, 9.553466E-001, 3.159696E+000, -3.367574E+000
5.800000E-002, 2.292619E+000, 5.041820E+000, 1.833614E+000, 6.979203E-001, 9.460297E-001, 3.169266E+000, -3.362976E+000
5.800800E-002, 2.237334E+000, 4.973905E+000, 2.031755E+000, 6.022376E-001, 9.340848E-001, 3.180372E+000, -3.347765E+000
5.801600E-002, 2.190687E+000, 4.916713E+000, 2.151939E+000, 3.838561E-001, 9.165260E-001, 3.178127E+000, -3.346468E+000
5.802400E-002, 2.182048E+000, 4.931011E+000, 1.961918E+000, -1.395841E-001, 8.949059E-001, 3.164894E+000, -3.358495E+000
5.803200E-002, 2.377275E+000, 5.120459E+000, 1.672828E+000, -8.127394E-001, 8.724496E-001, 3.155206E+000, -3.369225E+000
5.804000E-002, 2.439471E+000, 5.256289E+000, 1.599743E+000, -1.349688E+000, 8.486794E-001, 3.155443E+000, -3.368753E+000
5.804800E-002, 2.150950E+000, 5.059693E+000, 1.680948E+000, -1.669380E+000, 8.264620E-001, 3.167730E+000, -3.360853E+000
5.805600E-002, 1.922898E+000, 4.805904E+000, 1.768650E+000, -1.897893E+000, 8.124866E-001, 3.177300E+000, -3.352363E+000
5.806400E-002, 1.988549E+000, 4.863096E+000, 1.905075E+000, -2.127531E+000, 8.032891E-001, 3.168202E+000, -3.347765E+000
5.807200E-002, 2.104303E+000, 4.886330E+000, 2.062613E+000, -2.265990E+000, 7.932554E-001, 3.160759E+000, -3.360264E+000
5.808000E-002, 2.121580E+000, 4.761223E+000, 2.070734E+000, -2.191695E+000, 7.839385E-001, 3.175055E+000, -3.379837E+000
5.808800E-002, 2.109486E+000, 4.875607E+000, 1.931060E+000, -2.096012E+000, 7.704408E-001, 3.189351E+000, -3.378776E+000
5.809600E-002, 2.111214E+000, 5.009650E+000, 1.916444E+000, -2.188318E+000, 7.535986E-001, 3.184625E+000, -3.370522E+000
5.810400E-002, 2.092209E+000, 4.941734E+000, 2.017138E+000, -2.236722E+000, 7.439233E-001, 3.181435E+000, -3.375946E+000
5.811200E-002, 1.943630E+000, 4.968543E+000, 1.955422E+000, -2.068996E+000, 7.422510E-001, 3.194076E+000, -3.376182E+000
5.812000E-002, 1.788139E+000, 4.991777E+000, 1.882337E+000, -1.869751E+000, 7.355620E-001, 3.205418E+000, -3.369343E+000
5.812800E-002, 1.995460E+000, 4.761223E+000, 2.015514E+000, -1.768440E+000, 7.121501E-001, 3.207900E+000, -3.375828E+000
5.813600E-002, 2.359998E+000, 4.627179E+000, 2.064237E+000, -1.723413E+000, 6.865882E-001, 3.214279E+000, -3.383256E+000
5.814400E-002, 2.425650E+000, 4.830925E+000, 1.932685E+000, -1.706528E+000, 6.777490E-001, 3.226448E+000, -3.381724E+000
5.815200E-002, 2.372092E+000, 4.900628E+000, 1.934309E+000, -1.689643E+000, 6.729711E-001, 3.230583E+000, -3.386794E+000
5.816000E-002, 2.304713E+000, 4.689733E+000, 2.160059E+000, -1.553435E+000, 6.589957E-001, 3.221604E+000, -3.393161E+000
5.816800E-002, 2.119852E+000, 4.682584E+000, 2.389058E+000, -1.301284E+000, 6.475286E-001, 3.209435E+000, -3.388327E+000
5.817600E-002, 2.080116E+000, 4.875607E+000, 2.259130E+000, -1.090782E+000, 6.446619E-001, 3.204592E+000, -3.383374E+000
5.818400E-002, 2.247700E+000, 4.925649E+000, 1.810877E+000, -9.072964E-001, 6.416757E-001, 3.210262E+000, -3.385025E+000
5.819200E-002, 2.353088E+000, 4.914926E+000, 1.685821E+000, -6.202485E-001, 6.253113E-001, 3.218178E+000, -3.385379E+000
5.820000E-002, 2.299530E+000, 4.923862E+000, 1.978160E+000, -2.048734E-001, 5.971215E-001, 3.217351E+000, -3.382431E+000
5.820800E-002, 2.133673E+000, 4.789819E+000, 2.030131E+000, 2.938019E-001, 5.757403E-001, 3.212625E+000, -3.379012E+000
5.821600E-002, 1.957451E+000, 4.577137E+000, 1.789763E+000, 7.125541E-001, 5.617648E-001, 3.208490E+000, -3.381016E+000
5.822400E-002, 1.941902E+000, 4.455604E+000, 1.744288E+000, 8.994166E-001, 5.457588E-001, 3.205773E+000, -3.394694E+000
5.823200E-002, 2.154406E+000, 4.519945E+000, 1.916444E+000, 1.026618E+000, 5.344112E-001, 3.207663E+000, -3.401769E+000
5.824000E-002, 2.304713E+000, 4.845223E+000, 2.083726E+000, 1.143689E+000, 5.265276E-001, 3.208490E+000, -3.388916E+000
5.824800E-002, 2.150950E+000, 5.016799E+000, 2.101592E+000, 9.658316E-001, 5.138661E-001, 3.209790E+000, -3.374885E+000
5.825600E-002, 1.974728E+000, 4.775521E+000, 1.940805E+000, 5.380740E-001, 5.078937E-001, 3.214516E+000, -3.374531E+000
5.826400E-002, 2.000643E+000, 4.720116E+000, 1.942429E+000, 1.474638E-001, 5.072964E-001, 3.215343E+000, -3.385615E+000
5.827200E-002, 2.116397E+000, 4.925649E+000, 2.197414E+000, -1.620976E-001, 4.844819E-001, 3.216642E+000, -3.402004E+000
5.828000E-002, 2.218329E+000, 4.839861E+000, 2.195790E+000, -4.435171E-001, 4.466168E-001, 3.219360E+000, -3.409433E+000
5.828800E-002, 2.180321E+000, 4.623605E+000, 1.929436E+000, -8.037340E-001, 4.258328E-001, 3.212389E+000, -3.400472E+000
5.829600E-002, 2.033469E+000, 4.625392E+000, 1.983032E+000, -1.323797E+000, 4.150825E-001, 3.200929E+000, -3.398821E+000
5.830400E-002, 2.061111E+000, 4.589647E+000, 2.325718E+000, -1.829227E+000, 3.980014E-001, 3.196203E+000, -3.416154E+000
5.831200E-002, 2.185504E+000, 4.477051E+000, 2.411795E+000, -2.142165E+000, 3.868927E-001, 3.199157E+000, -3.424526E+000
5.832000E-002, 2.061111E+000, 4.632541E+000, 2.177924E+000, -2.334656E+000, 3.812786E-001, 3.203882E+000, -3.416508E+000
5.832800E-002, 1.910804E+000, 4.923862E+000, 2.000897E+000, -2.520393E+000, 3.722006E-001, 3.206718E+000, -3.412499E+000
5.833600E-002, 2.081843E+000, 4.907777E+000, 2.028507E+000, -2.664479E+000, 3.712450E-001, 3.210144E+000, -3.419456E+000
5.834400E-002, 2.207963E+000, 4.636116E+000, 2.161683E+000, -2.705004E+000, 3.742312E-001, 3.215461E+000, -3.428653E+000
5.835200E-002, 2.031741E+000, 4.469902E+000, 2.320846E+000, -2.723015E+000, 3.640781E-001, 3.221486E+000, -3.427592E+000
5.836000E-002, 2.009281E+000, 4.471689E+000, 2.288363E+000, -2.718512E+000, 3.463998E-001, 3.228575E+000, -3.424290E+000
5.836800E-002, 2.308168E+000, 4.418071E+000, 2.005769E+000, -2.572174E+000, 3.413829E-001, 3.232356E+000, -3.432426E+000
5.837600E-002, 2.494757E+000, 4.278666E+000, 1.856352E+000, -2.385311E+000, 3.532083E-001, 3.231411E+000, -3.436553E+000
5.838400E-002, 2.417011E+000, 4.285815E+000, 1.961918E+000, -2.285126E+000, 3.577473E-001, 3.234364E+000, -3.433605E+000
5.839200E-002, 2.261521E+000, 4.452029E+000, 2.038251E+000, -2.125280E+000, 3.515360E-001, 3.239444E+000, -3.435610E+000
5.840000E-002, 2.061111E+000, 4.534243E+000, 1.950550E+000, -1.829227E+000, 3.530889E-001, 3.236254E+000, -3.435256E+000
5.840800E-002, 1.988549E+000, 4.469902E+000, 1.885586E+000, -1.515162E+000, 3.459220E-001, 3.233537E+000, -3.435138E+000
5.841600E-002, 2.185504E+000, 4.403773E+000, 2.114584E+000, -1.193219E+000, 3.200017E-001, 3.238617E+000, -3.447754E+000
5.842400E-002, 2.226968E+000, 4.371603E+000, 2.450774E+000, -8.566409E-001, 3.044734E-001, 3.239444E+000, -3.458602E+000
5.843200E-002, 1.907349E+000, 4.362667E+000, 2.480008E+000, -5.335713E-001, 3.051901E-001, 3.232592E+000, -3.458131E+000
5.844000E-002, 1.677568E+000, 4.430582E+000, 2.267250E+000, -1.575949E-001, 2.975454E-001, 3.223377E+000, -3.463319E+000
5.844800E-002, 1.732854E+000, 4.507434E+000, 2.101592E+000, 2.093761E-001, 2.695946E-001, 3.217351E+000, -3.473577E+000
5.845600E-002, 1.865885E+000, 4.419859E+000, 2.086975E+000, 4.322603E-001, 2.382991E-001, 3.218887E+000, -3.481595E+000
5.846400E-002, 1.959179E+000, 4.321560E+000, 2.233144E+000, 5.718443E-001, 2.296989E-001, 3.219360E+000, -3.493976E+000
5.847200E-002, 1.931536E+000, 4.489561E+000, 2.374441E+000, 7.271879E-001, 2.336407E-001, 3.217115E+000, -3.506946E+000
5.848000E-002, 1.736309E+000, 4.704031E+000, 2.208782E+000, 7.654610E-001, 2.222931E-001, 3.219714E+000, -3.511545E+000
5.848800E-002, 1.542810E+000, 4.591434E+000, 1.898578E+000, 5.335713E-001, 2.077204E-001, 3.218651E+000, -3.508597E+000
5.849600E-002, 1.503074E+000, 4.217900E+000, 1.887210E+000, 2.217585E-001, 2.029425E-001, 3.208608E+000, -3.504942E+000
5.850400E-002, 1.608462E+000, 3.928366E+000, 2.049620E+000, -2.814195E-002, 1.933866E-001, 3.198330E+000, -3.511781E+000
5.851200E-002, 1.750131E+000, 3.833642E+000, 2.062613E+000, -3.996156E-001, 1.800084E-001, 3.193722E+000, -3.526166E+000
5.852000E-002, 1.784684E+000, 3.840791E+000, 2.025259E+000, -8.802801E-001, 1.747527E-001, 3.195376E+000, -3.530175E+000
5.852800E-002, 1.725943E+000, 4.033813E+000, 2.060989E+000, -1.277644E+000, 1.730804E-001, 3.196912E+000, -3.527699E+000
5.853600E-002, 1.693117E+000, 4.301900E+000, 2.085351E+000, -1.532048E+000, 1.651969E-001, 3.193604E+000, -3.537132E+000
5.854400E-002, 1.734582E+000, 4.319773E+000, 2.091847E+000, -1.700899E+000, 1.534909E-001, 3.194431E+000, -3.552814E+000
5.855200E-002, 1.824420E+000, 4.185730E+000, 2.169804E+000, -1.911401E+000, 1.433378E-001, 3.194195E+000, -3.554347E+000
5.856000E-002, 1.744948E+000, 4.071346E+000, 2.364697E+000, -2.133160E+000, 1.331847E-001, 3.180017E+000, -3.545857E+000
5.856800E-002, 1.592913E+000, 3.937302E+000, 2.403675E+000, -2.282875E+000, 1.323486E-001, 3.169975E+000, -3.551046E+000
5.857600E-002, 1.663747E+000, 3.912281E+000, 2.117832E+000, -2.471989E+000, 1.497880E-001, 3.170802E+000, -3.570855E+000
5.858400E-002, 1.681024E+000, 3.939090E+000, 2.002521E+000, -2.738774E+000, 1.711693E-001, 3.167848E+000, -3.587952E+000
5.859200E-002, 1.589457E+000, 3.821131E+000, 2.228272E+000, -3.001057E+000, 1.844280E-001, 3.173283E+000, -3.592315E+000
5.860000E-002, 1.691390E+000, 3.864025E+000, 2.343583E+000, -3.121505E+000, 1.920727E-001, 3.180372E+000, -3.587245E+000
5.860800E-002, 1.779501E+000, 4.121388E+000, 2.390682E+000, -2.975167E+000, 1.884892E-001, 3.162059E+000, -3.595145E+000
5.861600E-002, 1.694845E+000, 4.099942E+000, 2.531979E+000, -2.822074E+000, 1.709304E-001, 3.142092E+000, -3.626863E+000
5.862400E-002, 1.566998E+000, 3.869387E+000, 2.587199E+000, -2.914380E+000, 1.614940E-001, 3.142092E+000, -3.648205E+000
5.863200E-002, 1.383864E+000, 3.692450E+000, 2.587199E+000, -3.015691E+000, 1.742749E-001, 3.137485E+000, -3.640541E+000
5.864000E-002, 1.174816E+000, 3.504789E+000, 2.561213E+000, -2.929014E+000, 1.802473E-001, 3.126615E+000, -3.639833E+000
5.864800E-002, 1.045241E+000, 3.474406E+000, 2.458894E+000, -2.727518E+000, 1.607773E-001, 3.123543E+000, -3.662001E+000
5.865600E-002, 1.021053E+000, 3.608449E+000, 2.385810E+000, -2.394317E+000, 1.493102E-001, 3.117163E+000, -3.676740E+000
5.866400E-002, 1.053879E+000, 3.751429E+000, 2.397179E+000, -1.955302E+000, 1.521770E-001, 3.109248E+000, -3.674264E+000
5.867200E-002, 1.067701E+000, 3.949813E+000, 2.473511E+000, -1.652495E+000, 1.352154E-001, 3.105349E+000, -3.674382E+000
5.868000E-002, 1.052152E+000, 3.853302E+000, 2.497873E+000, -1.605217E+000, 1.049950E-001, 3.089399E+000, -3.681810E+000
5.868800E-002, 9.674957E-001, 3.370745E+000, 2.363072E+000, -1.669380E+000, 8.934725E-002, 3.067424E+000, -3.687116E+000
5.869600E-002, 9.173932E-001, 3.168787E+000, 2.205534E+000, -1.617599E+000, 9.078062E-002, 3.062462E+000, -3.689593E+000
5.870400E-002, 1.046969E+000, 3.281383E+000, 2.145442E+000, -1.410474E+000, 9.651414E-002, 3.068015E+000, -3.694427E+000
5.871200E-002, 1.065973E+000, 3.247426E+000, 2.186045E+000, -1.268639E+000, 9.149732E-002, 3.069787E+000, -3.701384E+000
5.872000E-002, 9.001165E-001, 3.093722E+000, 2.296484E+000, -1.320420E+000, 8.229981E-002, 3.072386E+000, -3.705864E+000
5.872800E-002, 9.018442E-001, 2.981126E+000, 2.283491E+000, -1.399218E+000, 8.671939E-002, 3.075340E+000, -3.706690E+000
5.873600E-002, 8.534694E-001, 2.977551E+000, 2.080478E+000, -1.346311E+000, 9.973924E-002, 3.070732E+000, -3.715533E+000
5.874400E-002, 5.217566E-001, 3.011509E+000, 1.945677E+000, -1.124552E+000, 1.018893E-001, 3.058208E+000, -3.736993E+000
5.875200E-002, 3.386235E-001, 2.966828E+000, 2.023634E+000, -7.936029E-001, 9.090007E-002, 3.050175E+000, -3.750789E+000
5.876000E-002, 4.595605E-001, 2.993637E+000, 2.101592E+000, -6.022376E-001, 8.958615E-002, 3.054782E+000, -3.749492E+000
5.876800E-002, 6.133232E-001, 3.163425E+000, 2.026883E+000, -5.954836E-001, 1.014115E-001, 3.057027E+000, -3.748549E+000
5.877600E-002, 6.582426E-001, 3.229553E+000, 2.028507E+000, -4.829158E-001, 1.048755E-001, 3.050765E+000, -3.751261E+000
5.878400E-002, 6.115955E-001, 3.149127E+000, 2.197414E+000, -2.273869E-001, 1.012921E-001, 3.047457E+000, -3.760458E+000
5.879200E-002, 6.962513E-001, 3.086573E+000, 2.226648E+000, -6.303796E-002, 9.866421E-002, 3.040959E+000, -3.782743E+000
5.880000E-002, 9.277592E-001, 3.074063E+000, 2.129201E+000, -6.303796E-002, 8.958615E-002, 3.024301E+000, -3.803260E+000
5.880800E-002, 9.070272E-001, 3.097297E+000, 2.132449E+000, -1.789828E-001, 8.958615E-002, 3.009769E+000, -3.804439E+000
5.881600E-002, 6.392382E-001, 3.115169E+000, 2.173052E+000, -3.906102E-001, 1.150286E-001, 3.004098E+000, -3.797600E+000
5.882400E-002, 5.010245E-001, 2.975764E+000, 2.275371E+000, -6.765324E-001, 1.366487E-001, 2.998663E+000, -3.804203E+000
5.883200E-002, 5.234843E-001, 2.680869E+000, 2.382562E+000, -1.064891E+000, 1.362904E-001, 2.989920E+000, -3.819296E+000
5.884000E-002, 5.131183E-001, 2.570059E+000, 2.330590E+000, -1.526419E+000, 1.297207E-001, 2.987085E+000, -3.831913E+000
5.884800E-002, 2.954317E-001, 2.838146E+000, 2.255882E+000, -1.937292E+000, 1.165814E-001, 2.987912E+000, -3.849128E+000
5.885600E-002, 8.292820E-002, 3.104446E+000, 2.111336E+000, -2.335782E+000, 1.016504E-001, 2.984604E+000, -3.870470E+000
5.886400E-002, 2.228695E-001, 3.011509E+000, 1.789763E+000, -2.639715E+000, 9.866421E-002, 2.985431E+000, -3.884383E+000
5.887200E-002, 3.921813E-001, 2.847082E+000, 1.664707E+000, -2.675736E+000, 9.711138E-002, 2.991929E+000, -3.891340E+000
5.888000E-002, 3.610832E-001, 2.895338E+000, 1.828742E+000, -2.671234E+000, 9.866421E-002, 2.988384E+000, -3.897118E+000
5.888800E-002, 4.094580E-001, 2.929296E+000, 1.960294E+000, -2.742151E+000, 1.014115E-001, 2.969835E+000, -3.902188E+000
5.889600E-002, 4.267347E-001, 2.870317E+000, 1.981408E+000, -2.592436E+000, 9.149732E-002, 2.952586E+000, -3.905018E+000
5.890400E-002, 3.282575E-001, 2.902487E+000, 1.942429E+000, -2.227716E+000, 8.385263E-002, 2.952940E+000, -3.909145E+000
5.891200E-002, 4.198240E-001, 2.889976E+000, 1.835238E+000, -1.926035E+000, 8.241925E-002, 2.956721E+000, -3.920583E+000
5.892000E-002, 5.321226E-001, 2.729124E+000, 1.771898E+000, -1.624353E+000, 6.975774E-002, 2.945261E+000, -3.929662E+000
5.892800E-002, 4.405561E-001, 2.621890E+000, 1.864472E+000, -1.167328E+000, 5.363224E-002, 2.929311E+000, -3.927304E+000
5.893600E-002, 3.403512E-001, 2.602230E+000, 2.022010E+000, -7.429474E-001, 5.160162E-002, 2.918914E+000, -3.926714E+000
5.894400E-002, 2.090482E-001, 2.577208E+000, 2.135698E+000, -5.864782E-001, 6.127692E-002, 2.911708E+000, -3.931784E+000
5.895200E-002, 7.774519E-002, 2.503931E+000, 2.194165E+000, -5.785984E-001, 6.521871E-002, 2.902847E+000, -3.935675E+000
5.896000E-002, 1.071156E-001, 2.418144E+000, 2.158435E+000, -5.290686E-001, 5.649899E-002, 2.886897E+000, -3.941689E+000
5.896800E-002, 2.418739E-001, 2.518229E+000, 2.082102E+000, -5.459538E-001, 4.168742E-002, 2.872956E+000, -3.947585E+000
5.897600E-002, 4.215517E-001, 2.646911E+000, 2.150315E+000, -6.675270E-001, 3.141487E-002, 2.866694E+000, -3.950296E+000
5.898400E-002, 4.250070E-001, 2.484272E+000, 2.291612E+000, -7.024230E-001, 4.180687E-002, 2.857833E+000, -3.952773E+000
5.899200E-002, 2.384186E-001, 2.348441E+000, 2.244513E+000, -6.652756E-001, 5.984354E-002, 2.846018E+000, -3.962206E+000
5.900000E-002, 2.487846E-001, 2.527165E+000, 2.078854E+000, -6.877892E-001, 5.685734E-002, 2.833259E+000, -3.976001E+000
5.900800E-002, 2.833380E-001, 2.736273E+000, 2.022010E+000, -6.900405E-001, 4.849597E-002, 2.824988E+000, -3.971756E+000
5.901600E-002, 3.628109E-002, 2.636188E+000, 1.997649E+000, -6.224999E-001, 5.303500E-002, 2.830778E+000, -3.957607E+000
5.902400E-002, -7.428985E-002, 2.378824E+000, 1.913195E+000, -6.011120E-001, 4.897376E-002, 2.839284E+000, -3.965271E+000
5.903200E-002, 1.727671E-001, 2.421718E+000, 1.952174E+000, -6.348823E-001, 2.556191E-002, 2.836330E+000, -3.982251E+000
5.904000E-002, 3.386235E-001, 2.645124E+000, 2.091847E+000, -6.900405E-001, 1.182537E-002, 2.821917E+000, -3.985434E+000
5.904800E-002, 1.572181E-001, 2.702316E+000, 2.056117E+000, -8.048597E-001, 2.615915E-002, 2.805849E+000, -3.988972E+000
5.905600E-002, -1.122986E-001, 2.709465E+000, 1.970039E+000, -9.782141E-001, 4.276245E-002, 2.799351E+000, -3.997697E+000
5.906400E-002, -1.174816E-001, 2.713039E+000, 2.069109E+000, -1.133558E+000, 4.037349E-002, 2.795452E+000, -3.999112E+000
5.907200E-002, 3.628109E-002, 2.730911E+000, 2.176300E+000, -1.192093E+000, 3.260935E-002, 2.788009E+000, -3.996754E+000
5.908000E-002, 1.744948E-001, 2.859593E+000, 2.130825E+000, -1.219109E+000, 2.902591E-002, 2.784701E+000, -3.997697E+000
5.908800E-002, 3.921813E-001, 2.909636E+000, 2.036627E+000, -1.417228E+000, 2.890646E-002, 2.781983E+000, -4.008427E+000
5.909600E-002, 4.180964E-001, 2.729124E+000, 1.981408E+000, -1.756058E+000, 3.487887E-002, 2.773595E+000, -4.021280E+000
5.910400E-002, 8.292820E-002, 2.539676E+000, 1.939181E+000, -1.922658E+000, 4.073183E-002, 2.769223E+000, -4.022695E+000
5.911200E-002, -4.837478E-002, 2.537889E+000, 1.882337E+000, -1.887762E+000, 3.667060E-002, 2.780329E+000, -4.026822E+000
5.912000E-002, 1.261200E-001, 2.662996E+000, 1.775146E+000, -1.887762E+000, 2.783143E-002, 2.791080E+000, -4.044744E+000
5.912800E-002, 4.837478E-002, 2.809550E+000, 1.664707E+000, -1.839358E+000, 2.520357E-002, 2.781038E+000, -4.052409E+000
5.913600E-002, -1.727671E-001, 2.788103E+000, 1.684197E+000, -1.664878E+000, 2.388964E-002, 2.765088E+000, -4.040499E+000
5.914400E-002, -1.071156E-001, 2.469974E+000, 1.783267E+000, -1.570321E+000, 1.254206E-002, 2.760835E+000, -4.033660E+000
5.915200E-002, 1.537627E-001, 2.253717E+000, 1.893706E+000, -1.499403E+000, -2.866757E-003, 2.759654E+000, -4.037787E+000
5.916000E-002, 3.213468E-001, 2.398484E+000, 2.030131E+000, -1.383458E+000, -1.242261E-002, 2.748902E+000, -4.043329E+000
5.916800E-002, 2.228695E-001, 2.461037E+000, 2.069109E+000, -1.400343E+000, -1.958950E-002, 2.738387E+000, -4.048517E+000
5.917600E-002, 6.737916E-002, 2.285887E+000, 1.953798E+000, -1.427360E+000, -2.484522E-002, 2.739569E+000, -4.048517E+000
5.918400E-002, 1.917715E-001, 2.280525E+000, 1.846607E+000, -1.292278E+000, -2.341185E-002, 2.734961E+000, -4.047574E+000
5.919200E-002, 4.077303E-001, 2.477123E+000, 1.814125E+000, -1.167328E+000, -2.030619E-002, 2.718184E+000, -4.051583E+000
5.920000E-002, 3.714492E-001, 2.600443E+000, 1.896954E+000, -1.258508E+000, -2.126178E-002, 2.711568E+000, -4.053823E+000
5.920800E-002, 1.330307E-001, 2.664783E+000, 2.195790E+000, -1.426234E+000, -2.759253E-002, 2.716885E+000, -4.049579E+000
5.921600E-002, -5.355780E-002, 2.777380E+000, 2.371193E+000, -1.324923E+000, -3.726783E-002, 2.714758E+000, -4.042858E+000
5.922400E-002, 8.983888E-002, 2.825635E+000, 2.091847E+000, -1.011984E+000, -4.180687E-002, 2.703771E+000, -4.043683E+000
5.923200E-002, 4.371007E-001, 2.689805E+000, 1.911571E+000, -7.643353E-001, -4.192632E-002, 2.694083E+000, -4.053234E+000
5.924000E-002, 4.094580E-001, 2.523591E+000, 2.145442E+000, -5.470794E-001, -3.774563E-002, 2.684749E+000, -4.059365E+000
5.924800E-002, 6.219615E-002, 2.598655E+000, 2.099967E+000, -3.286979E-001, -3.057874E-002, 2.678369E+000, -4.059719E+000
5.925600E-002, -1.036603E-002, 2.804188E+000, 1.742664E+000, -1.103164E-001, -3.714839E-002, 2.680259E+000, -4.059365E+000
5.926400E-002, 1.986821E-001, 2.772018E+000, 1.783267E+000, 2.161302E-001, -4.718203E-002, 2.678251E+000, -4.050522E+000
5.927200E-002, 2.660613E-001, 2.632613E+000, 2.096719E+000, 4.919212E-001, -3.965680E-002, 2.664428E+000, -4.036490E+000
5.928000E-002, 1.762224E-001, 2.625464E+000, 2.132449E+000, 6.348823E-001, -2.878702E-002, 2.658875E+000, -4.032363E+000
5.928800E-002, 2.107759E-001, 2.518229E+000, 1.932685E+000, 7.699637E-001, -2.783143E-002, 2.668799E+000, -4.033307E+000
5.929600E-002, 3.351682E-001, 2.310909E+000, 1.857976E+000, 7.519528E-001, -2.974260E-002, 2.664783E+000, -4.028355E+000
5.930400E-002, 3.213468E-001, 2.343079E+000, 1.922940E+000, 4.626536E-001, -3.679004E-002, 2.649187E+000, -4.021044E+000
5.931200E-002, 1.779501E-001, 2.553974E+000, 1.903451E+000, 9.343126E-002, -5.769348E-002, 2.650487E+000, -4.012436E+000
5.932000E-002, 7.428985E-002, 2.612953E+000, 1.771898E+000, -1.879882E-001, -7.620794E-002, 2.653322E+000, -4.007484E+000
5.932800E-002, 1.330307E-001, 2.630826E+000, 1.622481E+000, -4.232549E-001, -6.677154E-002, 2.647061E+000, -4.015148E+000
5.933600E-002, 2.591506E-001, 2.879253E+000, 1.684197E+000, -7.485758E-001, -4.491252E-002, 2.651905E+000, -4.024581E+000
5.934400E-002, 2.798827E-001, 3.000786E+000, 2.012266E+000, -1.162825E+000, -4.347914E-002, 2.661120E+000, -4.026350E+000
5.935200E-002, 2.764273E-001, 2.682656E+000, 2.083726E+000, -1.564692E+000, -5.972410E-002, 2.661474E+000, -4.024228E+000
5.936000E-002, 3.818153E-001, 2.437803E+000, 1.758905E+000, -1.883259E+000, -6.904105E-002, 2.660529E+000, -4.020926E+000
5.936800E-002, 4.802925E-001, 2.587932E+000, 1.663083E+000, -2.052111E+000, -6.497981E-002, 2.663837E+000, -4.016445E+000
5.937600E-002, 4.733818E-001, 2.709465E+000, 1.825494E+000, -2.088132E+000, -5.470727E-002, 2.676243E+000, -4.008545E+000
5.938400E-002, 4.077303E-001, 2.541463E+000, 1.728047E+000, -2.135411E+000, -3.667060E-002, 2.687348E+000, -4.002768E+000
5.939200E-002, 3.368958E-001, 2.362739E+000, 1.477935E+000, -2.200700E+000, -1.755888E-002, 2.675297E+000, -4.002296E+000
5.940000E-002, 2.954317E-001, 2.428867E+000, 1.430836E+000, -2.148919E+000, -1.600606E-002, 2.656512E+000, -3.997344E+000
5.940800E-002, 3.109808E-001, 2.696954E+000, 1.617608E+000, -2.063368E+000, -2.759253E-002, 2.653322E+000, -3.986731E+000
5.941600E-002, 3.299851E-001, 2.864955E+000, 1.775146E+000, -2.162427E+000, -3.798452E-002, 2.651786E+000, -3.980600E+000
5.942400E-002, 3.697216E-001, 2.766656E+000, 1.724799E+000, -2.332405E+000, -4.777928E-002, 2.645643E+000, -3.976001E+000
5.943200E-002, 5.632207E-001, 2.741635E+000, 1.711806E+000, -2.280623E+000, -4.969045E-002, 2.637845E+000, -3.961262E+000
5.944000E-002, 7.221664E-001, 2.856019E+000, 1.879089E+000, -2.103892E+000, -4.288190E-002, 2.623313E+000, -3.944047E+000
5.944800E-002, 6.357829E-001, 2.734486E+000, 1.976535E+000, -2.041980E+000, -4.777928E-002, 2.603701E+000, -3.939920E+000
5.945600E-002, 5.597653E-001, 2.655847E+000, 1.900203E+000, -1.972188E+000, -6.103802E-002, 2.585625E+000, -3.942986E+000
5.946400E-002, 5.804974E-001, 2.940019E+000, 1.812501E+000, -1.731293E+000, -6.175471E-002, 2.576055E+000, -3.945698E+000
5.947200E-002, 4.923862E-001, 3.004360E+000, 1.747537E+000, -1.429611E+000, -5.363224E-002, 2.575582E+000, -3.947938E+000
5.948000E-002, 4.042750E-001, 2.682656E+000, 1.695565E+000, -1.174082E+000, -5.303500E-002, 2.576764E+000, -3.942986E+000
5.948800E-002, 4.975692E-001, 2.570059E+000, 1.741040E+000, -9.433181E-001, -6.677154E-002, 2.572510E+000, -3.936265E+000
5.949600E-002, 6.271445E-001, 2.734486E+000, 1.806004E+000, -6.652756E-001, -8.289704E-002, 2.562350E+000, -3.933317E+000
5.950400E-002, 6.789746E-001, 2.836359E+000, 1.789763E+000, -3.208182E-001, -8.851111E-002, 2.550890E+000, -3.923177E+000
5.951200E-002, 7.809072E-001, 2.807763E+000, 1.789763E+000, -5.515822E-002, -8.588325E-002, 2.540257E+000, -3.906787E+000
5.952000E-002, 8.569248E-001, 2.716614E+000, 1.825494E+000, 2.251356E-003, -7.799967E-002, 2.535531E+000, -3.894406E+000
5.952800E-002, 7.601752E-001, 2.591506E+000, 1.840111E+000, -9.905966E-002, -7.262450E-002, 2.535531E+000, -3.886152E+000
5.953600E-002, 7.411708E-001, 2.562910E+000, 1.853104E+000, -2.971790E-001, -7.596905E-002, 2.537894E+000, -3.879077E+000
5.954400E-002, 8.983889E-001, 2.734486E+000, 1.867720E+000, -6.134945E-001, -7.847746E-002, 2.547463E+000, -3.872592E+000
5.955200E-002, 8.932058E-001, 2.943594E+000, 1.866096E+000, -9.928479E-001, -7.692464E-002, 2.549354E+000, -3.863277E+000
5.956000E-002, 6.340552E-001, 2.977551E+000, 1.817373E+000, -1.364322E+000, -7.441622E-002, 2.531986E+000, -3.852429E+000
5.956800E-002, 4.388284E-001, 2.977551E+000, 1.812501E+000, -1.776320E+000, -7.083277E-002, 2.523598E+000, -3.844765E+000
5.957600E-002, 5.096629E-001, 3.113382E+000, 1.931060E+000, -2.120777E+000, -6.366589E-002, 2.536240E+000, -3.837690E+000
5.958400E-002, 6.185062E-001, 3.091935E+000, 1.926188E+000, -2.192821E+000, -5.518506E-002, 2.542619E+000, -3.835686E+000
5.959200E-002, 5.684037E-001, 2.768444E+000, 1.693941E+000, -2.168056E+000, -5.626010E-002, 2.535058E+000, -3.835450E+000
5.960000E-002, 5.977741E-001, 2.595081E+000, 1.578630E+000, -2.258110E+000, -5.924630E-002, 2.539193E+000, -3.824013E+000
5.960800E-002, 8.949335E-001, 2.780954E+000, 1.741040E+000, -2.289629E+000, -5.554341E-002, 2.558333E+000, -3.815876E+000
5.961600E-002, 1.135080E+000, 3.072275E+000, 1.913195E+000, -2.175935E+000, -5.661844E-002, 2.564949E+000, -3.824720E+000
5.962400E-002, 1.029692E+000, 3.293894E+000, 1.831990E+000, -2.072373E+000, -5.733513E-002, 2.558805E+000, -3.831323E+000
5.963200E-002, 9.260316E-001, 3.327852E+000, 1.585126E+000, -2.019466E+000, -4.945155E-002, 2.561523E+000, -3.816466E+000
5.964000E-002, 1.069428E+000, 3.183085E+000, 1.557516E+000, -1.910275E+000, -4.300135E-002, 2.567312E+000, -3.794888E+000
5.964800E-002, 1.114348E+000, 3.054403E+000, 1.736168E+000, -1.813467E+000, -3.882066E-002, 2.565422E+000, -3.790761E+000
5.965600E-002, 1.072884E+000, 3.106233E+000, 1.853104E+000, -1.870877E+000, -3.356494E-002, 2.562468E+000, -3.793355E+000
5.966400E-002, 1.140263E+000, 3.322490E+000, 2.095095E+000, -1.913652E+000, -3.225101E-002, 2.569084E+000, -3.783922E+000
5.967200E-002, 1.116075E+000, 3.326064E+000, 2.340335E+000, -1.849489E+000, -2.974260E-002, 2.581253E+000, -3.770480E+000
5.968000E-002, 1.088433E+000, 3.036530E+000, 2.150315E+000, -1.830352E+000, -2.627860E-002, 2.579127E+000, -3.761283E+000
5.968800E-002, 1.219736E+000, 2.977551E+000, 1.851479E+000, -1.862997E+000, -3.010094E-002, 2.569439E+000, -3.752322E+000
5.969600E-002, 1.257744E+000, 3.197383E+000, 1.859600E+000, -1.859620E+000, -2.424798E-002, 2.569793E+000, -3.743714E+000
5.970400E-002, 1.326851E+000, 3.284958E+000, 1.848231E+000, -1.787576E+000, 1.075034E-003, 2.561523E+000, -3.737347E+000
5.971200E-002, 1.615372E+000, 3.238489E+000, 1.672828E+000, -1.592834E+000, 1.433378E-002, 2.545928E+000, -3.737583E+000
5.972000E-002, 1.700028E+000, 3.274234E+000, 1.690693E+000, -1.290027E+000, 3.105653E-003, 2.552071E+000, -3.745365E+000
5.972800E-002, 1.551448E+000, 3.433299E+000, 1.885586E+000, -1.070520E+000, -9.316958E-003, 2.563059E+000, -3.743361E+000
5.973600E-002, 1.599823E+000, 3.522661E+000, 1.989528E+000, -1.061514E+000, -1.397544E-002, 2.560105E+000, -3.723433E+000
5.974400E-002, 1.648198E+000, 3.352873E+000, 1.983032E+000, -1.075022E+000, -7.405788E-003, 2.560460E+000, -3.708694E+000
5.975200E-002, 1.468520E+000, 3.181297E+000, 1.887210E+000, -8.678976E-001, 7.166891E-003, 2.554670E+000, -3.710463E+000
5.976000E-002, 1.332034E+000, 3.270660E+000, 1.745913E+000, -5.842268E-001, 4.419583E-003, 2.527851E+000, -3.714118E+000
5.976800E-002, 1.326851E+000, 3.343937E+000, 1.651714E+000, -5.932323E-001, -1.122813E-002, 2.510602E+000, -3.716830E+000
5.977600E-002, 1.408052E+000, 3.193808E+000, 1.643594E+000, -7.767177E-001, -7.883580E-003, 2.519463E+000, -3.719542E+000
5.978400E-002, 1.494435E+000, 3.095510E+000, 1.724799E+000, -7.587069E-001, 1.170592E-002, 2.526197E+000, -3.714708E+000
5.979200E-002, 1.451244E+000, 3.256362E+000, 1.742664E+000, -6.607729E-001, 2.329240E-002, 2.523362E+000, -3.708694E+000
5.980000E-002, 1.416690E+000, 3.460108E+000, 1.567261E+000, -7.294393E-001, 2.795088E-002, 2.525134E+000, -3.706454E+000
5.980800E-002, 1.454699E+000, 3.531598E+000, 1.442205E+000, -7.958543E-001, 3.344549E-002, 2.529860E+000, -3.699143E+000
5.981600E-002, 1.404596E+000, 3.606662E+000, 1.591623E+000, -7.170568E-001, 3.344549E-002, 2.534585E+000, -3.688060E+000
5.982400E-002, 1.420146E+000, 3.665641E+000, 1.767026E+000, -6.438878E-001, 3.284825E-002, 2.536358E+000, -3.681574E+000
5.983200E-002, 1.644743E+000, 3.508363E+000, 1.804380E+000, -6.405107E-001, 4.562921E-002, 2.527969E+000, -3.679334E+000
5.984000E-002, 1.757041E+000, 3.277809E+000, 1.833614E+000, -7.204338E-001, 6.163527E-002, 2.514383E+000, -3.675207E+000
5.984800E-002, 1.644743E+000, 3.204532E+000, 1.744288E+000, -9.511978E-001, 6.557706E-002, 2.510720E+000, -3.666600E+000
5.985600E-002, 1.482342E+000, 3.254575E+000, 1.515290E+000, -1.166202E+000, 6.999664E-002, 2.516864E+000, -3.652096E+000
5.986400E-002, 1.268110E+000, 3.283170E+000, 1.481184E+000, -1.285524E+000, 8.564436E-002, 2.516509E+000, -3.642192E+000
5.987200E-002, 1.133352E+000, 3.202744E+000, 1.745913E+000, -1.498277E+000, 9.615579E-002, 2.512374E+000, -3.653158E+000
5.988000E-002, 1.254289E+000, 3.165212E+000, 1.965167E+000, -1.759435E+000, 9.782807E-002, 2.512729E+000, -3.666128E+000
5.988800E-002, 1.418418E+000, 3.240277E+000, 1.815749E+000, -2.013838E+000, 1.095340E-001, 2.510956E+000, -3.659053E+000
5.989600E-002, 1.414962E+000, 3.267085E+000, 1.572133E+000, -2.470863E+000, 1.221955E-001, 2.508239E+000, -3.650446E+000
5.990400E-002, 1.475431E+000, 3.374320E+000, 1.611112E+000, -3.003309E+000, 1.172981E-001, 2.504931E+000, -3.650328E+000
5.991200E-002, 1.744948E+000, 3.599513E+000, 1.731296E+000, -3.203679E+000, 1.170592E-001, 2.503513E+000, -3.647144E+000
5.992000E-002, 1.945357E+000, 3.490491E+000, 1.820621E+000, -3.095614E+000, 1.360515E-001, 2.506703E+000, -3.644432E+000
5.992800E-002, 1.928081E+000, 3.124105E+000, 1.895330E+000, -3.007811E+000, 1.470407E-001, 2.499614E+000, -3.649031E+000
5.993600E-002, 1.701756E+000, 3.127680E+000, 1.698814E+000, -2.970664E+000, 1.470407E-001, 2.484846E+000, -3.653040E+000
5.994400E-002, 1.402869E+000, 3.479767E+000, 1.477935E+000, -2.789430E+000, 1.569549E-001, 2.477757E+000, -3.646437E+000
5.995200E-002, 1.337217E+000, 3.644194E+000, 1.674452E+000, -2.491125E+000, 1.659135E-001, 2.471732E+000, -3.629693E+000
5.996000E-002, 1.482342E+000, 3.536959E+000, 1.888834E+000, -2.193946E+000, 1.640024E-001, 2.460744E+000, -3.623090E+000
5.996800E-002, 1.528989E+000, 3.479767E+000, 1.817373E+000, -1.847237E+000, 1.704526E-001, 2.458736E+000, -3.635471E+000
5.997600E-002, 1.430511E+000, 3.515512E+000, 1.744288E+000, -1.498277E+000, 1.855030E-001, 2.463225E+000, -3.639008E+000
5.998400E-002, 1.408052E+000, 3.483342E+000, 1.641970E+000, -1.239371E+000, 1.917143E-001, 2.455900E+000, -3.625330E+000
5.999200E-002, 1.511712E+000, 3.411852E+000, 1.525034E+000, -8.926626E-001, 1.924310E-001, 2.448812E+000, -3.617548E+000
6.000000E-002, 1.565270E+000, 3.420788E+000, 1.687445E+000, -3.725994E-001, 1.956561E-001, 2.456255E+000, -3.611181E+000
6.000800E-002, 1.465065E+000, 3.536959E+000, 1.906699E+000, 6.754067E-003, 1.960145E-001, 2.464407E+000, -3.595616E+000
6.001600E-002, 1.283659E+000, 3.587002E+000, 1.781643E+000, 1.384584E-001, 1.942228E-001, 2.467833E+000, -3.587009E+000
6.002400E-002, 1.257744E+000, 3.504789E+000, 1.481184E+000, 2.093761E-001, 2.052120E-001, 2.470314E+000, -3.592197E+000
6.003200E-002, 1.399413E+000, 3.501215E+000, 1.375617E+000, 1.542179E-001, 2.293405E-001, 2.474804E+000, -3.594555E+000
6.004000E-002, 1.390775E+000, 3.515512E+000, 1.495800E+000, 5.403254E-002, 2.454660E-001, 2.489926E+000, -3.584415E+000
6.004800E-002, 1.261200E+000, 3.427937E+000, 1.651714E+000, 1.620976E-001, 2.526329E-001, 2.506939E+000, -3.573095E+000
6.005600E-002, 1.328579E+000, 3.447597E+000, 1.672828E+000, 2.825451E-001, 2.701918E-001, 2.507412E+000, -3.569440E+000
6.006400E-002, 1.456427E+000, 3.465469E+000, 1.570509E+000, 2.071247E-001, 2.977843E-001, 2.500441E+000, -3.570029E+000
6.007200E-002, 1.332034E+000, 3.281383E+000, 1.560765E+000, 8.892855E-002, 3.152238E-001, 2.500796E+000, -3.570619E+000
6.008000E-002, 1.221463E+000, 3.208106E+000, 1.653339E+000, 5.628389E-003, 3.276464E-001, 2.502213E+000, -3.572742E+000
6.008800E-002, 1.332034E+000, 3.351086E+000, 1.687445E+000, -1.181962E-001, 3.539250E-001, 2.504340E+000, -3.579698E+000
6.009600E-002, 1.354494E+000, 3.447597E+000, 1.723175E+000, -2.847965E-001, 3.770979E-001, 2.510720E+000, -3.581703E+000
6.010400E-002, 1.160995E+000, 3.547683E+000, 1.723175E+000, -4.311346E-001, 3.828315E-001, 2.510602E+000, -3.574982E+000
6.011200E-002, 1.055607E+000, 3.669215E+000, 1.612736E+000, -6.022376E-001, 3.913123E-001, 2.501623E+000, -3.576043E+000
6.012000E-002, 1.133352E+000, 3.576279E+000, 1.560765E+000, -8.724003E-001, 4.064822E-001, 2.491817E+000, -3.579109E+000
6.012800E-002, 1.093616E+000, 3.356447E+000, 1.538027E+000, -1.102039E+000, 4.178298E-001, 2.483192E+000, -3.559535E+000
6.013600E-002, 9.225762E-001, 3.311766E+000, 1.520162E+000, -1.183087E+000, 4.254745E-001, 2.478584E+000, -3.531354E+000
6.014400E-002, 1.007232E+000, 3.533385E+000, 1.762154E+000, -1.284398E+000, 4.310885E-001, 2.475040E+000, -3.522275E+000
6.015200E-002, 1.342400E+000, 3.733556E+000, 2.022010E+000, -1.533173E+000, 4.460196E-001, 2.468188E+000, -3.523218E+000
6.016000E-002, 1.471976E+000, 3.563768E+000, 1.872593E+000, -1.765063E+000, 4.754038E-001, 2.467597E+000, -3.513314E+000
6.016800E-002, 1.266383E+000, 3.243851E+000, 1.702062E+000, -1.835981E+000, 4.959489E-001, 2.475631E+000, -3.497514E+000
6.017600E-002, 1.057335E+000, 3.197383E+000, 1.869344E+000, -1.941794E+000, 4.985768E-001, 2.477167E+000, -3.493858E+000
6.018400E-002, 9.709510E-001, 3.259936E+000, 1.939181E+000, -2.172558E+000, 5.062214E-001, 2.466652E+000, -3.502702E+000
6.019200E-002, 9.277592E-001, 3.181297E+000, 1.760530E+000, -2.270492E+000, 5.223469E-001, 2.455782E+000, -3.504588E+000
6.020000E-002, 9.398530E-001, 3.097297E+000, 1.685821E+000, -2.238973E+000, 5.365613E-001, 2.456137E+000, -3.494094E+000
6.020800E-002, 9.571297E-001, 3.050828E+000, 1.702062E+000, -2.262613E+000, 5.557925E-001, 2.461571E+000, -3.489377E+000
6.021600E-002, 1.005504E+000, 3.007935E+000, 1.723175E+000, -2.233345E+000, 5.722763E-001, 2.457200E+000, -3.493622E+000
6.022400E-002, 1.174816E+000, 3.108020E+000, 1.866096E+000, -2.043105E+000, 5.756208E-001, 2.448457E+000, -3.490439E+000
6.023200E-002, 1.216280E+000, 3.309979E+000, 1.965167E+000, -1.779697E+000, 5.811154E-001, 2.447985E+000, -3.484307E+000
6.024000E-002, 1.027964E+000, 3.356447E+000, 1.814125E+000, -1.501654E+000, 5.891185E-001, 2.447866E+000, -3.491736E+000
6.024800E-002, 9.692234E-001, 3.156276E+000, 1.758905E+000, -1.221360E+000, 5.937769E-001, 2.439005E+000, -3.494802E+000
6.025600E-002, 1.050424E+000, 2.957892E+000, 1.989528E+000, -9.264329E-001, 6.059607E-001, 2.430263E+000, -3.474049E+000
6.026400E-002, 1.071156E+000, 3.079424E+000, 1.989528E+000, -5.954836E-001, 6.228029E-001, 2.425655E+000, -3.453296E+000
6.027200E-002, 1.109165E+000, 3.345724E+000, 1.695565E+000, -2.116274E-001, 6.345088E-001, 2.421283E+000, -3.451292E+000
6.028000E-002, 1.141990E+000, 3.335001E+000, 1.598119E+000, 1.395841E-001, 6.441841E-001, 2.420811E+000, -3.457423E+000
6.028800E-002, 1.131624E+000, 3.188446E+000, 1.721551E+000, 2.656600E-001, 6.581596E-001, 2.420693E+000, -3.458131E+000
6.029600E-002, 1.188638E+000, 3.136616E+000, 1.890458E+000, 1.891139E-001, 6.773907E-001, 2.412777E+000, -3.446575E+000
6.030400E-002, 1.190365E+000, 3.047254E+000, 1.890458E+000, 1.181962E-001, 6.908883E-001, 2.406752E+000, -3.433959E+000
6.031200E-002, 9.519467E-001, 2.979339E+000, 1.677700E+000, 1.238246E-002, 6.976969E-001, 2.407342E+000, -3.435727E+000
6.032000E-002, 6.789746E-001, 3.009722E+000, 1.656587E+000, -3.151898E-001, 7.132251E-001, 2.404861E+000, -3.441623E+000
6.032800E-002, 6.081402E-001, 2.931083E+000, 1.794636E+000, -7.665867E-001, 7.299479E-001, 2.395646E+000, -3.426884E+000
6.033600E-002, 6.703363E-001, 2.827423E+000, 1.788139E+000, -1.134683E+000, 7.385482E-001, 2.383713E+000, -3.400000E+000
6.034400E-002, 7.446262E-001, 2.995424E+000, 1.781643E+000, -1.456627E+000, 7.497763E-001, 2.376388E+000, -3.391746E+000
6.035200E-002, 8.206437E-001, 3.284958E+000, 1.778395E+000, -1.868625E+000, 7.674546E-001, 2.372135E+000, -3.391628E+000
6.036000E-002, 9.277592E-001, 3.276021E+000, 1.736168E+000, -2.320022E+000, 7.853718E-001, 2.367409E+000, -3.378422E+000
6.036800E-002, 9.433083E-001, 3.027594E+000, 1.780019E+000, -2.639715E+000, 8.003029E-001, 2.369890E+000, -3.371701E+000
6.037600E-002, 8.431034E-001, 2.938232E+000, 1.708558E+000, -2.865976E+000, 8.172645E-001, 2.371308E+000, -3.378776E+000
6.038400E-002, 7.930009E-001, 3.065126E+000, 1.492552E+000, -3.074226E+000, 8.243120E-001, 2.353468E+000, -3.381606E+000
6.039200E-002, 7.031620E-001, 3.215255E+000, 1.489304E+000, -3.184543E+000, 8.161895E-001, 2.321214E+000, -3.377832E+000
6.040000E-002, 5.165736E-001, 3.279596E+000, 1.633849E+000, -3.279100E+000, 8.224008E-001, 2.295813E+000, -3.362976E+000
6.040800E-002, 4.129134E-001, 3.249213E+000, 1.663083E+000, -3.334258E+000, 8.372124E-001, 2.291795E+000, -3.340219E+000
6.041600E-002, 3.697216E-001, 3.183085E+000, 1.638722E+000, -3.193548E+000, 8.349429E-001, 2.293804E+000, -3.331964E+000
6.042400E-002, 4.595605E-001, 3.049041E+000, 1.637098E+000, -3.047210E+000, 8.358985E-001, 2.279863E+000, -3.333733E+000
6.043200E-002, 7.428985E-001, 2.888189E+000, 1.715055E+000, -2.959407E+000, 8.483211E-001, 2.257651E+000, -3.329842E+000
6.044000E-002, 8.431034E-001, 2.895338E+000, 1.856352E+000, -2.692621E+000, 8.525017E-001, 2.240402E+000, -3.327366E+000
6.044800E-002, 7.308048E-001, 2.975764E+000, 1.908323E+000, -2.339159E+000, 8.539351E-001, 2.228706E+000, -3.332672E+000
6.045600E-002, 7.342601E-001, 2.947168E+000, 1.932685E+000, -2.183815E+000, 8.571602E-001, 2.216655E+000, -3.335856E+000
6.046400E-002, 7.152557E-001, 2.932870E+000, 1.963543E+000, -2.143291E+000, 8.553685E-001, 2.198815E+000, -3.324772E+000
6.047200E-002, 5.148459E-001, 2.993637E+000, 1.815749E+000, -1.978942E+000, 8.607436E-001, 2.184637E+000, -3.310269E+000
6.048000E-002, 2.937040E-001, 3.084786E+000, 1.661459E+000, -1.731293E+000, 8.716134E-001, 2.183928E+000, -3.305316E+000
6.048800E-002, 2.746997E-001, 3.147340E+000, 1.723175E+000, -1.422857E+000, 8.731663E-001, 2.185819E+000, -3.294233E+000
6.049600E-002, 4.405561E-001, 3.125893E+000, 1.776771E+000, -9.511978E-001, 8.736441E-001, 2.181093E+000, -3.275131E+000
6.050400E-002, 3.576279E-001, 3.061552E+000, 1.762154E+000, -5.527079E-001, 8.857083E-001, 2.177667E+000, -3.271594E+000
6.051200E-002, -3.282575E-002, 3.018658E+000, 1.775146E+000, -4.581509E-001, 9.075674E-001, 2.179203E+000, -3.274541E+000
6.052000E-002, -1.174816E-001, 2.911423E+000, 1.752409E+000, -3.680967E-001, 9.232151E-001, 2.186882E+000, -3.255793E+000
6.052800E-002, 2.297802E-001, 2.709465E+000, 1.734544E+000, -1.924909E-001, 9.220206E-001, 2.199169E+000, -3.235159E+000
6.053600E-002, 4.060026E-001, 2.698741E+000, 1.755657E+000, -3.163155E-001, 9.252457E-001, 2.200705E+000, -3.241408E+000
6.054400E-002, 1.831331E-001, 2.918572E+000, 1.729671E+000, -6.315053E-001, 9.437602E-001, 2.191844E+000, -3.251549E+000
6.055200E-002, 6.392382E-002, 3.002573E+000, 1.685821E+000, -7.406961E-001, 9.567800E-001, 2.187473E+000, -3.242233E+000
6.056000E-002, 3.092531E-001, 2.911423E+000, 1.690693E+000, -8.656463E-001, 9.693221E-001, 2.183338E+000, -3.232093E+000
6.056800E-002, 5.321226E-001, 2.838146E+000, 1.737792E+000, -1.238246E+000, 9.961979E-001, 2.178493E+000, -3.237163E+000
6.057600E-002, 4.992969E-001, 2.820274E+000, 1.732920E+000, -1.559064E+000, 1.015787E+000, 2.183810E+000, -3.243059E+000
6.058400E-002, 3.524449E-001, 2.859593E+000, 1.666331E+000, -1.757183E+000, 1.015787E+000, 2.186646E+000, -3.236338E+000
6.059200E-002, 2.004098E-001, 2.841721E+000, 1.799508E+000, -2.002581E+000, 1.017460E+000, 2.179203E+000, -3.225490E+000
6.060000E-002, 8.465587E-002, 2.682656E+000, 1.978160E+000, -2.134285E+000, 1.026179E+000, 2.178375E+000, -3.221835E+000
6.060800E-002, 8.638354E-003, 2.562910E+000, 1.741040E+000, -2.016089E+000, 1.028927E+000, 2.176603E+000, -3.219005E+000
6.061600E-002, -8.811121E-002, 2.698741E+000, 1.487680E+000, -1.832604E+000, 1.029285E+000, 2.165143E+000, -3.205563E+000
6.062400E-002, -1.002049E-001, 3.007935E+000, 1.689069E+000, -1.747052E+000, 1.029046E+000, 2.155573E+000, -3.190470E+000
6.063200E-002, 1.209370E-002, 3.165212E+000, 1.885586E+000, -1.732418E+000, 1.024268E+000, 2.148484E+000, -3.188230E+000
6.064000E-002, 7.256217E-002, 3.061552E+000, 1.812501E+000, -1.743675E+000, 1.024029E+000, 2.146831E+000, -3.191177E+000
6.064800E-002, 1.278476E-001, 2.877466E+000, 1.783267E+000, -1.744801E+000, 1.025224E+000, 2.146949E+000, -3.186107E+000
6.065600E-002, 1.744948E-001, 2.725550E+000, 1.825494E+000, -1.724539E+000, 1.017938E+000, 2.131826E+000, -3.183395E+000
6.066400E-002, 1.641287E-001, 2.596868E+000, 1.771898E+000, -1.817970E+000, 1.012682E+000, 2.112686E+000, -3.187994E+000
6.067200E-002, 2.591506E-001, 2.505718E+000, 1.786515E+000, -2.032974E+000, 1.020924E+000, 2.107015E+000, -3.176203E+000
6.068000E-002, 2.816103E-001, 2.525378E+000, 1.911571E+000, -2.232219E+000, 1.032869E+000, 2.099572E+000, -3.151677E+000
6.068800E-002, 8.120053E-002, 2.612953E+000, 1.869344E+000, -2.398820E+000, 1.026538E+000, 2.082205E+000, -3.143777E+000
6.069600E-002, -7.947286E-002, 2.650486E+000, 1.713430E+000, -2.442721E+000, 1.007068E+000, 2.069917E+000, -3.149201E+000
6.070400E-002, -1.330307E-001, 2.718401E+000, 1.700438E+000, -2.278372E+000, 1.002051E+000, 2.065192E+000, -3.152384E+000
6.071200E-002, -1.416690E-001, 2.864955E+000, 1.788139E+000, -2.105018E+000, 1.009934E+000, 2.053731E+000, -3.145899E+000
6.072000E-002, -8.983888E-002, 2.954317E+000, 1.944053E+000, -2.025095E+000, 1.015787E+000, 2.032347E+000, -3.127858E+000
6.072800E-002, -8.120053E-002, 2.963253E+000, 2.179549E+000, -1.788702E+000, 1.017699E+000, 2.011790E+000, -3.114417E+000
6.073600E-002, -1.071156E-001, 2.981126E+000, 2.145442E+000, -1.302409E+000, 1.013637E+000, 2.002338E+000, -3.107813E+000
6.074400E-002, -8.292820E-002, 2.936445E+000, 1.812501E+000, -8.172421E-001, 1.006590E+000, 2.005055E+000, -3.097673E+000
6.075200E-002, -6.910683E-002, 2.745209E+000, 1.723175E+000, -5.639646E-001, 1.008979E+000, 2.005646E+000, -3.094371E+000
6.076000E-002, -1.727671E-003, 2.646911E+000, 1.835238E+000, -5.166861E-001, 1.021521E+000, 1.992296E+000, -3.097319E+000
6.076800E-002, 1.451243E-001, 2.836359E+000, 1.853104E+000, -4.491455E-001, 1.025941E+000, 1.973629E+000, -3.089773E+000
6.077600E-002, 1.140263E-001, 3.034743E+000, 2.005769E+000, -3.984900E-001, 1.019013E+000, 1.961696E+000, -3.076213E+000
6.078400E-002, -8.638354E-002, 2.931083E+000, 2.190917E+000, -5.504565E-001, 1.017938E+000, 1.956734E+000, -3.070671E+000
6.079200E-002, -1.762224E-001, 2.748784E+000, 2.121081E+000, -7.857231E-001, 1.023910E+000, 1.950354E+000, -3.068431E+000
6.080000E-002, -1.831331E-001, 2.816699E+000, 2.010642E+000, -1.028870E+000, 1.025463E+000, 1.941493E+000, -3.061356E+000
6.080800E-002, -2.245972E-001, 2.938232E+000, 1.966791E+000, -1.348562E+000, 1.018296E+000, 1.938657E+000, -3.053338E+000
6.081600E-002, -2.574230E-001, 2.993637E+000, 1.961918E+000, -1.654747E+000, 1.011368E+000, 1.937476E+000, -3.051687E+000
6.082400E-002, -2.228695E-001, 3.065126E+000, 2.033379E+000, -1.820221E+000, 1.011726E+000, 1.928969E+000, -3.059351E+000
6.083200E-002, -1.209370E-001, 2.993637E+000, 2.018762E+000, -1.810090E+000, 1.003365E+000, 1.921881E+000, -3.063596E+000
6.084000E-002, -2.764273E-002, 2.818486E+000, 1.916444E+000, -1.690768E+000, 9.861643E-001, 1.917982E+000, -3.051333E+000
6.084800E-002, 5.355780E-002, 2.718401E+000, 1.953798E+000, -1.544430E+000, 9.849698E-001, 1.906994E+000, -3.030581E+000
6.085600E-002, 6.219615E-002, 2.704103E+000, 2.095095E+000, -1.346311E+000, 9.954813E-001, 1.896479E+000, -3.009828E+000
6.086400E-002, -1.399413E-001, 2.807763E+000, 2.151939E+000, -1.166202E+000, 9.944062E-001, 1.889981E+000, -2.987543E+000
6.087200E-002, -3.161638E-001, 2.968615E+000, 2.111336E+000, -1.172956E+000, 9.834170E-001, 1.875331E+000, -2.966672E+000
6.088000E-002, -2.211419E-001, 2.948956E+000, 2.117832E+000, -1.268639E+000, 9.781612E-001, 1.860327E+000, -2.951462E+000
6.088800E-002, -6.219615E-002, 2.773805E+000, 2.199038E+000, -1.260759E+000, 9.708749E-001, 1.855128E+000, -2.939317E+000
6.089600E-002, -1.209370E-002, 2.872104E+000, 2.213655E+000, -1.349688E+000, 9.553466E-001, 1.851111E+000, -2.919743E+000
6.090400E-002, 1.900438E-002, 3.217042E+000, 2.155187E+000, -1.697522E+000, 9.537938E-001, 1.843904E+000, -2.893095E+000
6.091200E-002, 9.156656E-002, 3.234915E+000, 2.143818E+000, -2.004832E+000, 9.649025E-001, 1.839533E+000, -2.877767E+000
6.092000E-002, 1.071156E-001, 2.909636E+000, 2.121081E+000, -2.108395E+000, 9.660970E-001, 1.841778E+000, -2.871989E+000
6.092800E-002, 3.455342E-002, 2.686230E+000, 2.054492E+000, -2.169181E+000, 9.609607E-001, 1.844849E+000, -2.859372E+000
6.093600E-002, 7.774519E-002, 2.745209E+000, 2.150315E+000, -2.268241E+000, 9.580939E-001, 1.837997E+000, -2.850765E+000
6.094400E-002, 2.366909E-001, 2.931083E+000, 2.392306E+000, -2.371803E+000, 9.548689E-001, 1.820275E+000, -2.852416E+000
6.095200E-002, 1.693117E-001, 2.909636E+000, 2.473511E+000, -2.340284E+000, 9.474630E-001, 1.804207E+000, -2.847345E+000
6.096000E-002, -1.589457E-001, 2.752358E+000, 2.364697E+000, -2.091510E+000, 9.398184E-001, 1.797709E+000, -2.834611E+000
6.096800E-002, -3.248021E-001, 2.809550E+000, 2.301356E+000, -1.771817E+000, 9.438796E-001, 1.793929E+000, -2.823527E+000
6.097600E-002, -1.796778E-001, 3.000786E+000, 2.363072E+000, -1.441993E+000, 9.473436E-001, 1.788257E+000, -2.815745E+000
6.098400E-002, -7.083450E-002, 3.095510E+000, 2.351704E+000, -1.066017E+000, 9.302625E-001, 1.781051E+000, -2.818692E+000
6.099200E-002, -1.796778E-001, 2.914998E+000, 2.049620E+000, -7.012973E-001, 9.072090E-001, 1.768763E+000, -2.819872E+000
6.100000E-002, -2.781550E-001, 2.591506E+000, 1.754033E+000, -3.906102E-001, 8.914419E-001, 1.754822E+000, -2.805368E+000
6.100800E-002, -9.674957E-002, 2.570059E+000, 1.883961E+000, -1.677260E-001, 8.774664E-001, 1.741708E+000, -2.793695E+000
6.101600E-002, 2.280526E-001, 2.727337E+000, 2.155187E+000, -1.317043E-001, 8.692245E-001, 1.735092E+000, -2.782140E+000
6.102400E-002, 3.092531E-001, 2.754146E+000, 2.132449E+000, -2.724141E-001, 8.646855E-001, 1.738164E+000, -2.760562E+000
6.103200E-002, 1.019326E-001, 2.816699E+000, 2.052868E+000, -4.592766E-001, 8.535768E-001, 1.730957E+000, -2.745705E+000
6.104000E-002, -5.874081E-002, 2.873891E+000, 2.150315E+000, -7.789691E-001, 8.410347E-001, 1.709454E+000, -2.730022E+000
6.104800E-002, 1.382137E-002, 2.814912E+000, 2.273746E+000, -1.267513E+000, 8.354207E-001, 1.691378E+000, -2.705733E+000
6.105600E-002, 4.319177E-002, 2.961466E+000, 2.400427E+000, -1.662626E+000, 8.313594E-001, 1.682635E+000, -2.693116E+000
6.106400E-002, -1.606734E-001, 3.252787E+000, 2.522235E+000, -1.956428E+000, 8.330317E-001, 1.682517E+000, -2.689107E+000
6.107200E-002, -2.263249E-001, 3.234915E+000, 2.577454E+000, -2.268241E+000, 8.367346E-001, 1.679209E+000, -2.677080E+000
6.108000E-002, 5.010245E-002, 2.959679E+000, 2.600192E+000, -2.470863E+000, 8.295677E-001, 1.665267E+000, -2.662695E+000
6.108800E-002, 3.075254E-001, 2.789891E+000, 2.640794E+000, -2.540655E+000, 8.296871E-001, 1.656407E+000, -2.648545E+000
6.109600E-002, 3.109808E-001, 2.938232E+000, 2.671652E+000, -2.547409E+000, 8.362568E-001, 1.656288E+000, -2.630976E+000
6.110400E-002, 1.848608E-001, 3.236702E+000, 2.522235E+000, -2.428087E+000, 8.251481E-001, 1.652153E+000, -2.620128E+000
6.111200E-002, 2.418739E-002, 3.179510E+000, 2.288363E+000, -2.247979E+000, 8.154728E-001, 1.645892E+000, -2.618242E+000
6.112000E-002, -1.727671E-001, 2.843508E+000, 2.353328E+000, -2.172558E+000, 8.213258E-001, 1.644238E+000, -2.613525E+000
6.112800E-002, -2.107759E-001, 2.770231E+000, 2.605064E+000, -2.147793E+000, 8.135616E-001, 1.644238E+000, -2.606333E+000
6.113600E-002, 6.046848E-002, 2.948956E+000, 2.601816E+000, -2.075750E+000, 7.875219E-001, 1.646010E+000, -2.598550E+000
6.114400E-002, 2.781550E-001, 3.034743E+000, 2.418292E+000, -2.076876E+000, 7.748604E-001, 1.644946E+000, -2.584047E+000
6.115200E-002, 2.833380E-001, 2.945381E+000, 2.384186E+000, -2.201826E+000, 7.790411E-001, 1.640102E+000, -2.566124E+000
6.116000E-002, 4.060026E-001, 2.827423E+000, 2.473511E+000, -2.365049E+000, 7.799967E-001, 1.644710E+000, -2.550914E+000
6.116800E-002, 5.666760E-001, 2.798827E+000, 2.523859E+000, -2.514764E+000, 7.792800E-001, 1.650972E+000, -2.538651E+000
6.117600E-002, 5.373057E-001, 2.888189E+000, 2.481632E+000, -2.505759E+000, 7.754577E-001, 1.644946E+000, -2.529690E+000
6.118400E-002, 4.440114E-001, 3.116956E+000, 2.445902E+000, -2.281749E+000, 7.601683E-001, 1.637621E+000, -2.523322E+000
6.119200E-002, 3.887259E-001, 3.265298E+000, 2.559589E+000, -2.066745E+000, 7.475068E-001, 1.633250E+000, -2.509291E+000
6.120000E-002, 3.230745E-001, 3.088361E+000, 2.618057E+000, -1.984570E+000, 7.434455E-001, 1.624980E+000, -2.487949E+000
6.120800E-002, 2.366909E-001, 2.834572E+000, 2.442653E+000, -1.882133E+000, 7.340091E-001, 1.612811E+000, -2.476511E+000
6.121600E-002, 2.004098E-001, 2.841721E+000, 2.393930E+000, -1.563567E+000, 7.212282E-001, 1.602296E+000, -2.464720E+000
6.122400E-002, 2.522399E-001, 3.079424E+000, 2.692766E+000, -1.075022E+000, 7.092834E-001, 1.593317E+000, -2.443260E+000
6.123200E-002, 3.869983E-001, 3.320703E+000, 2.946126E+000, -6.551445E-001, 6.907689E-001, 1.570042E+000, -2.439605E+000
6.124000E-002, 5.286673E-001, 3.372533E+000, 2.936381E+000, -4.626536E-001, 6.710600E-001, 1.543813E+000, -2.454815E+000
6.124800E-002, 5.027522E-001, 3.304617E+000, 2.915268E+000, -4.795388E-001, 6.611457E-001, 1.543223E+000, -2.452929E+000
6.125600E-002, 3.783599E-001, 3.290319E+000, 2.998097E+000, -5.684673E-001, 6.570845E-001, 1.549012E+000, -2.426399E+000
6.126400E-002, 3.351682E-001, 3.276021E+000, 3.102040E+000, -6.900405E-001, 6.438258E-001, 1.529045E+000, -2.409537E+000
6.127200E-002, 3.904536E-001, 3.292107E+000, 3.222224E+000, -9.174275E-001, 6.191000E-001, 1.495374E+000, -2.412956E+000
6.128000E-002, 4.872032E-001, 3.331426E+000, 3.311549E+000, -1.185339E+000, 5.959270E-001, 1.479424E+000, -2.402108E+000
6.128800E-002, 4.716541E-001, 3.154489E+000, 3.235217E+000, -1.474638E+000, 5.728735E-001, 1.481787E+000, -2.373220E+000
6.129600E-002, 3.057978E-001, 3.070488E+000, 3.087423E+000, -1.820221E+000, 5.454004E-001, 1.475643E+000, -2.358363E+000
6.130400E-002, 2.315079E-001, 3.365384E+000, 3.105288E+000, -2.019466E+000, 5.273638E-001, 1.455204E+000, -2.362136E+000
6.131200E-002, 3.835429E-001, 3.520874E+000, 3.244961E+000, -2.067870E+000, 5.256915E-001, 1.440908E+000, -2.364848E+000
6.132000E-002, 5.321226E-001, 3.308192E+000, 3.282315E+000, -2.241225E+000, 5.265276E-001, 1.437718E+000, -2.356359E+000
6.132800E-002, 5.183012E-001, 3.066914E+000, 3.228720E+000, -2.452852E+000, 5.207941E-001, 1.431693E+000, -2.343388E+000
6.133600E-002, 6.305999E-001, 2.959679E+000, 3.249834E+000, -2.419082E+000, 5.131494E-001, 1.424604E+000, -2.328885E+000
6.134400E-002, 8.949335E-001, 2.986488E+000, 3.298557E+000, -2.232219E+000, 5.021602E-001, 1.425313E+000, -2.308840E+000
6.135200E-002, 7.169834E-001, 3.100871E+000, 3.267699E+000, -2.141039E+000, 4.886625E-001, 1.429330E+000, -2.293983E+000
6.136000E-002, 2.349632E-001, 3.193808E+000, 3.205983E+000, -2.052111E+000, 4.879459E-001, 1.435474E+000, -2.287498E+000
6.136800E-002, 2.073205E-001, 3.336788E+000, 3.204359E+000, -1.821347E+000, 4.977406E-001, 1.445516E+000, -2.272287E+000
6.137600E-002, 4.267347E-001, 3.578066E+000, 3.275819E+000, -1.698648E+000, 4.983379E-001, 1.449769E+000, -2.250237E+000
6.138400E-002, 4.301901E-001, 3.629896E+000, 3.373266E+000, -1.774068E+000, 4.878264E-001, 1.449297E+000, -2.242809E+000
6.139200E-002, 3.299851E-001, 3.433299E+000, 3.431733E+000, -1.751555E+000, 4.705064E-001, 1.449769E+000, -2.246111E+000
6.140000E-002, 1.520350E-001, 3.358235E+000, 3.408996E+000, -1.687391E+000, 4.588005E-001, 1.449297E+000, -2.239625E+000
6.140800E-002, 7.601752E-002, 3.408278E+000, 3.248209E+000, -1.711030E+000, 4.635784E-001, 1.459575E+000, -2.222057E+000
6.141600E-002, 3.230745E-001, 3.324277E+000, 3.063061E+000, -1.626605E+000, 4.550976E-001, 1.477415E+000, -2.207200E+000
6.142400E-002, 4.941139E-001, 3.234915E+000, 3.204359E+000, -1.527545E+000, 4.281023E-001, 1.477888E+000, -2.206728E+000
6.143200E-002, 3.489895E-001, 3.352873E+000, 3.498322E+000, -1.533173E+000, 4.235633E-001, 1.472808E+000, -2.214864E+000
6.144000E-002, 3.472618E-001, 3.533385E+000, 3.459343E+000, -1.427360E+000, 4.426750E-001, 1.484268E+000, -2.215689E+000
6.144800E-002, 6.444212E-001, 3.469044E+000, 3.316422E+000, -1.225863E+000, 4.564115E-001, 1.492893E+000, -2.208025E+000
6.145600E-002, 7.757242E-001, 3.183085E+000, 3.402499E+000, -1.031121E+000, 4.519919E-001, 1.487812E+000, -2.200125E+000
6.146400E-002, 5.649484E-001, 3.043679E+000, 3.451222E+000, -8.307503E-001, 4.345525E-001, 1.481669E+000, -2.190928E+000
6.147200E-002, 3.679939E-001, 3.166999E+000, 3.340783E+000, -7.553298E-001, 4.203382E-001, 1.479778E+000, -2.182438E+000
6.148000E-002, 5.321226E-001, 3.284958E+000, 3.298557E+000, -8.093624E-001, 4.130518E-001, 1.482023E+000, -2.179726E+000
6.148800E-002, 8.016393E-001, 3.190234E+000, 3.335911E+000, -9.714600E-001, 4.028988E-001, 1.478006E+000, -2.172297E+000
6.149600E-002, 7.705412E-001, 3.099084E+000, 3.374890E+000, -1.304661E+000, 3.894011E-001, 1.466192E+000, -2.154729E+000
6.150400E-002, 6.513319E-001, 3.259936E+000, 3.413868E+000, -1.616473E+000, 3.798453E-001, 1.468200E+000, -2.144706E+000
6.151200E-002, 5.874081E-001, 3.368958E+000, 3.402499E+000, -1.874254E+000, 3.736340E-001, 1.481787E+000, -2.145531E+000
6.152000E-002, 4.733818E-001, 3.304617E+000, 3.344032E+000, -2.223214E+000, 3.739923E-001, 1.479306E+000, -2.139636E+000
6.152800E-002, 3.869983E-001, 3.383256E+000, 3.303429E+000, -2.484371E+000, 3.932234E-001, 1.468673E+000, -2.124425E+000
6.153600E-002, 2.436016E-001, 3.479767E+000, 3.308301E+000, -2.634086E+000, 4.118574E-001, 1.472808E+000, -2.110865E+000
6.154400E-002, 1.468520E-001, 3.404703E+000, 3.357024E+000, -2.823200E+000, 3.981208E-001, 1.477652E+000, -2.102494E+000
6.155200E-002, 4.146410E-001, 3.404703E+000, 3.383010E+000, -2.983046E+000, 3.694533E-001, 1.467373E+000, -2.093414E+000
6.156000E-002, 6.807023E-001, 3.490491E+000, 3.292060E+000, -3.094488E+000, 3.609724E-001, 1.455795E+000, -2.083981E+000
6.156800E-002, 5.770420E-001, 3.499427E+000, 3.238465E+000, -3.155275E+000, 3.675421E-001, 1.456031E+000, -2.080915E+000
6.157600E-002, 5.511270E-001, 3.551257E+000, 3.344032E+000, -3.032576E+000, 3.595391E-001, 1.456858E+000, -2.077732E+000
6.158400E-002, 7.463538E-001, 3.551257E+000, 3.413868E+000, -2.838960E+000, 3.423385E-001, 1.445989E+000, -2.067356E+000
6.159200E-002, 7.774519E-001, 3.283170E+000, 3.373266E+000, -2.791681E+000, 3.490276E-001, 1.429448E+000, -2.059809E+000
6.160000E-002, 6.185062E-001, 3.052616E+000, 3.391131E+000, -2.775922E+000, 3.689755E-001, 1.411844E+000, -2.052263E+000
6.160800E-002, 4.992969E-001, 3.184872E+000, 3.542172E+000, -2.607070E+000, 3.649142E-001, 1.397903E+000, -2.031392E+000
6.161600E-002, 5.096629E-001, 3.454746E+000, 3.720824E+000, -2.444972E+000, 3.485498E-001, 1.394950E+000, -2.006749E+000
6.162400E-002, 5.131183E-001, 3.604875E+000, 3.771171E+000, -2.466360E+000, 3.450858E-001, 1.393296E+000, -1.999320E+000
6.163200E-002, 4.491944E-001, 3.679939E+000, 3.641243E+000, -2.491125E+000, 3.367245E-001, 1.380536E+000, -2.017950E+000
6.164000E-002, 5.355780E-001, 3.642407E+000, 3.418741E+000, -2.482120E+000, 3.121181E-001, 1.362696E+000, -2.036109E+000
6.164800E-002, 6.893407E-001, 3.517300E+000, 3.293684E+000, -2.628458E+000, 2.969482E-001, 1.355725E+000, -2.017361E+000
6.165600E-002, 6.375105E-001, 3.565555E+000, 3.365145E+000, -2.699376E+000, 2.977843E-001, 1.363877E+000, -1.983874E+000
6.166400E-002, 5.044799E-001, 3.721046E+000, 3.456095E+000, -2.387563E+000, 2.943203E-001, 1.368839E+000, -1.975148E+000
6.167200E-002, 4.077303E-001, 3.620960E+000, 3.396003E+000, -1.924909E+000, 2.919314E-001, 1.358206E+000, -1.977624E+000
6.168000E-002, 2.453293E-001, 3.433299E+000, 3.282315E+000, -1.598463E+000, 2.995761E-001, 1.347809E+000, -1.969253E+000
6.168800E-002, 1.071156E-001, 3.601300E+000, 3.290436E+000, -1.266388E+000, 3.014872E-001, 1.349581E+000, -1.959938E+000
6.169600E-002, 1.658564E-001, 3.856876E+000, 3.402499E+000, -8.194935E-001, 2.977843E-001, 1.350172E+000, -1.951212E+000
6.170400E-002, 2.487846E-001, 3.837217E+000, 3.460967E+000, -4.423914E-001, 2.983816E-001, 1.340602E+000, -1.934233E+000
6.171200E-002, 2.574230E-001, 3.780025E+000, 3.397627E+000, -1.497152E-001, 2.993372E-001, 1.332687E+000, -1.918904E+000
6.172000E-002, 5.269396E-001, 3.762152E+000, 3.301805E+000, 7.316906E-002, 3.067430E-001, 1.331860E+000, -1.913834E+000
6.172800E-002, 8.344650E-001, 3.778238E+000, 3.314798E+000, -2.589059E-002, 3.167766E-001, 1.326189E+000, -1.910061E+000
6.173600E-002, 5.597653E-001, 3.878323E+000, 3.396003E+000, -3.680967E-001, 3.090125E-001, 1.318391E+000, -1.903929E+000
6.174400E-002, 1.036603E-001, 3.889047E+000, 3.371641E+000, -5.684673E-001, 2.974260E-001, 1.320754E+000, -1.900628E+000
6.175200E-002, 6.046848E-002, 3.871174E+000, 3.324542E+000, -6.877892E-001, 3.063846E-001, 1.322644E+000, -1.899331E+000
6.176000E-002, 2.107759E-001, 3.810408E+000, 3.473960E+000, -9.388154E-001, 3.203600E-001, 1.316146E+000, -1.894732E+000
6.176800E-002, 3.507172E-001, 3.576279E+000, 3.625002E+000, -1.186465E+000, 3.203600E-001, 1.318982E+000, -1.887539E+000
6.177600E-002, 3.939089E-001, 3.511938E+000, 3.545421E+000, -1.381207E+000, 3.220323E-001, 1.333750E+000, -1.882233E+000
6.178400E-002, 2.366909E-001, 3.653130E+000, 3.335911E+000, -1.547807E+000, 3.377995E-001, 1.344619E+000, -1.873390E+000
6.179200E-002, 9.156656E-002, 3.570917E+000, 3.163756E+000, -1.572572E+000, 3.539250E-001, 1.343320E+000, -1.861245E+000
6.180000E-002, 1.036603E-002, 3.385043E+000, 3.132898E+000, -1.503906E+000, 3.604946E-001, 1.328552E+000, -1.863367E+000
6.180800E-002, -1.727671E-001, 3.461895E+000, 3.105288E+000, -1.383458E+000, 3.610919E-001, 1.318627E+000, -1.879757E+000
6.181600E-002, -2.349632E-001, 3.687088E+000, 3.053317E+000, -1.109918E+000, 3.644364E-001, 1.322999E+000, -1.883177E+000
6.182400E-002, -1.900438E-002, 3.835429E+000, 3.267699E+000, -8.026083E-001, 3.717228E-001, 1.325361E+000, -1.865726E+000
6.183200E-002, 1.347583E-001, 3.806834E+000, 3.519435E+000, -6.551445E-001, 3.796064E-001, 1.322881E+000, -1.852873E+000
6.184000E-002, 7.256217E-002, 3.508363E+000, 3.431733E+000, -6.517675E-001, 3.937012E-001, 1.321108E+000, -1.856293E+000
6.184800E-002, -2.764273E-002, 3.251000E+000, 3.256330E+000, -7.316906E-001, 4.061238E-001, 1.319691E+000, -1.856529E+000
6.185600E-002, -6.219615E-002, 3.399341E+000, 3.314798E+000, -8.510125E-001, 4.039738E-001, 1.320872E+000, -1.846506E+000
6.186400E-002, 1.209370E-002, 3.610236E+000, 3.469088E+000, -9.523235E-001, 4.032571E-001, 1.315910E+000, -1.839431E+000
6.187200E-002, 5.183013E-002, 3.592364E+000, 3.389507E+000, -1.100913E+000, 4.119768E-001, 1.301850E+000, -1.839313E+000
6.188000E-002, -5.010245E-002, 3.667428E+000, 3.142642E+000, -1.356442E+000, 4.177103E-001, 1.290745E+000, -1.842969E+000
6.188800E-002, -8.638354E-002, 3.771089E+000, 3.069558E+000, -1.524168E+000, 4.203382E-001, 1.279639E+000, -1.844855E+000
6.189600E-002, -7.601752E-002, 3.613811E+000, 3.204359E+000, -1.493775E+000, 4.249967E-001, 1.261090E+000, -1.836719E+000
6.190400E-002, -6.910683E-002, 3.576279E+000, 3.326166E+000, -1.492649E+000, 4.332386E-001, 1.247385E+000, -1.827168E+000
6.191200E-002, -5.183013E-002, 3.780025E+000, 3.365145E+000, -1.539927E+000, 4.407638E-001, 1.243132E+000, -1.826107E+000
6.192000E-002, -1.934991E-001, 3.722833E+000, 3.412244E+000, -1.339557E+000, 4.444667E-001, 1.237106E+000, -1.821155E+000
6.192800E-002, -2.902487E-001, 3.560194E+000, 3.384634E+000, -9.602032E-001, 4.519919E-001, 1.229545E+000, -1.810543E+000
6.193600E-002, -1.088433E-001, 3.608449E+000, 3.205983E+000, -7.215595E-001, 4.567699E-001, 1.222456E+000, -1.806888E+000
6.194400E-002, 4.146410E-002, 3.595938E+000, 3.009466E+000, -5.234402E-001, 4.500808E-001, 1.211114E+000, -1.810661E+000
6.195200E-002, 1.727671E-002, 3.501215E+000, 2.988353E+000, -1.035624E-001, 4.443473E-001, 1.203671E+000, -1.816792E+000
6.196000E-002, -8.638354E-002, 3.497640E+000, 3.254706E+000, 3.478345E-001, 4.474529E-001, 1.205680E+000, -1.813608E+000
6.196800E-002, -2.539676E-001, 3.515512E+000, 3.496697E+000, 4.919212E-001, 4.470946E-001, 1.208279E+000, -1.799577E+000
6.197600E-002, -3.127084E-001, 3.490491E+000, 3.426861E+000, 4.232549E-001, 4.339553E-001, 1.208397E+000, -1.791441E+000
6.198400E-002, -1.762224E-001, 3.570917E+000, 3.293684E+000, 3.793534E-001, 4.255939E-001, 1.202372E+000, -1.789319E+000
6.199200E-002, -6.392382E-002, 3.883685E+000, 3.192990E+000, 3.005560E-001, 4.404055E-001, 1.182759E+000, -1.788257E+000
6.200000E-002, -1.192093E-001, 3.996281E+000, 3.095544E+000, 1.058137E-001, 4.593977E-001, 1.163738E+000, -1.791559E+000
6.200800E-002, -2.591506E-001, 3.644194E+000, 3.197862E+000, -1.666003E-001, 4.620256E-001, 1.165746E+000, -1.790498E+000
6.201600E-002, -3.265298E-001, 3.429724E+000, 3.371641E+000, -4.401400E-001, 4.623840E-001, 1.174253E+000, -1.782126E+000
6.202400E-002, -2.263249E-001, 3.556619E+000, 3.319670E+000, -5.583363E-001, 4.702675E-001, 1.165983E+000, -1.776230E+000
6.203200E-002, -1.243923E-001, 3.587002E+000, 3.147515E+000, -5.740957E-001, 4.748065E-001, 1.149797E+000, -1.776230E+000
6.204000E-002, -2.332356E-001, 3.597726E+000, 3.037076E+000, -6.754068E-001, 4.730148E-001, 1.137628E+000, -1.780947E+000
6.204800E-002, -4.267347E-001, 3.808621E+000, 2.999721E+000, -7.992313E-001, 4.721787E-001, 1.122741E+000, -1.784602E+000
6.205600E-002, -4.889309E-001, 3.940877E+000, 3.048445E+000, -7.981056E-001, 4.866319E-001, 1.112463E+000, -1.775523E+000
6.206400E-002, -4.094580E-001, 3.783599E+000, 3.183245E+000, -6.630242E-001, 5.101632E-001, 1.120024E+000, -1.761727E+000
6.207200E-002, -2.591506E-001, 3.570917E+000, 3.212479E+000, -5.403254E-001, 5.160162E-001, 1.126640E+000, -1.766208E+000
6.208000E-002, -2.107759E-001, 3.513725E+000, 3.064686E+000, -5.876039E-001, 5.161356E-001, 1.112108E+000, -1.779296E+000
6.208800E-002, -3.075254E-001, 3.581640E+000, 2.970488E+000, -7.767177E-001, 5.270054E-001, 1.086707E+000, -1.778589E+000
6.209600E-002, -3.576279E-001, 3.712109E+000, 2.887658E+000, -1.076148E+000, 5.242581E-001, 1.065440E+000, -1.780475E+000
6.210400E-002, -4.042750E-001, 3.715684E+000, 2.632674E+000, -1.405972E+000, 5.111188E-001, 1.058470E+000, -1.792974E+000
6.211200E-002, -5.200289E-001, 3.533385E+000, 2.489753E+000, -1.505031E+000, 5.141050E-001, 1.061069E+000, -1.791677E+000
6.212000E-002, -5.286673E-001, 3.458320E+000, 2.624553E+000, -1.426234E+000, 5.209135E-001, 1.056934E+000, -1.780829E+000
6.212800E-002, -3.835429E-001, 3.542321E+000, 2.718751E+000, -1.444245E+000, 5.162551E-001, 1.051972E+000, -1.776348E+000
6.213600E-002, -2.729720E-001, 3.631683E+000, 2.764226E+000, -1.473512E+000, 5.130300E-001, 1.055752E+000, -1.766090E+000
6.214400E-002, -3.455342E-001, 3.683513E+000, 2.884410E+000, -1.350814E+000, 5.188829E-001, 1.050554E+000, -1.746045E+000
6.215200E-002, -5.753144E-001, 3.687088E+000, 2.886034E+000, -1.121175E+000, 5.242581E-001, 1.032950E+000, -1.730598E+000
6.216000E-002, -7.083451E-001, 3.663854E+000, 2.853552E+000, -8.408814E-001, 5.268860E-001, 1.023617E+000, -1.724467E+000
6.216800E-002, -5.597653E-001, 3.726407E+000, 2.916892E+000, -5.043037E-001, 5.342917E-001, 1.020545E+000, -1.719868E+000
6.217600E-002, -3.749046E-001, 3.828280E+000, 2.853552E+000, -1.384584E-001, 5.397864E-001, 1.009676E+000, -1.710199E+000
6.218400E-002, -3.939089E-001, 3.728195E+000, 2.696014E+000, 1.598463E-001, 5.325000E-001, 9.973883E-001, -1.694871E+000
6.219200E-002, -4.198240E-001, 3.544108E+000, 2.728496E+000, 3.365777E-001, 5.244970E-001, 9.905359E-001, -1.687089E+000
6.220000E-002, -2.988871E-001, 3.492278E+000, 2.881162E+000, 3.962386E-001, 5.322611E-001, 9.861645E-001, -1.692159E+000
6.220800E-002, -2.677890E-001, 3.488704E+000, 2.822694E+000, 3.050587E-001, 5.481477E-001, 9.822657E-001, -1.685556E+000
6.221600E-002, -5.217566E-001, 3.528023E+000, 2.622929E+000, 6.416364E-002, 5.604509E-001, 9.790757E-001, -1.662091E+000
6.222400E-002, -7.670859E-001, 3.567343E+000, 2.673276E+000, -2.161302E-001, 5.721568E-001, 9.742317E-001, -1.649121E+000
6.223200E-002, -5.528547E-001, 3.479767E+000, 2.887658E+000, -4.592766E-001, 5.817127E-001, 9.571005E-001, -1.647116E+000
6.224000E-002, -1.364860E-001, 3.402916E+000, 2.879538E+000, -7.125541E-001, 5.792043E-001, 9.300451E-001, -1.638391E+000
6.224800E-002, -2.021375E-001, 3.447597E+000, 2.773971E+000, -9.703344E-001, 5.756208E-001, 9.150406E-001, -1.625892E+000
6.225600E-002, -5.476717E-001, 3.517300E+000, 2.863297E+000, -1.104290E+000, 5.809960E-001, 9.136228E-001, -1.622709E+000
6.226400E-002, -5.684037E-001, 3.565555E+000, 2.989977E+000, -1.125678E+000, 5.780098E-001, 9.087788E-001, -1.634618E+000
6.227200E-002, -3.628109E-001, 3.452959E+000, 2.983480E+000, -1.107667E+000, 5.670205E-001, 9.008631E-001, -1.647352E+000
6.228000E-002, -2.833380E-001, 3.263511E+000, 2.837311E+000, -9.151761E-001, 5.661844E-001, 8.990909E-001, -1.640513E+000
6.228800E-002, -4.336454E-001, 3.377894E+000, 2.689517E+000, -6.157458E-001, 5.732319E-001, 8.953102E-001, -1.627779E+000
6.229600E-002, -6.133232E-001, 3.576279E+000, 2.795084E+000, -4.986753E-001, 5.777709E-001, 8.791242E-001, -1.627307E+000
6.230400E-002, -6.081402E-001, 3.540534E+000, 3.014338E+000, -5.155604E-001, 5.799209E-001, 8.648285E-001, -1.627307E+000
6.231200E-002, -5.252119E-001, 3.494066E+000, 2.996473E+000, -5.031780E-001, 5.832655E-001, 8.684911E-001, -1.619761E+000
6.232000E-002, -4.958415E-001, 3.563768E+000, 2.851928E+000, -4.750361E-001, 5.889990E-001, 8.720354E-001, -1.606672E+000
6.232800E-002, -5.303950E-001, 3.672790E+000, 2.786964E+000, -4.941726E-001, 5.970021E-001, 8.569127E-001, -1.597947E+000
6.233600E-002, -6.115955E-001, 3.755003E+000, 2.759354E+000, -7.406961E-001, 6.075135E-001, 8.390727E-001, -1.599126E+000
6.234400E-002, -6.012295E-001, 3.696024E+000, 2.886034E+000, -1.166202E+000, 6.182638E-001, 8.309206E-001, -1.598065E+000
6.235200E-002, -5.200289E-001, 3.531598E+000, 3.128026E+000, -1.416103E+000, 6.192194E-001, 8.251315E-001, -1.600423E+000
6.236000E-002, -5.839527E-001, 3.392192E+000, 3.098792E+000, -1.519665E+000, 6.101413E-001, 8.169794E-001, -1.609384E+000
6.236800E-002, -6.858853E-001, 3.320703E+000, 2.910396E+000, -1.678386E+000, 6.058412E-001, 8.082366E-001, -1.603253E+000
6.237600E-002, -6.254169E-001, 3.358235E+000, 2.920140E+000, -1.750429E+000, 6.082302E-001, 7.996119E-001, -1.586392E+000
6.238400E-002, -5.390333E-001, 3.440448E+000, 2.976984E+000, -1.695271E+000, 6.038106E-001, 7.875611E-001, -1.573067E+000
6.239200E-002, -5.269396E-001, 3.449384E+000, 2.934757E+000, -1.606342E+000, 5.977188E-001, 7.766916E-001, -1.559743E+000
6.240000E-002, -4.854755E-001, 3.490491E+000, 2.926637E+000, -1.376704E+000, 6.022578E-001, 7.705480E-001, -1.549957E+000
6.240800E-002, -4.163687E-001, 3.606662E+000, 2.907147E+000, -1.061514E+000, 6.071551E-001, 7.615690E-001, -1.546301E+000
6.241600E-002, -4.612881E-001, 3.504789E+000, 2.816198E+000, -8.588922E-001, 6.017800E-001, 7.575520E-001, -1.543118E+000
6.242400E-002, -5.286673E-001, 3.215255E+000, 2.848680E+000, -7.620839E-001, 5.973604E-001, 7.612145E-001, -1.536279E+000
6.243200E-002, -4.802925E-001, 3.218830E+000, 2.925013E+000, -7.981056E-001, 6.021383E-001, 7.485729E-001, -1.524841E+000
6.244000E-002, -5.200289E-001, 3.474406E+000, 2.838935E+000, -9.511978E-001, 6.059607E-001, 7.242348E-001, -1.514229E+000
6.244800E-002, -5.597653E-001, 3.549470E+000, 2.803205E+000, -1.052509E+000, 5.992716E-001, 7.164372E-001, -1.502320E+000
6.245600E-002, -3.248021E-001, 3.431512E+000, 2.860048E+000, -1.093033E+000, 5.943742E-001, 7.232897E-001, -1.484280E+000
6.246400E-002, -1.952268E-001, 3.242064E+000, 2.808077E+000, -1.179710E+000, 6.040495E-001, 7.264796E-001, -1.473432E+000
6.247200E-002, -3.472618E-001, 3.192021E+000, 2.700886E+000, -1.344059E+000, 6.136054E-001, 7.224627E-001, -1.473432E+000
6.248000E-002, -3.282575E-001, 3.465469E+000, 2.670028E+000, -1.525294E+000, 6.144415E-001, 7.218719E-001, -1.469540E+000
6.248800E-002, -8.983888E-002, 3.726407E+000, 2.668404E+000, -1.609719E+000, 6.220862E-001, 7.200997E-001, -1.462819E+000
6.249600E-002, -8.638354E-003, 3.683513E+000, 2.655411E+000, -1.589457E+000, 6.359422E-001, 6.984790E-001, -1.454801E+000
6.250400E-002, -2.211419E-001, 3.542321E+000, 2.769099E+000, -1.560190E+000, 6.357033E-001, 6.655163E-001, -1.436643E+000
6.251200E-002, -5.200289E-001, 3.388618E+000, 2.970488E+000, -1.478015E+000, 6.216084E-001, 6.455496E-001, -1.415419E+000
6.252000E-002, -6.219615E-001, 3.163425E+000, 2.944502E+000, -1.315917E+000, 6.162332E-001, 6.401149E-001, -1.407047E+000
6.252800E-002, -4.785648E-001, 3.154489E+000, 2.692766E+000, -1.234869E+000, 6.212500E-001, 6.357435E-001, -1.411410E+000
6.253600E-002, -2.453293E-001, 3.444022E+000, 2.648915E+000, -1.214606E+000, 6.177860E-001, 6.235744E-001, -1.409287E+000
6.254400E-002, -9.156656E-002, 3.536959E+000, 2.837311E+000, -1.142563E+000, 6.072746E-001, 6.025445E-001, -1.391718E+000
6.255200E-002, -1.278476E-001, 3.293894E+000, 2.816198E+000, -1.142563E+000, 5.981966E-001, 5.860040E-001, -1.377215E+000
6.256000E-002, -2.176865E-001, 3.136616E+000, 2.700886E+000, -1.274267E+000, 5.873268E-001, 5.848226E-001, -1.380163E+000
6.256800E-002, -1.917715E-001, 3.293894E+000, 2.892530E+000, -1.443119E+000, 5.820711E-001, 5.803330E-001, -1.384054E+000
6.257600E-002, -1.209370E-001, 3.560194E+000, 3.132898E+000, -1.660375E+000, 5.882823E-001, 5.580034E-001, -1.370023E+000
6.258400E-002, 4.146410E-002, 3.683513E+000, 3.051693E+000, -1.888888E+000, 5.911491E-001, 5.385094E-001, -1.345968E+000
6.259200E-002, 2.107759E-001, 3.669215E+000, 2.869793E+000, -1.982319E+000, 5.854156E-001, 5.429989E-001, -1.328164E+000
6.260000E-002, 7.947286E-002, 3.613811E+000, 2.834063E+000, -1.977816E+000, 5.886407E-001, 5.543409E-001, -1.319084E+000
6.260800E-002, -8.983888E-002, 3.547683E+000, 2.816198E+000, -1.924909E+000, 6.003466E-001, 5.513873E-001, -1.312717E+000
6.261600E-002, 8.120053E-002, 3.433299E+000, 2.683021E+000, -1.843860E+000, 5.985549E-001, 5.468977E-001, -1.302930E+000
6.262400E-002, 3.593555E-001, 3.268872E+000, 2.650539E+000, -1.801085E+000, 5.814738E-001, 5.499695E-001, -1.286776E+000
6.263200E-002, 3.230745E-001, 3.174148E+000, 2.845431E+000, -1.673883E+000, 5.643927E-001, 5.451255E-001, -1.275339E+000
6.264000E-002, -1.727671E-003, 3.163425E+000, 2.887658E+000, -1.460004E+000, 5.592564E-001, 5.288214E-001, -1.274985E+000
6.264800E-002, -1.451243E-001, 3.158063E+000, 2.694390E+000, -1.315917E+000, 5.710818E-001, 5.188971E-001, -1.269090E+000
6.265600E-002, -4.146410E-002, 3.304617E+000, 2.699262E+000, -1.194344E+000, 5.864906E-001, 5.275218E-001, -1.253525E+000
6.266400E-002, -3.282575E-002, 3.610236E+000, 2.825942E+000, -1.125678E+000, 5.869684E-001, 5.398089E-001, -1.244800E+000
6.267200E-002, 1.209370E-002, 3.622747E+000, 2.665156E+000, -1.167328E+000, 5.827878E-001, 5.357920E-001, -1.243856E+000
6.268000E-002, 2.885210E-001, 3.276021E+000, 2.460519E+000, -1.098662E+000, 5.959270E-001, 5.272855E-001, -1.233009E+000
6.268800E-002, 4.180964E-001, 3.120531E+000, 2.619681E+000, -8.622693E-001, 6.147999E-001, 5.316569E-001, -1.212138E+000
6.269600E-002, 1.848608E-001, 3.318915E+000, 2.829190E+000, -6.799095E-001, 6.134859E-001, 5.432352E-001, -1.207186E+000
6.270400E-002, -2.937040E-002, 3.383256E+000, 2.696014E+000, -7.181825E-001, 6.082302E-001, 5.517417E-001, -1.217798E+000
6.271200E-002, -4.146410E-002, 3.125893E+000, 2.551468E+000, -9.557005E-001, 6.296114E-001, 5.520961E-001, -1.212138E+000
6.272000E-002, -5.528547E-002, 3.034743E+000, 2.712255E+000, -1.114421E+000, 6.417952E-001, 5.503240E-001, -1.190442E+000
6.272800E-002, -2.073205E-002, 3.231340E+000, 2.889282E+000, -1.024367E+000, 6.193389E-001, 5.627293E-001, -1.182070E+000
6.273600E-002, 1.036603E-001, 3.183085E+000, 2.832439E+000, -9.129248E-001, 6.241168E-001, 5.752528E-001, -1.189735E+000
6.274400E-002, 1.693117E-001, 2.970402E+000, 2.694390E+000, -9.253072E-001, 6.526649E-001, 5.626111E-001, -1.192211E+000
6.275200E-002, 1.209370E-001, 3.127680E+000, 2.650539E+000, -9.196788E-001, 6.395256E-001, 5.467796E-001, -1.185961E+000
6.276000E-002, 1.727671E-003, 3.477980E+000, 2.712255E+000, -8.026083E-001, 6.273419E-001, 5.470158E-001, -1.178061E+000
6.276800E-002, 1.624011E-001, 3.554832E+000, 2.767474E+000, -6.934175E-001, 6.488426E-001, 5.431170E-001, -1.169336E+000
6.277600E-002, 6.133232E-001, 3.411852E+000, 2.731744E+000, -7.406961E-001, 6.406006E-001, 5.335472E-001, -1.165916E+000
6.278400E-002, 7.083451E-001, 3.322490E+000, 2.721999E+000, -8.059854E-001, 6.082302E-001, 5.296484E-001, -1.164501E+000
6.279200E-002, 3.524449E-001, 3.361809E+000, 2.749609E+000, -7.012973E-001, 6.017800E-001, 5.190153E-001, -1.154243E+000
6.280000E-002, 1.451243E-001, 3.520874E+000, 2.718751E+000, -6.450135E-001, 6.013022E-001, 4.998756E-001, -1.145400E+000
6.280800E-002, 3.317128E-001, 3.626322E+000, 2.777219E+000, -8.318760E-001, 5.910296E-001, 4.910147E-001, -1.149055E+000
6.281600E-002, 4.802925E-001, 3.513725E+000, 2.873041E+000, -1.064891E+000, 5.826683E-001, 4.963312E-001, -1.147994E+000
6.282400E-002, 3.023424E-001, 3.397554E+000, 2.736616E+000, -1.221360E+000, 5.667816E-001, 5.001119E-001, -1.128420E+000
6.283200E-002, 1.675841E-001, 3.440448E+000, 2.541724E+000, -1.357568E+000, 5.567480E-001, 4.991667E-001, -1.110262E+000
6.284000E-002, 3.368958E-001, 3.517300E+000, 2.527107E+000, -1.389086E+000, 5.717985E-001, 4.991667E-001, -1.106017E+000
6.284800E-002, 5.269396E-001, 3.567343E+000, 2.572582E+000, -1.300158E+000, 5.782487E-001, 4.887699E-001, -1.101654E+000
6.285600E-002, 4.578328E-001, 3.542321E+000, 2.605064E+000, -1.320420E+000, 5.597342E-001, 4.709299E-001, -1.088566E+000
6.286400E-002, 2.539676E-001, 3.436873E+000, 2.683021E+000, -1.461130E+000, 5.379947E-001, 4.671492E-001, -1.066045E+000
6.287200E-002, 2.695166E-001, 3.435086E+000, 2.765850E+000, -1.491523E+000, 5.207941E-001, 4.741198E-001, -1.050952E+000
6.288000E-002, 5.390333E-001, 3.545896E+000, 2.721999E+000, -1.472387E+000, 5.191218E-001, 4.731746E-001, -1.064748E+000
6.288800E-002, 5.735867E-001, 3.588789E+000, 2.605064E+000, -1.508408E+000, 5.383530E-001, 4.626596E-001, -1.077129E+000
6.289600E-002, 2.211419E-001, 3.510151E+000, 2.679773E+000, -1.422857E+000, 5.566286E-001, 4.591153E-001, -1.058734E+000
6.290400E-002, 8.983888E-002, 3.309979E+000, 2.756106E+000, -1.235994E+000, 5.604509E-001, 4.718750E-001, -1.041873E+000
6.291200E-002, 3.904536E-001, 3.213468E+000, 2.556341E+000, -1.108793E+000, 5.512534E-001, 4.851074E-001, -1.042109E+000
6.292000E-002, 4.837478E-001, 3.392192E+000, 2.483256E+000, -9.275586E-001, 5.382336E-001, 4.853437E-001, -1.032911E+000
6.292800E-002, 2.107759E-001, 3.540534E+000, 2.660284E+000, -7.575812E-001, 5.406225E-001, 4.789638E-001, -1.017229E+000
6.293600E-002, 1.917715E-001, 3.533385E+000, 2.622929E+000, -8.273733E-001, 5.571064E-001, 4.721113E-001, -1.014399E+000
6.294400E-002, 5.528547E-001, 3.504789E+000, 2.415044E+000, -9.219302E-001, 5.642732E-001, 4.692758E-001, -1.014163E+000
6.295200E-002, 7.498091E-001, 3.574492E+000, 2.426412E+000, -8.318760E-001, 5.614065E-001, 4.751831E-001, -1.008386E+000
6.296000E-002, 6.409659E-001, 3.651343E+000, 2.601816E+000, -7.271879E-001, 5.651094E-001, 4.852255E-001, -1.012041E+000
6.296800E-002, 5.321226E-001, 3.488704E+000, 2.551468E+000, -6.889148E-001, 5.685734E-001, 4.923143E-001, -1.026426E+000
6.297600E-002, 5.234843E-001, 3.335001E+000, 2.315973E+000, -6.618986E-001, 5.682151E-001, 4.945590E-001, -1.031614E+000
6.298400E-002, 6.340552E-001, 3.379682E+000, 2.311101E+000, -5.808498E-001, 5.784876E-001, 4.985760E-001, -1.019823E+000
6.299200E-002, 8.258267E-001, 3.426150E+000, 2.454022E+000, -5.121834E-001, 5.805182E-001, 5.085003E-001, -1.002608E+000
6.300000E-002, 8.724738E-001, 3.483342E+000, 2.402051E+000, -5.673416E-001, 5.636760E-001, 5.187790E-001, -9.862182E-001
6.300800E-002, 7.878179E-001, 3.549470E+000, 2.320846E+000, -6.348823E-001, 5.580620E-001, 5.262222E-001, -9.706537E-001
6.301600E-002, 7.411708E-001, 3.608449E+000, 2.359824E+000, -7.069257E-001, 5.631982E-001, 5.269310E-001, -9.611028E-001
6.302400E-002, 7.325324E-001, 3.706748E+000, 2.276995E+000, -8.633949E-001, 5.584203E-001, 5.168886E-001, -9.561505E-001
6.303200E-002, 7.290771E-001, 3.694237E+000, 2.207158E+000, -9.478208E-001, 5.554341E-001, 5.110995E-001, -9.499012E-001
6.304000E-002, 7.256218E-001, 3.583428E+000, 2.437781E+000, -9.444438E-001, 5.678567E-001, 5.244500E-001, -9.443593E-001
6.304800E-002, 7.273495E-001, 3.563768E+000, 2.644042E+000, -1.072771E+000, 5.869684E-001, 5.403997E-001, -9.385816E-001
6.305600E-002, 6.737916E-001, 3.510151E+000, 2.535228E+000, -1.346311E+000, 5.981966E-001, 5.434715E-001, -9.317427E-001
6.306400E-002, 5.321226E-001, 3.379682E+000, 2.309477E+000, -1.517414E+000, 6.003466E-001, 5.424082E-001, -9.278516E-001
6.307200E-002, 5.252119E-001, 3.510151E+000, 2.239640E+000, -1.494900E+000, 6.064385E-001, 5.347287E-001, -9.227813E-001
6.308000E-002, 7.428985E-001, 3.794323E+000, 2.374441E+000, -1.462256E+000, 6.205333E-001, 5.231504E-001, -9.214843E-001
6.308800E-002, 8.361927E-001, 3.806834E+000, 2.528731E+000, -1.402595E+000, 6.323587E-001, 5.317751E-001, -9.352800E-001
6.309600E-002, 6.910684E-001, 3.669215E+000, 2.657035E+000, -1.231492E+000, 6.403617E-001, 5.453618E-001, -9.474250E-001
6.310400E-002, 6.616979E-001, 3.567343E+000, 2.670028E+000, -1.152694E+000, 6.440647E-001, 5.382730E-001, -9.469534E-001
6.311200E-002, 7.549922E-001, 3.510151E+000, 2.445902E+000, -1.130181E+000, 6.370172E-001, 5.309480E-001, -9.501370E-001
6.312000E-002, 6.841577E-001, 3.542321E+000, 2.246137E+000, -9.872195E-001, 6.280586E-001, 5.287032E-001, -9.547356E-001
6.312800E-002, 6.651533E-001, 3.538747E+000, 2.289988E+000, -9.129248E-001, 6.292531E-001, 5.184245E-001, -9.434160E-001
6.313600E-002, 9.260316E-001, 3.494066E+000, 2.424788E+000, -9.489465E-001, 6.349866E-001, 5.184245E-001, -9.286770E-001
6.314400E-002, 1.090160E+000, 3.590577E+000, 2.465391E+000, -9.624546E-001, 6.422729E-001, 5.303573E-001, -9.300919E-001
6.315200E-002, 9.640403E-001, 3.787174E+000, 2.428036E+000, -1.050257E+000, 6.593540E-001, 5.328383E-001, -9.333934E-001
6.316000E-002, 8.379204E-001, 3.822919E+000, 2.377689E+000, -1.152694E+000, 6.675959E-001, 5.283488E-001, -9.233709E-001
6.316800E-002, 7.584475E-001, 3.660279E+000, 2.268874E+000, -1.102039E+000, 6.507537E-001, 5.186608E-001, -9.121692E-001
6.317600E-002, 7.498091E-001, 3.640620E+000, 2.187669E+000, -1.029995E+000, 6.373755E-001, 5.012934E-001, -9.098110E-001
6.318400E-002, 9.588574E-001, 3.887259E+000, 2.288363E+000, -9.883452E-001, 6.391672E-001, 4.912510E-001, -9.106364E-001
6.319200E-002, 1.072884E+000, 4.007005E+000, 2.314349E+000, -8.769031E-001, 6.437063E-001, 4.927869E-001, -9.066274E-001
6.320000E-002, 9.243039E-001, 3.778238E+000, 2.109712E+000, -8.104881E-001, 6.612652E-001, 4.903058E-001, -8.989630E-001
6.320800E-002, 8.603801E-001, 3.554832E+000, 2.093471E+000, -8.712747E-001, 6.795408E-001, 4.827445E-001, -9.013213E-001
6.321600E-002, 9.450360E-001, 3.597726E+000, 2.288363E+000, -9.050450E-001, 6.722544E-001, 4.845167E-001, -9.118155E-001
6.322400E-002, 9.398530E-001, 3.637045E+000, 2.275371E+000, -8.330016E-001, 6.554122E-001, 4.852255E-001, -9.116976E-001
6.323200E-002, 7.463538E-001, 3.595938E+000, 2.231520E+000, -7.699637E-001, 6.411979E-001, 4.693940E-001, -9.070990E-001
6.324000E-002, 5.303950E-001, 3.721046E+000, 2.325718E+000, -7.744664E-001, 6.248335E-001, 4.628959E-001, -9.106364E-001
6.324800E-002, 5.649484E-001, 3.889047E+000, 2.259130E+000, -8.093624E-001, 6.196972E-001, 4.744742E-001, -9.104006E-001
6.325600E-002, 8.258267E-001, 3.894408E+000, 2.161683E+000, -8.937882E-001, 6.261474E-001, 4.738835E-001, -8.993168E-001
6.326400E-002, 1.003777E+000, 3.860451E+000, 2.283491E+000, -9.557005E-001, 6.298503E-001, 4.665585E-001, -8.903555E-001
6.327200E-002, 1.005504E+000, 3.797897E+000, 2.338711E+000, -9.511978E-001, 6.325976E-001, 4.665585E-001, -8.935391E-001
6.328000E-002, 1.079794E+000, 3.704960E+000, 2.236392E+000, -1.122301E+000, 6.380922E-001, 4.614782E-001, -8.983735E-001
6.328800E-002, 1.193821E+000, 3.790748E+000, 2.212031E+000, -1.434114E+000, 6.446619E-001, 4.552164E-001, -8.928316E-001
6.329600E-002, 1.095343E+000, 3.971260E+000, 2.218527E+000, -1.541053E+000, 6.459758E-001, 4.581701E-001, -8.923600E-001
6.330400E-002, 9.571297E-001, 4.005218E+000, 2.236392E+000, -1.565818E+000, 6.392867E-001, 4.605330E-001, -9.081602E-001
6.331200E-002, 9.847724E-001, 3.897983E+000, 2.307853E+000, -1.704276E+000, 6.388089E-001, 4.611237E-001, -9.159424E-001
6.332000E-002, 1.122986E+000, 3.726407E+000, 2.275371E+000, -1.724539E+000, 6.544566E-001, 4.692758E-001, -9.039154E-001
6.332800E-002, 1.190365E+000, 3.617385E+000, 2.202286E+000, -1.625479E+000, 6.791824E-001, 4.754194E-001, -8.941287E-001
6.333600E-002, 1.005504E+000, 3.653130E+000, 2.213655E+000, -1.609719E+000, 6.962635E-001, 4.709299E-001, -8.960152E-001
6.334400E-002, 8.569248E-001, 3.697811E+000, 2.213655E+000, -1.542179E+000, 6.917245E-001, 4.729383E-001, -8.981377E-001
6.335200E-002, 9.968661E-001, 3.699599E+000, 2.171428E+000, -1.369950E+000, 6.808547E-001, 4.843985E-001, -8.931854E-001
6.336000E-002, 1.086705E+000, 3.733556E+000, 2.064237E+000, -1.356442E+000, 6.916050E-001, 4.789638E-001, -8.875256E-001
6.336800E-002, 9.484913E-001, 3.717471E+000, 1.893706E+000, -1.563567E+000, 7.114334E-001, 4.580519E-001, -8.969585E-001
6.337600E-002, 8.016393E-001, 3.644194E+000, 1.887210E+000, -1.796582E+000, 7.122695E-001, 4.536805E-001, -9.147633E-001
6.338400E-002, 7.204388E-001, 3.624534E+000, 2.033379E+000, -1.958680E+000, 7.045054E-001, 4.606512E-001, -9.223097E-001
6.339200E-002, 6.979790E-001, 3.667428E+000, 2.062613E+000, -2.008209E+000, 7.062972E-001, 4.498999E-001, -9.282053E-001
6.340000E-002, 8.482864E-001, 3.738918E+000, 2.036627E+000, -1.900144E+000, 7.080889E-001, 4.309965E-001, -9.409398E-001
6.340800E-002, 9.899554E-001, 3.796110E+000, 2.036627E+000, -1.690768E+000, 7.064166E-001, 4.201271E-001, -9.470713E-001
6.341600E-002, 9.139379E-001, 3.897983E+000, 1.958670E+000, -1.507283E+000, 7.121501E-001, 4.107935E-001, -9.448310E-001
6.342400E-002, 9.605850E-001, 3.978409E+000, 1.913195E+000, -1.438616E+000, 7.203920E-001, 4.048862E-001, -9.509624E-001
6.343200E-002, 1.166178E+000, 3.790748E+000, 2.031755E+000, -1.413851E+000, 7.188392E-001, 4.028778E-001, -9.642864E-001
6.344000E-002, 1.122986E+000, 3.554832E+000, 2.208782E+000, -1.265262E+000, 7.103584E-001, 3.947257E-001, -9.695925E-001
6.344800E-002, 1.040058E+000, 3.594151E+000, 2.192541E+000, -1.041252E+000, 6.994886E-001, 3.850377E-001, -9.715970E-001
6.345600E-002, 1.105709E+000, 3.760365E+000, 1.973287E+000, -8.802801E-001, 6.844381E-001, 3.842107E-001, -9.786717E-001
6.346400E-002, 1.109165E+000, 3.890834E+000, 1.926188E+000, -7.575812E-001, 6.767935E-001, 3.857466E-001, -9.862182E-001
6.347200E-002, 1.186910E+000, 3.996281E+000, 2.051244E+000, -6.382594E-001, 6.812130E-001, 3.764131E-001, -9.956511E-001
6.348000E-002, 1.269838E+000, 3.931941E+000, 2.025259E+000, -5.797241E-001, 6.767935E-001, 3.654255E-001, -1.010154E+000
6.348800E-002, 1.052152E+000, 3.649556E+000, 1.973287E+000, -6.573959E-001, 6.653264E-001, 3.715691E-001, -1.022063E+000
6.349600E-002, 8.448310E-001, 3.608449E+000, 2.056117E+000, -8.487611E-001, 6.686710E-001, 3.805482E-001, -1.028666E+000
6.350400E-002, 9.744064E-001, 3.926579E+000, 2.103216E+000, -1.009733E+000, 6.816908E-001, 3.778308E-001, -1.038689E+000
6.351200E-002, 1.131624E+000, 4.074920E+000, 2.004145E+000, -1.077274E+000, 6.887383E-001, 3.791304E-001, -1.047061E+000
6.352000E-002, 9.450360E-001, 3.946239E+000, 2.015514E+000, -1.111044E+000, 6.968607E-001, 3.903543E-001, -1.044467E+000
6.352800E-002, 7.238941E-001, 3.864025E+000, 2.260754E+000, -1.102039E+000, 7.213476E-001, 3.973249E-001, -1.042226E+000
6.353600E-002, 1.014143E+000, 4.028452E+000, 2.280243E+000, -9.838425E-001, 7.494180E-001, 3.891729E-001, -1.050598E+000
6.354400E-002, 1.397686E+000, 4.266156E+000, 2.060989E+000, -8.994166E-001, 7.601683E-001, 3.801937E-001, -1.063922E+000
6.355200E-002, 1.226646E+000, 4.162495E+000, 2.101592E+000, -9.894708E-001, 7.661407E-001, 3.933080E-001, -1.075478E+000
6.356000E-002, 9.588574E-001, 3.833642E+000, 2.298108E+000, -1.084028E+000, 7.770105E-001, 4.128020E-001, -1.083378E+000
6.356800E-002, 1.141990E+000, 3.708535E+000, 2.345207E+000, -1.122301E+000, 7.808328E-001, 4.070129E-001, -1.096584E+000
6.357600E-002, 1.275021E+000, 3.790748E+000, 2.226648E+000, -1.242748E+000, 7.833412E-001, 3.889365E-001, -1.122053E+000
6.358400E-002, 1.072884E+000, 3.781812E+000, 2.009017E+000, -1.404846E+000, 7.933749E-001, 3.921265E-001, -1.143277E+000
6.359200E-002, 1.029692E+000, 3.608449E+000, 1.870969E+000, -1.507283E+000, 8.038864E-001, 4.050044E-001, -1.153418E+000
6.360000E-002, 1.135080E+000, 3.624534E+000, 1.882337E+000, -1.600714E+000, 8.185785E-001, 4.059496E-001, -1.169100E+000
6.360800E-002, 1.043513E+000, 3.978409E+000, 1.974911E+000, -1.759435E+000, 8.374513E-001, 4.150468E-001, -1.185372E+000
6.361600E-002, 9.191209E-001, 4.251858E+000, 2.140570E+000, -1.912527E+000, 8.453348E-001, 4.320598E-001, -1.192093E+000
6.362400E-002, 8.431034E-001, 4.107090E+000, 2.171428E+000, -1.973313E+000, 8.427070E-001, 4.289880E-001, -1.201290E+000
6.363200E-002, 7.135281E-001, 3.806834E+000, 1.909947E+000, -1.978942E+000, 8.430653E-001, 4.142198E-001, -1.213199E+000
6.364000E-002, 7.290771E-001, 3.742493E+000, 1.742664E+000, -1.936166E+000, 8.513073E-001, 4.093758E-001, -1.220156E+000
6.364800E-002, 8.603801E-001, 3.803259E+000, 1.909947E+000, -1.844986E+000, 8.534573E-001, 4.079581E-001, -1.231712E+000
6.365600E-002, 8.016393E-001, 3.880111E+000, 2.031755E+000, -1.736921E+000, 8.430653E-001, 3.981519E-001, -1.251757E+000
6.366400E-002, 7.377155E-001, 4.039176E+000, 1.960294E+000, -1.607468E+000, 8.455737E-001, 3.861010E-001, -1.264137E+000
6.367200E-002, 9.398530E-001, 4.064197E+000, 1.966791E+000, -1.465633E+000, 8.701801E-001, 3.774764E-001, -1.264609E+000
6.368000E-002, 1.081522E+000, 3.933728E+000, 2.012266E+000, -1.272016E+000, 8.805721E-001, 3.631807E-001, -1.272627E+000
6.368800E-002, 9.588574E-001, 3.828280E+000, 1.908323E+000, -1.026618E+000, 8.691050E-001, 3.432141E-001, -1.295148E+000
6.369600E-002, 9.035718E-001, 3.731769E+000, 1.874217E+000, -8.375043E-001, 8.702995E-001, 3.277369E-001, -1.313661E+000
6.370400E-002, 9.761341E-001, 3.781812E+000, 2.093471E+000, -7.204338E-001, 8.735246E-001, 3.142683E-001, -1.321207E+000
6.371200E-002, 9.744064E-001, 4.014154E+000, 2.223399E+000, -6.551445E-001, 8.554879E-001, 3.061162E-001, -1.321914E+000
6.372000E-002, 9.674957E-001, 4.046324E+000, 2.104840E+000, -6.540189E-001, 8.419903E-001, 3.035170E-001, -1.313425E+000
6.372800E-002, 1.021053E+000, 3.839004E+000, 2.186045E+000, -7.328163E-001, 8.349429E-001, 2.885125E-001, -1.306704E+000
6.373600E-002, 1.088433E+000, 3.733556E+000, 2.447526E+000, -8.352530E-001, 8.165478E-001, 2.632292E-001, -1.316137E+000
6.374400E-002, 1.190365E+000, 3.706748E+000, 2.374441E+000, -8.352530E-001, 8.063948E-001, 2.463344E-001, -1.336418E+000
6.375200E-002, 1.268110E+000, 3.701386E+000, 2.093471E+000, -8.330016E-001, 8.100976E-001, 2.345198E-001, -1.357288E+000
6.376000E-002, 1.107437E+000, 3.856876E+000, 2.059365E+000, -9.635803E-001, 8.078281E-001, 2.202241E-001, -1.377097E+000
6.376800E-002, 7.774519E-001, 4.110665E+000, 2.255882E+000, -1.085153E+000, 8.019751E-001, 2.097091E-001, -1.397378E+000
6.377600E-002, 6.945237E-001, 4.219687E+000, 2.385810E+000, -1.011984E+000, 8.060364E-001, 1.997848E-001, -1.411528E+000
6.378400E-002, 9.018442E-001, 4.039176E+000, 2.351704E+000, -7.992313E-001, 8.175034E-001, 1.891517E-001, -1.408580E+000
6.379200E-002, 9.450360E-001, 3.744280E+000, 2.361448E+000, -7.553298E-001, 8.256259E-001, 1.864343E-001, -1.403863E+000
6.380000E-002, 8.085499E-001, 3.592364E+000, 2.473511E+000, -9.658316E-001, 8.246703E-001, 1.828900E-001, -1.415065E+000
6.380800E-002, 8.862951E-001, 3.572704E+000, 2.531979E+000, -1.076148E+000, 8.200119E-001, 1.758012E-001, -1.427092E+000
6.381600E-002, 1.026237E+000, 3.533385E+000, 2.497873E+000, -9.219302E-001, 8.161895E-001, 1.779278E-001, -1.432398E+000
6.382400E-002, 1.086705E+000, 3.452959E+000, 2.410171E+000, -8.161165E-001, 8.136811E-001, 1.795819E-001, -1.443718E+000
6.383200E-002, 1.231829E+000, 3.469044E+000, 2.346831E+000, -9.928479E-001, 8.176228E-001, 1.642229E-001, -1.461287E+000
6.384000E-002, 1.214553E+000, 3.569130E+000, 2.348455E+000, -1.257382E+000, 8.225203E-001, 1.460284E-001, -1.478266E+000
6.384800E-002, 9.968661E-001, 3.570917E+000, 2.343583E+000, -1.446496E+000, 8.214452E-001, 1.478006E-001, -1.486048E+000
6.385600E-002, 9.588574E-001, 3.426150E+000, 2.385810E+000, -1.618725E+000, 8.233564E-001, 1.667040E-001, -1.481096E+000
6.386400E-002, 1.069428E+000, 3.311766E+000, 2.525483E+000, -1.772943E+000, 8.268204E-001, 1.845440E-001, -1.483572E+000
6.387200E-002, 1.141990E+000, 3.427937E+000, 2.473511E+000, -1.855117E+000, 8.243120E-001, 1.910420E-001, -1.497250E+000
6.388000E-002, 1.226646E+000, 3.724620E+000, 2.168180E+000, -1.777445E+000, 8.231175E-001, 1.874977E-001, -1.498783E+000
6.388800E-002, 1.318213E+000, 3.931941E+000, 2.103216E+000, -1.623227E+000, 8.231175E-001, 1.780460E-001, -1.499136E+000
6.389600E-002, 1.351039E+000, 3.949813E+000, 2.291612E+000, -1.615348E+000, 8.206091E-001, 1.689487E-001, -1.519653E+000
6.390400E-002, 1.259472E+000, 3.887259E+000, 2.283491E+000, -1.653621E+000, 8.315983E-001, 1.727294E-001, -1.540995E+000
6.391200E-002, 9.985937E-001, 3.781812E+000, 2.225024E+000, -1.562441E+000, 8.594297E-001, 1.838351E-001, -1.545358E+000
6.392000E-002, 8.120053E-001, 3.731769E+000, 2.376065E+000, -1.450999E+000, 8.621771E-001, 1.857255E-001, -1.549721E+000
6.392800E-002, 9.070272E-001, 3.887259E+000, 2.462143E+000, -1.393589E+000, 8.321955E-001, 1.864343E-001, -1.569884E+000
6.393600E-002, 1.072884E+000, 4.008792E+000, 2.372817E+000, -1.404846E+000, 8.283732E-001, 1.934050E-001, -1.588042E+000
6.394400E-002, 1.124714E+000, 3.744280E+000, 2.330590E+000, -1.479141E+000, 8.447376E-001, 1.930505E-001, -1.586863E+000
6.395200E-002, 1.034875E+000, 3.438661E+000, 2.275371E+000, -1.472387E+000, 8.332706E-001, 1.854892E-001, -1.584623E+000
6.396000E-002, 8.621078E-001, 3.583428E+000, 2.111336E+000, -1.371076E+000, 8.269398E-001, 1.798182E-001, -1.599362E+000
6.396800E-002, 7.809072E-001, 3.880111E+000, 1.997649E+000, -1.371076E+000, 8.325539E-001, 1.710754E-001, -1.617992E+000
6.397600E-002, 8.862951E-001, 3.805046E+000, 2.106464E+000, -1.488146E+000, 8.130838E-001, 1.638685E-001, -1.629076E+000
6.398400E-002, 1.041785E+000, 3.579853E+000, 2.413419E+000, -1.527545E+000, 8.053197E-001, 1.638685E-001, -1.637448E+000
6.399200E-002, 1.050424E+000, 3.694237E+000, 2.538476E+000, -1.478015E+000, 8.149950E-001, 1.607967E-001, -1.645701E+000
6.400000E-002, 9.709510E-001, 3.831855E+000, 2.387434E+000, -1.581577E+000, 7.982723E-001, 1.537079E-001, -1.653719E+000
6.400800E-002, 9.847724E-001, 3.603087E+000, 2.361448E+000, -1.788702E+000, 7.888359E-001, 1.476825E-001, -1.659379E+000
6.401600E-002, 9.899554E-001, 3.333213E+000, 2.468639E+000, -1.794331E+000, 8.031697E-001, 1.397667E-001, -1.662563E+000
6.402400E-002, 8.275543E-001, 3.220617E+000, 2.483256E+000, -1.714407E+000, 8.049614E-001, 1.301969E-001, -1.669991E+000
6.403200E-002, 6.979790E-001, 3.209893E+000, 2.590447E+000, -1.736921E+000, 8.099782E-001, 1.168464E-001, -1.681547E+000
6.404000E-002, 9.052995E-001, 3.424363E+000, 2.845431E+000, -1.754932E+000, 8.161895E-001, 1.029051E-001, -1.694045E+000
6.404800E-002, 1.233557E+000, 3.692450E+000, 2.838935E+000, -1.832604E+000, 7.928971E-001, 1.034959E-001, -1.709256E+000
6.405600E-002, 1.190365E+000, 3.647768E+000, 2.583951E+000, -1.980067E+000, 7.821468E-001, 1.117661E-001, -1.721991E+000
6.406400E-002, 8.880228E-001, 3.454746E+000, 2.626177E+000, -2.020592E+000, 7.939721E-001, 1.072765E-001, -1.725174E+000
6.407200E-002, 7.567198E-001, 3.358235E+000, 2.866545E+000, -2.058865E+000, 7.755771E-001, 9.723414E-002, -1.732485E+000
6.408000E-002, 8.068223E-001, 3.290319E+000, 2.715503E+000, -2.107269E+000, 7.533597E-001, 9.073611E-002, -1.748875E+000
6.408800E-002, 8.828398E-001, 3.211681E+000, 2.423164E+000, -2.020592E+000, 7.500152E-001, 8.022112E-002, -1.753473E+000
6.409600E-002, 9.571297E-001, 3.113382E+000, 2.527107E+000, -2.023969E+000, 7.307841E-001, 7.195090E-002, -1.750290E+000
6.410400E-002, 9.882277E-001, 3.099084E+000, 2.671652E+000, -2.184941E+000, 7.231393E-001, 7.466826E-002, -1.756067E+000
6.411200E-002, 9.450360E-001, 3.297468E+000, 2.601816E+000, -2.222088E+000, 7.352036E-001, 7.726747E-002, -1.758190E+000
6.412000E-002, 9.588574E-001, 3.456533E+000, 2.616433E+000, -2.152296E+000, 7.214671E-001, 7.136017E-002, -1.749110E+000
6.412800E-002, 1.064245E+000, 3.417214E+000, 2.653787E+000, -2.165804E+000, 7.055805E-001, 6.592546E-002, -1.746752E+000
6.413600E-002, 1.143718E+000, 3.465469E+000, 2.595319E+000, -2.208580E+000, 7.076111E-001, 6.592546E-002, -1.761963E+000
6.414400E-002, 1.204187E+000, 3.579853E+000, 2.684645E+000, -2.209706E+000, 6.943523E-001, 6.179034E-002, -1.775051E+000
6.415200E-002, 1.199004E+000, 3.361809E+000, 2.889282E+000, -2.172558E+000, 6.750017E-001, 5.647378E-002, -1.770806E+000
6.416000E-002, 1.036602E+000, 2.982913E+000, 2.866545E+000, -2.097138E+000, 6.677154E-001, 6.001816E-002, -1.767976E+000
6.416800E-002, 9.122102E-001, 3.072275E+000, 2.717127E+000, -2.117400E+000, 6.555316E-001, 6.403512E-002, -1.778235E+000
6.417600E-002, 9.346699E-001, 3.486917E+000, 2.725248E+000, -2.210831E+000, 6.542177E-001, 5.611934E-002, -1.788493E+000
6.418400E-002, 1.010687E+000, 3.549470E+000, 2.686269E+000, -2.177061E+000, 6.804963E-001, 4.406845E-002, -1.789908E+000
6.419200E-002, 1.216280E+000, 3.270660E+000, 2.533603E+000, -2.050985E+000, 6.912467E-001, 4.395030E-002, -1.781536E+000
6.420000E-002, 1.411507E+000, 3.109807E+000, 2.577454E+000, -1.962057E+000, 6.742851E-001, 4.973945E-002, -1.773990E+000
6.420800E-002, 1.181727E+000, 3.229553E+000, 2.702510E+000, -1.959805E+000, 6.652070E-001, 4.749468E-002, -1.780121E+000
6.421600E-002, 7.135281E-001, 3.345724E+000, 2.655411E+000, -1.977816E+000, 6.619819E-001, 3.768856E-002, -1.787314E+000
6.422400E-002, 5.839527E-001, 3.234915E+000, 2.670028E+000, -1.869751E+000, 6.563678E-001, 2.953649E-002, -1.785781E+000
6.423200E-002, 8.258267E-001, 3.138403E+000, 2.910396E+000, -1.738047E+000, 6.472898E-001, 3.284458E-002, -1.790144E+000
6.424000E-002, 1.065973E+000, 3.075850E+000, 3.038700E+000, -1.750429E+000, 6.269836E-001, 3.260829E-002, -1.805944E+000
6.424800E-002, 1.131624E+000, 2.972190E+000, 2.851928E+000, -1.766189E+000, 6.170694E-001, 2.138442E-002, -1.820094E+000
6.425600E-002, 1.179999E+000, 3.009722E+000, 2.640794E+000, -1.602965E+000, 6.214889E-001, 3.059981E-002, -1.825753E+000
6.426400E-002, 1.299209E+000, 2.941807E+000, 2.710631E+000, -1.322672E+000, 6.205333E-001, 4.903058E-002, -1.828937E+000
6.427200E-002, 1.290570E+000, 2.688018E+000, 2.946126E+000, -1.127929E+000, 6.201750E-001, 3.816115E-002, -1.835186E+000
6.428000E-002, 1.129897E+000, 2.746997E+000, 2.939630E+000, -1.124552E+000, 6.095441E-001, 2.102998E-002, -1.845327E+000
6.428800E-002, 1.059062E+000, 3.057977E+000, 2.673276E+000, -1.134683E+000, 5.818321E-001, 3.166312E-002, -1.849925E+000
6.429600E-002, 1.064245E+000, 3.050828E+000, 2.514114E+000, -9.894708E-001, 5.756208E-001, 5.139350E-002, -1.843086E+000
6.430400E-002, 1.015870E+000, 2.811337E+000, 2.647291E+000, -8.667720E-001, 5.922241E-001, 5.328383E-002, -1.837780E+000
6.431200E-002, 1.053879E+000, 2.814912E+000, 2.957495E+000, -9.084221E-001, 5.919852E-001, 4.383216E-002, -1.841436E+000
6.432000E-002, 1.183455E+000, 2.963253E+000, 3.115033E+000, -9.714600E-001, 5.704846E-001, 4.028778E-002, -1.853227E+000
6.432800E-002, 1.141990E+000, 3.024020E+000, 3.022459E+000, -9.129248E-001, 5.476699E-001, 4.028778E-002, -1.869853E+000
6.433600E-002, 1.046969E+000, 3.047254E+000, 2.925013E+000, -7.530785E-001, 5.354862E-001, 3.851559E-002, -1.873036E+000
6.434400E-002, 1.209370E+000, 3.025807E+000, 2.871417E+000, -6.844122E-001, 5.296333E-001, 3.757042E-002, -1.857118E+000
6.435200E-002, 1.437422E+000, 3.070488E+000, 2.786964E+000, -8.296246E-001, 5.178079E-001, 3.095425E-002, -1.844619E+000
6.436000E-002, 1.470248E+000, 3.125893E+000, 2.793460E+000, -9.827168E-001, 5.012046E-001, 2.351105E-002, -1.849454E+000
6.436800E-002, 1.401141E+000, 2.956105E+000, 2.860048E+000, -9.950992E-001, 4.897376E-001, 3.166312E-002, -1.858887E+000
6.437600E-002, 1.261200E+000, 2.720188E+000, 2.812949E+000, -1.066017E+000, 4.872292E-001, 4.997575E-002, -1.862306E+000
6.438400E-002, 1.188638E+000, 2.620102E+000, 2.808077E+000, -1.255131E+000, 4.924849E-001, 6.450770E-002, -1.864193E+000
6.439200E-002, 1.313030E+000, 2.668358E+000, 2.928261E+000, -1.407097E+000, 4.988157E-001, 7.277792E-002, -1.866669E+000
6.440000E-002, 1.302664E+000, 2.891764E+000, 2.920140E+000, -1.515162E+000, 4.937988E-001, 7.584971E-002, -1.868320E+000
6.440800E-002, 1.129897E+000, 3.054403E+000, 2.851928E+000, -1.607468E+000, 4.819734E-001, 7.974853E-002, -1.868320E+000
6.441600E-002, 1.152357E+000, 2.982913E+000, 2.934757E+000, -1.638987E+000, 4.818540E-001, 9.109055E-002, -1.864547E+000
6.442400E-002, 1.309574E+000, 2.950743E+000, 2.967239E+000, -1.642364E+000, 4.850791E-001, 1.072765E-001, -1.863250E+000
6.443200E-002, 1.380409E+000, 3.029382E+000, 2.772347E+000, -1.676134E+000, 4.768372E-001, 1.194456E-001, -1.870324E+000
6.444000E-002, 1.364860E+000, 3.025807E+000, 2.642418E+000, -1.736921E+000, 4.715815E-001, 1.252347E-001, -1.876927E+000
6.444800E-002, 1.245651E+000, 2.981126E+000, 2.809701E+000, -1.720036E+000, 4.738510E-001, 1.340957E-001, -1.875159E+000
6.445600E-002, 1.181727E+000, 2.932870E+000, 2.963991E+000, -1.574823E+000, 4.679980E-001, 1.430748E-001, -1.876574E+000
6.446400E-002, 1.361405E+000, 2.868529E+000, 2.923388E+000, -1.518539E+000, 4.580838E-001, 1.410663E-001, -1.892963E+000
6.447200E-002, 1.513440E+000, 2.861380E+000, 2.899027E+000, -1.600714E+000, 4.543809E-001, 1.366949E-001, -1.904755E+000
6.448000E-002, 1.482342E+000, 2.877466E+000, 2.905523E+000, -1.541053E+000, 4.518725E-001, 1.405937E-001, -1.894378E+000
6.448800E-002, 1.528989E+000, 2.830997E+000, 2.796708E+000, -1.338431E+000, 4.450639E-001, 1.528809E-001, -1.879639E+000
6.449600E-002, 1.551448E+000, 2.784529E+000, 2.694390E+000, -1.211229E+000, 4.363442E-001, 1.658770E-001, -1.873272E+000
6.450400E-002, 1.356222E+000, 2.739848E+000, 2.782091E+000, -1.181962E+000, 4.335969E-001, 1.708391E-001, -1.876574E+000
6.451200E-002, 1.294026E+000, 2.682656E+000, 2.912020E+000, -1.228115E+000, 4.374193E-001, 1.759194E-001, -1.886714E+000
6.452000E-002, 1.364860E+000, 2.630826E+000, 2.882786E+000, -1.259634E+000, 4.358664E-001, 1.822992E-001, -1.892728E+000
6.452800E-002, 1.135080E+000, 2.557549E+000, 2.780467E+000, -1.202224E+000, 4.303718E-001, 1.786367E-001, -1.898387E+000
6.453600E-002, 9.467636E-001, 2.489633E+000, 2.734992E+000, -1.190967E+000, 4.295357E-001, 1.771008E-001, -1.906170E+000
6.454400E-002, 1.140263E+000, 2.500357E+000, 2.801581E+000, -1.148191E+000, 4.248772E-001, 1.824174E-001, -1.904165E+000
6.455200E-002, 1.262927E+000, 2.673720E+000, 2.981856E+000, -9.500721E-001, 4.161575E-001, 1.732020E-001, -1.898387E+000
6.456000E-002, 1.179999E+000, 2.898913E+000, 3.067934E+000, -8.881599E-001, 4.074378E-001, 1.577249E-001, -1.905108E+000
6.456800E-002, 1.199004E+000, 2.820274E+000, 2.988353E+000, -1.006356E+000, 3.894011E-001, 1.584338E-001, -1.917607E+000
6.457600E-002, 1.385592E+000, 2.534314E+000, 2.903899E+000, -9.849681E-001, 3.809203E-001, 1.639866E-001, -1.917607E+000
6.458400E-002, 1.527261E+000, 2.566485E+000, 2.806453E+000, -8.769031E-001, 3.988375E-001, 1.522902E-001, -1.910886E+000
6.459200E-002, 1.440878E+000, 2.734486E+000, 2.765850E+000, -8.228706E-001, 4.046905E-001, 1.222811E-001, -1.917371E+000
6.460000E-002, 1.249106E+000, 2.523591E+000, 2.929885E+000, -6.934175E-001, 3.868927E-001, 1.036140E-001, -1.929634E+000
6.460800E-002, 1.166178E+000, 2.291249E+000, 3.024083E+000, -5.583363E-001, 3.718422E-001, 1.086943E-001, -1.935058E+000
6.461600E-002, 1.356222E+000, 2.548612E+000, 2.916892E+000, -6.528932E-001, 3.443691E-001, 1.068040E-001, -1.949090E+000
6.462400E-002, 1.694845E+000, 2.875678E+000, 2.950998E+000, -9.095477E-001, 3.066235E-001, 8.317477E-002, -1.943784E+000
6.463200E-002, 1.715577E+000, 2.795252E+000, 3.087423E+000, -1.040126E+000, 3.018456E-001, 4.820356E-002, -1.846742E+000
6.464000E-002, 1.485797E+000, 2.716614E+000, 2.965615E+000, -1.002979E+000, 3.131932E-001, 2.800060E-002, -1.702417E+000
6.464800E-002, 1.446061E+000, 2.957892E+000, 2.756106E+000, -1.087405E+000, 2.913342E-001, 3.520750E-002, -1.588514E+000
6.465600E-002, 1.544538E+000, 3.054403E+000, 2.816198E+000, -1.310289E+000, 2.576497E-001, 6.616175E-003, -1.407872E+000
6.466400E-002, 1.549721E+000, 2.789891E+000, 3.004594E+000, -1.344059E+000, 2.486911E-001, -7.147831E-002, -1.141862E+000
6.467200E-002, 1.497891E+000, 2.664783E+000, 3.045196E+000, -1.183087E+000, 2.350740E-001, -1.096395E-001, -9.487220E-001
6.468000E-002, 1.547993E+000, 2.830997E+000, 3.032203E+000, -1.053635E+000, 2.068843E-001, -1.286610E-001, -7.628923E-001
6.468800E-002, 1.689662E+000, 2.804188E+000, 3.085799E+000, -9.770884E-001, 1.812029E-001, -2.045107E-001, -4.629235E-001
6.469600E-002, 1.681024E+000, 2.500357E+000, 3.093920E+000, -9.478208E-001, 1.213594E-001, -2.676006E-001, -2.173123E-001
6.470400E-002, 1.471976E+000, 2.378824E+000, 2.942878E+000, -9.343126E-001, 4.825707E-002, -2.881580E-001, -5.624415E-002
6.471200E-002, 1.373498E+000, 2.564698E+000, 2.777219E+000, -8.194935E-001, 2.030619E-002, -3.465222E-001, 1.818207E-001
6.472000E-002, 1.482342E+000, 2.788103E+000, 2.874665E+000, -7.575812E-001, -1.660330E-002, -4.016963E-001, 3.874597E-001
6.472800E-002, 1.490980E+000, 2.923934E+000, 3.061437E+000, -8.014827E-001, -8.337484E-002, -4.138654E-001, 4.922837E-001
6.473600E-002, 1.490980E+000, 2.911423E+000, 3.004594E+000, -6.945432E-001, -1.303180E-001, -4.662040E-001, 6.789388E-001
6.474400E-002, 1.827876E+000, 2.711252E+000, 2.884410E+000, -5.549592E-001, -1.930283E-001, -5.199604E-001, 8.789180E-001
6.475200E-002, 2.040379E+000, 2.634400E+000, 2.874665E+000, -5.887296E-001, -2.759253E-001, -5.079095E-001, 9.601595E-001
6.476000E-002, 1.796778E+000, 2.804188E+000, 2.858424E+000, -5.954836E-001, -3.174933E-001, -5.190153E-001, 1.087269E+000
6.476800E-002, 1.660292E+000, 2.854231E+000, 2.824318E+000, -5.369483E-001, -3.564334E-001, -5.555224E-001, 1.259067E+000
6.477600E-002, 1.753586E+000, 2.825635E+000, 2.860048E+000, -5.999863E-001, -4.375387E-001, -5.427626E-001, 1.334177E+000
6.478400E-002, 1.732854E+000, 2.918572E+000, 3.030579E+000, -6.810351E-001, -5.032352E-001, -5.432352E-001, 1.449967E+000
6.479200E-002, 1.577363E+000, 2.927509E+000, 3.118281E+000, -5.898552E-001, -5.352473E-001, -5.731261E-001, 1.664921E+000
6.480000E-002, 1.516895E+000, 2.807763E+000, 2.954247E+000, -4.423914E-001, -5.904324E-001, -5.516235E-001, 1.832239E+000
6.480800E-002, 1.622283E+000, 2.798827E+000, 2.850304E+000, -3.861075E-001, -6.696265E-001, -5.315387E-001, 2.014413E+000
6.481600E-002, 1.705211E+000, 2.956105E+000, 2.882786E+000, -3.275723E-001, -7.348453E-001, -5.791516E-001, 2.302001E+000
6.482400E-002, 1.812327E+000, 2.991849E+000, 2.843807E+000, -2.071247E-001, -8.028113E-001, -6.121143E-001, 2.569544E+000
6.483200E-002, 1.884889E+000, 2.666571E+000, 2.801581E+000, -1.992450E-001, -8.810499E-001, -6.085699E-001, 2.800416E+000
6.484000E-002, 1.689662E+000, 2.355590E+000, 2.808077E+000, -4.333860E-001, -9.242901E-001, -6.392879E-001, 3.109110E+000
6.484800E-002, 1.632649E+000, 2.566485E+000, 2.827566E+000, -7.474501E-001, -9.404156E-001, -6.825293E-001, 3.450584E+000
6.485600E-002, 1.953996E+000, 2.963253E+000, 2.886034E+000, -9.500721E-001, -9.871199E-001, -6.988335E-001, 3.759750E+000
6.486400E-002, 2.102576E+000, 2.981126E+000, 2.960743E+000, -1.054760E+000, -1.074556E+000, -7.211630E-001, 4.097333E+000
6.487200E-002, 1.860702E+000, 2.793465E+000, 2.939630E+000, -1.181962E+000, -1.184926E+000, -7.593242E-001, 4.468993E+000
6.488000E-002, 1.682751E+000, 2.705890E+000, 2.829190E+000, -1.444245E+000, -1.294938E+000, -8.030382E-001, 4.847845E+000
6.488800E-002, 1.781229E+000, 2.718401E+000, 2.923388E+000, -1.714407E+000, -1.361232E+000, -8.560857E-001, 5.276691E+000
6.489600E-002, 1.981638E+000, 2.916785E+000, 3.261202E+000, -1.822472E+000, -1.387032E+000, -9.059433E-001, 5.756359E+000
6.490400E-002, 2.226968E+000, 3.199170E+000, 3.347280E+000, -1.960931E+000, -1.422747E+000, -9.522566E-001, 6.250293E+000
6.491200E-002, 2.282253E+000, 3.172361E+000, 3.095544E+000, -2.232219E+000, -1.478052E+000, -1.013811E+000, 6.774649E+000
6.492000E-002, 1.919442E+000, 2.927509E+000, 2.980232E+000, -2.370678E+000, -1.531923E+000, -1.090724E+000, 7.340745E+000
6.492800E-002, 1.549721E+000, 2.766656E+000, 3.071182E+000, -2.299760E+000, -1.580180E+000, -1.176734E+000, 7.924175E+000
6.493600E-002, 1.586002E+000, 2.639762E+000, 3.050069E+000, -2.201826E+000, -1.650655E+000, -1.275858E+000, 8.510671E+000
6.494400E-002, 1.845152E+000, 2.711252E+000, 2.996473E+000, -2.189444E+000, -1.772014E+000, -1.382426E+000, 9.092568E+000
6.495200E-002, 2.002371E+000, 2.965041E+000, 3.069558E+000, -2.294132E+000, -1.921802E+000, -1.486513E+000, 9.660080E+000
6.496000E-002, 2.055928E+000, 3.104446E+000, 3.056565E+000, -2.300886E+000, -2.075532E+000, -1.595561E+000, 1.021804E+001
6.496800E-002, 2.125035E+000, 3.245638E+000, 3.097168E+000, -2.017215E+000, -2.233323E+000, -1.711935E+000, 1.077199E+001
6.497600E-002, 2.121580E+000, 3.211681E+000, 3.308301E+000, -1.748178E+000, -2.377736E+000, -1.813068E+000, 1.133998E+001
6.498400E-002, 2.062839E+000, 2.786316E+000, 3.318046E+000, -1.745926E+000, -2.511518E+000, -1.884428E+000, 1.194215E+001
6.499200E-002, 2.107759E+000, 2.545038E+000, 3.116657E+000, -1.788702E+000, -2.659036E+000, -1.939012E+000, 1.256096E+001
6.500000E-002, 2.182048E+000, 2.763082E+000, 2.970488E+000, -1.748178E+000, -2.815394E+000, -1.993950E+000, 1.319438E+001
6.500800E-002, 2.176865E+000, 2.988275E+000, 2.941254E+000, -1.781948E+000, -2.966615E+000, -2.066491E+000, 1.386259E+001
6.501600E-002, 2.147495E+000, 3.011509E+000, 2.983480E+000, -1.939543E+000, -3.107684E+000, -2.168569E+000, 1.455497E+001
6.502400E-002, 2.235606E+000, 3.029382E+000, 3.054941E+000, -2.035226E+000, -3.248035E+000, -2.297703E+000, 1.525525E+001
6.503200E-002, 2.311624E+000, 3.054403E+000, 3.235217E+000, -1.951925E+000, -3.413232E+000, -2.454719E+000, 1.594881E+001
6.504000E-002, 2.107759E+000, 2.977551E+000, 3.501570E+000, -1.874254E+000, -3.608052E+000, -2.651786E+000, 1.663223E+001
6.504800E-002, 1.962634E+000, 2.868529E+000, 3.508066E+000, -1.905773E+000, -3.814698E+000, -2.902374E+000, 1.734089E+001
6.505600E-002, 2.128490E+000, 2.720188E+000, 3.160508E+000, -1.774068E+000, -4.020029E+000, -3.188760E+000, 1.809246E+001
6.506400E-002, 2.206236E+000, 2.520016E+000, 2.934757E+000, -1.425108E+000, -4.219388E+000, -3.461441E+000, 1.886349E+001
6.507200E-002, 2.118124E+000, 2.527165E+000, 3.058189E+000, -1.245000E+000, -4.418030E+000, -3.711792E+000, 1.965031E+001
6.508000E-002, 2.054201E+000, 2.741635E+000, 3.105288E+000, -1.345185E+000, -4.616911E+000, -3.963443E+000, 2.045011E+001
6.508800E-002, 2.062839E+000, 2.836359E+000, 2.957495E+000, -1.422857E+000, -4.804206E+000, -4.195718E+000, 2.121666E+001
6.509600E-002, 2.287436E+000, 2.909636E+000, 3.043572E+000, -1.355316E+000, -4.981109E+000, -4.389596E+000, 2.193616E+001
6.510400E-002, 2.572502E+000, 3.000786E+000, 3.311549E+000, -1.278770E+000, -5.162192E+000, -4.559726E+000, 2.264505E+001
6.511200E-002, 2.532765E+000, 2.759507E+000, 3.418741E+000, -1.294530E+000, -5.336348E+000, -4.689805E+000, 2.333425E+001
6.512000E-002, 2.339266E+000, 2.516442E+000, 3.370017E+000, -1.419480E+000, -5.496170E+000, -4.767544E+000, 2.396720E+001
6.512800E-002, 2.432561E+000, 2.895338E+000, 3.313174E+000, -1.614222E+000, -5.663994E+000, -4.824491E+000, 2.456277E+001
6.513600E-002, 2.695167E+000, 3.313554E+000, 3.363521E+000, -1.757183E+000, -5.830266E+000, -4.869150E+000, 2.513040E+001
6.514400E-002, 2.676162E+000, 3.100871E+000, 3.348904E+000, -1.770691E+000, -5.971454E+000, -4.895379E+000, 2.562115E+001
6.515200E-002, 2.442927E+000, 2.864955E+000, 3.082551E+000, -1.776320E+000, -6.094725E+000, -4.930822E+000, 2.603255E+001
6.516000E-002, 2.342722E+000, 3.047254E+000, 2.905523E+000, -1.823598E+000, -6.208678E+000, -4.969456E+000, 2.641105E+001
6.516800E-002, 2.379003E+000, 3.186659E+000, 3.157259E+000, -1.785325E+000, -6.325140E+000, -4.975009E+000, 2.674592E+001
6.517600E-002, 2.437744E+000, 3.032956E+000, 3.530804E+000, -1.705402E+000, -6.450680E+000, -4.983515E+000, 2.701842E+001
6.518400E-002, 2.532765E+000, 2.859593E+000, 3.512938E+000, -1.714407E+000, -6.572637E+000, -5.044006E+000, 2.726037E+001
6.519200E-002, 2.657158E+000, 2.848870E+000, 3.259578E+000, -1.795456E+000, -6.709644E+000, -5.123164E+000, 2.746908E+001
6.520000E-002, 2.593234E+000, 2.814912E+000, 3.223848E+000, -1.866374E+000, -6.874124E+000, -5.199014E+000, 2.762142E+001
6.520800E-002, 2.417011E+000, 2.746997E+000, 3.269323E+000, -1.820221E+000, -7.025226E+000, -5.300856E+000, 2.773402E+001
6.521600E-002, 2.579413E+000, 2.956105E+000, 3.188118E+000, -1.682888E+000, -7.153991E+000, -5.429635E+000, 2.781633E+001
6.522400E-002, 2.905942E+000, 3.227766E+000, 3.210855E+000, -1.631107E+000, -7.283592E+000, -5.578380E+000, 2.788141E+001
6.523200E-002, 2.918036E+000, 3.108020E+000, 3.373266E+000, -1.632233E+000, -7.405549E+000, -5.754064E+000, 2.794957E+001
6.524000E-002, 2.729720E+000, 2.786316E+000, 3.358649E+000, -1.564692E+000, -7.507319E+000, -5.927974E+000, 2.799048E+001
6.524800E-002, 2.676162E+000, 2.643337E+000, 3.141018E+000, -1.460004E+000, -7.590096E+000, -6.074239E+000, 2.798647E+001
6.525600E-002, 2.833380E+000, 2.732699E+000, 3.100416E+000, -1.342934E+000, -7.651254E+000, -6.218968E+000, 2.798530E+001
6.526400E-002, 2.942224E+000, 2.877466E+000, 3.287188E+000, -1.243874E+000, -7.683863E+000, -6.374566E+000, 2.800334E+001
6.527200E-002, 2.871389E+000, 2.897125E+000, 3.433357E+000, -1.213481E+000, -7.682072E+000, -6.521421E+000, 2.799980E+001
6.528000E-002, 2.843746E+000, 2.864955E+000, 3.548669E+000, -1.171831E+000, -7.660690E+000, -6.653627E+000, 2.797339E+001
6.528800E-002, 2.947407E+000, 2.900700E+000, 3.706207E+000, -1.034498E+000, -7.648268E+000, -6.761967E+000, 2.794615E+001
6.529600E-002, 3.037245E+000, 2.991849E+000, 3.841008E+000, -8.431327E-001, -7.639190E+000, -6.838053E+000, 2.788448E+001
6.530400E-002, 3.021696E+000, 3.174148E+000, 3.983929E+000, -7.215595E-001, -7.609089E+000, -6.920518E+000, 2.775973E+001
6.531200E-002, 3.030335E+000, 3.277809E+000, 4.078127E+000, -7.058001E-001, -7.571582E+000, -7.026495E+000, 2.758557E+001
6.532000E-002, 3.085620E+000, 3.031169E+000, 3.917341E+000, -7.530785E-001, -7.551157E+000, -7.103999E+000, 2.733690E+001
6.532800E-002, 3.120174E+000, 2.750571E+000, 3.637995E+000, -8.588922E-001, -7.538972E+000, -7.148304E+000, 2.698434E+001
6.533600E-002, 3.363775E+000, 2.820274E+000, 3.725696E+000, -9.320613E-001, -7.517591E+000, -7.203478E+000, 2.655243E+001
6.534400E-002, 3.643658E+000, 2.952530E+000, 4.045645E+000, -8.633949E-001, -7.488088E+000, -7.250854E+000, 2.604234E+001
6.535200E-002, 3.560730E+000, 2.839933E+000, 4.024531E+000, -7.947286E-001, -7.467543E+000, -7.275902E+000, 2.543603E+001
6.536000E-002, 3.419061E+000, 2.711252E+000, 3.832887E+000, -8.633949E-001, -7.466826E+000, -7.318434E+000, 2.475061E+001
6.536800E-002, 3.460525E+000, 2.929296E+000, 3.914092E+000, -9.838425E-001, -7.466467E+000, -7.373726E+000, 2.398418E+001
6.537600E-002, 3.484712E+000, 3.283170E+000, 4.191814E+000, -1.067143E+000, -7.438159E+000, -7.419804E+000, 2.312248E+001
6.538400E-002, 3.524449E+000, 3.245638E+000, 4.477657E+000, -1.116673E+000, -7.384407E+000, -7.487619E+000, 2.220028E+001
6.539200E-002, 3.493351E+000, 2.961466E+000, 4.581599E+000, -1.195470E+000, -7.323249E+000, -7.587452E+000, 2.123376E+001
6.540000E-002, 3.265298E+000, 2.832784E+000, 4.422437E+000, -1.354190E+000, -7.258150E+000, -7.685868E+000, 2.020368E+001
6.540800E-002, 3.256660E+000, 2.877466E+000, 4.339608E+000, -1.464507E+000, -7.189348E+000, -7.775541E+000, 1.915697E+001
6.541600E-002, 3.635020E+000, 3.040105E+000, 4.571855E+000, -1.438616E+000, -7.112782E+000, -7.855171E+000, 1.814575E+001
6.542400E-002, 4.032384E+000, 3.252787E+000, 4.880435E+000, -1.337305E+000, -7.007070E+000, -7.902548E+000, 1.715199E+001
6.543200E-002, 4.220700E+000, 3.385043E+000, 4.963264E+000, -1.126804E+000, -6.861940E+000, -7.925114E+000, 1.619714E+001
6.544000E-002, 4.153321E+000, 3.313554E+000, 4.818718E+000, -9.343126E-001, -6.692324E+000, -7.932911E+000, 1.532234E+001
6.544800E-002, 3.989192E+000, 3.065126E+000, 4.740762E+000, -9.804654E-001, -6.506582E+000, -7.903375E+000, 1.448623E+001
6.545600E-002, 3.906264E+000, 2.975764E+000, 4.919413E+000, -1.111044E+000, -6.300056E+000, -7.843239E+000, 1.366662E+001
6.546400E-002, 3.752501E+000, 3.276021E+000, 5.184142E+000, -1.100913E+000, -6.070835E+000, -7.771170E+000, 1.291116E+001
6.547200E-002, 3.652296E+000, 3.649556E+000, 5.253979E+000, -1.010859E+000, -5.811871E+000, -7.660231E+000, 1.220805E+001
6.548000E-002, 3.895898E+000, 3.619173E+000, 5.141915E+000, -9.725857E-001, -5.533676E+000, -7.509476E+000, 1.149586E+001
6.548800E-002, 4.137772E+000, 3.306405E+000, 5.109433E+000, -9.523235E-001, -5.269815E+000, -7.362030E+000, 1.077529E+001
6.549600E-002, 4.092852E+000, 3.186659E+000, 5.227993E+000, -8.026083E-001, -5.008462E+000, -7.212930E+000, 1.006016E+001
6.550400E-002, 4.056571E+000, 3.236702E+000, 5.333560E+000, -6.787838E-001, -4.724773E+000, -7.033230E+000, 9.333463E+000
6.551200E-002, 4.141227E+000, 3.206319E+000, 5.317319E+000, -7.485758E-001, -4.456970E+000, -6.839943E+000, 8.594035E+000
6.552000E-002, 4.146410E+000, 3.127680E+000, 5.239362E+000, -7.035487E-001, -4.225002E+000, -6.638741E+000, 7.817583E+000
6.552800E-002, 4.073848E+000, 3.134829E+000, 5.395276E+000, -5.155604E-001, -4.008562E+000, -6.412609E+000, 6.972977E+000
6.553600E-002, 4.082486E+000, 3.317128E+000, 5.728217E+000, -5.437024E-001, -3.818520E+000, -6.191794E+000, 6.101724E+000
6.554400E-002, 4.282896E+000, 3.508363E+000, 5.707104E+000, -6.540189E-001, -3.658101E+000, -6.007723E+000, 5.223395E+000
6.555200E-002, 4.671622E+000, 3.352873E+000, 5.447247E+000, -5.695930E-001, -3.518705E+000, -5.834993E+000, 4.297430E+000
6.556000E-002, 4.861666E+000, 3.175936E+000, 5.461864E+000, -4.817901E-001, -3.402721E+000, -5.656239E+000, 3.344110E+000
6.556800E-002, 4.604243E+000, 3.433299E+000, 5.647012E+000, -5.268173E-001, -3.297009E+000, -5.497214E+000, 2.400458E+000
6.557600E-002, 4.391739E+000, 3.561981E+000, 5.666502E+000, -5.785984E-001, -3.207781E+000, -5.362410E+000, 1.440652E+000
6.558400E-002, 4.490217E+000, 3.308192E+000, 5.611282E+000, -6.855378E-001, -3.146265E+000, -5.227251E+000, 4.821432E-001
6.559200E-002, 4.609426E+000, 3.329639E+000, 5.674622E+000, -8.375043E-001, -3.091558E+000, -5.085948E+000, -4.234229E-001
6.560000E-002, 4.787376E+000, 3.574492E+000, 5.785061E+000, -8.431327E-001, -3.048676E+000, -4.939801E+000, -1.304581E+000
6.560800E-002, 5.032705E+000, 3.635258E+000, 5.799678E+000, -7.924773E-001, -3.025384E+000, -4.795899E+000, -2.174538E+000
6.561600E-002, 4.937683E+000, 3.728195E+000, 5.798054E+000, -9.016680E-001, -2.987638E+000, -4.669011E+000, -2.970328E+000
6.562400E-002, 4.595604E+000, 3.785387E+000, 6.027052E+000, -1.123427E+000, -2.927436E+000, -4.538578E+000, -3.691479E+000
6.563200E-002, 4.434931E+000, 3.583428E+000, 6.251179E+000, -1.286650E+000, -2.854573E+000, -4.382979E+000, -4.374663E+000
6.564000E-002, 4.433203E+000, 3.469044E+000, 6.022180E+000, -1.311415E+000, -2.755550E+000, -4.227854E+000, -4.994056E+000
6.564800E-002, 4.554141E+000, 3.615598E+000, 5.708728E+000, -1.335054E+000, -2.635624E+000, -4.070365E+000, -5.545413E+000
6.565600E-002, 4.813291E+000, 3.638832E+000, 5.713600E+000, -1.508408E+000, -2.486075E+000, -3.890311E+000, -6.047130E+000
6.566400E-002, 4.987786E+000, 3.402916E+000, 5.867890E+000, -1.623227E+000, -2.292450E+000, -3.714509E+000, -6.474208E+000
6.567200E-002, 5.091446E+000, 3.218830E+000, 6.119627E+000, -1.552310E+000, -2.100735E+000, -3.546033E+000, -6.826530E+000
6.568000E-002, 5.226204E+000, 3.338575E+000, 6.308022E+000, -1.564692E+000, -1.926938E+000, -3.361726E+000, -7.135932E+000
6.568800E-002, 5.245209E+000, 3.728195E+000, 6.226818E+000, -1.705402E+000, -1.734985E+000, -3.173755E+000, -7.402768E+000
6.569600E-002, 5.200289E+000, 3.956962E+000, 6.132619E+000, -1.708779E+000, -1.540045E+000, -2.992401E+000, -7.637766E+000
6.570400E-002, 5.203745E+000, 3.763940E+000, 6.200832E+000, -1.572572E+000, -1.376640E+000, -2.810693E+000, -7.874770E+000
6.571200E-002, 5.162281E+000, 3.551257E+000, 6.277164E+000, -1.520791E+000, -1.237842E+000, -2.632292E+000, -8.106468E+000
6.572000E-002, 5.072442E+000, 3.560194E+000, 6.295030E+000, -1.584955E+000, -1.104179E+000, -2.463698E+000, -8.312578E+000
6.572800E-002, 4.968781E+000, 3.554832E+000, 6.322639E+000, -1.658123E+000, -9.829392E-001, -2.302783E+000, -8.516331E+000
6.573600E-002, 4.913496E+000, 3.572704E+000, 6.481802E+000, -1.709905E+000, -8.884556E-001, -2.153210E+000, -8.725036E+000
6.574400E-002, 5.112178E+000, 3.776450E+000, 6.657205E+000, -1.706528E+000, -8.038864E-001, -2.020651E+000, -8.914757E+000
6.575200E-002, 5.457712E+000, 3.878323E+000, 6.550014E+000, -1.556813E+000, -7.169281E-001, -1.890572E+000, -9.095634E+000
6.576000E-002, 5.582105E+000, 3.635258E+000, 6.322639E+000, -1.339557E+000, -6.474092E-001, -1.754586E+000, -9.273682E+000
6.576800E-002, 5.442163E+000, 3.365384E+000, 6.257676E+000, -1.377830E+000, -6.057218E-001, -1.630178E+000, -9.431330E+000
6.577600E-002, 5.248664E+000, 3.385043E+000, 6.215449E+000, -1.660375E+000, -5.744264E-001, -1.518885E+000, -9.580960E+000
6.578400E-002, 5.181285E+000, 3.485129E+000, 6.194335E+000, -1.781948E+000, -5.333362E-001, -1.405228E+000, -9.718447E+000
6.579200E-002, 5.347141E+000, 3.485129E+000, 6.343753E+000, -1.733544E+000, -4.780317E-001, -1.289091E+000, -9.807470E+000
6.580000E-002, 5.663305E+000, 3.513725E+000, 6.405469E+000, -1.734670E+000, -4.215327E-001, -1.164565E+000, -9.857347E+000
6.580800E-002, 5.739323E+000, 3.570917E+000, 6.337256E+000, -1.698648E+000, -3.657504E-001, -1.029524E+000, -9.885292E+000
6.581600E-002, 5.473261E+000, 3.576279E+000, 6.473681E+000, -1.616473E+000, -2.890646E-001, -9.140954E-001, -9.863596E+000
6.582400E-002, 5.385150E+000, 3.513725E+000, 6.649085E+000, -1.668255E+000, -1.925505E-001, -8.170975E-001, -9.783770E+000
6.583200E-002, 5.613203E+000, 3.429724E+000, 6.545142E+000, -1.781948E+000, -9.328904E-002, -6.961161E-001, -9.671635E+000
6.584000E-002, 5.627024E+000, 3.488704E+000, 6.330760E+000, -1.811216E+000, 1.947005E-002, -5.613115E-001, -9.527900E+000
6.584800E-002, 5.497449E+000, 3.569130E+000, 6.221945E+000, -1.860746E+000, 1.464435E-001, -4.438744E-001, -9.338651E+000
6.585600E-002, 5.689220E+000, 3.426150E+000, 6.270668E+000, -1.960931E+000, 2.682806E-001, -3.226567E-001, -9.123107E+000
6.586400E-002, 5.804974E+000, 3.245638E+000, 6.468809E+000, -1.998078E+000, 3.960902E-001, -1.861981E-001, -8.897305E+000
6.587200E-002, 5.516453E+000, 3.209893E+000, 6.701056E+000, -1.991324E+000, 5.494617E-001, -5.682821E-002, -8.646624E+000
6.588000E-002, 5.367873E+000, 3.233128E+000, 6.746531E+000, -2.013838E+000, 7.104778E-001, 6.344439E-002, -8.389221E+000
6.588800E-002, 5.621841E+000, 3.340362E+000, 6.554886E+000, -2.109520E+000, 8.480822E-001, 1.781641E-001, -8.146322E+000
6.589600E-002, 5.839528E+000, 3.522661E+000, 6.374611E+000, -2.253607E+000, 9.738611E-001, 2.706724E-001, -7.893872E+000
6.590400E-002, 5.708225E+000, 3.629896E+000, 6.416838E+000, -2.345913E+000, 1.116841E+000, 3.427415E-001, -7.643190E+000
6.591200E-002, 5.414521E+000, 3.731769E+000, 6.506164E+000, -2.377432E+000, 1.257192E+000, 4.072492E-001, -7.425642E+000
6.592000E-002, 5.153642E+000, 3.805046E+000, 6.382731E+000, -2.354918E+000, 1.380582E+000, 4.594697E-001, -7.226725E+000
6.592800E-002, 5.150187E+000, 3.726407E+000, 6.221945E+000, -2.238973E+000, 1.501225E+000, 5.044833E-001, -7.038890E+000
6.593600E-002, 5.464623E+000, 3.678152E+000, 6.285285E+000, -2.125280E+000, 1.598575E+000, 5.490243E-001, -6.874992E+000
6.594400E-002, 5.490538E+000, 3.710322E+000, 6.457440E+000, -2.074624E+000, 1.662480E+000, 5.709995E-001, -6.732436E+000
6.595200E-002, 5.134638E+000, 3.769301E+000, 6.538646E+000, -1.985696E+000, 1.718143E+000, 5.606027E-001, -6.601082E+000
6.596000E-002, 5.146731E+000, 3.844366E+000, 6.563007E+000, -1.879882E+000, 1.778703E+000, 5.481973E-001, -6.479632E+000
6.596800E-002, 5.478444E+000, 3.747854E+000, 6.678319E+000, -1.860746E+000, 1.847744E+000, 5.453618E-001, -6.369502E+000
6.597600E-002, 5.544096E+000, 3.563768E+000, 6.746531E+000, -1.896767E+000, 1.914755E+000, 5.328383E-001, -6.271635E+000
6.598400E-002, 5.442163E+000, 3.620960E+000, 6.710801E+000, -1.846112E+000, 1.963728E+000, 5.119265E-001, -6.188389E+000
6.599200E-002, 5.414521E+000, 3.805046E+000, 6.753027E+000, -1.671632E+000, 2.008760E+000, 4.898332E-001, -6.117877E+000
6.600000E-002, 5.390333E+000, 3.797897E+000, 6.624723E+000, -1.556813E+000, 2.060840E+000, 4.664403E-001, -6.044300E+000
6.600800E-002, 5.362690E+000, 3.613811E+000, 6.270668E+000, -1.497152E+000, 2.099063E+000, 4.552164E-001, -5.956220E+000
6.601600E-002, 5.431797E+000, 3.420788E+000, 6.369739E+000, -1.411600E+000, 2.121519E+000, 4.578156E-001, -5.859532E+000
6.602400E-002, 5.516453E+000, 3.320703E+000, 6.822864E+000, -1.427360E+000, 2.162132E+000, 4.649044E-001, -5.753646E+000
6.603200E-002, 5.462895E+000, 3.456533E+000, 6.780637E+000, -1.391338E+000, 2.228426E+000, 4.812086E-001, -5.650591E+000
6.604000E-002, 5.417976E+000, 3.780025E+000, 6.369739E+000, -1.210104E+000, 2.289344E+000, 5.021204E-001, -5.567345E+000
6.604800E-002, 5.595926E+000, 3.880111E+000, 6.249555E+000, -1.139186E+000, 2.332823E+000, 5.203149E-001, -5.480680E+000
6.605600E-002, 5.739323E+000, 3.674577E+000, 6.374611E+000, -1.149317E+000, 2.374630E+000, 5.476066E-001, -5.383756E+000
6.606400E-002, 5.538913E+000, 3.672790E+000, 6.447696E+000, -1.139186E+000, 2.407120E+000, 5.793878E-001, -5.318550E+000
6.607200E-002, 5.245209E+000, 3.983771E+000, 6.504539E+000, -1.174082E+000, 2.420498E+000, 5.958102E-001, -5.291784E+000
6.608000E-002, 5.264213E+000, 4.078495E+000, 6.668574E+000, -1.197721E+000, 2.444507E+000, 6.058525E-001, -5.275041E+000
6.608800E-002, 5.511270E+000, 3.860451E+000, 6.852098E+000, -1.223612E+000, 2.476878E+000, 6.267644E-001, -5.280936E+000
6.609600E-002, 5.461168E+000, 3.810408E+000, 6.887828E+000, -1.317043E+000, 2.476042E+000, 6.480306E-001, -5.329516E+000
6.610400E-002, 5.134638E+000, 4.065984E+000, 6.842353E+000, -1.408223E+000, 2.447613E+000, 6.613812E-001, -5.405452E+000
6.611200E-002, 5.162281E+000, 4.203602E+000, 6.772517E+000, -1.493775E+000, 2.424201E+000, 6.753224E-001, -5.505677E+000
6.612000E-002, 5.397244E+000, 4.048111E+000, 6.603610E+000, -1.636736E+000, 2.395414E+000, 6.831200E-001, -5.645521E+000
6.612800E-002, 5.267668E+000, 3.955175E+000, 6.493171E+000, -1.835981E+000, 2.332465E+000, 6.795756E-001, -5.818145E+000
6.613600E-002, 5.039616E+000, 3.994494E+000, 6.592241E+000, -2.041980E+000, 2.250046E+000, 6.838289E-001, -6.008573E+000
6.614400E-002, 5.122544E+000, 3.858664E+000, 6.738410E+000, -2.223214E+000, 2.178616E+000, 6.964705E-001, -6.208906E+000
6.615200E-002, 5.298767E+000, 3.696024E+000, 6.684815E+000, -2.348164E+000, 2.103602E+000, 7.013145E-001, -6.408177E+000
6.616000E-002, 5.278035E+000, 3.928366E+000, 6.501291E+000, -2.357169E+000, 2.001952E+000, 6.989516E-001, -6.611576E+000
6.616800E-002, 5.082808E+000, 4.319773E+000, 6.554886E+000, -2.300886E+000, 1.889670E+000, 6.935169E-001, -6.839619E+000
6.617600E-002, 4.846117E+000, 4.409135E+000, 6.837481E+000, -2.309891E+000, 1.777270E+000, 6.865463E-001, -7.082282E+000
6.618400E-002, 4.783921E+000, 4.369816E+000, 6.965785E+000, -2.380809E+000, 1.655671E+000, 6.807571E-001, -7.316456E+000
6.619200E-002, 4.944594E+000, 4.382327E+000, 6.918686E+000, -2.395442E+000, 1.530729E+000, 6.818204E-001, -7.537895E+000
6.620000E-002, 5.101812E+000, 4.251858E+000, 6.910565E+000, -2.291880E+000, 1.402322E+000, 6.993060E-001, -7.747307E+000
6.620800E-002, 5.151915E+000, 4.160708E+000, 6.860218E+000, -2.134285E+000, 1.262806E+000, 7.255344E-001, -7.955776E+000
6.621600E-002, 5.043071E+000, 4.255432E+000, 6.722169E+000, -2.091510E+000, 1.124724E+000, 7.477459E-001, -8.162948E+000
6.622400E-002, 4.875487E+000, 4.284028E+000, 6.683191E+000, -2.208580E+000, 9.973924E-001, 7.716113E-001, -8.350310E+000
6.623200E-002, 4.956688E+000, 4.323348E+000, 6.730290E+000, -2.281749E+000, 8.677911E-001, 8.029200E-001, -8.533782E+000
6.624000E-002, 5.181285E+000, 4.502072E+000, 6.813119E+000, -2.198449E+000, 7.257672E-001, 8.365917E-001, -8.737062E+000
6.624800E-002, 5.091446E+000, 4.593222E+000, 6.902445E+000, -2.017215E+000, 5.820711E-001, 8.606934E-001, -8.942466E+000
6.625600E-002, 4.823657E+000, 4.537817E+000, 6.852098E+000, -1.806713E+000, 4.414805E-001, 8.713266E-001, -9.138789E+000
6.626400E-002, 4.868577E+000, 4.537817E+000, 6.743283E+000, -1.724539E+000, 2.907369E-001, 8.860948E-001, -9.342660E+000
6.627200E-002, 5.053437E+000, 4.639690E+000, 6.757900E+000, -1.747052E+000, 1.318708E-001, 9.182305E-001, -9.556317E+000
6.628000E-002, 5.041344E+000, 4.725478E+000, 6.933303E+000, -1.658123E+000, -1.266151E-002, 9.540287E-001, -9.758301E+000
6.628800E-002, 4.958416E+000, 4.759435E+000, 7.061607E+000, -1.506157E+000, -1.347376E-001, 9.778942E-001, -9.943541E+000
6.629600E-002, 4.908313E+000, 4.832713E+000, 6.878083E+000, -1.381207E+000, -2.560969E-001, 9.951435E-001, -1.013303E+001
6.630400E-002, 4.806380E+000, 4.966756E+000, 6.636092E+000, -1.223612E+000, -3.904761E-001, 1.018064E+000, -1.032841E+001
6.631200E-002, 4.697537E+000, 5.011437E+000, 6.684815E+000, -1.127929E+000, -5.264082E-001, 1.049727E+000, -1.050728E+001
6.632000E-002, 4.666439E+000, 5.034671E+000, 6.824488E+000, -1.049132E+000, -6.609069E-001, 1.081863E+000, -1.066964E+001
6.632800E-002, 4.671622E+000, 5.159779E+000, 6.793630E+000, -7.812204E-001, -7.940916E-001, 1.107146E+000, -1.082246E+001
6.633600E-002, 4.818474E+000, 5.120459E+000, 6.621475E+000, -5.729700E-001, -9.214234E-001, 1.133020E+000, -1.094933E+001
6.634400E-002, 5.011973E+000, 4.898840E+000, 6.411965E+000, -6.754068E-001, -1.050905E+000, 1.161257E+000, -1.104696E+001
6.635200E-002, 4.932500E+000, 4.820202E+000, 6.441199E+000, -7.891002E-001, -1.183612E+000, 1.189848E+000, -1.112797E+001
6.636000E-002, 4.730363E+000, 4.916713E+000, 6.809871E+000, -7.091771E-001, -1.304852E+000, 1.233090E+000, -1.118468E+001
6.636800E-002, 4.650890E+000, 5.152629E+000, 6.957664E+000, -6.517675E-001, -1.415700E+000, 1.287319E+000, -1.120697E+001
6.637600E-002, 4.690627E+000, 5.510078E+000, 6.705928E+000, -7.654610E-001, -1.527384E+000, 1.335522E+000, -1.119542E+001
6.638400E-002, 4.799469E+000, 5.735271E+000, 6.580872E+000, -9.039193E-001, -1.638232E+000, 1.386089E+000, -1.114353E+001
6.639200E-002, 4.773555E+000, 5.594079E+000, 6.619851E+000, -9.084221E-001, -1.740360E+000, 1.436182E+000, -1.105687E+001
6.640000E-002, 4.656073E+000, 5.370674E+000, 6.598737E+000, -8.904112E-001, -1.828871E+000, 1.471981E+000, -1.095523E+001
6.640800E-002, 4.740729E+000, 5.486845E+000, 6.590617E+000, -9.827168E-001, -1.912366E+000, 1.504943E+000, -1.082564E+001
6.641600E-002, 4.916951E+000, 5.672718E+000, 6.576000E+000, -1.000728E+000, -2.003266E+000, 1.539915E+000, -1.065196E+001
6.642400E-002, 4.892764E+000, 5.519015E+000, 6.569503E+000, -8.408814E-001, -2.097988E+000, 1.570987E+000, -1.046530E+001
6.643200E-002, 4.694082E+000, 5.352801E+000, 6.579248E+000, -6.855378E-001, -2.189844E+000, 1.595916E+000, -1.027311E+001
6.644000E-002, 4.718269E+000, 5.556547E+000, 6.446072E+000, -5.921066E-001, -2.267843E+000, 1.601823E+000, -1.004919E+001
6.644800E-002, 5.048254E+000, 5.953316E+000, 6.376235E+000, -5.504565E-001, -2.331390E+000, 1.586110E+000, -9.816195E+000
6.645600E-002, 5.215838E+000, 6.201743E+000, 6.571127E+000, -5.831012E-001, -2.408314E+000, 1.566379E+000, -9.596525E+000
6.646400E-002, 5.181285E+000, 6.160636E+000, 6.678319E+000, -5.887296E-001, -2.501603E+000, 1.550193E+000, -9.367775E+000
6.647200E-002, 5.141549E+000, 6.031954E+000, 6.608482E+000, -5.155604E-001, -2.581514E+000, 1.530699E+000, -9.124994E+000
6.648000E-002, 5.039616E+000, 6.058763E+000, 6.662077E+000, -3.759764E-001, -2.642552E+000, 1.498918E+000, -8.881977E+000
6.648800E-002, 4.989513E+000, 6.124891E+000, 6.662077E+000, -1.992450E-001, -2.704307E+000, 1.451778E+000, -8.641908E+000
6.649600E-002, 5.030978E+000, 6.162423E+000, 6.359994E+000, -2.262613E-001, -2.776812E+000, 1.397667E+000, -8.403606E+000
6.650400E-002, 5.139821E+000, 6.235700E+000, 6.213825E+000, -4.727847E-001, -2.851348E+000, 1.345919E+000, -8.157170E+000
6.651200E-002, 5.317771E+000, 6.300041E+000, 6.499667E+000, -6.213742E-001, -2.916925E+000, 1.294998E+000, -7.893518E+000
6.652000E-002, 5.329865E+000, 6.333999E+000, 6.603610E+000, -6.168715E-001, -2.975215E+000, 1.244786E+000, -7.623617E+000
6.652800E-002, 5.195107E+000, 6.419786E+000, 6.298278E+000, -4.975496E-001, -3.025623E+000, 1.197528E+000, -7.354187E+000
6.653600E-002, 5.101812E+000, 6.575277E+000, 6.194335E+000, -2.780424E-001, -3.067788E+000, 1.144007E+000, -7.076976E+000
6.654400E-002, 5.074169E+000, 6.589575E+000, 6.356746E+000, -1.936166E-001, -3.114731E+000, 1.084344E+000, -6.794222E+000
6.655200E-002, 5.139821E+000, 6.446595E+000, 6.312895E+000, -3.377034E-001, -3.165735E+000, 1.033423E+000, -6.515124E+000
6.656000E-002, 5.186468E+000, 6.367957E+000, 6.126123E+000, -5.110577E-001, -3.210887E+000, 9.851011E-001, -6.237677E+000
6.656800E-002, 5.125999E+000, 6.362595E+000, 6.062783E+000, -6.101174E-001, -3.252694E+000, 9.302814E-001, -5.949381E+000
6.657600E-002, 5.153642E+000, 6.409063E+000, 6.066031E+000, -6.967946E-001, -3.292828E+000, 8.819597E-001, -5.649884E+000
6.658400E-002, 5.297039E+000, 6.444808E+000, 6.028677E+000, -7.497015E-001, -3.328543E+000, 8.401360E-001, -5.359230E+000
6.659200E-002, 5.352324E+000, 6.321488E+000, 5.901997E+000, -8.296246E-001, -3.356614E+000, 7.919325E-001, -5.082254E+000
6.660000E-002, 5.312588E+000, 6.217828E+000, 5.729841E+000, -1.096410E+000, -3.383967E+000, 7.341591E-001, -4.798911E+000
6.660800E-002, 5.281490E+000, 6.391191E+000, 5.720097E+000, -1.409349E+000, -3.410604E+000, 6.727232E-001, -4.501772E+000
6.661600E-002, 5.231388E+000, 6.607448E+000, 5.874387E+000, -1.534299E+000, -3.421116E+000, 6.145954E-001, -4.205576E+000
6.662400E-002, 5.093174E+000, 6.634256E+000, 5.906869E+000, -1.457753E+000, -3.428521E+000, 5.575309E-001, -3.926242E+000
6.663200E-002, 5.046526E+000, 6.619958E+000, 5.776940E+000, -1.400343E+000, -3.453247E+000, 4.931413E-001, -3.667307E+000
6.664000E-002, 5.203745E+000, 6.582426E+000, 5.634019E+000, -1.577075E+000, -3.478570E+000, 4.152831E-001, -3.425823E+000
6.664800E-002, 5.181285E+000, 6.555617E+000, 5.606410E+000, -1.810090E+000, -3.489559E+000, 3.285640E-001, -3.196012E+000
6.665600E-002, 4.960143E+000, 6.741491E+000, 5.819167E+000, -1.831478E+000, -3.499115E+000, 2.414904E-001, -2.966319E+000
6.666400E-002, 4.973964E+000, 6.961322E+000, 6.074152E+000, -1.731293E+000, -3.514644E+000, 1.426022E-001, -2.739102E+000
6.667200E-002, 5.160553E+000, 6.929152E+000, 6.064407E+000, -1.713282E+000, -3.530291E+000, 2.386549E-002, -2.535232E+000
6.668000E-002, 5.240026E+000, 6.734342E+000, 5.906869E+000, -1.762812E+000, -3.550597E+000, -1.019600E-001, -2.357774E+000
6.668800E-002, 5.162281E+000, 6.539532E+000, 5.908493E+000, -1.733544E+000, -3.575204E+000, -2.328657E-001, -2.185504E+000
6.669600E-002, 5.008518E+000, 6.525234E+000, 6.072527E+000, -1.598463E+000, -3.586074E+000, -3.648348E-001, -2.010993E+000
6.670400E-002, 4.953232E+000, 6.682512E+000, 6.046542E+000, -1.484769E+000, -3.590015E+000, -4.843985E-001, -1.852048E+000
6.671200E-002, 5.049982E+000, 6.743278E+000, 5.689239E+000, -1.446496E+000, -3.615458E+000, -6.051437E-001, -1.716685E+000
6.672000E-002, 5.112178E+000, 6.689661E+000, 5.482977E+000, -1.409349E+000, -3.651651E+000, -7.444378E-001, -1.587453E+000
6.672800E-002, 4.944594E+000, 6.636044E+000, 5.656757E+000, -1.357568E+000, -3.673271E+000, -8.904662E-001, -1.462112E+000
6.673600E-002, 4.687171E+000, 6.600298E+000, 5.737962E+000, -1.300158E+000, -3.696324E+000, -1.025507E+000, -1.347973E+000
6.674400E-002, 4.567962E+000, 6.573490E+000, 5.497594E+000, -1.247251E+000, -3.730606E+000, -1.143299E+000, -1.237961E+000
6.675200E-002, 4.455663E+000, 6.535958E+000, 5.266972E+000, -1.264136E+000, -3.761543E+000, -1.250575E+000, -1.133019E+000
6.676000E-002, 4.332999E+000, 6.500213E+000, 5.379035E+000, -1.311415E+000, -3.794033E+000, -1.366713E+000, -1.037274E+000
6.676800E-002, 4.512676E+000, 6.462680E+000, 5.698983E+000, -1.303535E+000, -3.832854E+000, -1.498800E+000, -9.488400E-001
6.677600E-002, 4.766644E+000, 6.476978E+000, 5.702231E+000, -1.293404E+000, -3.866299E+000, -1.636440E+000, -8.720791E-001
6.678400E-002, 4.681988E+000, 6.476978E+000, 5.335184E+000, -1.378955E+000, -3.886486E+000, -1.770299E+000, -8.075811E-001
6.679200E-002, 4.523042E+000, 6.328637E+000, 5.215000E+000, -1.445370E+000, -3.895683E+000, -1.890808E+000, -7.480354E-001
6.680000E-002, 4.578328E+000, 6.323276E+000, 5.367666E+000, -1.341808E+000, -3.907509E+000, -2.002929E+000, -6.969793E-001
6.680800E-002, 4.688899E+000, 6.512723E+000, 5.302702E+000, -1.181962E+000, -3.926620E+000, -2.126155E+000, -6.660864E-001
6.681600E-002, 4.739001E+000, 6.425148E+000, 5.276716E+000, -1.144814E+000, -3.944418E+000, -2.260723E+000, -6.558280E-001
6.682400E-002, 4.737274E+000, 6.176721E+000, 5.593417E+000, -1.268639E+000, -3.965083E+000, -2.389502E+000, -6.601908E-001
6.683200E-002, 4.586966E+000, 6.146338E+000, 5.744458E+000, -1.354190E+000, -3.991242E+000, -2.508712E+000, -6.739865E-001
6.684000E-002, 4.403833E+000, 6.078423E+000, 5.473233E+000, -1.242748E+000, -4.011190E+000, -2.635246E+000, -6.907300E-001
6.684800E-002, 4.542047E+000, 5.944379E+000, 5.200383E+000, -1.177459E+000, -4.022537E+000, -2.769105E+000, -7.090064E-001
6.685600E-002, 4.830568E+000, 6.040891E+000, 5.176022E+000, -1.303535E+000, -4.034004E+000, -2.882053E+000, -7.244529E-001
6.686400E-002, 4.718269E+000, 6.132040E+000, 5.221497E+000, -1.405972E+000, -4.046069E+000, -2.978696E+000, -7.370695E-001
6.687200E-002, 4.365824E+000, 6.065912E+000, 5.184142E+000, -1.450999E+000, -4.060880E+000, -3.078884E+000, -7.643073E-001
6.688000E-002, 4.265619E+000, 6.151700E+000, 5.169525E+000, -1.565818E+000, -4.079992E+000, -3.175764E+000, -8.010959E-001
6.688800E-002, 4.296718E+000, 6.285743E+000, 5.271844E+000, -1.559064E+000, -4.087278E+000, -3.264964E+000, -8.190185E-001
6.689600E-002, 4.329543E+000, 6.246424E+000, 5.310822E+000, -1.447622E+000, -4.080709E+000, -3.342704E+000, -8.247963E-001
6.690400E-002, 4.429748E+000, 6.144551E+000, 5.184142E+000, -1.655872E+000, -4.093012E+000, -3.405912E+000, -8.510907E-001
6.691200E-002, 4.383101E+000, 6.058763E+000, 5.099689E+000, -1.956428E+000, -4.131594E+000, -3.459550E+000, -8.915346E-001
6.692000E-002, 4.296718E+000, 6.142764E+000, 5.096441E+000, -1.833729E+000, -4.160619E+000, -3.501965E+000, -9.168857E-001
6.692800E-002, 4.398650E+000, 6.249998E+000, 5.086696E+000, -1.605217E+000, -4.178417E+000, -3.538826E+000, -9.309173E-001
6.693600E-002, 4.374463E+000, 5.974762E+000, 5.159781E+000, -1.606342E+000, -4.210907E+000, -3.574152E+000, -9.468355E-001
6.694400E-002, 4.179236E+000, 5.638760E+000, 5.216624E+000, -1.555687E+000, -4.237066E+000, -3.596009E+000, -9.537923E-001
6.695200E-002, 4.175780E+000, 5.715612E+000, 5.011987E+000, -1.443119E+000, -4.246861E+000, -3.604870E+000, -9.441234E-001
6.696000E-002, 4.421110E+000, 5.840719E+000, 4.644939E+000, -1.496026E+000, -4.269556E+000, -3.616803E+000, -9.324501E-001
6.696800E-002, 4.647435E+000, 5.654846E+000, 4.482529E+000, -1.557938E+000, -4.294401E+000, -3.632870E+000, -9.236067E-001
6.697600E-002, 4.497127E+000, 5.504717E+000, 4.630322E+000, -1.554561E+000, -4.312916E+000, -3.637833E+000, -9.015571E-001
6.698400E-002, 4.082486E+000, 5.706676E+000, 4.779740E+000, -1.703151E+000, -4.350900E+000, -3.633461E+000, -8.607595E-001
6.699200E-002, 3.926996E+000, 5.956890E+000, 4.687166E+000, -1.900144E+000, -4.391991E+000, -3.634643E+000, -8.159528E-001
6.700000E-002, 4.066937E+000, 5.883613E+000, 4.492274E+000, -1.956428E+000, -4.415402E+000, -3.630862E+000, -7.803434E-001
6.700800E-002, 4.227611E+000, 5.669144E+000, 4.433806E+000, -2.014963E+000, -4.439531E+000, -3.609005E+000, -7.462667E-001
6.701600E-002, 4.281168E+000, 5.613739E+000, 4.489026E+000, -2.084755E+000, -4.463540E+000, -3.587266E+000, -6.960360E-001
6.702400E-002, 4.341637E+000, 5.590505E+000, 4.515011E+000, -2.022843E+000, -4.480382E+000, -3.577696E+000, -6.316560E-001
6.703200E-002, 4.542047E+000, 5.490419E+000, 4.539372E+000, -1.923784E+000, -4.497463E+000, -3.567654E+000, -5.676296E-001
6.704000E-002, 4.586966E+000, 5.449312E+000, 4.565358E+000, -1.949674E+000, -4.513350E+000, -3.551114E+000, -4.978256E-001
6.704800E-002, 4.353731E+000, 5.461823E+000, 4.513387E+000, -2.041980E+000, -4.528400E+000, -3.534573E+000, -4.155228E-001
6.705600E-002, 4.279441E+000, 5.411780E+000, 4.401324E+000, -2.093761E+000, -4.535925E+000, -3.520632E+000, -3.397052E-001
6.706400E-002, 4.483306E+000, 5.297396E+000, 4.247034E+000, -2.192821E+000, -4.533536E+000, -3.504919E+000, -2.667175E-001
6.707200E-002, 4.671622E+000, 5.270587E+000, 4.169077E+000, -2.335782E+000, -4.540226E+000, -3.483062E+000, -1.602428E-001
6.708000E-002, 4.681988E+000, 5.349226E+000, 4.190190E+000, -2.403322E+000, -4.553126E+000, -3.458369E+000, -1.957344E-002
6.708800E-002, 4.514404E+000, 5.456461E+000, 4.112233E+000, -2.449475E+000, -4.553007E+000, -3.436512E+000, 1.219213E-001
6.709600E-002, 4.350275E+000, 5.592292E+000, 4.027780E+000, -2.533901E+000, -4.542734E+000, -3.415955E+000, 2.535114E-001
6.710400E-002, 4.275985E+000, 5.490419E+000, 4.053765E+000, -2.583431E+000, -4.532223E+000, -3.390199E+000, 3.954777E-001
6.711200E-002, 4.146410E+000, 5.124033E+000, 4.032652E+000, -2.577802E+000, -4.522189E+000, -3.360898E+000, 5.577250E-001
6.712000E-002, 4.094580E+000, 5.020373E+000, 4.060262E+000, -2.551912E+000, -4.511319E+000, -3.342586E+000, 7.250425E-001
6.712800E-002, 4.198240E+000, 5.211608E+000, 4.242161E+000, -2.492251E+000, -4.509647E+000, -3.336088E+000, 8.925958E-001
6.713600E-002, 4.244887E+000, 5.336716E+000, 4.281140E+000, -2.428087E+000, -4.517053E+000, -3.318012E+000, 1.065573E+000
6.714400E-002, 4.332999E+000, 5.370674E+000, 4.031028E+000, -2.403322E+000, -4.506661E+000, -3.288002E+000, 1.239847E+000
6.715200E-002, 4.440114E+000, 5.267013E+000, 3.844256E+000, -2.352667E+000, -4.476321E+000, -3.270753E+000, 1.415065E+000
6.716000E-002, 4.301900E+000, 4.984628E+000, 3.875114E+000, -2.291880E+000, -4.452192E+000, -3.263074E+000, 1.595117E+000
6.716800E-002, 4.160232E+000, 4.804117E+000, 3.845880E+000, -2.376306E+000, -4.437500E+000, -3.249605E+000, 1.774344E+000
6.717600E-002, 4.284624E+000, 4.848798E+000, 3.715951E+000, -2.486622E+000, -4.420778E+000, -3.234719E+000, 1.945670E+000
6.718400E-002, 4.360641E+000, 4.907777E+000, 3.607136E+000, -2.424710E+000, -4.402502E+000, -3.223258E+000, 2.115700E+000
6.719200E-002, 4.118767E+000, 4.843436E+000, 3.558414E+000, -2.299760E+000, -4.382793E+000, -3.206718E+000, 2.295752E+000
6.720000E-002, 3.887259E+000, 4.850585E+000, 3.600640E+000, -2.236722E+000, -4.358426E+000, -3.177772E+000, 2.472620E+000
6.720800E-002, 4.015107E+000, 4.941734E+000, 3.581151E+000, -2.271618E+000, -4.334177E+000, -3.149063E+000, 2.629090E+000
6.721600E-002, 4.269075E+000, 4.789819E+000, 3.478832E+000, -2.331279E+000, -4.309332E+000, -3.130868E+000, 2.787210E+000
6.722400E-002, 4.260437E+000, 4.511008E+000, 3.568158E+000, -2.150045E+000, -4.270154E+000, -3.104758E+000, 2.961720E+000
6.723200E-002, 4.099763E+000, 4.494923E+000, 3.753306E+000, -1.763937E+000, -4.214610E+000, -3.066124E+000, 3.123614E+000
6.724000E-002, 4.167142E+000, 4.736201E+000, 3.746809E+000, -1.582703E+000, -4.154169E+000, -3.033989E+000, 3.260628E+000
6.724800E-002, 4.429748E+000, 4.922075E+000, 3.706207E+000, -1.632233E+000, -4.100059E+000, -3.008351E+000, 3.399057E+000
6.725600E-002, 4.509221E+000, 4.729052E+000, 3.725696E+000, -1.618725E+000, -4.055147E+000, -2.987793E+000, 3.549395E+000
6.726400E-002, 4.262164E+000, 4.359092E+000, 3.576278E+000, -1.449873E+000, -3.999962E+000, -2.976570E+000, 3.689121E+000
6.727200E-002, 4.104946E+000, 4.326922E+000, 3.365145E+000, -1.202224E+000, -3.932115E+000, -2.958139E+000, 3.810570E+000
6.728000E-002, 4.246615E+000, 4.485987E+000, 3.405748E+000, -1.073897E+000, -3.881827E+000, -2.928602E+000, 3.936147E+000
6.728800E-002, 4.267347E+000, 4.425220E+000, 3.577903E+000, -1.220235E+000, -3.844918E+000, -2.905091E+000, 4.075047E+000
6.729600E-002, 4.092852E+000, 4.307262E+000, 3.566534E+000, -1.461130E+000, -3.793913E+000, -2.887488E+000, 4.207109E+000
6.730400E-002, 4.113585E+000, 4.346581E+000, 3.438230E+000, -1.480266E+000, -3.733950E+000, -2.865985E+000, 4.311108E+000
6.731200E-002, 4.376190E+000, 4.405560E+000, 3.371641E+000, -1.333928E+000, -3.675062E+000, -2.837630E+000, 4.397774E+000
6.732000E-002, 4.467757E+000, 4.376965E+000, 3.303429E+000, -1.322672E+000, -3.613308E+000, -2.811638E+000, 4.491632E+000
6.732800E-002, 4.269075E+000, 4.350156E+000, 3.197862E+000, -1.434114E+000, -3.554659E+000, -2.798524E+000, 4.586433E+000
6.733600E-002, 4.220700E+000, 4.460965E+000, 3.115033E+000, -1.508408E+000, -3.501863E+000, -2.785055E+000, 4.661661E+000
6.734400E-002, 4.329543E+000, 4.584285E+000, 3.097168E+000, -1.500529E+000, -3.449067E+000, -2.756582E+000, 4.716019E+000
6.735200E-002, 4.255253E+000, 4.530668E+000, 3.175125E+000, -1.337305E+000, -3.402004E+000, -2.722792E+000, 4.758821E+000
6.736000E-002, 4.139499E+000, 4.428795E+000, 3.210855E+000, -1.120049E+000, -3.361869E+000, -2.691720E+000, 4.796553E+000
6.736800E-002, 4.198240E+000, 4.409135E+000, 3.191366E+000, -1.015361E+000, -3.324482E+000, -2.662774E+000, 4.824734E+000
6.737600E-002, 4.300173E+000, 4.376965E+000, 3.241713E+000, -1.005230E+000, -3.299159E+000, -2.636191E+000, 4.835228E+000
6.738400E-002, 4.310539E+000, 4.235773E+000, 3.212479E+000, -1.096410E+000, -3.277897E+000, -2.615988E+000, 4.828389E+000
6.739200E-002, 4.319177E+000, 4.144623E+000, 3.162132E+000, -1.248377E+000, -3.239077E+000, -2.600393E+000, 4.806339E+000
6.740000E-002, 4.312266E+000, 4.219687E+000, 3.191366E+000, -1.252880E+000, -3.194403E+000, -2.573338E+000, 4.773913E+000
6.740800E-002, 4.210334E+000, 4.241134E+000, 3.040324E+000, -1.098662E+000, -3.162749E+000, -2.534940E+000, 4.736536E+000
6.741600E-002, 4.208606E+000, 4.198240E+000, 2.822694E+000, -1.098662E+000, -3.127512E+000, -2.498551E+000, 4.691729E+000
6.742400E-002, 4.390012E+000, 4.219687E+000, 2.827566E+000, -1.315917E+000, -3.079613E+000, -2.464407E+000, 4.632065E+000
6.743200E-002, 4.510949E+000, 4.230411E+000, 2.832439E+000, -1.456627E+000, -3.042823E+000, -2.428727E+000, 4.564973E+000
6.744000E-002, 4.471212E+000, 4.180368E+000, 2.663532E+000, -1.472387E+000, -3.019411E+000, -2.384304E+000, 4.503894E+000
6.744800E-002, 4.483306E+000, 4.042750E+000, 2.493001E+000, -1.484769E+000, -2.991699E+000, -2.338818E+000, 4.441637E+000
6.745600E-002, 4.647435E+000, 3.880111E+000, 2.444278E+000, -1.476889E+000, -2.957298E+000, -2.314480E+000, 4.377964E+000
6.746400E-002, 4.685443E+000, 3.828280E+000, 2.583951E+000, -1.466758E+000, -2.921583E+000, -2.291559E+000, 4.320777E+000
6.747200E-002, 4.561051E+000, 3.824706E+000, 2.756106E+000, -1.507283E+000, -2.892677E+000, -2.236976E+000, 4.260052E+000
6.748000E-002, 4.650890E+000, 3.785387E+000, 2.691142E+000, -1.556813E+000, -2.873804E+000, -2.178966E+000, 4.186593E+000
6.748800E-002, 4.834023E+000, 3.805046E+000, 2.522235E+000, -1.526419E+000, -2.855648E+000, -2.146358E+000, 4.111011E+000
6.749600E-002, 4.796014E+000, 3.971260E+000, 2.497873E+000, -1.466758E+000, -2.837970E+000, -2.108197E+000, 4.050640E+000
6.750400E-002, 4.642251E+000, 4.021303E+000, 2.585575E+000, -1.516288E+000, -2.827339E+000, -2.054795E+000, 3.992509E+000
6.751200E-002, 4.569689E+000, 3.833642E+000, 2.593695E+000, -1.592834E+000, -2.823158E+000, -2.016397E+000, 3.919993E+000
6.752000E-002, 4.697537E+000, 3.783599E+000, 2.501121E+000, -1.599588E+000, -2.829728E+000, -1.988042E+000, 3.845944E+000
6.752800E-002, 4.777010E+000, 3.880111E+000, 2.507618E+000, -1.684014E+000, -2.852781E+000, -1.954489E+000, 3.769773E+000
6.753600E-002, 4.578328E+000, 3.880111E+000, 2.567709E+000, -1.906898E+000, -2.875476E+000, -1.927197E+000, 3.685230E+000
6.754400E-002, 4.421110E+000, 3.897983E+000, 2.544972E+000, -2.085881E+000, -2.884793E+000, -1.902150E+000, 3.607290E+000
6.755200E-002, 4.498855E+000, 3.962324E+000, 2.481632E+000, -2.101641E+000, -2.902233E+000, -1.863398E+000, 3.531944E+000
6.756000E-002, 4.574872E+000, 3.901557E+000, 2.403675E+000, -2.057739E+000, -2.938664E+000, -1.829136E+000, 3.439501E+000
6.756800E-002, 4.590422E+000, 3.696024E+000, 2.442653E+000, -2.089258E+000, -2.972588E+000, -1.816376E+000, 3.328074E+000
6.757600E-002, 4.699265E+000, 3.506576E+000, 2.564461E+000, -2.146668E+000, -3.002808E+000, -1.807043E+000, 3.218533E+000
6.758400E-002, 4.770099E+000, 3.429724E+000, 2.520611E+000, -2.100515E+000, -3.051424E+000, -1.788494E+000, 3.129273E+000
6.759200E-002, 4.640524E+000, 3.356447E+000, 2.413419E+000, -2.027346E+000, -3.111148E+000, -1.768173E+000, 3.046853E+000
6.760000E-002, 4.485034E+000, 3.243851E+000, 2.444278E+000, -2.016089E+000, -3.160719E+000, -1.751160E+000, 2.960423E+000
6.760800E-002, 4.421110E+000, 3.124105E+000, 2.501121E+000, -2.028471E+000, -3.197986E+000, -1.738400E+000, 2.883191E+000
6.761600E-002, 4.357186E+000, 3.054403E+000, 2.478384E+000, -2.067870E+000, -3.234657E+000, -1.725522E+000, 2.825531E+000
6.762400E-002, 4.269075E+000, 3.104446E+000, 2.444278E+000, -2.048734E+000, -3.285303E+000, -1.702956E+000, 2.774475E+000
6.763200E-002, 4.212061E+000, 3.177723E+000, 2.398803E+000, -1.964308E+000, -3.337741E+000, -1.668339E+000, 2.706558E+000
6.764000E-002, 4.217245E+000, 3.236702E+000, 2.327342E+000, -2.097138E+000, -3.375128E+000, -1.632305E+000, 2.630858E+000
6.764800E-002, 4.284624E+000, 3.184872E+000, 2.392306E+000, -2.352667E+000, -3.423027E+000, -1.603477E+000, 2.575322E+000
6.765600E-002, 4.374463E+000, 3.013296E+000, 2.652163E+000, -2.339159E+000, -3.489082E+000, -1.574413E+000, 2.528746E+000
6.766400E-002, 4.331271E+000, 3.020445E+000, 2.777219E+000, -2.179312E+000, -3.540086E+000, -1.539442E+000, 2.465074E+000
6.767200E-002, 4.065209E+000, 3.082999E+000, 2.554717E+000, -2.137662E+000, -3.583924E+000, -1.502108E+000, 2.395505E+000
6.768000E-002, 3.911447E+000, 2.988275E+000, 2.236392E+000, -2.133160E+000, -3.645559E+000, -1.462293E+000, 2.334073E+000
6.768800E-002, 4.172325E+000, 3.027594E+000, 2.114584E+000, -2.125280E+000, -3.704088E+000, -1.424840E+000, 2.270519E+000
6.769600E-002, 4.535136E+000, 3.195595E+000, 2.202286E+000, -2.071247E+000, -3.745776E+000, -1.396013E+000, 2.203898E+000
6.770400E-002, 4.580055E+000, 3.231340E+000, 2.322470E+000, -1.884385E+000, -3.789374E+000, -1.369784E+000, 2.141994E+000
6.771200E-002, 4.422837E+000, 3.227766E+000, 2.367945E+000, -1.691894E+000, -3.843365E+000, -1.342138E+000, 2.077732E+000
6.772000E-002, 4.402105E+000, 3.252787E+000, 2.273746E+000, -1.627730E+000, -3.899028E+000, -1.317209E+000, 2.011230E+000
6.772800E-002, 4.554141E+000, 3.192021E+000, 2.038251E+000, -1.609719E+000, -3.941313E+000, -1.286846E+000, 1.954160E+000
6.773600E-002, 4.678533E+000, 3.125893E+000, 1.883961E+000, -1.479141E+000, -3.980372E+000, -1.248212E+000, 1.897208E+000
6.774400E-002, 4.612881E+000, 3.141978E+000, 1.883961E+000, -1.229240E+000, -4.039380E+000, -1.228245E+000, 1.831413E+000
6.775200E-002, 4.410744E+000, 3.233128E+000, 1.885586E+000, -1.055886E+000, -4.097073E+000, -1.230254E+000, 1.774344E+000
6.776000E-002, 4.324360E+000, 3.449384E+000, 1.961918E+000, -1.079525E+000, -4.133983E+000, -1.224229E+000, 1.727415E+000
6.776800E-002, 4.350275E+000, 3.567343E+000, 2.109712E+000, -1.167328E+000, -4.172803E+000, -1.209224E+000, 1.675651E+000
6.777600E-002, 4.398650E+000, 3.447597E+000, 2.060989E+000, -1.212355E+000, -4.213655E+000, -1.205443E+000, 1.627425E+000
6.778400E-002, 4.614609E+000, 3.415426E+000, 1.887210E+000, -1.290027E+000, -4.244831E+000, -1.200245E+000, 1.586392E+000
6.779200E-002, 4.811563E+000, 3.494066E+000, 1.849855E+000, -1.377830E+000, -4.273259E+000, -1.174844E+000, 1.536868E+000
6.780000E-002, 4.645707E+000, 3.513725E+000, 1.892082E+000, -1.368824E+000, -4.300612E+000, -1.151214E+000, 1.487227E+000
6.780800E-002, 4.391739E+000, 3.685301E+000, 1.952174E+000, -1.308038E+000, -4.331430E+000, -1.145780E+000, 1.456098E+000
6.781600E-002, 4.485034E+000, 3.949813E+000, 2.031755E+000, -1.313666E+000, -4.363801E+000, -1.139872E+000, 1.435346E+000
6.782400E-002, 4.662984E+000, 3.973047E+000, 2.059365E+000, -1.429611E+000, -4.385421E+000, -1.129239E+000, 1.407754E+000
6.783200E-002, 4.564507E+000, 3.846153E+000, 1.974911E+000, -1.535425E+000, -4.400113E+000, -1.117779E+000, 1.377333E+000
6.784000E-002, 4.507493E+000, 3.717471E+000, 1.763778E+000, -1.569195E+000, -4.413491E+000, -1.099348E+000, 1.349977E+000
6.784800E-002, 4.664711E+000, 3.669215E+000, 1.690693E+000, -1.653621E+000, -4.431886E+000, -1.083162E+000, 1.309651E+000
6.785600E-002, 4.673350E+000, 3.917643E+000, 1.895330E+000, -1.822472E+000, -4.451237E+000, -1.078791E+000, 1.257298E+000
6.786400E-002, 4.481578E+000, 4.208964E+000, 2.005769E+000, -1.981193E+000, -4.442636E+000, -1.076664E+000, 1.206596E+000
6.787200E-002, 4.414199E+000, 4.214325E+000, 1.942429E+000, -2.125280E+000, -4.414686E+000, -1.066267E+000, 1.144810E+000
6.788000E-002, 4.538591E+000, 4.032026E+000, 1.934309E+000, -2.277246E+000, -4.409310E+000, -1.051972E+000, 1.073120E+000
6.788800E-002, 4.638796E+000, 3.753216E+000, 1.801132E+000, -2.358295E+000, -4.419225E+000, -1.049963E+000, 1.006027E+000
6.789600E-002, 4.626703E+000, 3.533385E+000, 1.599743E+000, -2.384186E+000, -4.415402E+000, -1.060951E+000, 9.283232E-001
6.790400E-002, 4.624975E+000, 3.647768E+000, 1.643594E+000, -2.495628E+000, -4.400949E+000, -1.069694E+000, 8.462563E-001
6.791200E-002, 4.697537E+000, 4.032026E+000, 1.757281E+000, -2.638589E+000, -4.378851E+000, -1.078082E+000, 7.908375E-001
6.792000E-002, 4.761461E+000, 4.276879E+000, 1.780019E+000, -2.652097E+000, -4.339194E+000, -1.089897E+000, 7.463846E-001
6.792800E-002, 4.818474E+000, 4.359092E+000, 1.674452E+000, -2.571048E+000, -4.292132E+000, -1.100648E+000, 6.876643E-001
6.793600E-002, 4.948050E+000, 4.460965E+000, 1.468191E+000, -2.556414E+000, -4.254267E+000, -1.120496E+000, 6.256424E-001
6.794400E-002, 5.070714E+000, 4.439518E+000, 1.464942E+000, -2.622829E+000, -4.225360E+000, -1.143062E+000, 5.702237E-001
6.795200E-002, 4.977420E+000, 4.391263E+000, 1.572133E+000, -2.657726E+000, -4.196932E+000, -1.144126E+000, 5.222334E-001
6.796000E-002, 4.695809E+000, 4.457391E+000, 1.518538E+000, -2.626206E+000, -4.154767E+000, -1.136564E+000, 4.854448E-001
6.796800E-002, 4.526498E+000, 4.494923E+000, 1.484432E+000, -2.594687E+000, -4.099701E+000, -1.136919E+000, 4.504248E-001
6.797600E-002, 4.586966E+000, 4.646839E+000, 1.526658E+000, -2.608196E+000, -4.065658E+000, -1.133492E+000, 3.979539E-001
6.798400E-002, 4.771827E+000, 4.895266E+000, 1.541275E+000, -2.613824E+000, -4.056699E+000, -1.133374E+000, 3.310976E-001
6.799200E-002, 4.892764E+000, 4.882755E+000, 1.607864E+000, -2.542906E+000, -4.033049E+000, -1.149442E+000, 2.602324E-001
6.800000E-002, 4.796014E+000, 4.687945E+000, 1.624105E+000, -2.461858E+000, -3.996498E+000, -1.173426E+000, 1.736848E-001
6.800800E-002, 4.657801E+000, 4.636116E+000, 1.505545E+000, -2.471989E+000, -3.965919E+000, -1.200009E+000, 7.192647E-002
6.801600E-002, 4.751095E+000, 4.743350E+000, 1.471439E+000, -2.478743E+000, -3.922798E+000, -1.218794E+000, -2.452575E-002
6.802400E-002, 5.010245E+000, 4.895266E+000, 1.560765E+000, -2.460732E+000, -3.869046E+000, -1.216785E+000, -1.221571E-001
6.803200E-002, 5.134638E+000, 5.102587E+000, 1.669580E+000, -2.560917E+000, -3.832734E+000, -1.209106E+000, -2.459650E-001
6.804000E-002, 5.056893E+000, 5.372461E+000, 1.729671E+000, -2.655474E+000, -3.809203E+000, -1.218558E+000, -3.880492E-001
6.804800E-002, 4.916951E+000, 5.481483E+000, 1.599743E+000, -2.636338E+000, -3.774085E+000, -1.233208E+000, -5.231767E-001
6.805600E-002, 4.809836E+000, 5.317056E+000, 1.460070E+000, -2.685868E+000, -3.724872E+000, -1.235452E+000, -6.537055E-001
6.806400E-002, 4.802925E+000, 5.247354E+000, 1.536403E+000, -2.754534E+000, -3.681513E+000, -1.238288E+000, -7.857673E-001
6.807200E-002, 4.789104E+000, 5.384972E+000, 1.627353E+000, -2.790555E+000, -3.658698E+000, -1.244195E+000, -9.068632E-001
6.808000E-002, 4.716541E+000, 5.288460E+000, 1.565637E+000, -3.011188E+000, -3.634092E+000, -1.238524E+000, -1.014281E+000
6.808800E-002, 4.806380E+000, 5.081140E+000, 1.372368E+000, -3.249832E+000, -3.582251E+000, -1.232026E+000, -1.117690E+000
6.809600E-002, 4.941139E+000, 5.267013E+000, 1.201837E+000, -3.157526E+000, -3.536264E+000, -1.234862E+000, -1.226759E+000
6.810400E-002, 4.915224E+000, 5.526164E+000, 1.224575E+000, -2.965035E+000, -3.529097E+000, -1.230727E+000, -1.342549E+000
6.811200E-002, 4.834023E+000, 5.452887E+000, 1.302532E+000, -2.996555E+000, -3.524797E+000, -1.224465E+000, -1.454330E+000
6.812000E-002, 4.709631E+000, 5.392120E+000, 1.305780E+000, -3.118128E+000, -3.500787E+000, -1.235571E+000, -1.559743E+000
6.812800E-002, 4.580055E+000, 5.411780E+000, 1.320397E+000, -3.148521E+000, -3.485020E+000, -1.243959E+000, -1.677773E+000
6.813600E-002, 4.478123E+000, 5.247354E+000, 1.346383E+000, -3.078729E+000, -3.473195E+000, -1.236398E+000, -1.815259E+000
6.814400E-002, 4.393467E+000, 5.222332E+000, 1.357751E+000, -2.939145E+000, -3.446677E+000, -1.240651E+000, -1.951330E+000
6.815200E-002, 4.457391E+000, 5.465397E+000, 1.317149E+000, -2.891866E+000, -3.428282E+000, -1.256128E+000, -2.081859E+000
6.816000E-002, 4.592149E+000, 5.477908E+000, 1.214830E+000, -3.021319E+000, -3.426371E+000, -1.262272E+000, -2.224768E+000
6.816800E-002, 4.588694E+000, 5.293822E+000, 1.177476E+000, -3.067472E+000, -3.426252E+000, -1.276567E+000, -2.374281E+000
6.817600E-002, 4.462574E+000, 5.274162E+000, 1.260305E+000, -2.887364E+000, -3.423266E+000, -1.310475E+000, -2.523204E+000
6.818400E-002, 4.371007E+000, 5.327779E+000, 1.386985E+000, -2.659977E+000, -3.402123E+000, -1.337649E+000, -2.692409E+000
6.819200E-002, 4.329543E+000, 5.388546E+000, 1.425964E+000, -2.523770E+000, -3.364975E+000, -1.343910E+000, -2.879653E+000
6.820000E-002, 4.269075E+000, 5.515440E+000, 1.378865E+000, -2.473114E+000, -3.342280E+000, -1.346392E+000, -3.058762E+000
6.820800E-002, 4.312266E+000, 5.635186E+000, 1.375617E+000, -2.395442E+000, -3.335352E+000, -1.354780E+000, -3.232682E+000
6.821600E-002, 4.467757E+000, 5.669144E+000, 1.398354E+000, -2.215334E+000, -3.321615E+000, -1.362814E+000, -3.407310E+000
6.822400E-002, 4.547230E+000, 5.619101E+000, 1.318773E+000, -2.030723E+000, -3.296412E+000, -1.367658E+000, -3.565313E+000
6.823200E-002, 4.504038E+000, 5.515440E+000, 1.227823E+000, -1.937292E+000, -3.273956E+000, -1.365649E+000, -3.707987E+000
6.824000E-002, 4.329543E+000, 5.393908E+000, 1.369120E+000, -1.881008E+000, -3.253410E+000, -1.357733E+000, -3.853019E+000
6.824800E-002, 4.203423E+000, 5.401057E+000, 1.594871E+000, -1.769566E+000, -3.219009E+000, -1.361750E+000, -3.992981E+000
6.825600E-002, 4.277713E+000, 5.536887E+000, 1.567261E+000, -1.647992E+000, -3.188431E+000, -1.375692E+000, -4.122212E+000
6.826400E-002, 4.269075E+000, 5.585143E+000, 1.377241E+000, -1.597337E+000, -3.177919E+000, -1.373565E+000, -4.262410E+000
6.827200E-002, 4.092852E+000, 5.529738E+000, 1.234320E+000, -1.541053E+000, -3.154985E+000, -1.357143E+000, -4.410508E+000
6.828000E-002, 4.149866E+000, 5.556547E+000, 1.157987E+000, -1.444245E+000, -3.110192E+000, -1.349227E+000, -4.543513E+000
6.828800E-002, 4.334726E+000, 5.710250E+000, 1.239192E+000, -1.413851E+000, -3.078419E+000, -1.353598E+000, -4.669325E+000
6.829600E-002, 4.180964E+000, 5.715612E+000, 1.474687E+000, -1.508408E+000, -3.060263E+000, -1.363877E+000, -4.798793E+000
6.830400E-002, 3.944273E+000, 5.438589E+000, 1.596495E+000, -1.678386E+000, -3.032551E+000, -1.377818E+000, -4.934274E+000
6.831200E-002, 4.051388E+000, 5.175864E+000, 1.518538E+000, -1.876505E+000, -3.000658E+000, -1.387743E+000, -5.080368E+000
6.832000E-002, 4.175780E+000, 5.136544E+000, 1.479559E+000, -2.102766E+000, -2.972468E+000, -1.392587E+000, -5.228347E+000
6.832800E-002, 4.037567E+000, 5.213396E+000, 1.512041E+000, -2.260361E+000, -2.944278E+000, -1.403692E+000, -5.375384E+000
6.833600E-002, 4.003014E+000, 5.313481E+000, 1.396730E+000, -2.334656E+000, -2.919433E+000, -1.418342E+000, -5.524779E+000
6.834400E-002, 4.079031E+000, 5.383184E+000, 1.188845E+000, -2.431464E+000, -2.901277E+000, -1.433347E+000, -5.666156E+000
6.835200E-002, 3.918358E+000, 5.300971E+000, 1.192093E+000, -2.429213E+000, -2.887421E+000, -1.452605E+000, -5.800576E+000
6.836000E-002, 3.811242E+000, 5.234843E+000, 1.372368E+000, -2.347038E+000, -2.870937E+000, -1.463474E+000, -5.937826E+000
6.836800E-002, 4.027201E+000, 5.402844E+000, 1.510417E+000, -2.502382E+000, -2.843225E+000, -1.461229E+000, -6.077670E+000
6.837600E-002, 4.168870E+000, 5.488632E+000, 1.508793E+000, -2.834457E+000, -2.807988E+000, -1.463592E+000, -6.212090E+000
6.838400E-002, 4.015107E+000, 5.331354E+000, 1.346383E+000, -2.994303E+000, -2.773468E+000, -1.478006E+000, -6.331181E+000
6.839200E-002, 3.928724E+000, 5.256289E+000, 1.183972E+000, -2.901998E+000, -2.735005E+000, -1.492893E+000, -6.444966E+000
6.840000E-002, 4.080759E+000, 5.265226E+000, 1.177476E+000, -2.766916E+000, -2.692362E+000, -1.497618E+000, -6.560520E+000
6.840800E-002, 4.103218E+000, 5.200885E+000, 1.378865E+000, -2.742151E+000, -2.657603E+000, -1.502817E+000, -6.662868E+000
6.841600E-002, 3.785327E+000, 5.215183E+000, 1.677700E+000, -2.661103E+000, -2.635505E+000, -1.521838E+000, -6.753778E+000
6.842400E-002, 3.451886E+000, 5.322418E+000, 1.661459E+000, -2.446098E+000, -2.619977E+000, -1.538733E+000, -6.840326E+000
6.843200E-002, 3.474346E+000, 5.436801E+000, 1.261929E+000, -2.360547E+000, -2.598595E+000, -1.547122E+000, -6.927345E+000
6.844000E-002, 3.795693E+000, 5.467185E+000, 1.015065E+000, -2.465235E+000, -2.563239E+000, -1.563308E+000, -7.025802E+000
6.844800E-002, 4.099763E+000, 5.297396E+000, 1.161235E+000, -2.504633E+000, -2.515937E+000, -1.585755E+000, -7.121782E+000
6.845600E-002, 4.239704E+000, 5.186587E+000, 1.448701E+000, -2.353792E+000, -2.465889E+000, -1.615174E+000, -7.192412E+000
6.846400E-002, 4.161959E+000, 5.351014E+000, 1.607864E+000, -2.170307E+000, -2.415123E+000, -1.650972E+000, -7.248538E+000
6.847200E-002, 3.830246E+000, 5.499355E+000, 1.520162E+000, -2.115149E+000, -2.361730E+000, -1.675428E+000, -7.305372E+000
6.848000E-002, 3.527904E+000, 5.409993E+000, 1.352879E+000, -2.161302E+000, -2.319923E+000, -1.700002E+000, -7.344990E+000
6.848800E-002, 3.512355E+000, 5.308120E+000, 1.396730E+000, -2.186066E+000, -2.291255E+000, -1.739699E+000, -7.368455E+000
6.849600E-002, 3.605649E+000, 5.331354E+000, 1.508793E+000, -2.164679E+000, -2.251837E+000, -1.775025E+000, -7.404065E+000
6.850400E-002, 3.636747E+000, 5.281311E+000, 1.367496E+000, -2.181564E+000, -2.191994E+000, -1.798891E+000, -7.436726E+000
6.851200E-002, 3.617743E+000, 5.193736E+000, 1.161235E+000, -2.138788E+000, -2.124147E+000, -1.824528E+000, -7.448282E+000
6.852000E-002, 3.536542E+000, 5.157991E+000, 1.213206E+000, -1.986821E+000, -2.065259E+000, -1.850284E+000, -7.471628E+000
6.852800E-002, 3.486440E+000, 5.165140E+000, 1.339886E+000, -1.936166E+000, -2.022377E+000, -1.874031E+000, -7.513134E+000
6.853600E-002, 3.564185E+000, 5.347439E+000, 1.274922E+000, -1.963182E+000, -1.987021E+000, -1.902977E+000, -7.539782E+000
6.854400E-002, 3.685122E+000, 5.485057E+000, 1.161235E+000, -1.955302E+000, -1.956084E+000, -1.931450E+000, -7.560062E+000
6.855200E-002, 3.845795E+000, 5.456461E+000, 1.240816E+000, -1.960931E+000, -1.921205E+000, -1.943974E+000, -7.592017E+000
6.856000E-002, 3.982281E+000, 5.411780E+000, 1.364248E+000, -1.975565E+000, -1.860764E+000, -1.948109E+000, -7.614420E+000
6.856800E-002, 3.876894E+000, 5.359950E+000, 1.338262E+000, -2.021718E+000, -1.786109E+000, -1.965595E+000, -7.621023E+000
6.857600E-002, 3.679939E+000, 5.449312E+000, 1.270050E+000, -2.092635E+000, -1.728654E+000, -1.995367E+000, -7.629748E+000
6.858400E-002, 3.619470E+000, 5.610164E+000, 1.283043E+000, -2.163553E+000, -1.681831E+000, -2.024195E+000, -7.633875E+000
6.859200E-002, 3.553819E+000, 5.560122E+000, 1.406475E+000, -2.306514E+000, -1.624973E+000, -2.040499E+000, -7.623263E+000
6.860000E-002, 3.401784E+000, 5.370674E+000, 1.458446E+000, -2.389814E+000, -1.561546E+000, -2.038373E+000, -7.614066E+000
6.860800E-002, 3.294668E+000, 5.313481E+000, 1.354503E+000, -2.330153E+000, -1.499075E+000, -2.036600E+000, -7.615717E+000
6.861600E-002, 3.289485E+000, 5.565483E+000, 1.369120E+000, -2.331279E+000, -1.447354E+000, -2.048297E+000, -7.614774E+000
6.862400E-002, 3.353409E+000, 5.763867E+000, 1.425964E+000, -2.368426E+000, -1.412475E+000, -2.056212E+000, -7.603336E+000
6.863200E-002, 3.455342E+000, 5.510078E+000, 1.289539E+000, -2.269367E+000, -1.376521E+000, -2.054322E+000, -7.582702E+000
6.864000E-002, 3.370686E+000, 5.308120E+000, 1.271674E+000, -2.117400E+000, -1.328025E+000, -2.053613E+000, -7.544616E+000
6.864800E-002, 3.054522E+000, 5.429653E+000, 1.421092E+000, -1.964308E+000, -1.267704E+000, -2.044871E+000, -7.497097E+000
6.865600E-002, 3.114990E+000, 5.372461E+000, 1.445453E+000, -1.760560E+000, -1.200693E+000, -2.027385E+000, -7.467737E+000
6.866400E-002, 3.588372E+000, 5.183012E+000, 1.533155E+000, -1.708779E+000, -1.145389E+000, -2.023132E+000, -7.449107E+000
6.867200E-002, 3.595283E+000, 5.163353E+000, 1.732920E+000, -1.831478E+000, -1.100834E+000, -2.023014E+000, -7.409488E+000
6.868000E-002, 3.185825E+000, 5.057905E+000, 1.771898E+000, -1.727916E+000, -1.055564E+000, -2.010017E+000, -7.349707E+000
6.868800E-002, 3.076982E+000, 4.907777E+000, 1.674452E+000, -1.366573E+000, -1.010651E+000, -2.000802E+000, -7.292873E+000
6.869600E-002, 3.140906E+000, 5.061480E+000, 1.507169E+000, -1.150443E+000, -9.623941E-001, -2.003638E+000, -7.238044E+000
6.870400E-002, 3.064888E+000, 5.265226E+000, 1.390234E+000, -1.168454E+000, -9.187955E-001, -1.996549E+000, -7.159750E+000
6.871200E-002, 2.916308E+000, 5.134757E+000, 1.447077E+000, -1.192093E+000, -8.926364E-001, -1.974928E+000, -7.059407E+000
6.872000E-002, 2.854112E+000, 4.834500E+000, 1.432460E+000, -1.124552E+000, -8.682689E-001, -1.966894E+000, -6.967082E+000
6.872800E-002, 2.997509E+000, 4.691520E+000, 1.361000E+000, -1.015361E+000, -8.256259E-001, -1.971266E+000, -6.881241E+000
6.873600E-002, 3.123629E+000, 4.757648E+000, 1.542899E+000, -9.196788E-001, -7.795189E-001, -1.955316E+000, -6.781723E+000
6.874400E-002, 2.964683E+000, 4.821989E+000, 1.807629E+000, -9.151761E-001, -7.563459E-001, -1.927788E+000, -6.684682E+000
6.875200E-002, 2.636426E+000, 4.679009E+000, 1.799508E+000, -1.004105E+000, -7.507319E-001, -1.911602E+000, -6.605798E+000
6.876000E-002, 2.434288E+000, 4.410923E+000, 1.601367E+000, -1.018739E+000, -7.379509E-001, -1.895298E+000, -6.521727E+000
6.876800E-002, 2.480935E+000, 4.344794E+000, 1.547772E+000, -8.960396E-001, -7.165697E-001, -1.882774E+000, -6.421502E+000
6.877600E-002, 2.624332E+000, 4.480625E+000, 1.667956E+000, -8.172421E-001, -7.030721E-001, -1.881356E+000, -6.328233E+000
6.878400E-002, 2.762546E+000, 4.518157E+000, 1.680948E+000, -8.881599E-001, -6.969802E-001, -1.861272E+000, -6.255245E+000
6.879200E-002, 2.842019E+000, 4.582498E+000, 1.604615E+000, -1.061514E+000, -6.864688E-001, -1.821693E+000, -6.191809E+000
6.880000E-002, 2.743541E+000, 4.746925E+000, 1.602991E+000, -1.251754E+000, -6.740462E-001, -1.796646E+000, -6.126013E+000
6.880800E-002, 2.591506E+000, 4.696882E+000, 1.654963E+000, -1.326048E+000, -6.698654E-001, -1.788021E+000, -6.056563E+000
6.881600E-002, 2.529310E+000, 4.489561E+000, 1.809253E+000, -1.314792E+000, -6.735684E-001, -1.779160E+000, -5.987820E+000
6.882400E-002, 2.486118E+000, 4.378752E+000, 2.010642E+000, -1.410474E+000, -6.744045E-001, -1.771244E+000, -5.920021E+000
6.883200E-002, 2.493029E+000, 4.257219E+000, 1.947302E+000, -1.582703E+000, -6.710600E-001, -1.771717E+000, -5.856938E+000
6.884000E-002, 2.522399E+000, 4.089218E+000, 1.632225E+000, -1.678386E+000, -6.718961E-001, -1.768291E+000, -5.797510E+000
6.884800E-002, 2.474025E+000, 4.026665E+000, 1.518538E+000, -1.780822E+000, -6.810936E-001, -1.741354E+000, -5.733130E+000
6.885600E-002, 2.461931E+000, 3.969473E+000, 1.799508E+000, -1.938417E+000, -7.015193E-001, -1.704846E+000, -5.671580E+000
6.886400E-002, 2.487846E+000, 3.858664E+000, 2.104840E+000, -2.029597E+000, -7.254089E-001, -1.688660E+000, -5.621703E+000
6.887200E-002, 2.436016E+000, 3.796110E+000, 2.065861E+000, -2.056613E+000, -7.435650E-001, -1.685470E+000, -5.577486E+000
6.888000E-002, 2.423922E+000, 3.742493E+000, 1.849855E+000, -2.055488E+000, -7.592127E-001, -1.671293E+000, -5.525604E+000
6.888800E-002, 2.442927E+000, 3.753216E+000, 1.856352E+000, -1.963182E+000, -7.660213E-001, -1.649436E+000, -5.462049E+000
6.889600E-002, 2.330628E+000, 3.817557E+000, 1.991152E+000, -1.824724E+000, -7.601683E-001, -1.635495E+000, -5.402976E+000
6.890400E-002, 2.164772E+000, 3.704960E+000, 1.909947E+000, -1.808964E+000, -7.571821E-001, -1.627343E+000, -5.358994E+000
6.891200E-002, 2.211419E+000, 3.549470E+000, 1.788139E+000, -1.974439E+000, -7.605267E-001, -1.606903E+000, -5.316074E+000
6.892000E-002, 2.553498E+000, 3.476193E+000, 1.883961E+000, -2.145542E+000, -7.649462E-001, -1.570160E+000, -5.262306E+000
6.892800E-002, 2.750452E+000, 3.206319E+000, 2.002521E+000, -2.150045E+000, -7.688880E-001, -1.531881E+000, -5.211132E+000
6.893600E-002, 2.377275E+000, 2.998998E+000, 2.091847E+000, -2.044231E+000, -7.641101E-001, -1.501163E+000, -5.173283E+000
6.894400E-002, 1.966089E+000, 3.238489E+000, 2.221775E+000, -2.011586E+000, -7.564654E-001, -1.482259E+000, -5.124821E+000
6.895200E-002, 2.126763E+000, 3.381469E+000, 2.212031E+000, -2.137662E+000, -7.565848E-001, -1.475171E+000, -5.058672E+000
6.896000E-002, 2.486118E+000, 3.166999E+000, 2.138946E+000, -2.245727E+000, -7.507319E-001, -1.464892E+000, -4.997240E+000
6.896800E-002, 2.505123E+000, 3.108020E+000, 2.304605E+000, -2.139914E+000, -7.346064E-001, -1.443508E+000, -4.938755E+000
6.897600E-002, 2.245972E+000, 3.224191E+000, 2.504369E+000, -2.008209E+000, -7.289923E-001, -1.423423E+000, -4.879327E+000
6.898400E-002, 2.068022E+000, 3.222404E+000, 2.442653E+000, -2.032974E+000, -7.393843E-001, -1.414562E+000, -4.830747E+000
6.899200E-002, 2.138857E+000, 3.106233E+000, 2.361448E+000, -2.065619E+000, -7.583765E-001, -1.411844E+000, -4.783936E+000
6.900000E-002, 2.240789E+000, 3.040105E+000, 2.475136E+000, -2.010461E+000, -7.795189E-001, -1.407237E+000, -4.719674E+000
6.900800E-002, 2.252883E+000, 3.208106E+000, 2.540100E+000, -1.900144E+000, -7.874025E-001, -1.400266E+000, -4.640555E+000
6.901600E-002, 2.232151E+000, 3.333213E+000, 2.410171E+000, -1.802210E+000, -7.890748E-001, -1.398612E+000, -4.560256E+000
6.902400E-002, 2.188959E+000, 2.998998E+000, 2.325718E+000, -1.844986E+000, -8.147561E-001, -1.407473E+000, -4.479133E+000
6.903200E-002, 2.214874E+000, 2.536102E+000, 2.382562E+000, -1.951925E+000, -8.509489E-001, -1.423423E+000, -4.387515E+000
6.904000E-002, 2.247700E+000, 2.432441E+000, 2.478384E+000, -1.940669E+000, -8.600270E-001, -1.434647E+000, -4.290356E+000
6.904800E-002, 2.218329E+000, 2.559336E+000, 2.574206E+000, -1.912527E+000, -8.553685E-001, -1.431220E+000, -4.201685E+000
6.905600E-002, 2.228695E+000, 2.711252E+000, 2.621305E+000, -1.939543E+000, -8.671939E-001, -1.421060E+000, -4.114077E+000
6.906400E-002, 2.192414E+000, 2.745209E+000, 2.595319E+000, -1.900144E+000, -8.847528E-001, -1.416688E+000, -4.014205E+000
6.907200E-002, 2.059384E+000, 2.505718E+000, 2.556341E+000, -1.927161E+000, -9.012366E-001, -1.421651E+000, -3.909027E+000
6.908000E-002, 2.023103E+000, 2.235844E+000, 2.540100E+000, -2.121903E+000, -9.236929E-001, -1.428857E+000, -3.804911E+000
6.908800E-002, 2.211419E+000, 2.276951E+000, 2.616433E+000, -2.235596E+000, -9.344432E-001, -1.436655E+000, -3.691597E+000
6.909600E-002, 2.496485E+000, 2.493208E+000, 2.760978E+000, -2.177061E+000, -9.309792E-001, -1.454849E+000, -3.562955E+000
6.910400E-002, 2.584596E+000, 2.430654E+000, 2.736616E+000, -2.129782E+000, -9.379072E-001, -1.469500E+000, -3.429950E+000
6.911200E-002, 2.415284E+000, 2.116099E+000, 2.494625E+000, -2.157924E+000, -9.553466E-001, -1.461584E+000, -3.299539E+000
6.912000E-002, 2.157861E+000, 2.041035E+000, 2.346831E+000, -2.110646E+000, -9.782807E-001, -1.457803E+000, -3.168538E+000
6.912800E-002, 2.024830E+000, 2.180440E+000, 2.444278E+000, -1.955302E+000, -1.007068E+000, -1.472808E+000, -3.039306E+000
6.913600E-002, 2.090482E+000, 2.164355E+000, 2.658659E+000, -1.906898E+000, -1.019251E+000, -1.483441E+000, -2.908895E+000
6.914400E-002, 2.095665E+000, 2.112525E+000, 2.863297E+000, -1.987947E+000, -1.017101E+000, -1.492302E+000, -2.765632E+000
6.915200E-002, 1.986822E+000, 2.235844E+000, 2.873041E+000, -2.008209E+000, -1.028807E+000, -1.508133E+000, -2.620482E+000
6.916000E-002, 1.934991E+000, 2.289462E+000, 2.674901E+000, -2.022843E+000, -1.046725E+000, -1.516404E+000, -2.486180E+000
6.916800E-002, 1.966089E+000, 2.128610E+000, 2.606688E+000, -2.129782E+000, -1.055922E+000, -1.511914E+000, -2.346808E+000
6.917600E-002, 2.144040E+000, 1.978481E+000, 2.809701E+000, -2.164679E+000, -1.065358E+000, -1.503407E+000, -2.203662E+000
6.918400E-002, 2.247700E+000, 2.041035E+000, 2.910396E+000, -2.079127E+000, -1.080170E+000, -1.503880E+000, -2.073133E+000
6.919200E-002, 1.979911E+000, 2.278738E+000, 2.694390E+000, -2.019466E+000, -1.091995E+000, -1.508015E+000, -1.944255E+000
6.920000E-002, 1.637832E+000, 2.319845E+000, 2.476760E+000, -2.043105E+000, -1.095818E+000, -1.498209E+000, -1.813608E+000
6.920800E-002, 1.682751E+000, 2.055333E+000, 2.499497E+000, -2.111772E+000, -1.098207E+000, -1.488521E+000, -1.686617E+000
6.921600E-002, 2.021375E+000, 1.942736E+000, 2.673276E+000, -2.136537E+000, -1.098087E+000, -1.494783E+000, -1.555616E+000
6.922400E-002, 2.259794E+000, 1.985630E+000, 2.777219E+000, -2.106143E+000, -1.090323E+000, -1.505416E+000, -1.423201E+000
6.923200E-002, 2.353088E+000, 1.839076E+000, 2.812949E+000, -2.056613E+000, -1.079453E+000, -1.510851E+000, -1.294323E+000
6.924000E-002, 2.387641E+000, 1.728267E+000, 2.926637E+000, -1.951925E+000, -1.064881E+000, -1.505534E+000, -1.169336E+000
6.924800E-002, 2.330628E+000, 1.932013E+000, 2.968863E+000, -1.849489E+000, -1.055683E+000, -1.491475E+000, -1.050598E+000
6.925600E-002, 2.285709E+000, 2.055333E+000, 2.900651E+000, -1.816844E+000, -1.064164E+000, -1.477534E+000, -9.306815E-001
6.926400E-002, 2.247700E+000, 1.862310E+000, 2.918516E+000, -1.850614E+000, -1.074436E+000, -1.463002E+000, -8.000347E-001
6.927200E-002, 2.254611E+000, 1.876608E+000, 2.975360E+000, -1.923784E+000, -1.083873E+000, -1.449179E+000, -6.633744E-001
6.928000E-002, 2.387641E+000, 2.101801E+000, 2.950998E+000, -1.881008E+000, -1.091995E+000, -1.441263E+000, -5.303693E-001
6.928800E-002, 2.370364E+000, 2.007077E+000, 2.879538E+000, -1.780822E+000, -1.076109E+000, -1.431811E+000, -4.037316E-001
6.929600E-002, 2.270159E+000, 1.826565E+000, 2.769099E+000, -1.848363E+000, -1.053533E+000, -1.422714E+000, -2.697833E-001
6.930400E-002, 2.354815E+000, 1.856948E+000, 2.657035E+000, -1.914778E+000, -1.042663E+000, -1.421532E+000, -1.216855E-001
6.931200E-002, 2.453293E+000, 1.821203E+000, 2.749609E+000, -1.873128E+000, -1.018057E+000, -1.418815E+000, 1.945552E-002
6.932000E-002, 2.522399E+000, 1.680011E+000, 2.942878E+000, -1.900144E+000, -9.918978E-001, -1.409600E+000, 1.447963E-001
6.932800E-002, 2.482663E+000, 1.569202E+000, 2.863297E+000, -1.893390E+000, -9.782807E-001, -1.403574E+000, 2.671892E-001
6.933600E-002, 2.277070E+000, 1.492350E+000, 2.704134E+000, -1.804462E+000, -9.460297E-001, -1.401566E+000, 3.935911E-001
6.934400E-002, 2.259794E+000, 1.610308E+000, 2.860048E+000, -1.834855E+000, -9.164065E-001, -1.395422E+000, 5.298977E-001
6.935200E-002, 2.446382E+000, 1.840863E+000, 3.103664E+000, -1.927161E+000, -9.141370E-001, -1.391287E+000, 6.712745E-001
6.936000E-002, 2.451565E+000, 1.844438E+000, 3.063061E+000, -1.933915E+000, -8.956226E-001, -1.396249E+000, 7.910733E-001
6.936800E-002, 2.332356E+000, 1.762224E+000, 2.941254E+000, -1.922658E+000, -8.597881E-001, -1.401211E+000, 8.896480E-001
6.937600E-002, 2.299530E+000, 1.817629E+000, 2.998097E+000, -1.984570E+000, -8.374513E-001, -1.409245E+000, 9.960049E-001
6.938400E-002, 2.178593E+000, 1.792607E+000, 2.996473E+000, -2.032974E+000, -8.233564E-001, -1.431220E+000, 1.107196E+000
6.939200E-002, 2.093937E+000, 1.662139E+000, 2.886034E+000, -1.947423E+000, -8.226397E-001, -1.458276E+000, 1.205181E+000
6.940000E-002, 2.302985E+000, 1.721118E+000, 2.994849E+000, -1.909150E+000, -8.268204E-001, -1.478242E+000, 1.296327E+000
6.940800E-002, 2.512033E+000, 1.858736E+000, 3.181621E+000, -2.048734E+000, -8.169062E-001, -1.493365E+000, 1.385351E+000
6.941600E-002, 2.548315E+000, 1.781884E+000, 3.119905E+000, -2.117400E+000, -8.090226E-001, -1.508960E+000, 1.472370E+000
6.942400E-002, 2.474025E+000, 1.662139E+000, 3.058189E+000, -2.046482E+000, -8.074698E-001, -1.528927E+000, 1.562220E+000
6.943200E-002, 2.297802E+000, 1.715756E+000, 3.144267E+000, -2.111772E+000, -7.956444E-001, -1.556101E+000, 1.651833E+000
6.944000E-002, 2.209691E+000, 1.753288E+000, 3.149139E+000, -2.321148E+000, -7.832218E-001, -1.581502E+000, 1.730834E+000
6.944800E-002, 2.258066E+000, 1.547755E+000, 3.158884E+000, -2.384186E+000, -7.851329E-001, -1.595325E+000, 1.797926E+000
6.945600E-002, 2.380730E+000, 1.261796E+000, 3.253082E+000, -2.270492E+000, -7.901498E-001, -1.606194E+000, 1.860302E+000
6.946400E-002, 2.524127E+000, 1.252859E+000, 3.189742E+000, -2.183815E+000, -7.847746E-001, -1.624862E+000, 1.914895E+000
6.947200E-002, 2.579413E+000, 1.501286E+000, 3.082551E+000, -2.130908E+000, -7.663796E-001, -1.640221E+000, 1.962178E+000
6.948000E-002, 2.662341E+000, 1.676437E+000, 3.199486E+000, -2.041980E+000, -7.417732E-001, -1.642229E+000, 2.010168E+000
6.948800E-002, 2.855840E+000, 1.644266E+000, 3.327790E+000, -1.968811E+000, -7.236171E-001, -1.645419E+000, 2.050848E+000
6.949600E-002, 2.957772E+000, 1.594223E+000, 3.274195E+000, -1.919281E+000, -7.040277E-001, -1.653335E+000, 2.081387E+000
6.950400E-002, 2.817831E+000, 1.688947E+000, 3.171876E+000, -1.862997E+000, -6.736878E-001, -1.651563E+000, 2.110394E+000
6.951200E-002, 2.575957E+000, 1.821203E+000, 3.225472E+000, -1.825850E+000, -6.525455E-001, -1.647664E+000, 2.138339E+000
6.952000E-002, 2.537949E+000, 1.821203E+000, 3.387882E+000, -1.824724E+000, -6.392867E-001, -1.650027E+000, 2.160860E+000
6.952800E-002, 2.653702E+000, 1.738990E+000, 3.231968E+000, -1.823598E+000, -6.069162E-001, -1.645537E+000, 2.173123E+000
6.953600E-002, 2.629515E+000, 1.606734E+000, 2.869793E+000, -1.736921E+000, -5.732319E-001, -1.642465E+000, 2.179254E+000
6.954400E-002, 2.532765E+000, 1.476265E+000, 2.897403E+000, -1.575949E+000, -5.550758E-001, -1.652744E+000, 2.188923E+000
6.955200E-002, 2.575957E+000, 1.545968E+000, 3.137770E+000, -1.554561E+000, -5.169718E-001, -1.649081E+000, 2.192107E+000
6.956000E-002, 2.634698E+000, 1.756863E+000, 3.173501E+000, -1.677260E+000, -4.688342E-001, -1.630887E+000, 2.178901E+000
6.956800E-002, 2.588051E+000, 1.869459E+000, 3.158884E+000, -1.685140E+000, -4.534253E-001, -1.625098E+000, 2.160506E+000
6.957600E-002, 2.676162E+000, 1.894480E+000, 3.168628E+000, -1.653621E+000, -4.491252E-001, -1.617300E+000, 2.138221E+000
6.958400E-002, 2.812648E+000, 1.851587E+000, 3.194614E+000, -1.821347E+000, -4.281023E-001, -1.597452E+000, 2.111337E+000
6.959200E-002, 2.804010E+000, 1.751501E+000, 3.259578E+000, -2.017215E+000, -3.968069E-001, -1.584101E+000, 2.094593E+000
6.960000E-002, 2.926674E+000, 1.831927E+000, 3.176749E+000, -1.984570E+000, -3.545222E-001, -1.568624E+000, 2.081977E+000
6.960800E-002, 3.000964E+000, 1.948098E+000, 2.991601E+000, -1.893390E+000, -3.069819E-001, -1.539915E+000, 2.054267E+000
6.961600E-002, 2.733175E+000, 1.871246E+000, 2.976984E+000, -1.950800E+000, -2.676834E-001, -1.520302E+000, 2.013352E+000
6.962400E-002, 2.574229E+000, 1.926651E+000, 3.058189E+000, -2.003707E+000, -2.437938E-001, -1.514631E+000, 1.967602E+000
6.963200E-002, 2.760818E+000, 2.133971E+000, 3.046820E+000, -2.013838E+000, -2.369852E-001, -1.510614E+000, 1.920437E+000
6.964000E-002, 3.026879E+000, 2.112525E+000, 3.022459E+000, -2.091510E+000, -2.188291E-001, -1.512977E+000, 1.876691E+000
6.964800E-002, 3.168548E+000, 1.978481E+000, 3.082551E+000, -2.091510E+000, -1.809640E-001, -1.509315E+000, 1.838842E+000
6.965600E-002, 3.180642E+000, 2.048184E+000, 3.249834E+000, -1.971062E+000, -1.647191E-001, -1.492420E+000, 1.796157E+000
6.966400E-002, 3.199646E+000, 2.164355E+000, 3.483705E+000, -1.917029E+000, -1.635246E-001, -1.492420E+000, 1.742036E+000
6.967200E-002, 3.232472E+000, 2.135759E+000, 3.439854E+000, -1.926035E+000, -1.452490E-001, -1.508015E+000, 1.682962E+000
6.968000E-002, 3.232472E+000, 2.078567E+000, 3.030579E+000, -1.914778E+000, -1.255400E-001, -1.507543E+000, 1.621765E+000
6.968800E-002, 3.196191E+000, 2.046396E+000, 2.782091E+000, -1.875379E+000, -1.106090E-001, -1.499509E+000, 1.564342E+000
6.969600E-002, 3.194463E+000, 2.089290E+000, 2.900651E+000, -1.780822E+000, -9.173621E-002, -1.508015E+000, 1.517413E+000
6.970400E-002, 3.398329E+000, 2.201887E+000, 3.014338E+000, -1.682888E+000, -8.253870E-002, -1.522429E+000, 1.470248E+000
6.971200E-002, 3.614287E+000, 2.216185E+000, 3.004594E+000, -1.689643E+000, -7.955249E-002, -1.527864E+000, 1.406340E+000
6.972000E-002, 3.469163E+000, 2.203674E+000, 3.027331E+000, -1.675009E+000, -6.390478E-002, -1.526564E+000, 1.327928E+000
6.972800E-002, 3.135723E+000, 2.234057E+000, 2.985105E+000, -1.563567E+000, -4.168742E-002, -1.524319E+000, 1.253289E+000
6.973600E-002, 3.101169E+000, 2.107163E+000, 2.934757E+000, -1.532048E+000, -2.735364E-002, -1.532235E+000, 1.184547E+000
6.974400E-002, 3.444976E+000, 1.917715E+000, 3.082551E+000, -1.539927E+000, -1.923116E-002, -1.542396E+000, 1.113681E+000
6.975200E-002, 3.740407E+000, 1.976694E+000, 3.207607E+000, -1.452124E+000, 6.569650E-003, -1.532353E+000, 1.039514E+000
6.976000E-002, 3.695488E+000, 2.226908E+000, 3.110161E+000, -1.324923E+000, 5.888796E-002, -1.512977E+000, 9.627536E-001
6.976800E-002, 3.463980E+000, 2.480697E+000, 2.973736E+000, -1.212355E+000, 9.973924E-002, -1.499745E+000, 8.861106E-001
6.977600E-002, 3.363775E+000, 2.668358E+000, 2.950998E+000, -1.087405E+000, 1.085784E-001, -1.487458E+000, 8.106468E-001
6.978400E-002, 3.431154E+000, 2.625464E+000, 2.916892E+000, -1.041252E+000, 1.236289E-001, -1.472926E+000, 7.365979E-001
6.979200E-002, 3.424244E+000, 2.393122E+000, 2.848680E+000, -1.197721E+000, 1.705720E-001, -1.454849E+000, 6.666759E-001
6.980000E-002, 3.384507E+000, 2.294823E+000, 2.913644E+000, -1.291152E+000, 2.249209E-001, -1.432284E+000, 5.969898E-001
6.980800E-002, 3.517538E+000, 2.407420E+000, 3.032203E+000, -1.126804E+000, 2.675639E-001, -1.401448E+000, 5.204647E-001
6.981600E-002, 3.662662E+000, 2.553974E+000, 3.077678E+000, -9.939736E-001, 3.098486E-001, -1.367303E+000, 4.457083E-001
6.982400E-002, 3.616015E+000, 2.646911E+000, 3.128026E+000, -1.061514E+000, 3.540444E-001, -1.348518E+000, 3.847477E-001
6.983200E-002, 3.505444E+000, 2.696954E+000, 3.097168E+000, -1.166202E+000, 3.968069E-001, -1.331151E+000, 3.270886E-001
6.984000E-002, 3.545181E+000, 2.734486E+000, 2.894155E+000, -1.143689E+000, 4.457807E-001, -1.293462E+000, 2.542188E-001
6.984800E-002, 3.659207E+000, 2.830997E+000, 2.843807E+000, -1.041252E+000, 4.946350E-001, -1.257546E+000, 1.713265E-001
6.985600E-002, 3.597011E+000, 2.943594E+000, 2.960743E+000, -1.100913E+000, 5.378752E-001, -1.245259E+000, 9.232530E-002
6.986400E-002, 3.410422E+000, 2.904274E+000, 2.830815E+000, -1.327174E+000, 5.856545E-001, -1.241714E+000, 1.485694E-002
6.987200E-002, 3.332677E+000, 2.752358E+000, 2.726872E+000, -1.488146E+000, 6.310448E-001, -1.230727E+000, -5.494711E-002
6.988000E-002, 3.389690E+000, 2.693379E+000, 3.007842E+000, -1.573698E+000, 6.644903E-001, -1.212059E+000, -1.134316E-001
6.988800E-002, 3.467435E+000, 2.836359E+000, 3.183245E+000, -1.681763E+000, 6.957857E-001, -1.196110E+000, -1.808774E-001
6.989600E-002, 3.412150E+000, 2.995424E+000, 2.938005E+000, -1.684014E+000, 7.282756E-001, -1.192211E+000, -2.586995E-001
6.990400E-002, 3.201374E+000, 2.881040E+000, 2.631050E+000, -1.566944E+000, 7.617211E-001, -1.181342E+000, -3.360499E-001
6.991200E-002, 3.120174E+000, 2.673720E+000, 2.588823E+000, -1.554561E+000, 7.989889E-001, -1.150387E+000, -4.128108E-001
6.992000E-002, 3.254932E+000, 2.637975E+000, 2.741489E+000, -1.644615E+000, 8.394819E-001, -1.128176E+000, -4.797850E-001
6.992800E-002, 3.353409E+000, 2.693379E+000, 2.790212E+000, -1.619851E+000, 8.916808E-001, -1.128176E+000, -5.399202E-001
6.993600E-002, 3.360320E+000, 2.857806E+000, 2.730120E+000, -1.446496E+000, 9.465075E-001, -1.131720E+000, -6.120825E-001
6.994400E-002, 3.325766E+000, 3.115169E+000, 2.772347E+000, -1.287776E+000, 9.811475E-001, -1.134083E+000, -6.967435E-001
6.995200E-002, 3.223834E+000, 3.242064E+000, 2.884410E+000, -1.340682E+000, 1.008979E+000, -1.135737E+000, -7.771597E-001
6.996000E-002, 3.180642E+000, 3.192021E+000, 2.994849E+000, -1.609719E+000, 1.047919E+000, -1.128176E+000, -8.437801E-001
6.996800E-002, 3.305034E+000, 3.131254E+000, 3.027331E+000, -1.735795E+000, 1.085904E+000, -1.119079E+000, -9.119334E-001
6.997600E-002, 3.337860E+000, 3.136616E+000, 2.830815E+000, -1.579326E+000, 1.116602E+000, -1.121796E+000, -9.955332E-001
6.998400E-002, 3.177187E+000, 3.108020E+000, 2.668404E+000, -1.472387E+000, 1.150047E+000, -1.121087E+000, -1.082552E+000
6.999200E-002, 3.201374E+000, 3.061552E+000, 2.832439E+000, -1.496026E+000, 1.186240E+000, -1.109036E+000, -1.165209E+000
7.000000E-002, 3.322311E+000, 3.192021E+000, 2.942878E+000, -1.475764E+000, 1.218133E+000, -1.108209E+000, -1.252936E+000
7.000800E-002, 3.173731E+000, 3.358235E+000, 2.780467E+000, -1.376704E+000, 1.254923E+000, -1.119906E+000, -1.345850E+000
7.001600E-002, 3.049339E+000, 3.399341E+000, 2.715503E+000, -1.237120E+000, 1.302463E+000, -1.124395E+000, -1.429804E+000
7.002400E-002, 3.057977E+000, 3.454746E+000, 2.778843E+000, -1.157197E+000, 1.344987E+000, -1.113762E+000, -1.503617E+000
7.003200E-002, 2.995781E+000, 3.399341E+000, 2.717127E+000, -1.186465E+000, 1.373176E+000, -1.098521E+000, -1.582854E+000
7.004000E-002, 3.147816E+000, 3.333213E+000, 2.543348E+000, -1.198847E+000, 1.387271E+000, -1.093914E+000, -1.668694E+000
7.004800E-002, 3.465708E+000, 3.558406E+000, 2.478384E+000, -1.135809E+000, 1.370429E+000, -1.094150E+000, -1.760666E+000
7.005600E-002, 3.450159E+000, 3.699599E+000, 2.666780E+000, -1.046880E+000, 1.306763E+000, -1.086943E+000, -1.872565E+000
7.006400E-002, 3.246294E+000, 3.501215E+000, 2.835687E+000, -9.241815E-001, 1.214908E+000, -1.076664E+000, -1.997669E+000
7.007200E-002, 3.275664E+000, 3.365384E+000, 2.668404E+000, -8.318760E-001, 1.175370E+000, -1.069694E+000, -2.111219E+000
7.008000E-002, 3.507172E+000, 3.458320E+000, 2.385810E+000, -9.433181E-001, 1.301269E+000, -1.063905E+000, -2.204606E+000
7.008800E-002, 3.654024E+000, 3.503002E+000, 2.387434E+000, -1.193219E+000, 1.593558E+000, -1.054335E+000, -2.282899E+000
7.009600E-002, 3.588372E+000, 3.524449E+000, 2.619681E+000, -1.292278E+000, 1.908663E+000, -1.037794E+000, -2.353057E+000
7.010400E-002, 3.474346E+000, 3.667428E+000, 2.686269E+000, -1.185339E+000, 2.120205E+000, -1.017237E+000, -2.430408E+000
7.011200E-002, 3.403512E+000, 3.704960E+000, 2.499497E+000, -1.097536E+000, 2.188649E+000, -1.004241E+000, -2.533345E+000
7.012000E-002, 3.254932E+000, 3.617385E+000, 2.462143E+000, -1.171831E+000, 2.131792E+000, -1.008021E+000, -2.658332E+000
7.012800E-002, 3.116718E+000, 3.687088E+000, 2.782091E+000, -1.287776E+000, 2.027155E+000, -1.025862E+000, -2.777777E+000
7.013600E-002, 3.192736E+000, 3.830068E+000, 2.981856E+000, -1.265262E+000, 1.953217E+000, -1.045592E+000, -2.870810E+000
7.014400E-002, 3.294668E+000, 3.846153E+000, 2.700886E+000, -1.104290E+000, 1.942466E+000, -1.060006E+000, -2.943680E+000
7.015200E-002, 3.147816E+000, 3.728195E+000, 2.454022E+000, -1.022115E+000, 2.004818E+000, -1.067213E+000, -3.016078E+000
7.016000E-002, 2.990598E+000, 3.531598E+000, 2.574206E+000, -1.078399E+000, 2.082818E+000, -1.052681E+000, -3.088830E+000
7.016800E-002, 3.128812E+000, 3.447597E+000, 2.624553E+000, -1.081776E+000, 2.084013E+000, -1.004477E+000, -3.156157E+000
7.017600E-002, 3.261842E+000, 3.495853E+000, 2.554717E+000, -1.046880E+000, 2.019152E+000, -9.432775E-001, -3.230560E+000
7.018400E-002, 3.146089E+000, 3.531598E+000, 2.593695E+000, -1.169579E+000, 1.951306E+000, -8.954284E-001, -3.317933E+000
7.019200E-002, 3.066616E+000, 3.608449E+000, 2.585575E+000, -1.354190E+000, 1.909857E+000, -8.472248E-001, -3.395873E+000
7.020000E-002, 3.132267E+000, 3.688875E+000, 2.393930E+000, -1.346311E+000, 1.916068E+000, -7.787001E-001, -3.455065E+000
7.020800E-002, 3.161638E+000, 3.681726E+000, 2.215279E+000, -1.187590E+000, 1.947961E+000, -7.086396E-001, -3.518973E+000
7.021600E-002, 3.156455E+000, 3.771089E+000, 2.262378E+000, -1.066017E+000, 1.985587E+000, -6.547650E-001, -3.595145E+000
7.022400E-002, 3.156455E+000, 3.958749E+000, 2.312725E+000, -9.793398E-001, 2.059645E+000, -6.123506E-001, -3.671080E+000
7.023200E-002, 3.101169E+000, 3.931941E+000, 2.199038E+000, -9.849681E-001, 2.155204E+000, -5.784427E-001, -3.760104E+000
7.024000E-002, 3.044156E+000, 3.772876E+000, 2.195790E+000, -1.113295E+000, 2.231889E+000, -5.537502E-001, -3.869644E+000
7.024800E-002, 3.121901E+000, 3.792536E+000, 2.428036E+000, -1.156071E+000, 2.287791E+000, -5.476066E-001, -3.973053E+000
7.025600E-002, 3.299851E+000, 3.778238E+000, 2.720375E+000, -1.133558E+000, 2.321117E+000, -5.608389E-001, -4.071982E+000
7.026400E-002, 3.372414E+000, 3.578066E+000, 2.777219E+000, -1.213481E+000, 2.351696E+000, -5.754890E-001, -4.182112E+000
7.027200E-002, 3.249749E+000, 3.506576E+000, 2.505994E+000, -1.263011E+000, 2.402820E+000, -5.964009E-001, -4.287408E+000
7.028000E-002, 3.083893E+000, 3.647768E+000, 2.260754E+000, -1.204475E+000, 2.442357E+000, -6.372794E-001, -4.384096E+000
7.028800E-002, 3.044156E+000, 3.810408E+000, 2.369569E+000, -1.177459E+000, 2.455974E+000, -6.698877E-001, -4.475478E+000
7.029600E-002, 3.092531E+000, 3.939090E+000, 2.635922E+000, -1.189842E+000, 2.460274E+000, -6.697695E-001, -4.545046E+000
7.030400E-002, 3.090803E+000, 3.974834E+000, 2.661908E+000, -1.100913E+000, 2.437460E+000, -6.570098E-001, -4.596573E+000
7.031200E-002, 3.030335E+000, 3.788961E+000, 2.465391E+000, -9.939736E-001, 2.393742E+000, -6.447226E-001, -4.660836E+000
7.032000E-002, 2.995781E+000, 3.603087E+000, 2.374441E+000, -1.078399E+000, 2.366269E+000, -6.166039E-001, -4.730640E+000
7.032800E-002, 2.897304E+000, 3.687088E+000, 2.369569E+000, -1.264136E+000, 2.352174E+000, -5.608389E-001, -4.772852E+000
7.033600E-002, 2.778095E+000, 3.851515E+000, 2.228272E+000, -1.383458E+000, 2.365433E+000, -4.949135E-001, -4.802684E+000
7.034400E-002, 2.897304E+000, 3.892621E+000, 2.093471E+000, -1.465633E+000, 2.444268E+000, -4.363131E-001, -4.837940E+000
7.035200E-002, 3.049339E+000, 3.892621E+000, 2.151939E+000, -1.546681E+000, 2.550338E+000, -3.715691E-001, -4.863763E+000
7.036000E-002, 3.075254E+000, 4.028452E+000, 2.298108E+000, -1.655872E+000, 2.618782E+000, -2.943016E-001, -4.890765E+000
7.036800E-002, 3.104625E+000, 4.189304E+000, 2.423164E+000, -1.758309E+000, 2.643389E+000, -2.280217E-001, -4.933803E+000
7.037600E-002, 2.923219E+000, 4.055261E+000, 2.402051E+000, -1.696397E+000, 2.629533E+000, -1.904513E-001, -4.987335E+000
7.038400E-002, 2.762546E+000, 3.824706E+000, 2.291612E+000, -1.515162E+000, 2.579723E+000, -1.682399E-001, -5.061620E+000
7.039200E-002, 3.006147E+000, 3.812195E+000, 2.335463E+000, -1.425108E+000, 2.528838E+000, -1.446107E-001, -5.150761E+000
7.040000E-002, 3.172004E+000, 3.833642E+000, 2.356576E+000, -1.438616E+000, 2.507576E+000, -1.350408E-001, -5.223985E+000
7.040800E-002, 3.009603E+000, 3.760365E+000, 2.197414E+000, -1.454376E+000, 2.508412E+000, -1.506361E-001, -5.291077E+000
7.041600E-002, 2.847202E+000, 3.817557E+000, 2.143818E+000, -1.508408E+000, 2.508770E+000, -1.652862E-001, -5.365008E+000
7.042400E-002, 2.689984E+000, 4.049899E+000, 2.317597E+000, -1.652495E+000, 2.489181E+000, -1.630414E-001, -5.419837E+000
7.043200E-002, 2.598417E+000, 4.141048E+000, 2.505994E+000, -1.733544E+000, 2.448330E+000, -1.585519E-001, -5.450376E+000
7.044000E-002, 2.798827E+000, 3.980196E+000, 2.528731E+000, -1.547807E+000, 2.401386E+000, -1.541805E-001, -5.477142E+000
7.044800E-002, 3.061433E+000, 3.867600E+000, 2.444278E+000, -1.287776E+000, 2.352771E+000, -1.351590E-001, -5.506267E+000
7.045600E-002, 2.988871E+000, 3.872962E+000, 2.330590E+000, -1.281021E+000, 2.320042E+000, -1.023144E-001, -5.528906E+000
7.046400E-002, 2.707260E+000, 3.796110E+000, 2.215279E+000, -1.324923E+000, 2.334018E+000, -7.017871E-002, -5.535037E+000
7.047200E-002, 2.639881E+000, 3.687088E+000, 2.221775E+000, -1.202224E+000, 2.380363E+000, -3.532565E-002, -5.525250E+000
7.048000E-002, 2.814376E+000, 3.587002E+000, 2.314349E+000, -1.124552E+000, 2.428023E+000, 1.902150E-002, -5.502376E+000
7.048800E-002, 2.833380E+000, 3.410065E+000, 2.380938E+000, -1.158323E+000, 2.465172E+000, 8.990908E-002, -5.473958E+000
7.049600E-002, 2.608783E+000, 3.354660E+000, 2.510866E+000, -1.177459E+000, 2.468397E+000, 1.587882E-001, -5.452145E+000
7.050400E-002, 2.603600E+000, 3.469044E+000, 2.661908E+000, -1.166202E+000, 2.442477E+000, 2.088821E-001, -5.432571E+000
7.051200E-002, 2.885210E+000, 3.501215E+000, 2.668404E+000, -1.203350E+000, 2.429815E+000, 2.414904E-001, -5.418894E+000
7.052000E-002, 2.961228E+000, 3.451171E+000, 2.561213E+000, -1.297907E+000, 2.428621E+000, 2.724446E-001, -5.434576E+000
7.052800E-002, 2.686528E+000, 3.422575E+000, 2.509242E+000, -1.314792E+000, 2.427426E+000, 3.006815E-001, -5.465823E+000
7.053600E-002, 2.510306E+000, 3.379682E+000, 2.557965E+000, -1.216858E+000, 2.439968E+000, 3.181671E-001, -5.485868E+000
7.054400E-002, 2.703805E+000, 3.426150E+000, 2.518986E+000, -1.059263E+000, 2.445941E+000, 3.246651E-001, -5.504498E+000
7.055200E-002, 2.753907E+000, 3.558406E+000, 2.402051E+000, -9.309356E-001, 2.433876E+000, 3.247833E-001, -5.519709E+000
7.056000E-002, 2.479208E+000, 3.488704E+000, 2.471887E+000, -1.000728E+000, 2.426948E+000, 3.377793E-001, -5.517232E+000
7.056800E-002, 2.472297E+000, 3.186659E+000, 2.731744E+000, -1.184213E+000, 2.405926E+000, 3.690880E-001, -5.510629E+000
7.057600E-002, 2.648520E+000, 3.032956E+000, 2.912020E+000, -1.232617E+000, 2.367105E+000, 3.953164E-001, -5.495301E+000
7.058400E-002, 2.439471E+000, 3.166999E+000, 2.822694E+000, -1.240497E+000, 2.354682E+000, 4.059496E-001, -5.446367E+000
7.059200E-002, 2.093937E+000, 3.165212E+000, 2.687893E+000, -1.409349E+000, 2.352652E+000, 4.230807E-001, -5.392010E+000
7.060000E-002, 2.052473E+000, 2.931083E+000, 2.782091E+000, -1.620976E+000, 2.329837E+000, 4.571068E-001, -5.359584E+000
7.060800E-002, 2.156133E+000, 2.957892E+000, 2.890906E+000, -1.675009E+000, 2.299258E+000, 4.886518E-001, -5.318432E+000
7.061600E-002, 2.245972E+000, 3.172361E+000, 2.897403E+000, -1.598463E+000, 2.256376E+000, 5.140531E-001, -5.268084E+000
7.062400E-002, 2.330628E+000, 3.177723E+000, 2.916892E+000, -1.543304E+000, 2.206447E+000, 5.490243E-001, -5.232710E+000
7.063200E-002, 2.432561E+000, 3.145552E+000, 2.825942E+000, -1.582703E+000, 2.174077E+000, 5.875399E-001, -5.193681E+000
7.064000E-002, 2.605328E+000, 3.161638E+000, 2.710631E+000, -1.651369E+000, 2.157234E+000, 6.195575E-001, -5.144512E+000
7.064800E-002, 2.683073E+000, 2.997211E+000, 2.816198E+000, -1.626605E+000, 2.167149E+000, 6.546468E-001, -5.102417E+000
7.065600E-002, 2.636426E+000, 2.898913E+000, 2.926637E+000, -1.460004E+000, 2.223170E+000, 6.996605E-001, -5.065392E+000
7.066400E-002, 2.591506E+000, 3.163425E+000, 2.853552E+000, -1.240497E+000, 2.279072E+000, 7.354587E-001, -5.028368E+000
7.067200E-002, 2.442927E+000, 3.306405E+000, 2.777219E+000, -1.098662E+000, 2.297467E+000, 7.433745E-001, -4.999598E+000
7.068000E-002, 2.351360E+000, 2.977551E+000, 2.793460E+000, -1.016487E+000, 2.311322E+000, 7.391212E-001, -4.985095E+000
7.068800E-002, 2.413556E+000, 2.630826E+000, 2.863297E+000, -9.680830E-001, 2.307142E+000, 7.277792E-001, -4.978727E+000
7.069600E-002, 2.299530E+000, 2.621890E+000, 2.968863E+000, -1.048006E+000, 2.260079E+000, 7.079307E-001, -4.974129E+000
7.070400E-002, 2.164772E+000, 2.836359E+000, 2.973736E+000, -1.148191E+000, 2.209075E+000, 6.905632E-001, -4.961040E+000
7.071200E-002, 2.449837E+000, 2.902487E+000, 2.804829E+000, -1.195470E+000, 2.158309E+000, 6.659889E-001, -4.931562E+000
7.072000E-002, 2.760818E+000, 2.698741E+000, 2.785340E+000, -1.341808E+000, 2.099541E+000, 6.314902E-001, -4.894773E+000
7.072800E-002, 2.676162E+000, 2.584357E+000, 3.019211E+000, -1.425108E+000, 2.065259E+000, 5.980549E-001, -4.855745E+000
7.073600E-002, 2.537949E+000, 2.591506E+000, 3.033828E+000, -1.300158E+000, 2.060720E+000, 5.763161E-001, -4.802213E+000
7.074400E-002, 2.517216E+000, 2.589719E+000, 2.730120E+000, -1.258508E+000, 2.067768E+000, 5.741894E-001, -4.722386E+000
7.075200E-002, 2.518944E+000, 2.764869E+000, 2.557965E+000, -1.294530E+000, 2.081624E+000, 5.818689E-001, -4.626287E+000
7.076000E-002, 2.577685E+000, 2.995424E+000, 2.592071E+000, -1.171831E+000, 2.085088E+000, 5.956920E-001, -4.529599E+000
7.076800E-002, 2.667524E+000, 2.952530E+000, 2.631050E+000, -1.133558E+000, 2.076607E+000, 6.312540E-001, -4.425247E+000
7.077600E-002, 2.835108E+000, 2.680869E+000, 2.720375E+000, -1.332803E+000, 2.078279E+000, 6.863099E-001, -4.312169E+000
7.078400E-002, 3.087348E+000, 2.509293E+000, 2.955871E+000, -1.465633E+000, 2.075532E+000, 7.306147E-001, -4.217604E+000
7.079200E-002, 3.203102E+000, 2.512867E+000, 3.222224E+000, -1.455502E+000, 2.054389E+000, 7.554253E-001, -4.158058E+000
7.080000E-002, 3.023424E+000, 2.477123E+000, 3.321294E+000, -1.500529E+000, 2.031336E+000, 7.879155E-001, -4.106412E+000
7.080800E-002, 2.755635E+000, 2.405633E+000, 3.301805E+000, -1.634484E+000, 2.006730E+000, 8.328110E-001, -4.038377E+000
7.081600E-002, 2.788461E+000, 2.343079E+000, 3.443102E+000, -1.754932E+000, 1.974359E+000, 8.624656E-001, -3.971049E+000
7.082400E-002, 2.980232E+000, 2.187589E+000, 3.660732E+000, -1.846112E+000, 1.936614E+000, 8.637652E-001, -3.918696E+000
7.083200E-002, 2.930130E+000, 2.153631E+000, 3.586023E+000, -1.932789E+000, 1.900660E+000, 8.546680E-001, -3.867640E+000
7.084000E-002, 2.766001E+000, 2.325207E+000, 3.417116E+000, -1.955302E+000, 1.892298E+000, 8.556132E-001, -3.800666E+000
7.084800E-002, 2.653702E+000, 2.323419E+000, 3.550293E+000, -1.897893E+000, 1.920010E+000, 8.492333E-001, -3.720132E+000
7.085600E-002, 2.556953E+000, 2.237632E+000, 3.852376E+000, -1.881008E+000, 1.955128E+000, 8.230048E-001, -3.630754E+000
7.086400E-002, 2.574229E+000, 2.246568E+000, 4.091120E+000, -1.980067E+000, 1.982482E+000, 8.075277E-001, -3.532180E+000
7.087200E-002, 2.696894E+000, 2.150057E+000, 4.139843E+000, -2.068996E+000, 1.992396E+000, 8.121354E-001, -3.440562E+000
7.088000E-002, 2.721082E+000, 2.200099E+000, 4.032652E+000, -1.926035E+000, 1.972209E+000, 8.133169E-001, -3.354604E+000
7.088800E-002, 2.596689E+000, 2.425292E+000, 3.966064E+000, -1.650244E+000, 1.942944E+000, 8.000845E-001, -3.245417E+000
7.089600E-002, 2.584596E+000, 2.275164E+000, 3.894603E+000, -1.590583E+000, 1.913321E+000, 7.808267E-001, -3.116657E+000
7.090400E-002, 2.838563E+000, 1.951672E+000, 3.909220E+000, -1.720036E+000, 1.867811E+000, 7.603875E-001, -2.996622E+000
7.091200E-002, 3.033790E+000, 1.976694E+000, 4.209680E+000, -1.823598E+000, 1.816807E+000, 7.349861E-001, -2.896043E+000
7.092000E-002, 2.907670E+000, 2.135759E+000, 4.401324E+000, -1.910275E+000, 1.755530E+000, 7.119476E-001, -2.802421E+000
7.092800E-002, 2.715899E+000, 1.987417E+000, 4.349352E+000, -1.974439E+000, 1.678128E+000, 6.917447E-001, -2.693352E+000
7.093600E-002, 2.766001E+000, 1.667500E+000, 4.378586E+000, -2.040854E+000, 1.612073E+000, 6.671703E-001, -2.574732E+000
7.094400E-002, 2.938768E+000, 1.592436E+000, 4.375338E+000, -2.187192E+000, 1.534073E+000, 6.487395E-001, -2.470026E+000
7.095200E-002, 2.945679E+000, 1.687160E+000, 4.316870E+000, -2.265990E+000, 1.422150E+000, 6.404693E-001, -2.376522E+000
7.096000E-002, 2.812648E+000, 1.678224E+000, 4.376962E+000, -2.154547E+000, 1.320978E+000, 6.334987E-001, -2.286437E+000
7.096800E-002, 2.664068E+000, 1.663926E+000, 4.433806E+000, -1.987947E+000, 1.247278E+000, 6.360979E-001, -2.203780E+000
7.097600E-002, 2.474025E+000, 1.749714E+000, 4.485777E+000, -1.846112E+000, 1.208218E+000, 6.611449E-001, -2.127137E+000
7.098400E-002, 2.439471E+000, 1.746139E+000, 4.599464E+000, -1.628856E+000, 1.219805E+000, 6.995423E-001, -2.058512E+000
7.099200E-002, 2.708988E+000, 1.531670E+000, 4.558862E+000, -1.246125E+000, 1.252653E+000, 7.411297E-001, -1.991066E+000
7.100000E-002, 2.933585E+000, 1.302902E+000, 4.344480E+000, -8.915369E-001, 1.307480E+000, 7.989030E-001, -1.907938E+000
7.100800E-002, 2.980232E+000, 1.240349E+000, 4.229168E+000, -9.298099E-001, 1.393602E+000, 8.686092E-001, -1.819504E+000
7.101600E-002, 3.061433E+000, 1.322562E+000, 4.214552E+000, -1.291152E+000, 1.460971E+000, 9.237834E-001, -1.747460E+000
7.102400E-002, 3.095986E+000, 1.360094E+000, 4.131722E+000, -1.533173E+000, 1.504689E+000, 9.689151E-001, -1.685792E+000
7.103200E-002, 3.132267E+000, 1.251072E+000, 4.143091E+000, -1.556813E+000, 1.556171E+000, 1.012629E+000, -1.605729E+000
7.104000E-002, 3.320583E+000, 1.236774E+000, 4.334735E+000, -1.629982E+000, 1.596545E+000, 1.039448E+000, -1.515762E+000
7.104800E-002, 3.291213E+000, 1.408350E+000, 4.342856E+000, -1.790954E+000, 1.607295E+000, 1.046301E+000, -1.459046E+000
7.105600E-002, 2.876572E+000, 1.494137E+000, 4.204807E+000, -1.862997E+000, 1.590214E+000, 1.031887E+000, -1.417541E+000
7.106400E-002, 2.634698E+000, 1.395839E+000, 4.341232E+000, -1.844986E+000, 1.542673E+000, 9.882911E-001, -1.339247E+000
7.107200E-002, 2.821286E+000, 1.222476E+000, 4.558862E+000, -1.794331E+000, 1.468018E+000, 9.239015E-001, -1.238786E+000
7.108000E-002, 2.874844E+000, 1.038390E+000, 4.463040E+000, -1.645741E+000, 1.378552E+000, 8.528958E-001, -1.160139E+000
7.108800E-002, 2.643337E+000, 9.132826E-001, 4.260026E+000, -1.462256E+000, 1.281918E+000, 7.788182E-001, -1.097645E+000
7.109600E-002, 2.757363E+000, 9.829851E-001, 4.302253E+000, -1.460004E+000, 1.181940E+000, 7.042682E-001, -1.014871E+000
7.110400E-002, 3.142633E+000, 1.181369E+000, 4.469536E+000, -1.578200E+000, 1.092354E+000, 6.424778E-001, -9.124051E-001
7.111200E-002, 3.146089E+000, 1.147412E+000, 4.474409E+000, -1.614222E+000, 1.018774E+000, 6.032534E-001, -8.207873E-001
7.112000E-002, 2.807465E+000, 8.614525E-001, 4.456543E+000, -1.711030E+000, 9.675304E-001, 5.841137E-001, -7.461488E-001
7.112800E-002, 2.631243E+000, 8.114095E-001, 4.605961E+000, -1.924909E+000, 9.443574E-001, 5.873036E-001, -6.783492E-001
7.113600E-002, 2.743541E+000, 1.013368E+000, 4.690414E+000, -1.981193E+000, 9.269180E-001, 6.138865E-001, -6.060690E-001
7.114400E-002, 2.921491E+000, 9.722617E-001, 4.536124E+000, -1.911401E+000, 9.142565E-001, 6.622082E-001, -5.240021E-001
7.115200E-002, 3.021696E+000, 7.059621E-001, 4.406196E+000, -1.900144E+000, 9.353988E-001, 7.462100E-001, -4.524293E-001
7.116000E-002, 3.042428E+000, 5.915784E-001, 4.453295E+000, -1.832604E+000, 9.779223E-001, 8.643559E-001, -3.964210E-001
7.116800E-002, 2.956045E+000, 5.826421E-001, 4.360721E+000, -1.685140E+000, 1.021999E+000, 9.807298E-001, -3.338096E-001
7.117600E-002, 2.778095E+000, 5.218757E-001, 4.175573E+000, -1.678386E+000, 1.086859E+000, 1.078318E+000, -2.681325E-001
7.118400E-002, 2.750452E+000, 4.736201E-001, 4.225920E+000, -1.781948E+000, 1.161992E+000, 1.173190E+000, -2.137749E-001
7.119200E-002, 2.888666E+000, 4.343007E-001, 4.303877E+000, -1.815718E+000, 1.220163E+000, 1.263808E+000, -1.604786E-001
7.120000E-002, 2.795372E+000, 3.681726E-001, 4.227544E+000, -1.856243E+000, 1.277618E+000, 1.326425E+000, -9.503728E-002
7.120800E-002, 2.541404E+000, 3.574491E-001, 4.183694E+000, -1.913652E+000, 1.333520E+000, 1.357025E+000, -2.499740E-002
7.121600E-002, 2.470569E+000, 4.110665E-001, 4.185318E+000, -1.830352E+000, 1.365293E+000, 1.366594E+000, 4.492457E-002
7.122400E-002, 2.496485E+000, 3.592364E-001, 4.146339E+000, -1.689643E+000, 1.380821E+000, 1.352181E+000, 1.276990E-001
7.123200E-002, 2.475752E+000, 1.501286E-001, 4.108985E+000, -1.632233E+000, 1.385599E+000, 1.303977E+000, 2.174302E-001
7.124000E-002, 2.363454E+000, 1.090220E-001, 4.050517E+000, -1.565818E+000, 1.374132E+000, 1.220684E+000, 2.985538E-001
7.124800E-002, 2.292619E+000, 3.145553E-001, 3.920589E+000, -1.430737E+000, 1.337581E+000, 1.102893E+000, 3.742535E-001
7.125600E-002, 2.482663E+000, 4.289390E-001, 3.852376E+000, -1.389086E+000, 1.267584E+000, 9.647800E-001, 4.471233E-001
7.126400E-002, 2.632970E+000, 3.467257E-001, 3.931957E+000, -1.541053E+000, 1.178118E+000, 8.292666E-001, 5.264782E-001
7.127200E-002, 2.430833E+000, 9.114953E-002, 3.951447E+000, -1.713282E+000, 1.082559E+000, 6.942257E-001, 6.163274E-001
7.128000E-002, 2.188959E+000, -1.983843E-001, 3.803653E+000, -1.814593E+000, 9.840142E-001, 5.634382E-001, 6.930882E-001
7.128800E-002, 2.237334E+000, -1.930225E-001, 3.719200E+000, -1.917029E+000, 8.835583E-001, 4.568705E-001, 7.506294E-001
7.129600E-002, 2.465386E+000, 1.965970E-002, 3.879986E+000, -1.991324E+000, 7.776077E-001, 3.650711E-001, 8.055766E-001
7.130400E-002, 2.539676E+000, 7.327708E-002, 4.159332E+000, -2.010461E+000, 6.775101E-001, 2.800060E-001, 8.613490E-001
7.131200E-002, 2.385913E+000, -8.400055E-002, 4.193439E+000, -2.048734E+000, 5.964048E-001, 2.215237E-001, 9.074528E-001
7.132000E-002, 2.245972E+000, -2.752358E-001, 3.870241E+000, -2.106143E+000, 5.200774E-001, 1.918691E-001, 9.391711E-001
7.132800E-002, 2.126763E+000, -3.788961E-001, 3.613633E+000, -1.998078E+000, 4.491252E-001, 1.771008E-001, 9.642864E-001
7.133600E-002, 2.007554E+000, -3.771088E-001, 3.702959E+000, -1.736921E+000, 4.156797E-001, 1.786367E-001, 9.871615E-001
7.134400E-002, 2.142312E+000, -3.324277E-001, 3.785788E+000, -1.655872E+000, 4.253550E-001, 2.059284E-001, 1.012866E+000
7.135200E-002, 2.254611E+000, -2.520016E-001, 3.675349E+000, -1.687391E+000, 4.468557E-001, 2.531868E-001, 1.050480E+000
7.136000E-002, 2.033469E+000, -1.394052E-001, 3.623378E+000, -1.519665E+000, 4.688342E-001, 3.046985E-001, 1.095641E+000
7.136800E-002, 2.021375E+000, -1.340434E-001, 3.613633E+000, -1.321546E+000, 5.144634E-001, 3.596363E-001, 1.144574E+000
7.137600E-002, 2.294347E+000, -2.984701E-001, 3.616881E+000, -1.347436E+000, 5.990327E-001, 4.352498E-001, 1.199757E+000
7.138400E-002, 2.283981E+000, -3.860451E-001, 3.725696E+000, -1.596211E+000, 7.086861E-001, 5.339016E-001, 1.257534E+000
7.139200E-002, 2.140584E+000, -2.734486E-001, 3.766299E+000, -1.882133E+000, 8.184590E-001, 6.265281E-001, 1.315075E+000
7.140000E-002, 2.111214E+000, -2.805976E-001, 3.707831E+000, -1.958680E+000, 9.154509E-001, 7.020234E-001, 1.363773E+000
7.140800E-002, 1.947085E+000, -4.503859E-001, 3.720824E+000, -1.962057E+000, 1.021999E+000, 7.816538E-001, 1.398911E+000
7.141600E-002, 1.827876E+000, -4.825563E-001, 3.772795E+000, -2.108395E+000, 1.160678E+000, 8.684911E-001, 1.442185E+000
7.142400E-002, 2.033469E+000, -4.986416E-001, 3.717576E+000, -2.220963E+000, 1.299119E+000, 9.522566E-001, 1.499962E+000
7.143200E-002, 2.157861E+000, -6.237488E-001, 3.504818E+000, -2.156799E+000, 1.408294E+000, 1.028343E+000, 1.547009E+000
7.144000E-002, 2.000643E+000, -6.273233E-001, 3.280691E+000, -1.976690E+000, 1.504331E+000, 1.092968E+000, 1.576841E+000
7.144800E-002, 1.876251E+000, -5.254502E-001, 3.228720E+000, -1.801085E+000, 1.586989E+000, 1.150978E+000, 1.597475E+000
7.145600E-002, 1.909076E+000, -3.860451E-001, 3.274195E+000, -1.801085E+000, 1.637754E+000, 1.198473E+000, 1.610917E+000
7.146400E-002, 2.009281E+000, -1.572776E-001, 3.244961E+000, -1.896767E+000, 1.657224E+000, 1.220684E+000, 1.625067E+000
7.147200E-002, 2.090482E+000, -5.540462E-002, 3.145891E+000, -1.937292E+000, 1.660330E+000, 1.221984E+000, 1.641339E+000
7.148000E-002, 2.159589E+000, -1.948098E-001, 3.074430E+000, -1.975565E+000, 1.654477E+000, 1.211705E+000, 1.650064E+000
7.148800E-002, 2.299530E+000, -3.449384E-001, 3.095544E+000, -1.926035E+000, 1.625093E+000, 1.176734E+000, 1.655960E+000
7.149600E-002, 2.380730E+000, -3.914068E-001, 3.121529E+000, -1.725664E+000, 1.561307E+000, 1.109391E+000, 1.672939E+000
7.150400E-002, 2.313351E+000, -4.092793E-001, 3.058189E+000, -1.535425E+000, 1.473274E+000, 1.020072E+000, 1.702771E+000
7.151200E-002, 2.266704E+000, -3.645981E-001, 2.963991E+000, -1.410474E+000, 1.375088E+000, 9.046437E-001, 1.738380E+000
7.152000E-002, 2.335811E+000, -3.753216E-001, 2.897403E+000, -1.318169E+000, 1.274512E+000, 7.697210E-001, 1.772929E+000
7.152800E-002, 2.420467E+000, -4.807691E-001, 2.838935E+000, -1.339557E+000, 1.168681E+000, 6.324354E-001, 1.806534E+000
7.153600E-002, 2.429105E+000, -3.914068E-001, 2.736616E+000, -1.444245E+000, 1.065956E+000, 4.794364E-001, 1.847331E+000
7.154400E-002, 2.382458E+000, -3.538747E-001, 2.671652E+000, -1.465633E+000, 9.829392E-001, 3.078884E-001, 1.904047E+000
7.155200E-002, 2.356543E+000, -6.577064E-001, 2.756106E+000, -1.496026E+000, 9.124647E-001, 1.439018E-001, 1.981869E+000
7.156000E-002, 2.379003E+000, -8.006861E-001, 2.856800E+000, -1.699774E+000, 8.455737E-001, -8.152072E-003, 2.066766E+000
7.156800E-002, 2.427377E+000, -6.702172E-001, 2.804829E+000, -1.861871E+000, 7.879997E-001, -1.554801E-001, 2.135627E+000
7.157600E-002, 2.430833E+000, -6.130253E-001, 2.644042E+000, -1.779697E+000, 7.564654E-001, -2.850862E-001, 2.193286E+000
7.158400E-002, 2.411829E+000, -5.325992E-001, 2.540100E+000, -1.595086E+000, 7.605267E-001, -3.987427E-001, 2.255661E+000
7.159200E-002, 2.560408E+000, -4.200028E-001, 2.681397E+000, -1.457753E+000, 7.890748E-001, -5.069644E-001, 2.321456E+000
7.160000E-002, 2.816103E+000, -4.414497E-001, 2.899027E+000, -1.453250E+000, 8.372124E-001, -5.893121E-001, 2.384068E+000
7.160800E-002, 2.807465E+000, -4.575349E-001, 2.726872E+000, -1.610845E+000, 9.052978E-001, -6.403512E-001, 2.443496E+000
7.161600E-002, 2.629515E+000, -3.681726E-001, 2.325718E+000, -1.825850E+000, 9.865226E-001, -6.831200E-001, 2.505164E+000
7.162400E-002, 2.651975E+000, -2.359164E-001, 2.285115E+000, -1.924909E+000, 1.068942E+000, -7.147831E-001, 2.558106E+000
7.163200E-002, 2.764273E+000, -9.651127E-002, 2.553092E+000, -1.879882E+000, 1.146703E+000, -7.188001E-001, 2.585226E+000
7.164000E-002, 2.783278E+000, -4.825563E-002, 2.683021E+000, -1.870877E+000, 1.235930E+000, -7.015508E-001, 2.601144E+000
7.164800E-002, 2.826470E+000, -1.018730E-001, 2.596943E+000, -1.905773E+000, 1.331489E+000, -6.740228E-001, 2.621307E+000
7.165600E-002, 2.950862E+000, -1.108092E-001, 2.504369E+000, -1.908024E+000, 1.409369E+000, -6.352709E-001, 2.636990E+000
7.166400E-002, 3.095986E+000, -4.646839E-002, 2.518986E+000, -1.904647E+000, 1.483785E+000, -5.862404E-001, 2.650078E+000
7.167200E-002, 3.106352E+000, -1.251072E-002, 2.614809E+000, -1.830352E+000, 1.569788E+000, -5.245681E-001, 2.664227E+000
7.168000E-002, 3.025152E+000, -1.429797E-002, 2.674901E+000, -1.732418E+000, 1.651968E+000, -4.424567E-001, 2.658332E+000
7.168800E-002, 3.165093E+000, -4.289390E-002, 2.554717E+000, -1.688517E+000, 1.723398E+000, -3.485306E-001, 2.628264E+000
7.169600E-002, 3.386235E+000, -8.936228E-003, 2.398803E+000, -1.615348E+000, 1.782167E+000, -2.544864E-001, 2.599730E+000
7.170400E-002, 3.441520E+000, 1.394052E-001, 2.462143E+000, -1.625479E+000, 1.814896E+000, -1.607967E-001, 2.574732E+000
7.171200E-002, 3.555547E+000, 2.287675E-001, 2.548220E+000, -1.835981E+000, 1.830902E+000, -6.958798E-002, 2.541481E+000
7.172000E-002, 3.781872E+000, 2.948956E-001, 2.393930E+000, -1.941794E+000, 1.859211E+000, 1.878521E-002, 2.503631E+000
7.172800E-002, 3.952911E+000, 4.074920E-001, 2.226648E+000, -1.752680E+000, 1.889909E+000, 1.144834E-001, 2.458706E+000
7.173600E-002, 3.963277E+000, 4.628966E-001, 2.382562E+000, -1.600714E+000, 1.895762E+000, 2.237685E-001, 2.412013E+000
7.174400E-002, 3.882077E+000, 4.932798E-001, 2.598567E+000, -1.688517E+000, 1.889431E+000, 3.207663E-001, 2.376050E+000
7.175200E-002, 3.992647E+000, 3.663854E-001, 2.377689E+000, -1.766189E+000, 1.887162E+000, 3.883458E-001, 2.343978E+000
7.176000E-002, 4.241432E+000, 1.697883E-001, 2.096719E+000, -1.660375E+000, 1.889312E+000, 4.560435E-001, 2.302001E+000
7.176800E-002, 4.374463E+000, 3.538747E-001, 2.238016E+000, -1.546681E+000, 1.897793E+000, 5.323657E-001, 2.244696E+000
7.177600E-002, 4.490217E+000, 6.398340E-001, 2.340335E+000, -1.553435E+000, 1.903168E+000, 6.019537E-001, 2.184443E+000
7.178400E-002, 4.685443E+000, 6.630682E-001, 2.137322E+000, -1.560190E+000, 1.899823E+000, 6.624445E-001, 2.132207E+000
7.179200E-002, 4.744184E+000, 6.880896E-001, 2.025259E+000, -1.503906E+000, 1.890984E+000, 6.948165E-001, 2.078086E+000
7.180000E-002, 4.607698E+000, 7.148983E-001, 2.077230E+000, -1.498277E+000, 1.875695E+000, 6.964705E-001, 2.020545E+000
7.180800E-002, 4.504038E+000, 5.737059E-001, 2.096719E+000, -1.563567E+000, 1.861481E+000, 7.082851E-001, 1.967366E+000
7.181600E-002, 4.574872E+000, 5.826421E-001, 2.095095E+000, -1.592834E+000, 1.849536E+000, 7.274247E-001, 1.915367E+000
7.182400E-002, 4.796014E+000, 8.435800E-001, 2.111336E+000, -1.579326E+000, 1.828274E+000, 7.061585E-001, 1.861835E+000
7.183200E-002, 4.973964E+000, 9.883469E-001, 2.179549E+000, -1.529796E+000, 1.809998E+000, 6.612630E-001, 1.807477E+000
7.184000E-002, 4.961871E+000, 1.097369E+000, 2.270498E+000, -1.430737E+000, 1.802354E+000, 6.404693E-001, 1.752766E+000
7.184800E-002, 4.967054E+000, 1.270732E+000, 2.190917E+000, -1.444245E+000, 1.787303E+000, 6.232200E-001, 1.698762E+000
7.185600E-002, 5.094902E+000, 1.234987E+000, 1.942429E+000, -1.601840E+000, 1.767594E+000, 5.797423E-001, 1.640985E+000
7.186400E-002, 5.169191E+000, 1.224263E+000, 1.882337E+000, -1.707653E+000, 1.751827E+000, 5.327202E-001, 1.580378E+000
7.187200E-002, 5.184740E+000, 1.383328E+000, 2.223399E+000, -1.749303E+000, 1.736299E+000, 4.957405E-001, 1.529676E+000
7.188000E-002, 5.205472E+000, 1.420860E+000, 2.551468E+000, -1.770691E+000, 1.727340E+000, 4.574612E-001, 1.478620E+000
7.188800E-002, 5.250392E+000, 1.451244E+000, 2.432909E+000, -1.690768E+000, 1.727460E+000, 4.185912E-001, 1.406811E+000
7.189600E-002, 5.329865E+000, 1.465541E+000, 2.221775E+000, -1.632233E+000, 1.725310E+000, 3.863373E-001, 1.330522E+000
7.190400E-002, 5.416248E+000, 1.251072E+000, 2.289988E+000, -1.772943E+000, 1.710498E+000, 3.591638E-001, 1.259775E+000
7.191200E-002, 5.511270E+000, 1.240349E+000, 2.333838E+000, -1.936166E+000, 1.694492E+000, 3.371886E-001, 1.164855E+000
7.192000E-002, 5.478444E+000, 1.683586E+000, 2.215279E+000, -1.924909E+000, 1.702376E+000, 3.266736E-001, 1.051542E+000
7.192800E-002, 5.438708E+000, 1.962396E+000, 2.132449E+000, -1.816844E+000, 1.725668E+000, 3.276188E-001, 9.596879E-001
7.193600E-002, 5.727229E+000, 1.828352E+000, 2.028507E+000, -1.713282E+000, 1.744541E+000, 3.337624E-001, 8.683059E-001
7.194400E-002, 6.072763E+000, 1.697883E+000, 1.913195E+000, -1.656998E+000, 1.763294E+000, 3.345894E-001, 7.424935E-001
7.195200E-002, 6.124593E+000, 1.712181E+000, 2.072358E+000, -1.736921E+000, 1.772014E+000, 3.185216E-001, 6.083093E-001
7.196000E-002, 5.998473E+000, 1.846225E+000, 2.387434E+000, -1.927161E+000, 1.765086E+000, 2.956012E-001, 4.757760E-001
7.196800E-002, 5.934549E+000, 2.096439E+000, 2.389058E+000, -2.064493E+000, 1.766280E+000, 2.835504E-001, 3.354604E-001
7.197600E-002, 6.128048E+000, 2.185802E+000, 2.117832E+000, -2.123029E+000, 1.763055E+000, 2.764616E-001, 2.133033E-001
7.198400E-002, 6.369923E+000, 2.058907E+000, 2.077230E+000, -2.217585E+000, 1.725668E+000, 2.572038E-001, 1.043523E-001
7.199200E-002, 6.309454E+000, 2.142908E+000, 2.268874E+000, -2.303137E+000, 1.679083E+000, 2.321568E-001, -2.487949E-002
7.200000E-002, 6.278356E+000, 2.412782E+000, 2.294860E+000, -2.274995E+000, 1.648385E+000, 2.156164E-001, -1.591816E-001
7.200800E-002, 6.532323E+000, 2.478910E+000, 2.267250E+000, -2.191695E+000, 1.610162E+000, 1.955316E-001, -2.709624E-001
7.201600E-002, 6.608341E+000, 2.432441E+000, 2.402051E+000, -2.110646E+000, 1.544823E+000, 1.702483E-001, -3.770834E-001
7.202400E-002, 6.461489E+000, 2.468186E+000, 2.475136E+000, -2.049860E+000, 1.465152E+000, 1.581975E-001, -4.896896E-001
7.203200E-002, 6.591064E+000, 2.550400E+000, 2.449150E+000, -2.071247E+000, 1.382613E+000, 1.551257E-001, -5.861418E-001
7.204000E-002, 6.843304E+000, 2.589719E+000, 2.423164E+000, -2.145542E+000, 1.299835E+000, 1.594971E-001, -6.572430E-001
7.204800E-002, 6.692997E+000, 2.539676E+000, 2.278619E+000, -2.208580E+000, 1.223747E+000, 1.913965E-001, -7.170244E-001
7.205600E-002, 6.470128E+000, 2.520016E+000, 2.168180E+000, -2.300886E+000, 1.164978E+000, 2.449166E-001, -7.769239E-001
7.206400E-002, 6.724095E+000, 2.570059E+000, 2.335463E+000, -2.343661E+000, 1.125202E+000, 3.028081E-001, -8.401248E-001
7.207200E-002, 7.097272E+000, 2.596868E+000, 2.588823E+000, -2.290755E+000, 1.094265E+000, 3.727506E-001, -8.987272E-001
7.208000E-002, 7.142191E+000, 2.680869E+000, 2.671652E+000, -2.398820E+000, 1.074675E+000, 4.550983E-001, -9.507266E-001
7.208800E-002, 7.142191E+000, 2.822061E+000, 2.603440E+000, -2.631835E+000, 1.070495E+000, 5.415812E-001, -1.010272E+000
7.209600E-002, 7.249307E+000, 2.850657E+000, 2.557965E+000, -2.656600E+000, 1.067986E+000, 6.347983E-001, -1.078308E+000
7.210400E-002, 7.137008E+000, 2.866742E+000, 2.639170E+000, -2.618327E+000, 1.063089E+000, 7.276611E-001, -1.145400E+000
7.211200E-002, 6.934871E+000, 3.022233E+000, 2.720375E+000, -2.670108E+000, 1.066195E+000, 8.110721E-001, -1.219920E+000
7.212000E-002, 7.045442E+000, 3.095510E+000, 2.587199E+000, -2.627332E+000, 1.079692E+000, 8.927110E-001, -1.303756E+000
7.212800E-002, 7.306320E+000, 2.861380E+000, 2.304605E+000, -2.577802E+000, 1.104418E+000, 9.774216E-001, -1.382285E+000
7.213600E-002, 7.377155E+000, 2.680869E+000, 2.294860E+000, -2.637463E+000, 1.136788E+000, 1.063905E+000, -1.457042E+000
7.214400E-002, 7.392704E+000, 2.957892E+000, 2.557965E+000, -2.692621E+000, 1.154586E+000, 1.142590E+000, -1.535336E+000
7.215200E-002, 7.605207E+000, 3.240277E+000, 2.605064E+000, -2.770293E+000, 1.145867E+000, 1.194692E+000, -1.615516E+000
7.216000E-002, 7.841898E+000, 3.032956E+000, 2.468639E+000, -2.886238E+000, 1.129144E+000, 1.228009E+000, -1.699234E+000
7.216800E-002, 7.871268E+000, 2.850657E+000, 2.434533E+000, -2.917757E+000, 1.113377E+000, 1.258018E+000, -1.782715E+000
7.217600E-002, 7.838443E+000, 3.141978E+000, 2.385810E+000, -2.885113E+000, 1.081723E+000, 1.279403E+000, -1.854406E+000
7.218400E-002, 7.841898E+000, 3.458320E+000, 2.225024E+000, -2.764665E+000, 1.028449E+000, 1.299606E+000, -1.918079E+000
7.219200E-002, 7.791796E+000, 3.402916E+000, 2.117832E+000, -2.424710E+000, 9.706360E-001, 1.325007E+000, -1.980926E+000
7.220000E-002, 7.791796E+000, 3.242064E+000, 2.234768E+000, -2.056613E+000, 9.180788E-001, 1.343083E+000, -2.033515E+000
7.220800E-002, 7.869541E+000, 3.338575E+000, 2.364697E+000, -1.995827E+000, 8.626549E-001, 1.359033E+000, -2.076906E+000
7.221600E-002, 7.807344E+000, 3.667428E+000, 2.228272E+000, -2.218711E+000, 8.024529E-001, 1.386443E+000, -2.123246E+000
7.222400E-002, 7.795251E+000, 3.858664E+000, 2.073982E+000, -2.484371E+000, 7.432066E-001, 1.411017E+000, -2.164633E+000
7.223200E-002, 8.076861E+000, 3.667428E+000, 2.101592E+000, -2.743277E+000, 6.907689E-001, 1.422123E+000, -2.193876E+000
7.224000E-002, 8.265178E+000, 3.528023E+000, 2.125953E+000, -3.016817E+000, 6.607874E-001, 1.442680E+000, -2.225830E+000
7.224800E-002, 8.109687E+000, 3.726407E+000, 2.168180E+000, -3.177789E+000, 6.477675E-001, 1.475407E+000, -2.255190E+000
7.225600E-002, 7.954196E+000, 3.733556E+000, 2.280243E+000, -3.171035E+000, 6.241168E-001, 1.500572E+000, -2.270519E+000
7.226400E-002, 7.933465E+000, 3.513725E+000, 2.302980E+000, -3.128259E+000, 5.911491E-001, 1.526919E+000, -2.305774E+000
7.227200E-002, 7.895456E+000, 3.606662E+000, 2.264002E+000, -3.149647E+000, 5.665427E-001, 1.566143E+000, -2.373810E+000
7.228000E-002, 7.959380E+000, 3.889047E+000, 2.265626E+000, -3.067472E+000, 5.548369E-001, 1.604068E+000, -2.434652E+000
7.228800E-002, 8.208164E+000, 3.896196E+000, 2.296484E+000, -2.710632E+000, 5.494617E-001, 1.635377E+000, -2.478987E+000
7.229600E-002, 8.336012E+000, 3.697811E+000, 2.382562E+000, -2.340284E+000, 5.432504E-001, 1.668576E+000, -2.528511E+000
7.230400E-002, 8.161517E+000, 3.635258E+000, 2.515738E+000, -2.220963E+000, 5.450421E-001, 1.697639E+000, -2.586641E+000
7.231200E-002, 7.949014E+000, 3.656705E+000, 2.598567E+000, -2.274995E+000, 5.590175E-001, 1.718906E+000, -2.649017E+000
7.232000E-002, 8.006027E+000, 3.694237E+000, 2.528731E+000, -2.513639E+000, 5.728735E-001, 1.743953E+000, -2.710921E+000
7.232800E-002, 8.225441E+000, 3.880111E+000, 2.276995E+000, -2.935768E+000, 5.941353E-001, 1.770181E+000, -2.770702E+000
7.233600E-002, 8.327374E+000, 3.971260E+000, 2.038251E+000, -3.326378E+000, 6.299698E-001, 1.790148E+000, -2.833431E+000
7.234400E-002, 8.412029E+000, 3.892621E+000, 2.036627E+000, -3.603295E+000, 6.509926E-001, 1.816967E+000, -2.897340E+000
7.235200E-002, 8.589979E+000, 3.912281E+000, 2.255882E+000, -3.757513E+000, 6.523066E-001, 1.858672E+000, -2.955235E+000
7.236000E-002, 8.519145E+000, 3.956962E+000, 2.423164E+000, -3.772147E+000, 6.554122E-001, 1.900378E+000, -3.009003E+000
7.236800E-002, 8.240990E+000, 3.973047E+000, 2.267250E+000, -3.651699E+000, 6.593540E-001, 1.933104E+000, -3.075034E+000
7.237600E-002, 8.232351E+000, 3.955175E+000, 2.015514E+000, -3.344389E+000, 6.589957E-001, 1.972801E+000, -3.157101E+000
7.238400E-002, 8.317008E+000, 3.824706E+000, 2.091847E+000, -2.984172E+000, 6.520677E-001, 2.026085E+000, -3.231621E+000
7.239200E-002, 8.265178E+000, 3.790748E+000, 2.330590E+000, -2.769168E+000, 6.459758E-001, 2.072280E+000, -3.295530E+000
7.240000E-002, 8.275543E+000, 3.905132E+000, 2.270498E+000, -2.705004E+000, 6.495593E-001, 2.108551E+000, -3.368635E+000
7.240800E-002, 8.221986E+000, 3.926579E+000, 1.989528E+000, -2.881735E+000, 6.513510E-001, 2.149902E+000, -3.441977E+000
7.241600E-002, 8.007754E+000, 3.849727E+000, 2.039876E+000, -3.289231E+000, 6.445425E-001, 2.188300E+000, -3.501640E+000
7.242400E-002, 7.897183E+000, 3.822919E+000, 2.390682E+000, -3.583033E+000, 6.321198E-001, 2.211338E+000, -3.562719E+000
7.243200E-002, 8.018121E+000, 3.806834E+000, 2.403675E+000, -3.677590E+000, 6.228029E-001, 2.224807E+000, -3.636414E+000
7.244000E-002, 8.202981E+000, 3.812195E+000, 2.202286E+000, -3.802540E+000, 6.193389E-001, 2.239693E+000, -3.710935E+000
7.244800E-002, 8.196071E+000, 4.040963E+000, 2.278619E+000, -3.920736E+000, 6.038106E-001, 2.248791E+000, -3.775551E+000
7.245600E-002, 8.057857E+000, 4.330496E+000, 2.480008E+000, -3.861075E+000, 5.815932E-001, 2.231777E+000, -3.838162E+000
7.246400E-002, 7.969746E+000, 4.298326E+000, 2.562837E+000, -3.588661E+000, 5.713207E-001, 2.203541E+000, -3.898533E+000
7.247200E-002, 7.890273E+000, 4.008792E+000, 2.471887E+000, -3.216062E+000, 5.649899E-001, 2.190899E+000, -3.948764E+000
7.248000E-002, 7.776247E+000, 3.747854E+000, 2.213655E+000, -2.953779E+000, 5.560313E-001, 2.178966E+000, -3.993924E+000
7.248800E-002, 7.688135E+000, 3.690662E+000, 1.948926E+000, -2.824326E+000, 5.456393E-001, 2.158291E+000, -4.032953E+000
7.249600E-002, 7.634578E+000, 3.862238E+000, 1.853104E+000, -2.759037E+000, 5.335751E-001, 2.142459E+000, -4.068326E+000
7.250400E-002, 7.612118E+000, 4.032026E+000, 1.978160E+000, -2.797310E+000, 5.176885E-001, 2.123201E+000, -4.107709E+000
7.251200E-002, 7.627667E+000, 3.967685E+000, 2.064237E+000, -2.880610E+000, 5.015630E-001, 2.095319E+000, -4.143555E+000
7.252000E-002, 7.615573E+000, 3.762152E+000, 1.961918E+000, -2.903123E+000, 5.014435E-001, 2.076534E+000, -4.176924E+000
7.252800E-002, 7.453172E+000, 3.579853E+000, 1.968415E+000, -2.905375E+000, 5.080131E-001, 2.067318E+000, -4.212180E+000
7.253600E-002, 7.169834E+000, 3.504789E+000, 2.160059E+000, -2.923385E+000, 5.034741E-001, 2.057867E+000, -4.240832E+000
7.254400E-002, 7.088634E+000, 3.658492E+000, 2.281867E+000, -2.841211E+000, 4.961878E-001, 2.048060E+000, -4.264297E+000
7.255200E-002, 7.226847E+000, 3.830068E+000, 2.163307E+000, -2.619452E+000, 4.836457E-001, 2.042389E+000, -4.295426E+000
7.256000E-002, 7.178473E+000, 3.824706E+000, 1.856352E+000, -2.404448E+000, 4.635784E-001, 2.049715E+000, -4.335044E+000
7.256800E-002, 6.953875E+000, 3.885472E+000, 1.711806E+000, -2.259236E+000, 4.595172E-001, 2.062238E+000, -4.375724E+000
7.257600E-002, 6.855398E+000, 3.874749E+000, 1.840111E+000, -2.195072E+000, 4.767177E-001, 2.063656E+000, -4.424304E+000
7.258400E-002, 6.902045E+000, 3.642407E+000, 1.940805E+000, -2.378557E+000, 4.948739E-001, 2.057276E+000, -4.486915E+000
7.259200E-002, 7.005705E+000, 3.642407E+000, 1.953798E+000, -2.738774E+000, 5.046686E-001, 2.050542E+000, -4.542334E+000
7.260000E-002, 7.102455E+000, 3.744280E+000, 1.992777E+000, -2.992052E+000, 5.113577E-001, 2.040381E+000, -4.584664E+000
7.260800E-002, 7.014344E+000, 3.556619E+000, 1.992777E+000, -3.163155E+000, 5.204358E-001, 2.026203E+000, -4.636899E+000
7.261600E-002, 6.729278E+000, 3.490491E+000, 1.974911E+000, -3.275723E+000, 5.272443E-001, 2.005410E+000, -4.694912E+000
7.262400E-002, 6.492587E+000, 3.703173E+000, 2.026883E+000, -3.136139E+000, 5.211524E-001, 1.968194E+000, -4.736653E+000
7.263200E-002, 6.423481E+000, 3.733556E+000, 2.151939E+000, -2.820949E+000, 5.018018E-001, 1.921762E+000, -4.767782E+000
7.264000E-002, 6.449395E+000, 3.524449E+000, 2.254257E+000, -2.550786E+000, 4.767177E-001, 1.884665E+000, -4.805750E+000
7.264800E-002, 6.458034E+000, 3.411852E+000, 2.231520E+000, -2.287377E+000, 4.512753E-001, 1.846031E+000, -4.841477E+000
7.265600E-002, 6.371650E+000, 3.528023E+000, 2.137322E+000, -2.008209E+000, 4.275051E-001, 1.793692E+000, -4.855745E+000
7.266400E-002, 6.274900E+000, 3.644194E+000, 2.054492E+000, -1.899019E+000, 4.092295E-001, 1.750214E+000, -4.858574E+000
7.267200E-002, 6.326731E+000, 3.447597E+000, 1.981408E+000, -2.004832E+000, 3.950152E-001, 1.730484E+000, -4.865885E+000
7.268000E-002, 6.461489E+000, 3.124105E+000, 1.973287E+000, -2.147793E+000, 3.706477E-001, 1.715952E+000, -4.873903E+000
7.268800E-002, 6.401021E+000, 3.143765E+000, 1.996025E+000, -2.237848E+000, 3.329021E-001, 1.701538E+000, -4.872960E+000
7.269600E-002, 6.112500E+000, 3.336788E+000, 1.935933E+000, -2.287377E+000, 3.109236E-001, 1.714298E+000, -4.864824E+000
7.270400E-002, 5.868898E+000, 3.317128E+000, 1.911571E+000, -2.190569E+000, 3.124765E-001, 1.745371E+000, -4.860815E+000
7.271200E-002, 5.794608E+000, 3.342149E+000, 1.908323E+000, -1.950800E+000, 3.078180E-001, 1.757185E+000, -4.859636E+000
7.272000E-002, 5.720318E+000, 3.560194E+000, 1.817373E+000, -1.796582E+000, 3.017261E-001, 1.768291E+000, -4.855509E+000
7.272800E-002, 5.627024E+000, 3.595938E+000, 1.906699E+000, -1.816844E+000, 3.140293E-001, 1.809169E+000, -4.856806E+000
7.273600E-002, 5.756599E+000, 3.417214E+000, 2.177924E+000, -1.905773E+000, 3.362467E-001, 1.862217E+000, -4.868597E+000
7.274400E-002, 5.976014E+000, 3.301043E+000, 2.312725E+000, -1.966559E+000, 3.640781E-001, 1.909593E+000, -4.885695E+000
7.275200E-002, 5.910362E+000, 3.215255E+000, 2.298108E+000, -1.986821E+000, 3.978819E-001, 1.947755E+000, -4.904089E+000
7.276000E-002, 5.595926E+000, 3.143765E+000, 2.242889E+000, -2.025095E+000, 4.382554E-001, 1.977646E+000, -4.925313E+000
7.276800E-002, 5.310860E+000, 3.193808E+000, 2.280243E+000, -2.118526E+000, 4.812568E-001, 2.014861E+000, -4.956206E+000
7.277600E-002, 5.262486E+000, 3.251000E+000, 2.400427E+000, -2.246853E+000, 5.095660E-001, 2.057039E+000, -4.990400E+000
7.278400E-002, 5.423159E+000, 3.276021E+000, 2.465391E+000, -2.383060E+000, 5.234220E-001, 2.084450E+000, -5.011389E+000
7.279200E-002, 5.547551E+000, 3.252787E+000, 2.499497E+000, -2.460732E+000, 5.419365E-001, 2.096382E+000, -5.018935E+000
7.280000E-002, 5.587287E+000, 3.007935E+000, 2.504369E+000, -2.374055E+000, 5.626010E-001, 2.101226E+000, -5.021294E+000
7.280800E-002, 5.578649E+000, 2.805976E+000, 2.621305E+000, -2.199574E+000, 5.653483E-001, 2.101108E+000, -5.022001E+000
7.281600E-002, 5.464623E+000, 3.024020E+000, 2.877913E+000, -2.038603E+000, 5.487450E-001, 2.090475E+000, -5.025421E+000
7.282400E-002, 5.481900E+000, 3.149127E+000, 2.785340E+000, -1.788702E+000, 5.305889E-001, 2.066373E+000, -5.027071E+000
7.283200E-002, 5.675399E+000, 2.745209E+000, 2.358200E+000, -1.541053E+000, 5.164940E-001, 2.035537E+000, -5.012804E+000
7.284000E-002, 5.692676E+000, 2.516442E+000, 2.264002E+000, -1.607468E+000, 4.947544E-001, 2.003992E+000, -4.978491E+000
7.284800E-002, 5.547551E+000, 2.868529E+000, 2.523859E+000, -1.941794E+000, 4.691925E-001, 1.978236E+000, -4.941349E+000
7.285600E-002, 5.447346E+000, 3.118744E+000, 2.661908E+000, -2.255858E+000, 4.549782E-001, 1.958860E+000, -4.925785E+000
7.286400E-002, 5.322954E+000, 2.925721E+000, 2.629426E+000, -2.404448E+000, 4.420778E-001, 1.933931E+000, -4.923073E+000
7.287200E-002, 5.215838E+000, 2.702316E+000, 2.570958E+000, -2.350415E+000, 4.181881E-001, 1.907112E+000, -4.901966E+000
7.288000E-002, 5.267668E+000, 2.688018E+000, 2.523859E+000, -2.252481E+000, 3.984792E-001, 1.896007E+000, -4.870130E+000
7.288800E-002, 5.411065E+000, 2.734486E+000, 2.588823E+000, -2.298634E+000, 3.836676E-001, 1.886673E+000, -4.848906E+000
7.289600E-002, 5.500904E+000, 2.759507E+000, 2.705758E+000, -2.390940E+000, 3.567917E-001, 1.863871E+000, -4.823908E+000
7.290400E-002, 5.445619E+000, 2.795252E+000, 2.728496E+000, -2.423584E+000, 3.346938E-001, 1.852411E+000, -4.793251E+000
7.291200E-002, 5.328137E+000, 2.780954E+000, 2.770723E+000, -2.460732E+000, 3.288409E-001, 1.849339E+000, -4.778866E+000
7.292000E-002, 5.245209E+000, 2.770231E+000, 2.838935E+000, -2.576677E+000, 3.106847E-001, 1.820866E+000, -4.776861E+000
7.292800E-002, 5.101812E+000, 2.875678E+000, 2.803205E+000, -2.772545E+000, 2.931259E-001, 1.782350E+000, -4.769315E+000
7.293600E-002, 5.027522E+000, 2.920360E+000, 2.829190E+000, -2.877233E+000, 3.166572E-001, 1.766873E+000, -4.754458E+000
7.294400E-002, 5.108723E+000, 2.780954E+000, 3.009466E+000, -2.738774E+000, 3.572696E-001, 1.762029E+000, -4.739955E+000
7.295200E-002, 4.953232E+000, 2.657634E+000, 3.079303E+000, -2.581179E+000, 3.749479E-001, 1.744425E+000, -4.727338E+000
7.296000E-002, 4.628430E+000, 2.627251E+000, 2.936381E+000, -2.586808E+000, 3.867733E-001, 1.718079E+000, -4.705760E+000
7.296800E-002, 4.730363E+000, 2.562910E+000, 2.938005E+000, -2.496753E+000, 4.247578E-001, 1.697403E+000, -4.669797E+000
7.297600E-002, 4.992969E+000, 2.462825E+000, 3.194614E+000, -2.227716E+000, 4.768372E-001, 1.687952E+000, -4.633716E+000
7.298400E-002, 4.790831E+000, 2.448527E+000, 3.270947E+000, -2.089258E+000, 5.104021E-001, 1.680272E+000, -4.603177E+000
7.299200E-002, 4.542047E+000, 2.444952E+000, 3.155635E+000, -2.156799E+000, 5.186440E-001, 1.661014E+000, -4.566860E+000
7.300000E-002, 4.766644E+000, 2.234057E+000, 3.128026E+000, -2.335782E+000, 5.149412E-001, 1.638330E+000, -4.524883E+000
7.300800E-002, 5.065531E+000, 2.026737E+000, 3.064686E+000, -2.603693E+000, 5.187635E-001, 1.630414E+000, -4.484085E+000
7.301600E-002, 5.001607E+000, 2.130397E+000, 3.046820E+000, -2.802938E+000, 5.319028E-001, 1.629706E+000, -4.451659E+000
7.302400E-002, 4.709631E+000, 2.276951E+000, 3.249834E+000, -2.784927E+000, 5.346501E-001, 1.621672E+000, -4.426662E+000
7.303200E-002, 4.578328E+000, 2.266227E+000, 3.434981E+000, -2.637463E+000, 5.292749E-001, 1.612220E+000, -4.393764E+000
7.304000E-002, 4.661256E+000, 2.217972E+000, 3.460967E+000, -2.514764E+000, 5.449226E-001, 1.607258E+000, -4.359334E+000
7.304800E-002, 4.559323E+000, 2.062482E+000, 3.348904E+000, -2.504633E+000, 5.789654E-001, 1.604186E+000, -4.334691E+000
7.305600E-002, 4.260437E+000, 1.915927E+000, 3.178373E+000, -2.661103E+000, 5.964048E-001, 1.601705E+000, -4.301085E+000
7.306400E-002, 4.073848E+000, 2.076780E+000, 3.192990E+000, -3.015691E+000, 5.938964E-001, 1.606431E+000, -4.254864E+000
7.307200E-002, 4.034111E+000, 2.223334E+000, 3.366769E+000, -3.471591E+000, 5.875657E-001, 1.620372E+000, -4.214420E+000
7.308000E-002, 4.079031E+000, 2.057120E+000, 3.522683E+000, -3.656202E+000, 5.729930E-001, 1.629351E+000, -4.180579E+000
7.308800E-002, 4.142955E+000, 1.932013E+000, 3.625002E+000, -3.281351E+000, 5.514923E-001, 1.631360E+000, -4.147682E+000
7.309600E-002, 4.099763E+000, 1.819416E+000, 3.628250E+000, -2.670108E+000, 5.458782E-001, 1.643647E+000, -4.121269E+000
7.310400E-002, 3.989192E+000, 1.465541E+000, 3.633122E+000, -2.300886E+000, 5.622426E-001, 1.657115E+000, -4.100517E+000
7.311200E-002, 3.985737E+000, 1.299328E+000, 3.663980E+000, -2.079127E+000, 5.710818E-001, 1.643647E+000, -4.070803E+000
7.312000E-002, 3.990920E+000, 1.583500E+000, 3.594144E+000, -1.812341E+000, 5.596148E-001, 1.612574E+000, -4.029533E+000
7.312800E-002, 3.887259E+000, 1.849799E+000, 3.560038E+000, -1.762812E+000, 5.415781E-001, 1.588473E+000, -3.992981E+000
7.313600E-002, 3.845795E+000, 1.640692E+000, 3.644491E+000, -2.118526E+000, 5.242581E-001, 1.565434E+000, -3.958904E+000
7.314400E-002, 3.840612E+000, 1.215327E+000, 3.714327E+000, -2.620578E+000, 5.139856E-001, 1.539088E+000, -3.909499E+000
7.315200E-002, 3.749046E+000, 1.242136E+000, 3.746809E+000, -3.126008E+000, 5.111188E-001, 1.510496E+000, -3.850071E+000
7.316000E-002, 3.719675E+000, 1.599585E+000, 3.725696E+000, -3.745130E+000, 5.081326E-001, 1.461938E+000, -3.796893E+000
7.316800E-002, 3.807787E+000, 1.590649E+000, 3.670477E+000, -4.242680E+000, 5.105216E-001, 1.402629E+000, -3.756095E+000
7.317600E-002, 3.806059E+000, 1.379754E+000, 3.702959E+000, -4.226921E+000, 5.113577E-001, 1.363641E+000, -3.719778E+000
7.318400E-002, 3.610832E+000, 1.486988E+000, 3.758178E+000, -3.817174E+000, 4.867514E-001, 1.331505E+000, -3.673674E+000
7.319200E-002, 3.486440E+000, 1.622819E+000, 3.732193E+000, -3.231821E+000, 4.562921E-001, 1.289327E+000, -3.622618E+000
7.320000E-002, 3.588372E+000, 1.449456E+000, 3.771171E+000, -2.468611E+000, 4.523503E-001, 1.260499E+000, -3.578048E+000
7.320800E-002, 3.616015E+000, 1.229625E+000, 3.915716E+000, -1.826975E+000, 4.670424E-001, 1.250221E+000, -3.536424E+000
7.321600E-002, 3.443248E+000, 1.134901E+000, 3.962816E+000, -1.691894E+000, 4.910515E-001, 1.229073E+000, -3.494684E+000
7.322400E-002, 3.289485E+000, 1.156348E+000, 3.974184E+000, -2.018340E+000, 5.105216E-001, 1.196464E+000, -3.455537E+000
7.323200E-002, 3.234200E+000, 1.304689E+000, 4.091120E+000, -2.573300E+000, 5.166134E-001, 1.185122E+000, -3.424997E+000
7.324000E-002, 3.275664E+000, 1.306477E+000, 4.175573E+000, -3.258837E+000, 5.311861E-001, 1.193393E+000, -3.404716E+000
7.324800E-002, 3.306762E+000, 1.027666E+000, 4.209680E+000, -3.953381E+000, 5.534035E-001, 1.190793E+000, -3.386204E+000
7.325600E-002, 3.216923E+000, 7.703029E-001, 4.302253E+000, -4.334986E+000, 5.731124E-001, 1.177561E+000, -3.362504E+000
7.326400E-002, 3.087348E+000, 7.238345E-001, 4.287636E+000, -4.252811E+000, 5.943742E-001, 1.170236E+000, -3.323593E+000
7.327200E-002, 2.981960E+000, 7.738774E-001, 4.104113E+000, -3.927490E+000, 5.989133E-001, 1.165037E+000, -3.274188E+000
7.328000E-002, 3.019969E+000, 7.238345E-001, 3.957943E+000, -3.476093E+000, 5.943742E-001, 1.154641E+000, -3.244002E+000
7.328800E-002, 3.139178E+000, 6.487702E-001, 3.912468E+000, -2.869353E+000, 6.107386E-001, 1.145898E+000, -3.230914E+000
7.329600E-002, 2.997509E+000, 7.006003E-001, 3.992049E+000, -2.359421E+000, 6.251918E-001, 1.143889E+000, -3.204030E+000
7.330400E-002, 2.767729E+000, 8.060478E-001, 4.141467E+000, -2.232219E+000, 6.164721E-001, 1.139045E+000, -3.169482E+000
7.331200E-002, 2.805737E+000, 8.507290E-001, 4.115481E+000, -2.471989E+000, 6.072746E-001, 1.124986E+000, -3.143777E+000
7.332000E-002, 3.000964E+000, 7.881753E-001, 3.901099E+000, -2.869353E+000, 6.188611E-001, 1.101948E+000, -3.117600E+000
7.332800E-002, 3.127084E+000, 7.077493E-001, 3.714327E+000, -3.183417E+000, 6.588762E-001, 1.073474E+000, -3.089655E+000
7.333600E-002, 3.054522E+000, 6.720044E-001, 3.667228E+000, -3.413055E+000, 6.966218E-001, 1.057170E+000, -3.061828E+000
7.334400E-002, 2.864478E+000, 5.987273E-001, 3.811774E+000, -3.730496E+000, 6.944718E-001, 1.063432E+000, -3.031524E+000
7.335200E-002, 2.736631E+000, 5.272375E-001, 4.037524E+000, -4.215664E+000, 6.771518E-001, 1.073356E+000, -3.007824E+000
7.336000E-002, 2.617421E+000, 5.772803E-001, 3.993674E+000, -4.714339E+000, 6.812130E-001, 1.069812E+000, -2.988958E+000
7.336800E-002, 2.482663E+000, 5.951529E-001, 3.730568E+000, -4.884316E+000, 6.997275E-001, 1.059415E+000, -2.965965E+000
7.337600E-002, 2.461931E+000, 4.593222E-001, 3.657484E+000, -4.661432E+000, 7.258866E-001, 1.053390E+000, -2.943208E+000
7.338400E-002, 2.501667E+000, 4.110665E-001, 3.808526E+000, -4.355247E+000, 7.704408E-001, 1.051499E+000, -2.921040E+000
7.339200E-002, 2.506850E+000, 4.736201E-001, 3.959567E+000, -4.054692E+000, 8.164284E-001, 1.047482E+000, -2.896279E+000
7.340000E-002, 2.467114E+000, 4.575349E-001, 3.884858E+000, -3.509864E+000, 8.400791E-001, 1.041102E+000, -2.871046E+000
7.340800E-002, 2.389369E+000, 4.235772E-001, 3.625002E+000, -2.809692E+000, 8.548907E-001, 1.038503E+000, -2.840978E+000
7.341600E-002, 2.486118E+000, 3.860451E-001, 3.478832E+000, -2.389814E+000, 8.545324E-001, 1.036376E+000, -2.800652E+000
7.342400E-002, 2.708988E+000, 2.966828E-001, 3.514563E+000, -2.342536E+000, 8.142783E-001, 1.028815E+000, -2.761269E+000
7.343200E-002, 2.550042E+000, 2.269802E-001, 3.642867E+000, -2.533901E+000, 7.747410E-001, 1.011093E+000, -2.732027E+000
7.344000E-002, 2.207963E+000, 1.662139E-001, 3.663980E+000, -2.936894E+000, 7.753382E-001, 9.742317E-001, -2.701606E+000
7.344800E-002, 2.321990E+000, 1.930225E-001, 3.616881E+000, -3.437820E+000, 7.920610E-001, 9.298088E-001, -2.662577E+000
7.345600E-002, 2.589779E+000, 3.377894E-001, 3.816646E+000, -3.818299E+000, 8.085448E-001, 8.985001E-001, -2.619067E+000
7.346400E-002, 2.477480E+000, 4.700456E-001, 3.925461E+000, -4.061446E+000, 8.147561E-001, 8.699088E-001, -2.577562E+000
7.347200E-002, 2.235606E+000, 5.844294E-001, 3.545421E+000, -4.311347E+000, 8.073503E-001, 8.277307E-001, -2.538887E+000
7.348000E-002, 2.226968E+000, 5.862166E-001, 3.176749E+000, -4.412657E+000, 8.195341E-001, 7.729110E-001, -2.499150E+000
7.348800E-002, 2.392824E+000, 4.235772E-001, 3.194614E+000, -4.029927E+000, 8.517851E-001, 7.060403E-001, -2.466489E+000
7.349600E-002, 2.487846E+000, 3.610236E-001, 3.335911E+000, -3.374782E+000, 8.640882E-001, 6.327899E-001, -2.446562E+000
7.350400E-002, 2.520672E+000, 4.450242E-001, 3.405748E+000, -3.115876E+000, 8.459321E-001, 5.629656E-001, -2.422154E+000
7.351200E-002, 2.629515E+000, 4.164283E-001, 3.389507E+000, -3.345515E+000, 8.081865E-001, 4.975127E-001, -2.388195E+000
7.352000E-002, 2.593234E+000, 3.234915E-001, 3.308301E+000, -3.443449E+000, 7.610044E-001, 4.346590E-001, -2.359660E+000
7.352800E-002, 2.339266E+000, 4.700456E-001, 3.306677E+000, -3.194674E+000, 7.262450E-001, 3.679066E-001, -2.339497E+000
7.353600E-002, 2.173410E+000, 6.416212E-001, 3.358649E+000, -2.904249E+000, 7.160919E-001, 2.990275E-001, -2.322046E+000
7.354400E-002, 2.185504E+000, 4.432369E-001, 3.290436E+000, -2.665605E+000, 7.166892E-001, 2.490517E-001, -2.295398E+000
7.355200E-002, 2.256338E+000, 2.305547E-001, 3.241713E+000, -2.502382E+000, 7.268422E-001, 2.279036E-001, -2.256958E+000
7.356000E-002, 2.365181E+000, 3.431512E-001, 3.350528E+000, -2.517016E+000, 7.473873E-001, 2.154983E-001, -2.228424E+000
7.356800E-002, 2.448110E+000, 5.218757E-001, 3.365145E+000, -2.611573E+000, 7.577793E-001, 1.937594E-001, -2.209912E+000
7.357600E-002, 2.268432E+000, 6.005146E-001, 3.238465E+000, -2.649846E+000, 7.678130E-001, 1.723750E-001, -2.183028E+000
7.358400E-002, 2.002371E+000, 6.702172E-001, 3.163756E+000, -2.636338E+000, 7.871636E-001, 1.629233E-001, -2.151545E+000
7.359200E-002, 2.104303E+000, 8.417928E-001, 3.090671E+000, -2.610447E+000, 7.911054E-001, 1.626870E-001, -2.126076E+000
7.360000E-002, 2.380730E+000, 1.011581E+000, 2.976984E+000, -2.614950E+000, 7.942110E-001, 1.654044E-001, -2.102847E+000
7.360800E-002, 2.344449E+000, 9.383040E-001, 2.975360E+000, -2.563169E+000, 8.146366E-001, 1.623326E-001, -2.075256E+000
7.361600E-002, 2.050745E+000, 7.077493E-001, 3.009466E+000, -2.441595E+000, 8.262231E-001, 1.485095E-001, -2.046839E+000
7.362400E-002, 1.983366E+000, 6.648554E-001, 2.873041E+000, -2.449475E+000, 8.323150E-001, 1.336231E-001, -2.021370E+000
7.363200E-002, 2.111214E+000, 8.453673E-001, 2.731744E+000, -2.506885E+000, 8.609825E-001, 1.249984E-001, -1.994840E+000
7.364000E-002, 2.083571E+000, 8.239203E-001, 2.743113E+000, -2.440470E+000, 9.041033E-001, 1.094032E-001, -1.967956E+000
7.364800E-002, 2.145767E+000, 4.914926E-001, 2.689517E+000, -2.451726E+000, 9.379072E-001, 8.199330E-002, -1.949090E+000
7.365600E-002, 2.373820E+000, 4.432369E-001, 2.496249E+000, -2.751157E+000, 9.657387E-001, 5.871855E-002, -1.935412E+000
7.366400E-002, 2.361726E+000, 8.668142E-001, 2.432909E+000, -3.297111E+000, 9.922561E-001, 3.898817E-002, -1.910179E+000
7.367200E-002, 2.213146E+000, 1.143837E+000, 2.543348E+000, -3.861075E+000, 1.005037E+000, 1.146016E-002, -1.870678E+000
7.368000E-002, 2.163044E+000, 8.989846E-001, 2.570958E+000, -4.170637E+000, 1.007068E+000, -1.866706E-002, -1.836130E+000
7.368800E-002, 2.102576E+000, 5.183012E-001, 2.515738E+000, -4.110976E+000, 1.001095E+000, -4.702210E-002, -1.816556E+000
7.369600E-002, 2.055928E+000, 7.059621E-001, 2.540100E+000, -3.793535E+000, 9.739805E-001, -7.017871E-002, -1.804883E+000
7.370400E-002, 2.159589E+000, 1.270732E+000, 2.486504E+000, -3.335384E+000, 9.342043E-001, -8.896392E-002, -1.788139E+000
7.371200E-002, 2.351360E+000, 1.283242E+000, 2.228272E+000, -2.809692E+000, 8.965781E-001, -1.188549E-001, -1.764557E+000
7.372000E-002, 2.441199E+000, 9.597510E-001, 2.096719E+000, -2.440470E+000, 8.599075E-001, -1.526446E-001, -1.743097E+000
7.372800E-002, 2.370364E+000, 1.090220E+000, 2.322470E+000, -2.286252E+000, 8.335095E-001, -1.639866E-001, -1.724820E+000
7.373600E-002, 2.328900E+000, 1.226051E+000, 2.530355E+000, -2.117400E+000, 8.186979E-001, -1.683580E-001, -1.701002E+000
7.374400E-002, 2.429105E+000, 9.776234E-001, 2.377689E+000, -1.940669E+000, 8.024529E-001, -1.944683E-001, -1.669638E+000
7.375200E-002, 2.479208E+000, 9.168571E-001, 2.228272E+000, -1.965434E+000, 8.047225E-001, -2.237685E-001, -1.642636E+000
7.376000E-002, 2.404918E+000, 1.108092E+000, 2.384186E+000, -2.233345E+000, 8.381680E-001, -2.349923E-001, -1.625420E+000
7.376800E-002, 2.306441E+000, 1.188518E+000, 2.476760E+000, -2.580054E+000, 8.720912E-001, -2.501150E-001, -1.615280E+000
7.377600E-002, 2.180321E+000, 1.272519E+000, 2.348455E+000, -2.856971E+000, 8.886945E-001, -2.837866E-001, -1.603961E+000
7.378400E-002, 2.121580E+000, 1.386903E+000, 2.320846E+000, -3.062969E+000, 8.925169E-001, -3.189941E-001, -1.584741E+000
7.379200E-002, 2.292619E+000, 1.415499E+000, 2.415044E+000, -3.182291E+000, 8.975337E-001, -3.568009E-001, -1.571063E+000
7.380000E-002, 2.487846E+000, 1.553117E+000, 2.314349E+000, -3.239701E+000, 9.178399E-001, -4.071310E-001, -1.561394E+000
7.380800E-002, 2.453293E+000, 1.767586E+000, 2.099967E+000, -3.390542E+000, 9.357572E-001, -4.550983E-001, -1.532624E+000
7.381600E-002, 2.418739E+000, 1.774735E+000, 2.052868E+000, -3.544760E+000, 9.300236E-001, -4.942046E-001, -1.493948E+000
7.382400E-002, 2.591506E+000, 1.567415E+000, 2.112960E+000, -3.407427E+000, 8.957420E-001, -5.335472E-001, -1.474611E+000
7.383200E-002, 2.795372E+000, 1.399413E+000, 2.171428E+000, -2.976292E+000, 8.228786E-001, -5.701725E-001, -1.477676E+000
7.384000E-002, 2.885210E+000, 1.504861E+000, 2.218527E+000, -2.490000E+000, 7.439233E-001, -6.036078E-001, -1.485459E+000
7.384800E-002, 2.888666E+000, 1.663926E+000, 2.216903E+000, -2.236722E+000, 7.371148E-001, -6.342076E-001, -1.486048E+000
7.385600E-002, 2.750452E+000, 1.681798E+000, 2.168180E+000, -2.415705E+000, 8.315983E-001, -6.456677E-001, -1.483100E+000
7.386400E-002, 2.515489E+000, 1.789033E+000, 2.163307E+000, -2.853593E+000, 9.832975E-001, -6.331443E-001, -1.476969E+000
7.387200E-002, 2.518944E+000, 1.883757E+000, 2.319221E+000, -3.216062E+000, 1.110749E+000, -6.118780E-001, -1.461051E+000
7.388000E-002, 2.750452E+000, 1.967758E+000, 2.432909E+000, -3.378159E+000, 1.139177E+000, -5.908480E-001, -1.444189E+000
7.388800E-002, 2.767729E+000, 2.271589E+000, 2.169804E+000, -3.396170E+000, 1.082201E+000, -5.732443E-001, -1.439591E+000
7.389600E-002, 2.651975E+000, 2.396697E+000, 1.747537E+000, -3.414181E+000, 1.028927E+000, -5.654466E-001, -1.438176E+000
7.390400E-002, 2.791916E+000, 2.219759E+000, 1.614360E+000, -3.388290E+000, 1.015548E+000, -5.633200E-001, -1.434403E+000
7.391200E-002, 2.904215E+000, 2.298398E+000, 1.830366E+000, -3.139516E+000, 1.011726E+000, -5.537502E-001, -1.444779E+000
7.392000E-002, 2.786733E+000, 2.609379E+000, 2.009017E+000, -2.784927E+000, 9.970341E-001, -5.435897E-001, -1.466593E+000
7.392800E-002, 2.883483E+000, 2.641549E+000, 1.895330E+000, -2.572174E+000, 9.748167E-001, -5.546954E-001, -1.488053E+000
7.393600E-002, 3.114990E+000, 2.453888E+000, 1.778395E+000, -2.655474E+000, 9.707555E-001, -5.851770E-001, -1.519771E+000
7.394400E-002, 3.013058E+000, 2.444952E+000, 1.737792E+000, -3.088860E+000, 9.993036E-001, -6.102239E-001, -1.552197E+000
7.395200E-002, 2.864478E+000, 2.586145E+000, 1.598119E+000, -3.553765E+000, 1.035974E+000, -6.195575E-001, -1.562927E+000
7.396000E-002, 3.070071E+000, 2.575421E+000, 1.606240E+000, -3.578530E+000, 1.065836E+000, -6.262918E-001, -1.569412E+000
7.396800E-002, 3.417333E+000, 2.448527E+000, 1.760530E+000, -3.144018E+000, 1.086023E+000, -6.353890E-001, -1.585448E+000
7.397600E-002, 3.588372E+000, 2.403846E+000, 1.728047E+000, -2.613824E+000, 1.082081E+000, -6.402330E-001, -1.604314E+000
7.398400E-002, 3.412150E+000, 2.362739E+000, 1.689069E+000, -2.268241E+000, 1.064044E+000, -6.495666E-001, -1.630019E+000
7.399200E-002, 3.066616E+000, 2.371675E+000, 1.784891E+000, -2.161302E+000, 1.069420E+000, -6.677610E-001, -1.655724E+000
7.400000E-002, 3.061433E+000, 2.662996E+000, 1.747537E+000, -2.199574E+000, 1.109435E+000, -6.740228E-001, -1.674826E+000
7.400800E-002, 3.341316E+000, 2.936445E+000, 1.585126E+000, -2.130908E+000, 1.150644E+000, -6.638622E-001, -1.693574E+000
7.401600E-002, 3.515810E+000, 2.780954E+000, 1.654963E+000, -1.816844E+000, 1.163545E+000, -6.593727E-001, -1.695342E+000
7.402400E-002, 3.609104E+000, 2.543251E+000, 2.018762E+000, -1.564692E+000, 1.166889E+000, -6.638622E-001, -1.675887E+000
7.403200E-002, 3.603921E+000, 2.557549E+000, 2.202286E+000, -1.661501E+000, 1.189943E+000, -6.661070E-001, -1.664803E+000
7.404000E-002, 3.474346E+000, 2.684443E+000, 2.013890E+000, -2.016089E+000, 1.215027E+000, -6.683518E-001, -1.661620E+000
7.404800E-002, 3.590100E+000, 2.850657E+000, 1.862848E+000, -2.513639E+000, 1.199499E+000, -6.715417E-001, -1.655606E+000
7.405600E-002, 3.928724E+000, 2.975764E+000, 1.822245E+000, -2.954905E+000, 1.149330E+000, -6.702421E-001, -1.665157E+000
7.406400E-002, 3.968460E+000, 2.986488E+000, 1.622481E+000, -3.024697E+000, 1.115288E+000, -6.704784E-001, -1.689919E+000
7.407200E-002, 3.781872E+000, 2.952530E+000, 1.443829E+000, -2.744403E+000, 1.111943E+000, -6.865463E-001, -1.712204E+000
7.408000E-002, 3.792238E+000, 2.938232E+000, 1.544524E+000, -2.403322E+000, 1.134400E+000, -7.166735E-001, -1.728594E+000
7.408800E-002, 3.928724E+000, 2.986488E+000, 1.726423E+000, -2.152296E+000, 1.210369E+000, -7.369946E-001, -1.739677E+000
7.409600E-002, 3.997830E+000, 3.084786E+000, 1.773522E+000, -1.888888E+000, 1.327906E+000, -7.432563E-001, -1.743922E+000
7.410400E-002, 3.982281E+000, 3.206319E+000, 1.705310E+000, -1.542179E+000, 1.431228E+000, -7.621597E-001, -1.752530E+000
7.411200E-002, 3.966732E+000, 3.342149E+000, 1.549396E+000, -1.348562E+000, 1.487847E+000, -8.017386E-001, -1.771750E+000
7.412000E-002, 4.047933E+000, 3.345724E+000, 1.525034E+000, -1.377830E+000, 1.489161E+000, -8.467522E-001, -1.778942E+000
7.412800E-002, 4.130861E+000, 3.166999E+000, 1.744288E+000, -1.419480E+000, 1.460135E+000, -8.951920E-001, -1.775759E+000
7.413600E-002, 4.222427E+000, 3.027594E+000, 1.788139E+000, -1.560190E+000, 1.431109E+000, -9.498937E-001, -1.788729E+000
7.414400E-002, 4.424565E+000, 3.120531E+000, 1.541275E+000, -1.975565E+000, 1.389541E+000, -1.003768E+000, -1.809246E+000
7.415200E-002, 4.524770E+000, 3.361809E+000, 1.291163E+000, -2.395442E+000, 1.337222E+000, -1.053980E+000, -1.817028E+000
7.416000E-002, 4.353731E+000, 3.513725E+000, 1.106015E+000, -2.426961E+000, 1.304374E+000, -1.100175E+000, -1.819504E+000
7.416800E-002, 4.155048E+000, 3.485129E+000, 1.119008E+000, -2.251356E+000, 1.294460E+000, -1.134083E+000, -1.822098E+000
7.417600E-002, 4.231066E+000, 3.383256E+000, 1.299284E+000, -2.336907E+000, 1.307360E+000, -1.157122E+000, -1.808892E+000
7.418400E-002, 4.471212E+000, 3.279596E+000, 1.339886E+000, -2.460732E+000, 1.349167E+000, -1.178152E+000, -1.781772E+000
7.419200E-002, 4.526498E+000, 3.200957E+000, 1.391858E+000, -2.181564E+000, 1.400291E+000, -1.187603E+000, -1.753591E+000
7.420000E-002, 4.348547E+000, 3.170574E+000, 1.460070E+000, -1.633359E+000, 1.426570E+000, -1.170236E+000, -1.723641E+000
7.420800E-002, 4.136044E+000, 3.259936E+000, 1.205086E+000, -1.075022E+000, 1.408772E+000, -1.140227E+000, -1.706190E+000
7.421600E-002, 4.037567E+000, 3.447597E+000, 9.501013E-001, -7.271879E-001, 1.375088E+000, -1.110927E+000, -1.713501E+000
7.422400E-002, 4.220700E+000, 3.358235E+000, 1.067037E+000, -8.420070E-001, 1.375804E+000, -1.065913E+000, -1.723523E+000
7.423200E-002, 4.453936E+000, 3.056190E+000, 1.291163E+000, -1.311415E+000, 1.416894E+000, -1.017946E+000, -1.721637E+000
7.424000E-002, 4.288079E+000, 3.202744E+000, 1.377241E+000, -1.869751E+000, 1.484622E+000, -9.946709E-001, -1.720811E+000
7.424800E-002, 4.013380E+000, 3.622747E+000, 1.378865E+000, -2.378557E+000, 1.580539E+000, -9.703329E-001, -1.728358E+000
7.425600E-002, 4.122223E+000, 3.549470E+000, 1.479559E+000, -2.694873E+000, 1.692461E+000, -9.298088E-001, -1.739206E+000
7.426400E-002, 4.307084E+000, 3.172361E+000, 1.633849E+000, -2.769168E+000, 1.785751E+000, -9.005086E-001, -1.752412E+000
7.427200E-002, 4.244887E+000, 3.111595E+000, 1.619232E+000, -2.550786E+000, 1.836516E+000, -8.881033E-001, -1.763732E+000
7.428000E-002, 4.250071E+000, 3.301043E+000, 1.523410E+000, -2.029597E+000, 1.837949E+000, -8.857403E-001, -1.762199E+000
7.428800E-002, 4.312266E+000, 3.392192E+000, 1.393482E+000, -1.457753E+000, 1.792081E+000, -8.910570E-001, -1.753237E+000
7.429600E-002, 4.170598E+000, 3.372533E+000, 1.226199E+000, -1.109918E+000, 1.734149E+000, -8.959009E-001, -1.750407E+000
7.430400E-002, 4.165414E+000, 3.415426E+000, 1.300908E+000, -1.129055E+000, 1.712887E+000, -9.062977E-001, -1.741092E+000
7.431200E-002, 4.379646E+000, 3.424363E+000, 1.560765E+000, -1.438616E+000, 1.733313E+000, -9.224837E-001, -1.714208E+000
7.432000E-002, 4.353731E+000, 3.258149E+000, 1.609488E+000, -1.810090E+000, 1.771417E+000, -9.299269E-001, -1.687324E+000
7.432800E-002, 4.158504E+000, 3.097297E+000, 1.503921E+000, -2.204077E+000, 1.810715E+000, -9.305177E-001, -1.671406E+000
7.433600E-002, 4.127406E+000, 3.040105E+000, 1.541275E+000, -2.519267E+000, 1.844877E+000, -9.235471E-001, -1.653719E+000
7.434400E-002, 4.212061E+000, 3.007935E+000, 1.698814E+000, -2.535027E+000, 1.872470E+000, -9.052345E-001, -1.629312E+000
7.435200E-002, 4.191329E+000, 3.047254E+000, 1.791387E+000, -2.288503E+000, 1.878801E+000, -8.912932E-001, -1.611507E+000
7.436000E-002, 4.080759E+000, 3.131254E+000, 1.783267E+000, -1.946297E+000, 1.855628E+000, -8.825504E-001, -1.601013E+000
7.436800E-002, 4.092852E+000, 3.138403E+000, 1.606240E+000, -1.571446E+000, 1.828632E+000, -8.623475E-001, -1.587335E+000
7.437600E-002, 4.182691E+000, 3.109807E+000, 1.315525E+000, -1.129055E+000, 1.820032E+000, -8.381276E-001, -1.577194E+000
7.438400E-002, 4.291534E+000, 3.099084E+000, 1.322021E+000, -7.902259E-001, 1.814060E+000, -8.304480E-001, -1.579553E+000
7.439200E-002, 4.415927E+000, 3.118744E+000, 1.663083E+000, -8.375043E-001, 1.802115E+000, -8.337561E-001, -1.587689E+000
7.440000E-002, 4.206879E+000, 3.100871E+000, 1.711806E+000, -1.116673E+000, 1.813224E+000, -8.322203E-001, -1.592759E+000
7.440800E-002, 3.788782E+000, 3.004360E+000, 1.336638E+000, -1.283273E+000, 1.853716E+000, -8.324565E-001, -1.596650E+000
7.441600E-002, 3.825063E+000, 3.011509E+000, 1.128753E+000, -1.330551E+000, 1.908304E+000, -8.408449E-001, -1.605965E+000
7.442400E-002, 4.174053E+000, 3.057977E+000, 1.232695E+000, -1.398092E+000, 1.978301E+000, -8.480518E-001, -1.620468E+000
7.443200E-002, 4.220700E+000, 2.856019E+000, 1.266802E+000, -1.497152E+000, 2.028708E+000, -8.533683E-001, -1.628015E+000
7.444000E-002, 4.039295E+000, 2.680869E+000, 1.226199E+000, -1.481392E+000, 2.019869E+000, -8.733351E-001, -1.631670E+000
7.444800E-002, 3.975371E+000, 2.925721E+000, 1.356127E+000, -1.204475E+000, 1.983198E+000, -9.130321E-001, -1.646527E+000
7.445600E-002, 3.968460E+000, 3.165212E+000, 1.505545E+000, -7.857231E-001, 1.958592E+000, -9.451678E-001, -1.665157E+000
7.446400E-002, 4.006469E+000, 2.972190E+000, 1.440581E+000, -4.480198E-001, 1.951186E+000, -9.487122E-001, -1.668694E+000
7.447200E-002, 4.144682E+000, 2.809550E+000, 1.305780E+000, -2.881735E-001, 1.960623E+000, -9.386697E-001, -1.658436E+000
7.448000E-002, 4.087669E+000, 2.977551E+000, 1.335014E+000, -4.356374E-001, 1.983079E+000, -9.419779E-001, -1.647942E+000
7.448800E-002, 3.882077E+000, 3.099084E+000, 1.494176E+000, -9.838425E-001, 2.012224E+000, -9.621808E-001, -1.639924E+000
7.449600E-002, 3.830246E+000, 3.007935E+000, 1.503921E+000, -1.623227E+000, 2.043400E+000, -9.656070E-001, -1.633910E+000
7.450400E-002, 3.721403E+000, 2.780954E+000, 1.305780E+000, -1.796582E+000, 2.073859E+000, -9.357161E-001, -1.638980E+000
7.451200E-002, 3.602194E+000, 2.573634E+000, 1.279794E+000, -1.234869E+000, 2.102169E+000, -9.084244E-001, -1.644051E+000
7.452000E-002, 3.776689E+000, 2.627251E+000, 1.434084E+000, -2.915506E-001, 2.117458E+000, -8.975550E-001, -1.635207E+000
7.452800E-002, 3.876894E+000, 2.773805E+000, 1.442205E+000, 2.453978E-001, 2.107544E+000, -8.735713E-001, -1.634146E+000
7.453600E-002, 3.755956E+000, 2.802401E+000, 1.448701E+000, 1.643490E-001, 2.079235E+000, -8.409631E-001, -1.653837E+000
7.454400E-002, 3.833702E+000, 2.866742E+000, 1.568885E+000, 4.615279E-002, 2.052598E+000, -8.206419E-001, -1.674118E+000
7.455200E-002, 3.951183E+000, 2.902487E+000, 1.539651E+000, 1.114421E-001, 2.041370E+000, -8.031563E-001, -1.690626E+000
7.456000E-002, 3.768050E+000, 2.718401E+000, 1.434084E+000, 4.952983E-002, 2.050925E+000, -7.790546E-001, -1.719043E+000
7.456800E-002, 3.590100E+000, 2.545038E+000, 1.538027E+000, -1.440868E-001, 2.088432E+000, -7.489274E-001, -1.762199E+000
7.457600E-002, 3.643658E+000, 2.573634E+000, 1.706934E+000, -2.611573E-001, 2.148992E+000, -7.179731E-001, -1.807831E+000
7.458400E-002, 3.728314E+000, 2.604017E+000, 1.659835E+000, -3.016817E-001, 2.204058E+000, -6.983609E-001, -1.836837E+000
7.459200E-002, 3.697216E+000, 2.500357E+000, 1.512041E+000, -3.635940E-001, 2.229262E+000, -6.884366E-001, -1.846742E+000
7.460000E-002, 3.597011E+000, 2.380611E+000, 1.490928E+000, -5.943579E-001, 2.230814E+000, -6.773309E-001, -1.859830E+000
7.460800E-002, 3.635020E+000, 2.319845E+000, 1.546148E+000, -8.543895E-001, 2.226873E+000, -6.655163E-001, -1.870678E+000
7.461600E-002, 3.819880E+000, 2.251930E+000, 1.502297E+000, -7.339420E-001, 2.212300E+000, -6.614993E-001, -1.862070E+000
7.462400E-002, 3.837157E+000, 2.194738E+000, 1.357751E+000, -2.465235E-001, 2.172882E+000, -6.759131E-001, -1.851694E+000
7.463200E-002, 3.716220E+000, 2.287674E+000, 1.382113E+000, 1.924909E-001, 2.131433E+000, -7.026141E-001, -1.845916E+000
7.464000E-002, 3.787055E+000, 2.427080E+000, 1.611112E+000, 1.632233E-001, 2.116861E+000, -7.166735E-001, -1.833064E+000
7.464800E-002, 3.914902E+000, 2.310909E+000, 1.708558E+000, -3.478345E-001, 2.113516E+000, -7.152557E-001, -1.821391E+000
7.465600E-002, 3.762867E+000, 1.985630E+000, 1.667956E+000, -7.497015E-001, 2.107305E+000, -7.193908E-001, -1.818325E+000
7.466400E-002, 3.439793E+000, 1.844438E+000, 1.689069E+000, -5.999863E-001, 2.110411E+000, -7.289606E-001, -1.820801E+000
7.467200E-002, 3.346498E+000, 1.998141E+000, 1.744288E+000, -1.485895E-001, 2.110052E+000, -7.254163E-001, -1.832121E+000
7.468000E-002, 3.598738E+000, 2.214397E+000, 1.763778E+000, -1.463381E-002, 2.083893E+000, -7.108843E-001, -1.850987E+000
7.468800E-002, 3.740407E+000, 2.332356E+000, 1.661459E+000, -4.255062E-001, 2.048417E+000, -6.924536E-001, -1.862660E+000
7.469600E-002, 3.522721E+000, 2.264440E+000, 1.510417E+000, -8.082367E-001, 2.026438E+000, -6.638622E-001, -1.858533E+000
7.470400E-002, 3.346498E+000, 2.128610E+000, 1.572133E+000, -5.110577E-001, 2.026438E+000, -6.281822E-001, -1.855232E+000
7.471200E-002, 3.406967E+000, 2.169716E+000, 1.728047E+000, 2.667857E-001, 2.052478E+000, -5.964009E-001, -1.870914E+000
7.472000E-002, 3.410422E+000, 2.157206E+000, 1.729671E+000, 6.292539E-001, 2.091896E+000, -5.713539E-001, -1.895086E+000
7.472800E-002, 3.185825E+000, 1.933800E+000, 1.672828E+000, 1.440868E-001, 2.131911E+000, -5.528050E-001, -1.912891E+000
7.473600E-002, 3.019969E+000, 1.858736E+000, 1.702062E+000, -5.763471E-001, 2.171926E+000, -5.350831E-001, -1.923503E+000
7.474400E-002, 3.163365E+000, 1.906991E+000, 1.744288E+000, -8.183678E-001, 2.206208E+000, -5.114539E-001, -1.928691E+000
7.475200E-002, 3.308490E+000, 1.833714E+000, 1.710182E+000, -6.123688E-001, 2.229501E+000, -4.949135E-001, -1.923503E+000
7.476000E-002, 3.152999E+000, 1.848012E+000, 1.789763E+000, -3.996156E-001, 2.227948E+000, -4.939683E-001, -1.909471E+000
7.476800E-002, 2.969866E+000, 1.826565E+000, 2.020386E+000, -3.973643E-001, 2.194622E+000, -4.903058E-001, -1.896972E+000
7.477600E-002, 3.057977E+000, 1.517372E+000, 2.086975E+000, -5.009267E-001, 2.160340E+000, -4.849892E-001, -1.879286E+000
7.478400E-002, 3.057977E+000, 1.495925E+000, 1.905075E+000, -4.952983E-001, 2.148156E+000, -4.912510E-001, -1.851930E+000
7.479200E-002, 2.708988E+000, 1.912353E+000, 1.770274E+000, -2.622829E-001, 2.151501E+000, -4.988123E-001, -1.828112E+000
7.480000E-002, 2.363454E+000, 2.001715E+000, 1.879089E+000, 4.502711E-003, 2.172524E+000, -5.085003E-001, -1.806769E+000
7.480800E-002, 2.218329E+000, 1.783671E+000, 2.007393E+000, 1.407097E-001, 2.201430E+000, -5.270492E-001, -1.787432E+000
7.481600E-002, 2.287436E+000, 1.717543E+000, 1.968415E+000, 3.129385E-001, 2.198802E+000, -5.391001E-001, -1.773400E+000
7.482400E-002, 2.410101E+000, 1.633543E+000, 1.882337E+000, 5.256916E-001, 2.154726E+000, -5.413449E-001, -1.758897E+000
7.483200E-002, 2.380730E+000, 1.451244E+000, 1.872593E+000, 5.211889E-001, 2.100616E+000, -5.500876E-001, -1.750407E+000
7.484000E-002, 2.406646E+000, 1.426222E+000, 2.013890E+000, 1.891139E-001, 2.056659E+000, -5.610752E-001, -1.753237E+000
7.484800E-002, 2.522399E+000, 1.513797E+000, 2.160059E+000, -2.600316E-001, 2.038503E+000, -5.538684E-001, -1.755006E+000
7.485600E-002, 2.537949E+000, 1.426222E+000, 2.153563E+000, -5.391997E-001, 2.051284E+000, -5.317751E-001, -1.749700E+000
7.486400E-002, 2.484391E+000, 1.240349E+000, 2.119457E+000, -5.785984E-001, 2.060123E+000, -5.155891E-001, -1.744748E+000
7.487200E-002, 2.278798E+000, 1.161710E+000, 2.067485E+000, -3.917359E-001, 2.039578E+000, -5.041289E-001, -1.750054E+000
7.488000E-002, 1.967817E+000, 1.100943E+000, 2.013890E+000, -4.390144E-002, 2.013180E+000, -4.893606E-001, -1.762788E+000
7.488800E-002, 1.902166E+000, 1.059837E+000, 2.145442E+000, 3.894846E-001, 2.015210E+000, -4.860525E-001, -1.763142E+000
7.489600E-002, 2.030013E+000, 1.052688E+000, 2.376065E+000, 9.241815E-001, 2.047342E+000, -4.969220E-001, -1.741564E+000
7.490400E-002, 2.004098E+000, 1.025879E+000, 2.460519E+000, 1.312540E+000, 2.074457E+000, -4.970401E-001, -1.715388E+000
7.491200E-002, 1.822693E+000, 1.033028E+000, 2.363072E+000, 1.323797E+000, 2.074815E+000, -4.847529E-001, -1.698762E+000
7.492000E-002, 1.762224E+000, 9.740489E-001, 2.181173E+000, 1.048006E+000, 2.061795E+000, -4.841622E-001, -1.685674E+000
7.492800E-002, 1.877978E+000, 8.936229E-001, 2.096719E+000, 4.525225E-001, 2.050806E+000, -4.940865E-001, -1.673293E+000
7.493600E-002, 1.855518E+000, 9.758362E-001, 2.223399E+000, -3.635940E-001, 2.043759E+000, -4.979853E-001, -1.659261E+000
7.494400E-002, 1.624011E+000, 1.054475E+000, 2.345207E+000, -9.680830E-001, 2.038503E+000, -4.960949E-001, -1.641457E+000
7.495200E-002, 1.511712E+000, 9.883469E-001, 2.244513E+000, -1.075022E+000, 2.052120E+000, -4.969220E-001, -1.630373E+000
7.496000E-002, 1.580819E+000, 9.186443E-001, 2.103216E+000, -5.977349E-001, 2.094524E+000, -4.975127E-001, -1.619643E+000
7.496800E-002, 1.594640E+000, 9.007719E-001, 2.210407E+000, 3.433318E-001, 2.130836E+000, -4.873521E-001, -1.594881E+000
7.497600E-002, 1.442605E+000, 8.435800E-001, 2.546596E+000, 1.278770E+000, 2.140870E+000, -4.769553E-001, -1.576841E+000
7.498400E-002, 1.226646E+000, 7.309835E-001, 2.894155E+000, 1.792079E+000, 2.137645E+000, -4.847529E-001, -1.579199E+000
7.499200E-002, 1.205914E+000, 6.112381E-001, 3.067934E+000, 1.901270E+000, 2.119489E+000, -5.002301E-001, -1.577312E+000
7.500000E-002, 1.399413E+000, 5.665569E-001, 2.981856E+000, 1.837106E+000, 2.079832E+000, -5.007026E-001, -1.561394E+000
7.500800E-002, 1.513440E+000, 6.255360E-001, 2.830815E+000, 1.733544E+000, 2.025961E+000, -4.957405E-001, -1.549839E+000
7.501600E-002, 1.380409E+000, 7.524304E-001, 2.851928E+000, 1.517414E+000, 1.980451E+000, -5.119265E-001, -1.547009E+000
7.502400E-002, 1.093616E+000, 7.774519E-001, 2.933133E+000, 9.466951E-001, 1.953217E+000, -5.381549E-001, -1.537812E+000
7.503200E-002, 9.243039E-001, 6.094508E-001, 2.980232E+000, 1.013110E-002, 1.932791E+000, -5.490243E-001, -1.516941E+000
7.504000E-002, 9.433083E-001, 4.807691E-001, 3.110161E+000, -7.159311E-001, 1.925146E+000, -5.484336E-001, -1.497132E+000
7.504800E-002, 9.554020E-001, 4.503859E-001, 3.259578E+000, -6.472648E-001, 1.938047E+000, -5.421719E-001, -1.486638E+000
7.505600E-002, 1.055607E+000, 3.503002E-001, 3.311549E+000, 1.170705E-001, 1.958950E+000, -5.352013E-001, -1.472488E+000
7.506400E-002, 1.199004E+000, 2.645124E-001, 3.300181E+000, 1.184213E+000, 1.983198E+000, -5.381549E-001, -1.451736E+000
7.507200E-002, 1.033147E+000, 3.181297E-001, 3.306677E+000, 2.100515E+000, 2.000518E+000, -5.413449E-001, -1.451146E+000
7.508000E-002, 8.310097E-001, 4.110665E-001, 3.434981E+000, 2.300886E+000, 1.990485E+000, -5.383912E-001, -1.475790E+000
7.508800E-002, 9.122102E-001, 4.378752E-001, 3.577903E+000, 1.726790E+000, 1.954411E+000, -5.471340E-001, -1.496424E+000
7.509600E-002, 9.243039E-001, 4.485987E-001, 3.537300E+000, 9.737114E-001, 1.903407E+000, -5.673370E-001, -1.508805E+000
7.510400E-002, 7.843626E-001, 4.164283E-001, 3.495073E+000, 4.210035E-001, 1.853239E+000, -5.778520E-001, -1.524016E+000
7.511200E-002, 7.774519E-001, 1.822991E-001, 3.545421E+000, -2.363924E-002, 1.837710E+000, -5.756072E-001, -1.539227E+000
7.512000E-002, 7.446262E-001, -7.148983E-003, 3.508066E+000, -3.410804E-001, 1.862556E+000, -5.681640E-001, -1.555970E+000
7.512800E-002, 5.234843E-001, 2.448527E-001, 3.558414E+000, -3.624683E-001, 1.889312E+000, -5.549316E-001, -1.574129E+000
7.513600E-002, 4.647435E-001, 5.844294E-001, 3.891355E+000, -4.615279E-002, 1.897912E+000, -5.438259E-001, -1.583797E+000
7.514400E-002, 7.100728E-001, 5.040033E-001, 4.131722E+000, 5.380740E-001, 1.896957E+000, -5.439441E-001, -1.578138E+000
7.515200E-002, 8.690184E-001, 2.716613E-001, 4.078127E+000, 1.131306E+000, 1.894329E+000, -5.453618E-001, -1.563988E+000
7.516000E-002, 7.221664E-001, 1.912353E-001, 4.113857E+000, 1.429611E+000, 1.895046E+000, -5.422900E-001, -1.555381E+000
7.516800E-002, 4.612881E-001, 7.506432E-002, 4.247034E+000, 1.398092E+000, 1.895165E+000, -5.413449E-001, -1.553612E+000
7.517600E-002, 3.092531E-001, -1.608521E-002, 4.221048E+000, 1.221360E+000, 1.894329E+000, -5.388638E-001, -1.547480E+000
7.518400E-002, 3.489895E-001, 1.590649E-001, 4.238913E+000, 9.624546E-001, 1.910096E+000, -5.317751E-001, -1.536397E+000
7.519200E-002, 4.578328E-001, 3.217042E-001, 4.372090E+000, 5.785984E-001, 1.931119E+000, -5.324839E-001, -1.528615E+000
7.520000E-002, 4.215517E-001, 2.877465E-001, 4.406196E+000, 2.611573E-001, 1.923116E+000, -5.466614E-001, -1.533095E+000
7.520800E-002, 3.541725E-001, 3.109808E-001, 4.433806E+000, 2.059990E-001, 1.886684E+000, -5.659192E-001, -1.553376E+000
7.521600E-002, 4.215517E-001, 3.252787E-001, 4.605961E+000, 2.600316E-001, 1.837830E+000, -5.935653E-001, -1.576133E+000
7.522400E-002, 3.645386E-001, 1.143837E-001, 4.851201E+000, 4.198779E-001, 1.788617E+000, -6.318446E-001, -1.592287E+000
7.523200E-002, 2.332356E-001, -1.322562E-001, 4.956768E+000, 9.185532E-001, 1.754097E+000, -6.639804E-001, -1.606672E+000
7.524000E-002, 3.023424E-001, -1.447669E-001, 4.864193E+000, 1.537676E+000, 1.733791E+000, -6.894999E-001, -1.619761E+000
7.524800E-002, 3.679939E-001, -1.072347E-002, 4.935654E+000, 1.821347E+000, 1.722562E+000, -7.123021E-001, -1.630609E+000
7.525600E-002, 3.887259E-001, -2.502144E-002, 5.189014E+000, 1.742549E+000, 1.721009E+000, -7.183275E-001, -1.636622E+000
7.526400E-002, 5.010245E-001, -2.001715E-001, 5.292957E+000, 1.465633E+000, 1.728535E+000, -7.118295E-001, -1.633674E+000
7.527200E-002, 3.956366E-001, -2.234057E-001, 5.292957E+000, 9.782141E-001, 1.748721E+000, -7.117113E-001, -1.625303E+000
7.528000E-002, 1.226646E-001, -1.036603E-001, 5.190639E+000, 4.356374E-001, 1.771656E+000, -7.209268E-001, -1.618228E+000
7.528800E-002, 1.865885E-001, -6.970258E-002, 5.086696E+000, 1.350814E-001, 1.768908E+000, -7.306147E-001, -1.616459E+000
7.529600E-002, 4.526498E-001, -1.965970E-002, 5.349801E+000, 1.103164E-001, 1.739643E+000, -7.391212E-001, -1.621529E+000
7.530400E-002, 4.457391E-001, 5.719186E-002, 5.694111E+000, 3.388290E-001, 1.706317E+000, -7.561342E-001, -1.630491E+000
7.531200E-002, 1.848608E-001, 0.000000E+000, 5.632395E+000, 7.305650E-001, 1.655910E+000, -7.835441E-001, -1.644522E+000
7.532000E-002, 2.418739E-002, -9.829851E-002, 5.507339E+000, 9.804654E-001, 1.580180E+000, -8.129625E-001, -1.665982E+000
7.532800E-002, 1.105709E-001, -1.411924E-001, 5.760699E+000, 1.114421E+000, 1.528698E+000, -8.336380E-001, -1.683080E+000
7.533600E-002, 1.900438E-001, -1.304689E-001, 6.153733E+000, 1.337305E+000, 1.525473E+000, -8.423808E-001, -1.692513E+000
7.534400E-002, 1.606734E-001, -1.179582E-001, 6.334008E+000, 1.431862E+000, 1.539926E+000, -8.513599E-001, -1.712204E+000
7.535200E-002, 1.693117E-001, -2.162567E-001, 6.416838E+000, 1.248377E+000, 1.566802E+000, -8.687273E-001, -1.733664E+000
7.536000E-002, 1.589457E-001, -3.503002E-001, 6.452568E+000, 1.087405E+000, 1.605623E+000, -8.820778E-001, -1.734254E+000
7.536800E-002, 1.243923E-001, -4.468114E-001, 6.230066E+000, 1.060389E+000, 1.621868E+000, -8.769976E-001, -1.734136E+000
7.537600E-002, 2.384186E-001, -6.112381E-001, 6.004315E+000, 9.286842E-001, 1.611476E+000, -8.624656E-001, -1.753355E+000
7.538400E-002, 3.697216E-001, -6.058763E-001, 6.155357E+000, 7.091771E-001, 1.597739E+000, -8.512418E-001, -1.769981E+000
7.539200E-002, 2.919764E-001, -2.430654E-001, 6.483426E+000, 6.765324E-001, 1.588780E+000, -8.376549E-001, -1.772693E+000
7.540000E-002, 2.764273E-001, -4.468114E-002, 6.608482E+000, 8.082367E-001, 1.588303E+000, -8.251315E-001, -1.785310E+000
7.540800E-002, 4.129134E-001, -1.948098E-001, 6.572752E+000, 8.239962E-001, 1.587586E+000, -8.157979E-001, -1.817735E+000
7.541600E-002, 2.004098E-001, -2.108950E-001, 6.681567E+000, 7.688380E-001, 1.590453E+000, -7.952405E-001, -1.846860E+000
7.542400E-002, -1.969545E-001, -1.876608E-001, 6.895948E+000, 8.836572E-001, 1.622465E+000, -7.713751E-001, -1.861835E+000
7.543200E-002, -2.194142E-001, -3.002573E-001, 6.986898E+000, 1.098662E+000, 1.670961E+000, -7.608601E-001, -1.874333E+000
7.544000E-002, -1.088433E-001, -1.894480E-001, 6.999891E+000, 1.261885E+000, 1.699867E+000, -7.518810E-001, -1.893671E+000
7.544800E-002, -9.156656E-002, 8.042606E-002, 6.998267E+000, 1.345185E+000, 1.705720E+000, -7.345135E-001, -1.913480E+000
7.545600E-002, -1.071156E-001, 1.322562E-001, 7.003139E+000, 1.321546E+000, 1.698195E+000, -7.284881E-001, -1.924210E+000
7.546400E-002, -2.539676E-001, -9.293678E-002, 7.124948E+000, 1.226989E+000, 1.675978E+000, -7.466826E-001, -1.938713E+000
7.547200E-002, -2.954317E-001, -3.306405E-001, 7.272741E+000, 1.070520E+000, 1.642174E+000, -7.742106E-001, -1.964536E+000
7.548000E-002, -1.364860E-001, -3.163425E-001, 7.305223E+000, 8.521382E-001, 1.602875E+000, -7.953587E-001, -1.983048E+000
7.548800E-002, -1.641287E-001, -2.448527E-001, 7.279237E+000, 6.990460E-001, 1.560591E+000, -8.131987E-001, -1.993543E+000
7.549600E-002, -4.025473E-001, -2.269802E-001, 7.108706E+000, 7.981056E-001, 1.532520E+000, -8.380094E-001, -2.015239E+000
7.550400E-002, -5.131183E-001, -9.472402E-002, 6.847225E+000, 1.161700E+000, 1.526787E+000, -8.656555E-001, -2.051673E+000
7.551200E-002, -4.733818E-001, -1.483414E-001, 6.861842E+000, 1.512911E+000, 1.522009E+000, -8.811327E-001, -2.090113E+000
7.552000E-002, -5.459440E-001, -5.165140E-001, 7.035622E+000, 1.572572E+000, 1.514364E+000, -8.831412E-001, -2.112988E+000
7.552800E-002, -6.962513E-001, -6.023018E-001, 7.043742E+000, 1.322672E+000, 1.514842E+000, -8.753435E-001, -2.110158E+000
7.553600E-002, -7.377155E-001, -3.002573E-001, 7.129820E+000, 9.725857E-001, 1.516395E+000, -8.611660E-001, -2.100017E+000
7.554400E-002, -8.275543E-001, -1.733628E-001, 7.326336E+000, 7.857231E-001, 1.524995E+000, -8.537228E-001, -2.105323E+000
7.555200E-002, -8.897505E-001, -3.217042E-001, 7.303599E+000, 8.386300E-001, 1.551871E+000, -8.564402E-001, -2.122185E+000
7.556000E-002, -7.100728E-001, -4.253645E-001, 7.293854E+000, 1.017613E+000, 1.577194E+000, -8.580942E-001, -2.147418E+000
7.556800E-002, -6.945237E-001, -5.165140E-001, 7.405918E+000, 1.219109E+000, 1.580658E+000, -8.557313E-001, -2.179137E+000
7.557600E-002, -9.726787E-001, -6.559192E-001, 7.313344E+000, 1.431862E+000, 1.577433E+000, -8.565583E-001, -2.197295E+000
7.558400E-002, -1.107437E+000, -6.040891E-001, 7.207777E+000, 1.618725E+000, 1.586153E+000, -8.629382E-001, -2.201658E+000
7.559200E-002, -1.141990E+000, -4.861308E-001, 7.269493E+000, 1.644615E+000, 1.592244E+000, -8.721536E-001, -2.210619E+000
7.560000E-002, -1.256017E+000, -6.005146E-001, 7.235386E+000, 1.452124E+000, 1.590333E+000, -8.863311E-001, -2.224768E+000
7.560800E-002, -1.319941E+000, -7.434942E-001, 7.103834E+000, 1.075022E+000, 1.599053E+000, -9.094877E-001, -2.240215E+000
7.561600E-002, -1.275021E+000, -6.344723E-001, 7.160677E+000, 5.921066E-001, 1.613148E+000, -9.438682E-001, -2.253185E+000
7.562400E-002, -1.173089E+000, -3.842578E-001, 7.388052E+000, 2.825451E-001, 1.623181E+000, -9.868733E-001, -2.263915E+000
7.563200E-002, -1.157539E+000, -2.734486E-001, 7.402669E+000, 2.847965E-001, 1.639307E+000, -1.021372E+000, -2.279244E+000
7.564000E-002, -1.271566E+000, -3.949813E-001, 7.157429E+000, 3.759764E-001, 1.647191E+000, -1.042874E+000, -2.292214E+000
7.564800E-002, -1.368315E+000, -5.415354E-001, 7.004764E+000, 5.043037E-001, 1.633812E+000, -1.065440E+000, -2.299407E+000
7.565600E-002, -1.435694E+000, -6.612809E-001, 6.996643E+000, 8.026083E-001, 1.626407E+000, -1.092378E+000, -2.310255E+000
7.566400E-002, -1.470248E+000, -8.382183E-001, 7.069728E+000, 1.095285E+000, 1.629632E+000, -1.118134E+000, -2.324404E+000
7.567200E-002, -1.513440E+000, -9.168571E-001, 7.274365E+000, 1.265262E+000, 1.616373E+000, -1.142117E+000, -2.334545E+000
7.568000E-002, -1.610189E+000, -8.632397E-001, 7.428655E+000, 1.562441E+000, 1.591408E+000, -1.170000E+000, -2.337375E+000
7.568800E-002, -1.637832E+000, -7.524304E-001, 7.345826E+000, 1.909150E+000, 1.573133E+000, -1.194692E+000, -2.339379E+000
7.569600E-002, -1.701756E+000, -5.540462E-001, 7.175294E+000, 1.924909E+000, 1.553782E+000, -1.201072E+000, -2.352232E+000
7.570400E-002, -1.867612E+000, -4.503859E-001, 7.092465E+000, 1.578200E+000, 1.530251E+000, -1.203435E+000, -2.374045E+000
7.571200E-002, -1.829603E+000, -5.594079E-001, 6.973906E+000, 1.001853E+000, 1.518187E+000, -1.221748E+000, -2.391732E+000
7.572000E-002, -1.611917E+000, -6.630682E-001, 6.756276E+000, 4.930469E-001, 1.531684E+000, -1.234980E+000, -2.402580E+000
7.572800E-002, -1.636104E+000, -6.737916E-001, 6.754652E+000, 4.457684E-001, 1.571102E+000, -1.230608E+000, -2.413192E+000
7.573600E-002, -1.919442E+000, -7.703029E-001, 6.957664E+000, 6.450135E-001, 1.610520E+000, -1.233090E+000, -2.422036E+000
7.574400E-002, -2.081843E+000, -8.632397E-001, 6.899197E+000, 6.607729E-001, 1.630229E+000, -1.247622E+000, -2.428521E+000
7.575200E-002, -2.019647E+000, -6.023018E-001, 6.639340E+000, 6.348823E-001, 1.647668E+000, -1.256128E+000, -2.436775E+000
7.576000E-002, -1.948813E+000, -2.770231E-001, 6.608482E+000, 7.823461E-001, 1.669050E+000, -1.264516E+000, -2.450335E+000
7.576800E-002, -2.028286E+000, -3.628109E-001, 6.824488E+000, 1.037875E+000, 1.672752E+000, -1.280348E+000, -2.471913E+000
7.577600E-002, -2.244245E+000, -5.844294E-001, 6.900821E+000, 1.429611E+000, 1.652088E+000, -1.284837E+000, -2.492547E+000
7.578400E-002, -2.377275E+000, -6.219615E-001, 6.621475E+000, 1.906898E+000, 1.632140E+000, -1.277512E+000, -2.498207E+000
7.579200E-002, -2.226968E+000, -5.808548E-001, 6.303150E+000, 2.198449E+000, 1.646832E+000, -1.283892E+000, -2.499858E+000
7.580000E-002, -2.069750E+000, -5.629824E-001, 6.223569E+000, 2.260361E+000, 1.689117E+000, -1.301850E+000, -2.515540E+000
7.580800E-002, -2.239061E+000, -5.397482E-001, 6.316143E+000, 2.152296E+000, 1.725429E+000, -1.309057E+000, -2.528511E+000
7.581600E-002, -2.403190E+000, -4.986416E-001, 6.372987E+000, 1.886636E+000, 1.765922E+000, -1.307049E+000, -2.520139E+000
7.582400E-002, -2.197597E+000, -4.164283E-001, 6.226818E+000, 1.598463E+000, 1.822779E+000, -1.298306E+000, -2.506579E+000
7.583200E-002, -1.967817E+000, -3.342150E-001, 6.028677E+000, 1.261885E+000, 1.860167E+000, -1.280348E+000, -2.506815E+000
7.584000E-002, -2.062839E+000, -4.432369E-001, 6.002691E+000, 7.643353E-001, 1.853836E+000, -1.274795E+000, -2.512710E+000
7.584800E-002, -2.116397E+000, -5.290247E-001, 6.041669E+000, 4.153751E-001, 1.822182E+000, -1.283892E+000, -2.509055E+000
7.585600E-002, -1.952268E+000, -2.770231E-001, 5.949096E+000, 5.369483E-001, 1.789573E+000, -1.284129E+000, -2.506815E+000
7.586400E-002, -1.938447E+000, -3.574491E-002, 5.767196E+000, 9.894708E-001, 1.766758E+000, -1.281766E+000, -2.522379E+000
7.587200E-002, -1.909076E+000, -1.304689E-001, 5.651885E+000, 1.515162E+000, 1.756247E+000, -1.288736E+000, -2.545254E+000
7.588000E-002, -1.625738E+000, -2.645124E-001, 5.586920E+000, 1.968811E+000, 1.752663E+000, -1.289800E+000, -2.554097E+000
7.588800E-002, -1.575636E+000, -1.554904E-001, 5.531701E+000, 2.190569E+000, 1.752424E+000, -1.277276E+000, -2.545136E+000
7.589600E-002, -1.867612E+000, 7.148983E-003, 5.549566E+000, 2.074624E+000, 1.764011E+000, -1.272550E+000, -2.540066E+000
7.590400E-002, -1.874523E+000, 6.076635E-002, 5.543069E+000, 1.747052E+000, 1.790887E+000, -1.290863E+000, -2.553508E+000
7.591200E-002, -1.582546E+000, 1.680011E-001, 5.403396E+000, 1.437491E+000, 1.811551E+000, -1.318982E+000, -2.566478E+000
7.592000E-002, -1.522078E+000, 3.056190E-001, 5.206880E+000, 1.220235E+000, 1.810715E+000, -1.344856E+000, -2.568365E+000
7.592800E-002, -1.504801E+000, 2.698741E-001, 4.971385E+000, 1.070520E+000, 1.803309E+000, -1.369548E+000, -2.574142E+000
7.593600E-002, -1.383864E+000, 1.036603E-001, 4.737514E+000, 1.133558E+000, 1.792081E+000, -1.396958E+000, -2.586995E+000
7.594400E-002, -1.516895E+000, 1.197455E-001, 4.602713E+000, 1.465633E+000, 1.768669E+000, -1.430039E+000, -2.593009E+000
7.595200E-002, -1.565270E+000, 4.825563E-001, 4.487401E+000, 1.708779E+000, 1.752902E+000, -1.466782E+000, -2.590297E+000
7.596000E-002, -1.299209E+000, 6.916641E-001, 4.307126E+000, 1.695271E+000, 1.747288E+000, -1.501163E+000, -2.590886E+000
7.596800E-002, -1.171361E+000, 4.628966E-001, 4.242161E+000, 1.544430E+000, 1.731760E+000, -1.522665E+000, -2.593716E+000
7.597600E-002, -1.095343E+000, 3.413639E-001, 4.256778E+000, 1.225863E+000, 1.724951E+000, -1.528218E+000, -2.587703E+000
7.598400E-002, -9.571297E-001, 3.914068E-001, 4.053765E+000, 9.185532E-001, 1.742391E+000, -1.529754E+000, -2.577680E+000
7.599200E-002, -1.100526E+000, 2.341292E-001, 3.841008E+000, 8.273733E-001, 1.763772E+000, -1.530581E+000, -2.586169E+000
7.600000E-002, -1.311302E+000, 2.377037E-001, 3.858873E+000, 7.519528E-001, 1.795306E+000, -1.517231E+000, -2.610577E+000
7.600800E-002, -1.069428E+000, 6.755789E-001, 3.811774E+000, 6.967946E-001, 1.842608E+000, -1.494074E+000, -2.619657E+000
7.601600E-002, -6.997067E-001, 9.633254E-001, 3.590895E+000, 8.476354E-001, 1.868528E+000, -1.472926E+000, -2.619303E+000
7.602400E-002, -7.083451E-001, 9.204316E-001, 3.454471E+000, 1.104290E+000, 1.867811E+000, -1.444807E+000, -2.633334E+000
7.603200E-002, -6.185062E-001, 9.883469E-001, 3.516187E+000, 1.450999E+000, 1.886206E+000, -1.402156E+000, -2.647602E+000
7.604000E-002, -1.969545E-001, 1.040177E+000, 3.592520E+000, 1.757183E+000, 1.933508E+000, -1.357852E+000, -2.647130E+000
7.604800E-002, -1.140263E-001, 8.864739E-001, 3.465839E+000, 1.627730E+000, 1.976629E+000, -1.326661E+000, -2.643711E+000
7.605600E-002, -3.576279E-001, 8.435800E-001, 3.322918E+000, 1.217983E+000, 2.002549E+000, -1.311184E+000, -2.649253E+000
7.606400E-002, -3.455342E-001, 9.722617E-001, 3.402499E+000, 9.163018E-001, 2.015449E+000, -1.301378E+000, -2.657506E+000
7.607200E-002, -1.330307E-001, 1.065198E+000, 3.423613E+000, 7.328163E-001, 2.015210E+000, -1.292044E+000, -2.659983E+000
7.608000E-002, -6.046848E-002, 1.168859E+000, 3.257954E+000, 7.046744E-001, 2.013180E+000, -1.291690E+000, -2.658332E+000
7.608800E-002, -2.245972E-002, 1.372605E+000, 3.201110E+000, 7.947286E-001, 2.011269E+000, -1.309294E+000, -2.642885E+000
7.609600E-002, 2.004098E-001, 1.488776E+000, 3.181621E+000, 8.498868E-001, 1.995263E+000, -1.341311E+000, -2.607865E+000
7.610400E-002, 3.714492E-001, 1.344009E+000, 3.058189E+000, 8.510125E-001, 1.974837E+000, -1.376991E+000, -2.559050E+000
7.611200E-002, 3.230745E-001, 1.290391E+000, 2.999721E+000, 8.037340E-001, 1.966595E+000, -1.416688E+000, -2.483468E+000
7.612000E-002, 3.351682E-001, 1.635330E+000, 2.952622E+000, 7.429474E-001, 1.971731E+000, -1.454613E+000, -2.386544E+000
7.612800E-002, 5.113906E-001, 1.831927E+000, 2.838935E+000, 7.339420E-001, 1.994785E+000, -1.484622E+000, -2.289502E+000
7.613600E-002, 6.858853E-001, 1.594223E+000, 2.809701E+000, 8.262476E-001, 2.026438E+000, -1.527509E+000, -2.171708E+000
7.614400E-002, 7.895456E-001, 1.429797E+000, 2.782091E+000, 8.949139E-001, 2.037547E+000, -1.571932E+000, -2.031746E+000
7.615200E-002, 7.359878E-001, 1.428009E+000, 2.645667E+000, 7.080514E-001, 2.026797E+000, -1.581502E+000, -1.901807E+000
7.616000E-002, 6.530596E-001, 1.478052E+000, 2.497873E+000, 3.467088E-001, 2.023333E+000, -1.583983E+000, -1.769273E+000
7.616800E-002, 8.344650E-001, 1.678224E+000, 2.395555E+000, 6.641500E-002, 2.025602E+000, -1.613874E+000, -1.623416E+000
7.617600E-002, 1.000321E+000, 1.853374E+000, 2.436157E+000, -7.316906E-002, 2.011269E+000, -1.643765E+000, -1.490529E+000
7.618400E-002, 8.085499E-001, 1.881970E+000, 2.593695E+000, -5.065551E-002, 1.991679E+000, -1.651326E+000, -1.374385E+000
7.619200E-002, 6.634256E-001, 1.801544E+000, 2.588823E+000, 2.453978E-001, 1.983676E+000, -1.656525E+000, -1.260836E+000
7.620000E-002, 7.999116E-001, 1.715756E+000, 2.418292E+000, 7.406961E-001, 1.990007E+000, -1.664913E+000, -1.160021E+000
7.620800E-002, 8.413757E-001, 1.808693E+000, 2.330590E+000, 1.096410E+000, 2.009238E+000, -1.652626E+000, -1.085500E+000
7.621600E-002, 7.498091E-001, 1.919502E+000, 2.332214E+000, 1.228115E+000, 2.036233E+000, -1.624035E+000, -1.019941E+000
7.622400E-002, 8.189160E-001, 1.983843E+000, 2.265626E+000, 1.404846E+000, 2.064901E+000, -1.609621E+000, -9.483683E-001
7.623200E-002, 1.034875E+000, 2.169716E+000, 2.148690E+000, 1.599588E+000, 2.087715E+000, -1.608439E+000, -8.894122E-001
7.624000E-002, 1.256017E+000, 2.268015E+000, 2.077230E+000, 1.591709E+000, 2.104080E+000, -1.597452E+000, -8.527415E-001
7.624800E-002, 1.382137E+000, 2.126822E+000, 2.095095E+000, 1.463381E+000, 2.117697E+000, -1.582093E+000, -8.073452E-001
7.625600E-002, 1.347583E+000, 1.926651E+000, 2.140570E+000, 1.302409E+000, 2.137286E+000, -1.577367E+000, -7.396636E-001
7.626400E-002, 1.216280E+000, 1.885544E+000, 2.083726E+000, 9.647059E-001, 2.170254E+000, -1.576067E+000, -6.748118E-001
7.627200E-002, 1.140263E+000, 2.144695E+000, 1.987904E+000, 4.401400E-001, 2.201669E+000, -1.577367E+000, -6.019421E-001
7.628000E-002, 1.311302E+000, 2.269802E+000, 2.039876E+000, 4.277576E-002, 2.219945E+000, -1.589890E+000, -4.972360E-001
7.628800E-002, 1.643015E+000, 1.924864E+000, 2.156811E+000, -4.277576E-002, 2.234278E+000, -1.603241E+000, -3.839223E-001
7.629600E-002, 1.729398E+000, 1.833714E+000, 2.151939E+000, 9.005423E-002, 2.256496E+000, -1.613756E+000, -2.657742E-001
7.630400E-002, 1.556631E+000, 2.148269E+000, 2.158435E+000, 4.007413E-001, 2.277160E+000, -1.636204E+000, -1.097763E-001
7.631200E-002, 1.423601E+000, 1.937374E+000, 2.259130E+000, 7.868488E-001, 2.264977E+000, -1.663613E+000, 7.911912E-002
7.632000E-002, 1.342400E+000, 1.544180E+000, 2.202286E+000, 1.106541E+000, 2.222095E+000, -1.687243E+000, 2.686041E-001
7.632800E-002, 1.414962E+000, 1.949885E+000, 2.069109E+000, 1.373327E+000, 2.187096E+000, -1.726467E+000, 4.585608E-001
7.633600E-002, 1.774318E+000, 2.409207E+000, 2.088599E+000, 1.446496E+000, 2.174435E+000, -1.778451E+000, 6.650251E-001
7.634400E-002, 1.952268E+000, 2.175078E+000, 2.057741E+000, 1.235994E+000, 2.175152E+000, -1.807633E+000, 8.786821E-001
7.635200E-002, 1.712122E+000, 1.978481E+000, 1.963543E+000, 1.125678E+000, 2.196055E+000, -1.812359E+000, 1.098353E+000
7.636000E-002, 1.620555E+000, 2.096439E+000, 2.122705E+000, 1.178585E+000, 2.249090E+000, -1.817203E+000, 1.338068E+000
7.636800E-002, 1.845152E+000, 2.101801E+000, 2.419916E+000, 9.725857E-001, 2.315742E+000, -1.812477E+000, 1.571417E+000
7.637600E-002, 1.926353E+000, 2.016013E+000, 2.484880E+000, 5.695930E-001, 2.375227E+000, -1.797237E+000, 1.776702E+000
7.638400E-002, 1.826148E+000, 1.980268E+000, 2.426412E+000, 3.208182E-001, 2.438774E+000, -1.798064E+000, 1.983756E+000
7.639200E-002, 1.829603E+000, 2.016013E+000, 2.493001E+000, 2.499005E-001, 2.496348E+000, -1.801844E+000, 2.197177E+000
7.640000E-002, 1.983366E+000, 1.990992E+000, 2.502745E+000, 3.129385E-001, 2.513309E+000, -1.788021E+000, 2.387016E+000
7.640800E-002, 2.074933E+000, 1.640692E+000, 2.379313E+000, 4.705333E-001, 2.498617E+000, -1.778924E+000, 2.554923E+000
7.641600E-002, 1.990277E+000, 1.365456E+000, 2.387434E+000, 5.594619E-001, 2.489778E+000, -1.778097E+000, 2.719175E+000
7.642400E-002, 2.031741E+000, 1.690735E+000, 2.476760E+000, 5.054294E-001, 2.495273E+000, -1.767818E+000, 2.878946E+000
7.643200E-002, 2.339266E+000, 1.948098E+000, 2.380938E+000, 5.054294E-001, 2.511996E+000, -1.775852E+000, 3.032467E+000
7.644000E-002, 2.579413E+000, 1.694309E+000, 2.238016E+000, 6.191229E-001, 2.547949E+000, -1.807752E+000, 3.182216E+000
7.644800E-002, 2.591506E+000, 1.647841E+000, 2.294860E+000, 5.819755E-001, 2.586173E+000, -1.824056E+000, 3.322767E+000
7.645600E-002, 2.586323E+000, 1.826565E+000, 2.502745E+000, 4.356374E-001, 2.593220E+000, -1.841659E+000, 3.454475E+000
7.646400E-002, 2.670979E+000, 1.621032E+000, 2.686269E+000, 4.491455E-001, 2.574945E+000, -1.879348E+000, 3.584769E+000
7.647200E-002, 2.669251E+000, 1.345796E+000, 2.743113E+000, 5.358227E-001, 2.560969E+000, -1.909593E+000, 3.714708E+000
7.648000E-002, 2.577685E+000, 1.395839E+000, 2.749609E+000, 5.977349E-001, 2.565389E+000, -1.938539E+000, 3.847359E+000
7.648800E-002, 2.574229E+000, 1.467329E+000, 2.798332E+000, 7.069257E-001, 2.574347E+000, -1.987452E+000, 3.988736E+000
7.649600E-002, 2.686528E+000, 1.392264E+000, 2.832439E+000, 7.958543E-001, 2.558222E+000, -2.050896E+000, 4.131174E+000
7.650400E-002, 2.969866E+000, 1.345796E+000, 2.923388E+000, 8.431327E-001, 2.519879E+000, -2.117530E+000, 4.273258E+000
7.651200E-002, 3.284302E+000, 1.392264E+000, 3.149139E+000, 8.904112E-001, 2.485597E+000, -2.175776E+000, 4.434798E+000
7.652000E-002, 3.258387E+000, 1.453031E+000, 3.345656E+000, 8.217449E-001, 2.473414E+000, -2.222208E+000, 4.622750E+000
7.652800E-002, 3.092531E+000, 1.410137E+000, 3.379762E+000, 6.213742E-001, 2.491570E+000, -2.276200E+000, 4.829097E+000
7.653600E-002, 3.147816E+000, 1.310051E+000, 3.280691E+000, 4.390144E-001, 2.506740E+000, -2.346143E+000, 5.057964E+000
7.654400E-002, 3.163365E+000, 1.281455E+000, 3.202734E+000, 3.669710E-001, 2.490375E+000, -2.410178E+000, 5.301335E+000
7.655200E-002, 3.097714E+000, 1.215327E+000, 3.340783E+000, 4.210035E-001, 2.479147E+000, -2.463816E+000, 5.538339E+000
7.656000E-002, 3.258387E+000, 1.049113E+000, 3.465839E+000, 5.617133E-001, 2.489897E+000, -2.523362E+000, 5.786898E+000
7.656800E-002, 3.420788E+000, 1.036602E+000, 3.347280E+000, 8.014827E-001, 2.501723E+000, -2.589524E+000, 6.060926E+000
7.657600E-002, 3.375869E+000, 1.195667E+000, 3.446350E+000, 1.133558E+000, 2.510084E+000, -2.657221E+000, 6.324932E+000
7.658400E-002, 3.329222E+000, 1.150986E+000, 3.785788E+000, 1.412726E+000, 2.500648E+000, -2.723974E+000, 6.560166E+000
7.659200E-002, 3.348226E+000, 9.257933E-001, 3.758178E+000, 1.422857E+000, 2.472100E+000, -2.788363E+000, 6.772172E+000
7.660000E-002, 3.472618E+000, 8.346438E-001, 3.581151E+000, 1.131306E+000, 2.443193E+000, -2.856179E+000, 6.952343E+000
7.660800E-002, 3.643658E+000, 8.042606E-001, 3.758178E+000, 7.767177E-001, 2.399595E+000, -2.922931E+000, 7.105157E+000
7.661600E-002, 3.536542E+000, 7.828136E-001, 3.944950E+000, 5.324456E-001, 2.336765E+000, -2.976215E+000, 7.247831E+000
7.662400E-002, 3.336133E+000, 8.918356E-001, 3.860497E+000, 4.322603E-001, 2.276922E+000, -3.012250E+000, 7.365625E+000
7.663200E-002, 3.470891E+000, 9.114953E-001, 3.925461E+000, 4.907956E-001, 2.219706E+000, -3.037060E+000, 7.443093E+000
7.664000E-002, 3.612560E+000, 7.542177E-001, 4.271395E+000, 6.889148E-001, 2.158548E+000, -3.059508E+000, 7.510067E+000
7.664800E-002, 3.484712E+000, 6.273233E-001, 4.461416E+000, 9.399410E-001, 2.092255E+000, -3.080420E+000, 7.569377E+000
7.665600E-002, 3.477802E+000, 5.361737E-001, 4.393203E+000, 1.132432E+000, 2.018316E+000, -3.092235E+000, 7.591309E+000
7.666400E-002, 3.647113E+000, 4.628966E-001, 4.414317E+000, 1.376704E+000, 1.945811E+000, -3.093652E+000, 7.595908E+000
7.667200E-002, 3.676484E+000, 3.931940E-001, 4.607585E+000, 1.747052E+000, 1.878801E+000, -3.096606E+000, 7.609232E+000
7.668000E-002, 3.579734E+000, 3.038318E-001, 4.773244E+000, 1.950800E+000, 1.823616E+000, -3.106648E+000, 7.616189E+000
7.668800E-002, 3.543453E+000, 3.074063E-001, 4.872314E+000, 1.798833E+000, 1.792440E+000, -3.113619E+000, 7.612769E+000
7.669600E-002, 3.579734E+000, 3.395767E-001, 4.937278E+000, 1.405972E+000, 1.769864E+000, -3.114328E+000, 7.615245E+000
7.670400E-002, 3.512355E+000, 2.877465E-001, 4.903172E+000, 9.106734E-001, 1.734866E+000, -3.116218E+000, 7.626565E+000
7.671200E-002, 3.408695E+000, 2.394909E-001, 4.930782E+000, 4.671563E-001, 1.697717E+000, -3.123425E+000, 7.645784E+000
7.672000E-002, 3.616015E+000, 2.591506E-001, 5.189014E+000, 2.487748E-001, 1.685295E+000, -3.133349E+000, 7.680805E+000
7.672800E-002, 3.963277E+000, 3.449384E-001, 5.416389E+000, 2.938019E-001, 1.698553E+000, -3.151426E+000, 7.735398E+000
7.673600E-002, 3.990920E+000, 5.075778E-001, 5.431006E+000, 5.583363E-001, 1.709065E+000, -3.185333E+000, 7.800250E+000
7.674400E-002, 3.849251E+000, 6.094508E-001, 5.440751E+000, 1.028870E+000, 1.706079E+000, -3.221959E+000, 7.857201E+000
7.675200E-002, 3.892442E+000, 4.932798E-001, 5.479729E+000, 1.584955E+000, 1.694492E+000, -3.247360E+000, 7.902244E+000
7.676000E-002, 4.061754E+000, 2.377037E-001, 5.405020E+000, 2.040854E+000, 1.671439E+000, -3.273116E+000, 7.956130E+000
7.676800E-002, 4.094580E+000, 6.076635E-002, 5.346553E+000, 2.385311E+000, 1.641815E+000, -3.315649E+000, 8.033952E+000
7.677600E-002, 3.956366E+000, 6.970258E-002, 5.504091E+000, 2.643092E+000, 1.611953E+000, -3.372359E+000, 8.114015E+000
7.678400E-002, 3.971915E+000, 1.143837E-001, 5.757451E+000, 2.645343E+000, 1.585794E+000, -3.423043E+000, 8.170730E+000
7.679200E-002, 4.151593E+000, -1.251072E-002, 5.801302E+000, 2.318897E+000, 1.564413E+000, -3.464631E+000, 8.214593E+000
7.680000E-002, 4.205151E+000, -7.863881E-002, 5.627523E+000, 1.921532E+000, 1.526667E+000, -3.518387E+000, 8.250557E+000
7.680800E-002, 4.241432E+000, 1.662139E-001, 5.546318E+000, 1.655872E+000, 1.467182E+000, -3.581123E+000, 8.261522E+000
7.681600E-002, 4.403833E+000, 2.573634E-001, 5.721721E+000, 1.437491E+000, 1.406741E+000, -3.636060E+000, 8.254094E+000
7.682400E-002, 4.510949E+000, 1.787246E-003, 5.932855E+000, 1.238246E+000, 1.346898E+000, -3.692652E+000, 8.235700E+000
7.683200E-002, 4.529953E+000, 1.787246E-003, 5.820791E+000, 1.217983E+000, 1.287174E+000, -3.749953E+000, 8.187827E+000
7.684000E-002, 4.621520E+000, 1.894480E-001, 5.591793E+000, 1.376704E+000, 1.234497E+000, -3.794849E+000, 8.116844E+000
7.684800E-002, 4.718269E+000, 1.125965E-001, 5.773692E+000, 1.462256E+000, 1.174892E+000, -3.837027E+000, 8.038432E+000
7.685600E-002, 4.626703E+000, 1.697883E-001, 6.228442E+000, 1.368824E+000, 1.095937E+000, -3.876015E+000, 7.943513E+000
7.686400E-002, 4.628430E+000, 4.593222E-001, 6.364866E+000, 1.291152E+000, 1.013518E+000, -3.895155E+000, 7.839868E+000
7.687200E-002, 4.948050E+000, 3.878323E-001, 6.168350E+000, 1.351939E+000, 9.552272E-001, -3.908387E+000, 7.738463E+000
7.688000E-002, 5.094902E+000, 1.072347E-001, 6.135868E+000, 1.358693E+000, 9.238123E-001, -3.942295E+000, 7.624914E+000
7.688800E-002, 4.868577E+000, 1.447669E-001, 6.282037E+000, 1.195470E+000, 8.947864E-001, -3.977266E+000, 7.507356E+000
7.689600E-002, 4.782193E+000, 2.823848E-001, 6.309647E+000, 1.082902E+000, 8.548907E-001, -3.987899E+000, 7.411139E+000
7.690400E-002, 4.951505E+000, 2.805976E-001, 6.338881E+000, 1.196596E+000, 8.221619E-001, -3.992980E+000, 7.327657E+000
7.691200E-002, 5.044799E+000, 3.270660E-001, 6.486674E+000, 1.404846E+000, 8.164284E-001, -4.004085E+000, 7.239813E+000
7.692000E-002, 4.906585E+000, 3.306405E-001, 6.650709E+000, 1.611971E+000, 8.238342E-001, -4.011292E+000, 7.159043E+000
7.692800E-002, 4.756278E+000, 1.590649E-001, 6.753027E+000, 1.935040E+000, 8.288510E-001, -4.016963E+000, 7.093366E+000
7.693600E-002, 4.967054E+000, 6.970258E-002, 6.720545E+000, 2.254733E+000, 8.461710E-001, -4.027006E+000, 7.035353E+000
7.694400E-002, 5.241754E+000, 2.073205E-001, 6.684815E+000, 2.205203E+000, 8.656411E-001, -4.042837E+000, 6.994673E+000
7.695200E-002, 5.046526E+000, 3.109808E-001, 6.829360E+000, 1.841609E+000, 8.606242E-001, -4.054888E+000, 6.973213E+000
7.696000E-002, 4.839206E+000, 2.466399E-001, 7.035622E+000, 1.464507E+000, 8.505906E-001, -4.052762E+000, 6.949041E+000
7.696800E-002, 5.151915E+000, 2.895338E-001, 7.081097E+000, 1.097536E+000, 8.468876E-001, -4.048390E+000, 6.923454E+000
7.697600E-002, 5.417976E+000, 3.324277E-001, 6.930055E+000, 8.341273E-001, 8.344651E-001, -4.052879E+000, 6.906593E+000
7.698400E-002, 5.170919E+000, 8.936229E-002, 6.829360E+000, 8.341273E-001, 8.286121E-001, -4.069302E+000, 6.890675E+000
7.699200E-002, 4.941139E+000, -6.255360E-002, 7.042118E+000, 9.039193E-001, 8.314788E-001, -4.099311E+000, 6.869097E+000
7.700000E-002, 5.049982E+000, 4.646839E-002, 7.318216E+000, 9.455694E-001, 8.157117E-001, -4.127429E+000, 6.843038E+000
7.700800E-002, 5.219294E+000, 1.215327E-001, 7.212649E+000, 1.171831E+000, 7.921804E-001, -4.147633E+000, 6.802594E+000
7.701600E-002, 5.219294E+000, 1.733628E-001, 6.980402E+000, 1.572572E+000, 7.700825E-001, -4.174806E+000, 6.737978E+000
7.702400E-002, 5.191651E+000, 2.126822E-001, 7.081097E+000, 1.882133E+000, 7.239755E-001, -4.207769E+000, 6.663457E+000
7.703200E-002, 5.366146E+000, 1.965970E-001, 7.288982E+000, 1.944046E+000, 6.632958E-001, -4.235061E+000, 6.578679E+000
7.704000E-002, 5.400699E+000, 2.108950E-001, 7.303599E+000, 1.811216E+000, 6.121720E-001, -4.273576E+000, 6.475505E+000
7.704800E-002, 5.043071E+000, 1.554904E-001, 7.245131E+000, 1.679511E+000, 5.714402E-001, -4.335839E+000, 6.382591E+000
7.705600E-002, 4.794287E+000, 1.429797E-002, 7.144436E+000, 1.586080E+000, 5.506561E-001, -4.395385E+000, 6.299816E+000
7.706400E-002, 4.873760E+000, 2.680869E-002, 6.962537E+000, 1.373327E+000, 5.347695E-001, -4.431774E+000, 6.197233E+000
7.707200E-002, 4.903130E+000, 2.091078E-001, 6.936551E+000, 1.080651E+000, 4.928432E-001, -4.456112E+000, 6.095592E+000
7.708000E-002, 4.847845E+000, 3.181297E-001, 7.116827E+000, 8.904112E-001, 4.451834E-001, -4.482458E+000, 6.018242E+000
7.708800E-002, 4.994697E+000, 2.484272E-001, 7.191535E+000, 8.937882E-001, 4.193826E-001, -4.521919E+000, 5.951739E+000
7.709600E-002, 5.195107E+000, 2.126822E-001, 7.069728E+000, 1.053635E+000, 4.105434E-001, -4.572131E+000, 5.901508E+000
7.710400E-002, 5.117361E+000, 3.342150E-001, 6.920310E+000, 1.188716E+000, 4.087517E-001, -4.611592E+000, 5.869555E+000
7.711200E-002, 4.925590E+000, 3.860451E-001, 6.800127E+000, 1.255131E+000, 3.962097E-001, -4.639829E+000, 5.834181E+000
7.712000E-002, 4.958416E+000, 3.163425E-001, 6.770893E+000, 1.269765E+000, 3.665865E-001, -4.673737E+000, 5.803406E+000
7.712800E-002, 5.075897E+000, 3.878323E-001, 6.887828E+000, 1.214606E+000, 3.432941E-001, -4.710716E+000, 5.787959E+000
7.713600E-002, 4.998152E+000, 5.397482E-001, 6.973906E+000, 1.268639E+000, 3.485498E-001, -4.745333E+000, 5.771569E+000
7.714400E-002, 4.866849E+000, 5.004288E-001, 6.894324E+000, 1.362070E+000, 3.806814E-001, -4.782195E+000, 5.752114E+000
7.715200E-002, 4.915224E+000, 3.699599E-001, 6.720545E+000, 1.318169E+000, 4.148436E-001, -4.809605E+000, 5.733248E+000
7.716000E-002, 4.989513E+000, 3.753216E-001, 6.611730E+000, 1.311415E+000, 4.416000E-001, -4.816339E+000, 5.707425E+000
7.716800E-002, 4.794287E+000, 4.646839E-001, 6.675070E+000, 1.335054E+000, 4.814956E-001, -4.821655E+000, 5.678890E+000
7.717600E-002, 4.510949E+000, 4.718329E-001, 6.710801E+000, 1.230366E+000, 5.336945E-001, -4.843040E+000, 5.650120E+000
7.718400E-002, 4.531681E+000, 4.057048E-001, 6.606858E+000, 1.075022E+000, 5.746652E-001, -4.864897E+000, 5.608732E+000
7.719200E-002, 4.626703E+000, 3.985558E-001, 6.600361E+000, 1.048006E+000, 6.011828E-001, -4.868087E+000, 5.555672E+000
7.720000E-002, 4.455663E+000, 5.218757E-001, 6.640964E+000, 1.185339E+000, 6.174277E-001, -4.863243E+000, 5.502022E+000
7.720800E-002, 4.307084E+000, 6.809406E-001, 6.465561E+000, 1.238246E+000, 6.292531E-001, -4.867969E+000, 5.450140E+000
7.721600E-002, 4.332999E+000, 6.630682E-001, 6.223569E+000, 9.973506E-001, 6.414368E-001, -4.880728E+000, 5.403211E+000
7.722400E-002, 4.265619E+000, 5.540462E-001, 6.311271E+000, 6.179972E-001, 6.517093E-001, -4.891834E+000, 5.354042E+000
7.723200E-002, 4.151593E+000, 6.291105E-001, 6.668574E+000, 4.165008E-001, 6.705822E-001, -4.892070E+000, 5.285417E+000
7.724000E-002, 4.167142E+000, 8.060478E-001, 6.757900E+000, 4.356374E-001, 6.935162E-001, -4.884391E+000, 5.207241E+000
7.724800E-002, 4.196513E+000, 9.204316E-001, 6.501291E+000, 4.502712E-001, 6.980552E-001, -4.880137E+000, 5.142035E+000
7.725600E-002, 4.091125E+000, 9.668999E-001, 6.382731E+000, 4.052441E-001, 7.046249E-001, -4.875648E+000, 5.089447E+000
7.726400E-002, 3.814697E+000, 8.650270E-001, 6.494795E+000, 4.356374E-001, 7.344869E-001, -4.865015E+000, 5.041692E+000
7.727200E-002, 3.517538E+000, 6.827279E-001, 6.498043E+000, 5.223145E-001, 7.648268E-001, -4.855445E+000, 4.994174E+000
7.728000E-002, 3.522721E+000, 7.059621E-001, 6.298278E+000, 5.639646E-001, 7.859691E-001, -4.843867E+000, 4.941231E+000
7.728800E-002, 3.759412E+000, 8.757504E-001, 6.126123E+000, 5.740957E-001, 8.018557E-001, -4.810550E+000, 4.883926E+000
7.729600E-002, 3.787055E+000, 8.793249E-001, 6.192711E+000, 6.438878E-001, 8.041252E-001, -4.763055E+000, 4.827799E+000
7.730400E-002, 3.484712E+000, 7.452815E-001, 6.377859E+000, 7.677123E-001, 8.080670E-001, -4.723122E+000, 4.774739E+000
7.731200E-002, 3.154727E+000, 6.845151E-001, 6.408717E+000, 7.485758E-001, 8.347040E-001, -4.677281E+000, 4.722622E+000
7.732000E-002, 3.159910E+000, 7.220473E-001, 6.272292E+000, 5.718443E-001, 8.763914E-001, -4.615136E+000, 4.671448E+000
7.732800E-002, 3.387963E+000, 7.935371E-001, 6.108258E+000, 4.772874E-001, 9.328904E-001, -4.552991E+000, 4.626877E+000
7.733600E-002, 3.419061E+000, 8.525162E-001, 6.070903E+000, 4.457684E-001, 1.002529E+000, -4.492619E+000, 4.583721E+000
7.734400E-002, 3.329222E+000, 8.846866E-001, 6.187839E+000, 3.545885E-001, 1.063925E+000, -4.427048E+000, 4.524647E+000
7.735200E-002, 3.260115E+000, 9.436657E-001, 6.197584E+000, 3.039330E-001, 1.109913E+000, -4.358050E+000, 4.451895E+000
7.736000E-002, 3.013058E+000, 1.109880E+000, 5.962089E+000, 3.298236E-001, 1.138700E+000, -4.292716E+000, 4.383860E+000
7.736800E-002, 2.755635E+000, 1.204604E+000, 5.736338E+000, 3.500858E-001, 1.145628E+000, -4.240377E+000, 4.313702E+000
7.737600E-002, 2.750452E+000, 9.543892E-001, 5.763947E+000, 3.084357E-001, 1.144553E+000, -4.197608E+000, 4.224325E+000
7.738400E-002, 2.788461E+000, 7.417070E-001, 5.957216E+000, 2.026220E-001, 1.155064E+000, -4.146333E+000, 4.127754E+000
7.739200E-002, 2.778095E+000, 9.472402E-001, 6.001067E+000, 1.463381E-001, 1.183970E+000, -4.087260E+000, 4.037434E+000
7.740000E-002, 2.786733E+000, 1.083071E+000, 5.757451E+000, 1.767314E-001, 1.218252E+000, -4.047445E+000, 3.946641E+000
7.740800E-002, 2.643337E+000, 9.508147E-001, 5.487850E+000, 1.609719E-001, 1.240589E+000, -4.029723E+000, 3.844176E+000
7.741600E-002, 2.456748E+000, 1.117029E+000, 5.465112E+000, 3.939873E-002, 1.264837E+000, -4.003258E+000, 3.726617E+000
7.742400E-002, 2.449837E+000, 1.472690E+000, 5.578800E+000, -1.463381E-002, 1.319425E+000, -3.959662E+000, 3.611888E+000
7.743200E-002, 2.442927E+000, 1.361881E+000, 5.543069E+000, 2.701627E-002, 1.401844E+000, -3.922092E+000, 3.510366E+000
7.744000E-002, 2.370364E+000, 1.054475E+000, 5.414765E+000, -4.502711E-003, 1.442934E+000, -3.895627E+000, 3.395283E+000
7.744800E-002, 2.347905E+000, 1.083071E+000, 5.406644E+000, -7.654610E-002, 1.330772E+000, -3.861483E+000, 3.253435E+000
7.745600E-002, 2.277070E+000, 1.183157E+000, 5.481353E+000, -8.442584E-002, 1.096893E+000, -3.829584E+000, 3.106516E+000
7.746400E-002, 2.116397E+000, 1.236774E+000, 5.500843E+000, -4.615279E-002, 9.584523E-001, -3.818596E+000, 2.974219E+000
7.747200E-002, 2.052473E+000, 1.367243E+000, 5.364418E+000, -6.754067E-003, 1.017938E+000, -3.800283E+000, 2.862320E+000
7.748000E-002, 2.106031E+000, 1.404775E+000, 5.200383E+000, 4.502711E-003, 1.193407E+000, -3.749362E+000, 2.764689E+000
7.748800E-002, 2.049018E+000, 1.470903E+000, 5.164653E+000, 7.316906E-002, 1.442456E+000, -3.678947E+000, 2.670595E+000
7.749600E-002, 1.881434E+000, 1.596010E+000, 5.180894E+000, 2.138788E-001, 1.702495E+000, -3.604397E+000, 2.582160E+000
7.750400E-002, 1.858974E+000, 1.494137E+000, 5.253979E+000, 2.318897E-001, 1.844877E+000, -3.529965E+000, 2.497146E+000
7.751200E-002, 1.890072E+000, 1.433371E+000, 5.374163E+000, 1.519665E-001, 1.830066E+000, -3.455770E+000, 2.386898E+000
7.752000E-002, 1.700028E+000, 1.681798E+000, 5.364418E+000, 1.744801E-001, 1.651491E+000, -3.386182E+000, 2.241512E+000
7.752800E-002, 1.452971E+000, 1.826565E+000, 5.299454E+000, 2.622829E-001, 1.392169E+000, -3.324155E+000, 2.087990E+000
7.753600E-002, 1.389047E+000, 1.642479E+000, 5.328688E+000, 3.692223E-001, 1.295177E+000, -3.271935E+000, 1.953924E+000
7.754400E-002, 1.408052E+000, 1.481627E+000, 5.333560E+000, 5.785984E-001, 1.423822E+000, -3.230702E+000, 1.847213E+000
7.755200E-002, 1.399413E+000, 1.533457E+000, 5.231241E+000, 7.902259E-001, 1.619120E+000, -3.175528E+000, 1.733428E+000
7.756000E-002, 1.449516E+000, 1.688947E+000, 5.148412E+000, 8.802801E-001, 1.798890E+000, -3.088572E+000, 1.591815E+000
7.756800E-002, 1.598096E+000, 1.883757E+000, 5.158156E+000, 8.825315E-001, 1.948200E+000, -2.999490E+000, 1.450910E+000
7.757600E-002, 1.508257E+000, 1.974907E+000, 5.096441E+000, 8.273733E-001, 2.052239E+000, -2.920923E+000, 1.302930E+000
7.758400E-002, 9.744064E-001, 1.876608E+000, 5.018484E+000, 7.451988E-001, 2.136809E+000, -2.839048E+000, 1.123940E+000
7.759200E-002, 5.563100E-001, 1.776522E+000, 5.104561E+000, 6.731554E-001, 2.232965E+000, -2.770523E+000, 9.491937E-001
7.760000E-002, 6.755193E-001, 1.812267E+000, 5.059086E+000, 6.157458E-001, 2.303081E+000, -2.722201E+000, 8.000347E-001
7.760800E-002, 8.379204E-001, 1.937374E+000, 4.886931E+000, 5.515822E-001, 2.243834E+000, -2.668327E+000, 6.368441E-001
7.761600E-002, 6.755193E-001, 2.042822E+000, 5.055838E+000, 4.907956E-001, 2.019033E+000, -2.607127E+000, 4.465337E-001
7.762400E-002, 5.977741E-001, 2.005290E+000, 5.335184E+000, 4.975496E-001, 1.734268E+000, -2.565304E+000, 2.588174E-001
7.763200E-002, 7.653582E-001, 1.944523E+000, 5.315695E+000, 5.144348E-001, 1.544346E+000, -2.537539E+000, 8.336397E-002
7.764000E-002, 8.085499E-001, 1.980268E+000, 5.227993E+000, 4.446428E-001, 1.551154E+000, -2.489099E+000, -5.895613E-002
7.764800E-002, 6.115955E-001, 1.958821E+000, 5.219872E+000, 3.939873E-001, 1.699389E+000, -2.422111E+000, -1.511635E-001
7.765600E-002, 3.334405E-001, 1.944523E+000, 5.115930E+000, 4.896699E-001, 1.819435E+000, -2.359848E+000, -2.357066E-001
7.766400E-002, 1.347583E-001, 2.048184E+000, 4.968136E+000, 6.191229E-001, 1.926699E+000, -2.294868E+000, -3.336917E-001
7.767200E-002, 1.140263E-001, 2.119673E+000, 4.921037E+000, 5.954836E-001, 2.168821E+000, -2.223271E+000, -4.135183E-001
7.768000E-002, 2.211419E-001, 2.126822E+000, 4.953519E+000, 4.874185E-001, 2.486672E+000, -2.166206E+000, -4.656355E-001
7.768800E-002, 2.574230E-001, 2.105376E+000, 5.011987E+000, 5.493308E-001, 2.750295E+000, -2.123438E+000, -5.091451E-001
7.769600E-002, 1.192093E-001, 2.039247E+000, 5.020108E+000, 8.172421E-001, 2.880732E+000, -2.090475E+000, -5.620877E-001
7.770400E-002, -3.109808E-002, 2.142908E+000, 5.076952E+000, 1.028870E+000, 2.755073E+000, -2.089293E+000, -6.496965E-001
7.771200E-002, -7.083450E-002, 2.398484E+000, 5.227993E+000, 1.028870E+000, 2.429337E+000, -2.117530E+000, -7.904838E-001
7.772000E-002, -7.601752E-002, 2.341292E+000, 5.215000E+000, 8.814058E-001, 2.114950E+000, -2.159472E+000, -9.349263E-001
7.772800E-002, -4.491944E-002, 1.996354E+000, 5.115930E+000, 6.258769E-001, 1.914038E+000, -2.222090E+000, -1.016050E+000
7.773600E-002, 4.837478E-002, 1.896268E+000, 5.190639E+000, 3.579656E-001, 1.776672E+000, -2.277618E+000, -1.061564E+000
7.774400E-002, 1.088433E-001, 2.146482E+000, 5.231241E+000, 1.542179E-001, 1.489997E+000, -2.280572E+000, -1.135731E+000
7.775200E-002, 8.811121E-002, 2.344867E+000, 5.094817E+000, 5.515822E-002, 1.078976E+000, -2.241702E+000, -1.234659E+000
7.776000E-002, -5.528547E-002, 2.332356E+000, 5.042845E+000, 1.429611E-001, 1.040752E+000, -2.185819E+000, -1.300808E+000
7.776800E-002, -2.781550E-001, 2.346654E+000, 5.197135E+000, 2.600316E-001, 1.563457E+000, -2.111741E+000, -1.297624E+000
7.777600E-002, -3.507172E-001, 2.339505E+000, 5.366042E+000, 2.431464E-001, 2.216003E+000, -2.012971E+000, -1.258713E+000
7.778400E-002, -2.539676E-001, 2.203674E+000, 5.400148E+000, 2.926762E-001, 2.634669E+000, -1.895888E+000, -1.242913E+000
7.779200E-002, -2.556953E-001, 2.160780E+000, 5.327064E+000, 5.211889E-001, 2.740858E+000, -1.788966E+000, -1.281942E+000
7.780000E-002, -3.662662E-001, 2.285887E+000, 5.164653E+000, 7.665867E-001, 2.592862E+000, -1.728121E+000, -1.387002E+000
7.780800E-002, -4.422837E-001, 2.343079E+000, 5.016860E+000, 9.410667E-001, 2.439610E+000, -1.728830E+000, -1.528143E+000
7.781600E-002, -5.735867E-001, 2.310909E+000, 5.153284E+000, 1.028870E+000, 2.435429E+000, -1.776088E+000, -1.640749E+000
7.782400E-002, -7.204388E-001, 2.478910E+000, 5.517084E+000, 9.511978E-001, 2.403417E+000, -1.839769E+000, -1.717628E+000
7.783200E-002, -5.995018E-001, 2.746997E+000, 5.637268E+000, 7.148055E-001, 2.192710E+000, -1.893407E+000, -1.826225E+000
7.784000E-002, -2.885210E-001, 2.721975E+000, 5.432630E+000, 4.333860E-001, 1.901974E+000, -1.940429E+000, -1.973615E+000
7.784800E-002, -1.658564E-001, 2.571847E+000, 5.252355E+000, 2.690370E-001, 1.744660E+000, -1.993241E+000, -2.076317E+000
7.785600E-002, -3.610832E-001, 2.671932E+000, 5.252355E+000, 2.544032E-001, 1.876531E+000, -2.021832E+000, -2.108271E+000
7.786400E-002, -5.925911E-001, 2.956105E+000, 5.398524E+000, 1.981193E-001, 2.166551E+000, -1.997730E+000, -2.104852E+000
7.787200E-002, -6.133232E-001, 2.977551E+000, 5.515460E+000, 4.952983E-002, 2.307142E+000, -1.938067E+000, -2.079147E+000
7.788000E-002, -6.357829E-001, 2.582570E+000, 5.422885E+000, -5.065551E-002, 2.216481E+000, -1.860208E+000, -2.061696E+000
7.788800E-002, -7.964563E-001, 2.418144E+000, 5.161405E+000, -1.913652E-002, 2.030500E+000, -1.775498E+000, -2.085868E+000
7.789600E-002, -7.359878E-001, 2.761295E+000, 5.037973E+000, 1.778571E-001, 1.875695E+000, -1.703665E+000, -2.122067E+000
7.790400E-002, -4.785648E-001, 2.954317E+000, 5.237738E+000, 5.223145E-001, 1.842847E+000, -1.650972E+000, -2.131382E+000
7.791200E-002, -5.960464E-001, 2.841721E+000, 5.448871E+000, 9.624546E-001, 1.956084E+000, -1.610920E+000, -2.123482E+000
7.792000E-002, -1.005504E+000, 2.877466E+000, 5.531701E+000, 1.344059E+000, 2.141706E+000, -1.579966E+000, -2.121477E+000
7.792800E-002, -1.100526E+000, 3.027594E+000, 5.599913E+000, 1.517414E+000, 2.355996E+000, -1.567679E+000, -2.134566E+000
7.793600E-002, -1.003777E+000, 3.043679E+000, 5.471609E+000, 1.529796E+000, 2.581395E+000, -1.586110E+000, -2.164279E+000
7.794400E-002, -1.098799E+000, 2.984700E+000, 5.320567E+000, 1.412726E+000, 2.684718E+000, -1.630887E+000, -2.212388E+000
7.795200E-002, -1.221463E+000, 3.022233E+000, 5.583672E+000, 1.217983E+000, 2.588920E+000, -1.692205E+000, -2.291861E+000
7.796000E-002, -1.185182E+000, 3.251000E+000, 5.887380E+000, 1.113295E+000, 2.395653E+000, -1.768409E+000, -2.398689E+000
7.796800E-002, -1.027964E+000, 3.488704E+000, 5.713600E+000, 9.894708E-001, 2.146842E+000, -1.859854E+000, -2.498561E+000
7.797600E-002, -7.601752E-001, 3.413639E+000, 5.487850E+000, 6.922919E-001, 1.868409E+000, -1.956615E+000, -2.576972E+000
7.798400E-002, -5.010245E-001, 3.152701E+000, 5.697359E+000, 4.266319E-001, 1.679083E+000, -2.037545E+000, -2.638051E+000
7.799200E-002, -5.079352E-001, 3.081212E+000, 5.789933E+000, 4.232549E-001, 1.562263E+000, -2.083859E+000, -2.667057E+000
7.800000E-002, -7.636305E-001, 3.188446E+000, 5.443999E+000, 6.270026E-001, 1.505167E+000, -2.084804E+000, -2.659157E+000
7.800800E-002, -9.847724E-001, 3.297468E+000, 5.408268E+000, 7.733407E-001, 1.688400E+000, -2.046643E+000, -2.629797E+000
7.801600E-002, -1.081522E+000, 3.392192E+000, 5.796430E+000, 7.226852E-001, 2.141348E+000, -1.998912E+000, -2.582278E+000
7.802400E-002, -1.045241E+000, 3.545896E+000, 5.944223E+000, 6.945432E-001, 2.671459E+000, -1.958151E+000, -2.527921E+000
7.803200E-002, -9.709510E-001, 3.769301E+000, 5.900373E+000, 8.814058E-001, 3.048915E+000, -1.920345E+000, -2.497499E+000
7.804000E-002, -1.034875E+000, 3.876536E+000, 5.911741E+000, 1.120049E+000, 3.005197E+000, -1.900614E+000, -2.518134E+000
7.804800E-002, -1.005504E+000, 3.721046E+000, 5.892252E+000, 1.207852E+000, 2.521671E+000, -1.911720E+000, -2.610460E+000
7.805600E-002, -7.584475E-001, 3.531598E+000, 5.874387E+000, 1.197721E+000, 1.949156E+000, -1.939130E+000, -2.745233E+000
7.806400E-002, -7.256218E-001, 3.631683E+000, 5.947472E+000, 1.211229E+000, 1.545660E+000, -1.984498E+000, -2.842393E+000
7.807200E-002, -1.024509E+000, 3.892621E+000, 6.176470E+000, 1.261885E+000, 1.358365E+000, -2.053731E+000, -2.866211E+000
7.808000E-002, -1.164450E+000, 4.003430E+000, 6.441199E+000, 1.282147E+000, 1.396230E+000, -2.119657E+000, -2.840035E+000
7.808800E-002, -9.312146E-001, 3.971260E+000, 6.450944E+000, 1.181962E+000, 1.585436E+000, -2.166797E+000, -2.794049E+000
7.809600E-002, -7.688136E-001, 3.885472E+000, 6.244683E+000, 9.928479E-001, 1.864945E+000, -2.205667E+000, -2.751482E+000
7.810400E-002, -8.897505E-001, 3.781812E+000, 6.132619E+000, 8.116137E-001, 2.234876E+000, -2.226225E+000, -2.718113E+000
7.811200E-002, -9.363976E-001, 3.744280E+000, 6.195960E+000, 6.168715E-001, 2.546396E+000, -2.231069E+000, -2.701016E+000
7.812000E-002, -8.413757E-001, 3.742493E+000, 6.295030E+000, 4.480198E-001, 2.581992E+000, -2.256470E+000, -2.734975E+000
7.812800E-002, -8.275543E-001, 3.724620E+000, 6.293406E+000, 4.097467E-001, 2.323745E+000, -2.308572E+000, -2.846048E+000
7.813600E-002, -7.722689E-001, 3.772876E+000, 6.256052E+000, 5.054294E-001, 1.930761E+000, -2.374380E+000, -3.011833E+000
7.814400E-002, -6.375105E-001, 3.890834E+000, 6.400597E+000, 6.776581E-001, 1.620195E+000, -2.450111E+000, -3.190588E+000
7.815200E-002, -7.394431E-001, 3.901557E+000, 6.577624E+000, 8.318760E-001, 1.563218E+000, -2.505522E+000, -3.345407E+000
7.816000E-002, -1.057335E+000, 3.858664E+000, 6.506164E+000, 8.960396E-001, 1.716948E+000, -2.504222E+000, -3.432072E+000
7.816800E-002, -1.152357E+000, 4.037388E+000, 6.376235E+000, 8.633949E-001, 1.874739E+000, -2.446331E+000, -3.429242E+000
7.817600E-002, -9.415807E-001, 4.317986E+000, 6.413589E+000, 7.429474E-001, 1.910813E+000, -2.347206E+000, -3.372762E+000
7.818400E-002, -8.068223E-001, 4.232198E+000, 6.554886E+000, 5.718443E-001, 1.836158E+000, -2.227170E+000, -3.304727E+000
7.819200E-002, -9.381253E-001, 3.890834E+000, 6.731914E+000, 4.232549E-001, 1.703928E+000, -2.124265E+000, -3.232329E+000
7.820000E-002, -1.064245E+000, 3.974834E+000, 6.770893E+000, 3.343263E-001, 1.545540E+000, -2.071099E+000, -3.161463E+000
7.820800E-002, -8.966612E-001, 4.332283E+000, 6.610106E+000, 3.962386E-001, 1.360395E+000, -2.068382E+000, -3.110054E+000
7.821600E-002, -5.891358E-001, 4.225049E+000, 6.498043E+000, 6.393850E-001, 1.182059E+000, -2.084095E+000, -3.089419E+000
7.822400E-002, -5.269396E-001, 3.887259E+000, 6.527277E+000, 8.341273E-001, 1.090801E+000, -2.087049E+000, -3.114770E+000
7.823200E-002, -7.083451E-001, 3.885472E+000, 6.556510E+000, 8.318760E-001, 1.154945E+000, -2.090829E+000, -3.186107E+000
7.824000E-002, -7.498091E-001, 4.042750E+000, 6.550014E+000, 7.271879E-001, 1.390735E+000, -2.124974E+000, -3.266405E+000
7.824800E-002, -6.046848E-001, 4.055261E+000, 6.592241E+000, 5.966093E-001, 1.711454E+000, -2.177194E+000, -3.341280E+000
7.825600E-002, -6.927960E-001, 3.962324E+000, 6.756276E+000, 4.378887E-001, 1.997890E+000, -2.206494E+000, -3.436199E+000
7.826400E-002, -9.122102E-001, 3.951600E+000, 6.920310E+000, 1.969936E-001, 2.212181E+000, -2.199405E+000, -3.539962E+000
7.827200E-002, -8.068223E-001, 4.155346E+000, 6.894324E+000, -1.452124E-001, 2.328762E+000, -2.182629E+000, -3.603752E+000
7.828000E-002, -6.064125E-001, 4.289390E+000, 6.775765E+000, -4.592766E-001, 2.275130E+000, -2.174359E+000, -3.619317E+000
7.828800E-002, -5.787697E-001, 4.101729E+000, 6.731914E+000, -5.583363E-001, 1.980929E+000, -2.188536E+000, -3.608941E+000
7.829600E-002, -5.234843E-001, 3.958749E+000, 6.892700E+000, -4.592766E-001, 1.455596E+000, -2.240757E+000, -3.587834E+000
7.830400E-002, -3.973643E-001, 3.976622E+000, 7.154181E+000, -2.566546E-001, 8.259842E-001, -2.296521E+000, -3.572859E+000
7.831200E-002, -3.317128E-001, 3.915855E+000, 7.011260E+000, 9.005423E-002, 2.386575E-001, -2.333619E+000, -3.561304E+000
7.832000E-002, -4.440114E-001, 3.910494E+000, 6.653957E+000, 4.592766E-001, -1.312736E-001, -2.360438E+000, -3.530883E+000
7.832800E-002, -5.597653E-001, 3.969473E+000, 6.814744E+000, 7.744664E-001, -7.704408E-002, -2.343898E+000, -3.449169E+000
7.833600E-002, -4.180964E-001, 3.924792E+000, 7.214273E+000, 1.196596E+000, 4.224882E-001, -2.254225E+000, -3.295648E+000
7.834400E-002, -3.438065E-001, 3.878323E+000, 7.160677E+000, 1.535425E+000, 1.148255E+000, -2.094610E+000, -3.108167E+000
7.835200E-002, -5.131183E-001, 3.872962E+000, 6.902445E+000, 1.464507E+000, 1.765325E+000, -1.916682E+000, -2.944151E+000
7.836000E-002, -5.148459E-001, 3.872962E+000, 6.949544E+000, 1.161700E+000, 2.001832E+000, -1.802081E+000, -2.848760E+000
7.836800E-002, -2.764273E-001, 3.906919E+000, 7.087593E+000, 8.307503E-001, 1.825885E+000, -1.766637E+000, -2.851118E+000
7.837600E-002, -1.934991E-001, 3.914068E+000, 7.045366E+000, 3.962386E-001, 1.395752E+000, -1.782941E+000, -2.923752E+000
7.838400E-002, -3.317128E-001, 3.806834E+000, 7.030749E+000, -4.615279E-002, 9.130620E-001, -1.839533E+000, -3.016431E+000
7.839200E-002, -3.956366E-001, 3.631683E+000, 7.077848E+000, -2.465235E-001, 5.255721E-001, -1.923771E+000, -3.111351E+000
7.840000E-002, -4.284624E-001, 3.594151E+000, 7.027501E+000, -2.048734E-001, 3.031595E-001, -2.012499E+000, -3.200257E+000
7.840800E-002, -5.183012E-001, 3.742493E+000, 6.908941E+000, -1.598463E-001, 2.801060E-001, -2.084331E+000, -3.255558E+000
7.841600E-002, -4.353731E-001, 3.792536E+000, 6.842353E+000, -1.136935E-001, 4.288190E-001, -2.138915E+000, -3.259802E+000
7.842400E-002, -3.196191E-001, 3.712109E+000, 6.845601E+000, 1.564692E-001, 6.589957E-001, -2.182511E+000, -3.221717E+000
7.843200E-002, -3.109808E-001, 3.696024E+000, 6.939799E+000, 5.504565E-001, 9.018338E-001, -2.203186E+000, -3.141890E+000
7.844000E-002, -9.674957E-002, 3.581640E+000, 7.211025E+000, 8.543895E-001, 1.083515E+000, -2.199642E+000, -3.019143E+000
7.844800E-002, 3.800876E-002, 3.419001E+000, 7.332833E+000, 1.063766E+000, 1.089606E+000, -2.190781E+000, -2.884016E+000
7.845600E-002, -3.023424E-001, 3.442235E+000, 6.917062E+000, 1.126804E+000, 8.777053E-001, -2.194679E+000, -2.767047E+000
7.846400E-002, -5.580377E-001, 3.544108E+000, 6.441199E+000, 1.165077E+000, 5.315444E-001, -2.212638E+000, -2.664817E+000
7.847200E-002, -5.044799E-001, 3.649556E+000, 6.475306E+000, 1.336180E+000, 1.835919E-001, -2.219727E+000, -2.574025E+000
7.848000E-002, -5.303950E-001, 3.701386E+000, 6.722169E+000, 1.366573E+000, -5.721568E-002, -2.192199E+000, -2.506343E+000
7.848800E-002, -4.854755E-001, 3.658492E+000, 6.800127E+000, 1.199973E+000, -1.691386E-001, -2.131235E+000, -2.448448E+000
7.849600E-002, -3.248021E-001, 3.617385E+000, 6.772517E+000, 1.153820E+000, -1.942228E-001, -2.033647E+000, -2.367796E+000
7.850400E-002, -3.749046E-001, 3.526236E+000, 6.723794E+000, 1.215732E+000, -1.100118E-001, -1.895888E+000, -2.255897E+000
7.851200E-002, -4.802925E-001, 3.449384E+000, 6.689687E+000, 1.285524E+000, 1.550438E-001, -1.752341E+000, -2.132325E+000
7.852000E-002, -3.749046E-001, 3.551257E+000, 6.600361E+000, 1.270890E+000, 5.729930E-001, -1.641520E+000, -2.022431E+000
7.852800E-002, -2.436016E-001, 3.638832E+000, 6.538646E+000, 1.011984E+000, 9.664553E-001, -1.575713E+000, -1.949915E+000
7.853600E-002, -1.969545E-001, 3.531598E+000, 6.766020E+000, 6.292539E-001, 1.109315E+000, -1.572168E+000, -1.934115E+000
7.854400E-002, -9.674957E-002, 3.385043E+000, 7.022629E+000, 2.904249E-001, 9.002810E-001, -1.643765E+000, -1.983048E+000
7.855200E-002, -2.073205E-002, 3.343937E+000, 6.962537E+000, 8.555152E-002, 4.183076E-001, -1.777743E+000, -2.079736E+000
7.856000E-002, -8.292820E-002, 3.410065E+000, 6.800127E+000, 1.125678E-003, -1.611356E-001, -1.950354E+000, -2.174066E+000
7.856800E-002, -7.428985E-002, 3.510151E+000, 6.665326E+000, -1.834855E-001, -6.530232E-001, -2.133716E+000, -2.210029E+000
7.857600E-002, 1.313030E-001, 3.612024E+000, 6.524029E+000, -2.307640E-001, -9.275152E-001, -2.295576E+000, -2.158148E+000
7.858400E-002, 2.643336E-001, 3.656705E+000, 6.496419E+000, 2.983046E-001, -9.210650E-001, -2.409233E+000, -2.019011E+000
7.859200E-002, 1.883161E-001, 3.553045E+000, 6.511036E+000, 9.714600E-001, -6.353449E-001, -2.456727E+000, -1.799695E+000
7.860000E-002, 1.641287E-001, 3.463682E+000, 6.491547E+000, 1.261885E+000, -1.776195E-001, -2.440305E+000, -1.514701E+000
7.860800E-002, 2.384186E-001, 3.503002E+000, 6.587368E+000, 1.446496E+000, 2.527524E-001, -2.380759E+000, -1.217444E+000
7.861600E-002, 2.107759E-001, 3.470831E+000, 6.702680E+000, 1.605217E+000, 4.437500E-001, -2.304201E+000, -9.720687E-001
7.862400E-002, 7.774519E-002, 3.406490E+000, 6.668574E+000, 1.335054E+000, 2.750892E-001, -2.240757E+000, -8.087602E-001
7.863200E-002, -7.601752E-002, 3.503002E+000, 6.587368E+000, 7.305650E-001, -1.814418E-001, -2.207203E+000, -7.345934E-001
7.864000E-002, -8.638354E-002, 3.528023E+000, 6.577624E+000, 1.902396E-001, -7.107167E-001, -2.201296E+000, -7.307023E-001
7.864800E-002, 3.973643E-002, 3.211681E+000, 6.621475E+000, -9.793398E-002, -1.101193E+000, -2.212874E+000, -7.440264E-001
7.865600E-002, 5.701314E-002, 2.963253E+000, 6.558135E+000, -8.442584E-002, -1.227927E+000, -2.208857E+000, -7.312918E-001
7.866400E-002, 6.737916E-002, 3.197383E+000, 6.366490E+000, -3.377034E-002, -1.092234E+000, -2.167033E+000, -6.804717E-001
7.867200E-002, 1.917715E-001, 3.579853E+000, 6.265796E+000, -1.373327E-001, -7.897915E-001, -2.120484E+000, -5.927449E-001
7.868000E-002, 1.814054E-001, 3.706748E+000, 6.251179E+000, -1.418354E-001, -4.362248E-001, -2.098627E+000, -4.795492E-001
7.868800E-002, 3.455342E-002, 3.629896E+000, 6.238186E+000, 5.403254E-002, -1.697359E-001, -2.090002E+000, -3.687116E-001
7.869600E-002, 6.910684E-003, 3.460108E+000, 6.376235E+000, 2.611573E-001, -1.116841E-001, -2.089884E+000, -2.861730E-001
7.870400E-002, 1.554904E-001, 3.251000E+000, 6.522405E+000, 3.737251E-001, -2.779559E-001, -2.111387E+000, -2.288677E-001
7.871200E-002, 3.438065E-001, 3.229553E+000, 6.410341E+000, 4.423914E-001, -6.018994E-001, -2.161953E+000, -1.762788E-001
7.872000E-002, 4.267347E-001, 3.485129E+000, 6.285285E+000, 5.594619E-001, -9.595273E-001, -2.231896E+000, -1.201526E-001
7.872800E-002, 3.766322E-001, 3.601300E+000, 6.413589E+000, 6.934175E-001, -1.190421E+000, -2.302901E+000, -4.869776E-002
7.873600E-002, 2.919764E-001, 3.374320E+000, 6.522405E+000, 7.361934E-001, -1.212041E+000, -2.353940E+000, 5.093810E-002
7.874400E-002, 2.850657E-001, 3.281383E+000, 6.338881E+000, 6.934175E-001, -1.062014E+000, -2.364692E+000, 1.569412E-001
7.875200E-002, 2.660613E-001, 3.494066E+000, 6.147236E+000, 6.821608E-001, -8.310010E-001, -2.342953E+000, 2.589353E-001
7.876000E-002, 1.243923E-001, 3.608449E+000, 6.236562E+000, 8.104881E-001, -5.973604E-001, -2.311172E+000, 3.695370E-001
7.876800E-002, 1.226646E-001, 3.585215E+000, 6.411965E+000, 8.791544E-001, -4.156797E-001, -2.271002E+000, 4.840298E-001
7.877600E-002, 3.904536E-001, 3.631683E+000, 6.452568E+000, 6.179972E-001, -3.708866E-001, -2.234849E+000, 5.961644E-001
7.878400E-002, 5.476717E-001, 3.620960E+000, 6.343753E+000, 2.363923E-001, -5.344112E-001, -2.235913E+000, 6.869568E-001
7.879200E-002, 4.526498E-001, 3.494066E+000, 6.166726E+000, 6.303796E-002, -8.802137E-001, -2.272301E+000, 7.435547E-001
7.880000E-002, 3.800876E-001, 3.365384E+000, 6.122875E+000, 7.316906E-002, -1.317752E+000, -2.306800E+000, 7.981481E-001
7.880800E-002, 3.628109E-001, 3.172361E+000, 6.254427E+000, 1.148191E-001, -1.726265E+000, -2.318497E+000, 8.617028E-001
7.881600E-002, 3.334405E-001, 2.888189E+000, 6.230066E+000, 1.632233E-001, -1.985707E+000, -2.299829E+000, 9.175932E-001
7.882400E-002, 3.852706E-001, 2.848870E+000, 5.978329E+000, 2.622829E-001, -2.009357E+000, -2.241702E+000, 9.732478E-001
7.883200E-002, 4.802925E-001, 3.143765E+000, 5.858146E+000, 3.388290E-001, -1.783720E+000, -2.145058E+000, 1.043995E+000
7.884000E-002, 4.872032E-001, 3.372533E+000, 5.901997E+000, 3.782278E-001, -1.403636E+000, -2.019942E+000, 1.130779E+000
7.884800E-002, 3.679939E-001, 3.356447E+000, 5.913365E+000, 5.628389E-001, -9.994230E-001, -1.884428E+000, 1.218977E+000
7.885600E-002, 2.315079E-001, 3.343937E+000, 5.914989E+000, 8.431327E-001, -6.654459E-001, -1.766991E+000, 1.305407E+000
7.886400E-002, 2.332356E-001, 3.578066E+000, 5.929606E+000, 9.804654E-001, -4.584422E-001, -1.688070E+000, 1.402331E+000
7.887200E-002, 4.353731E-001, 3.710322E+000, 5.921486E+000, 9.883452E-001, -4.026599E-001, -1.668576E+000, 1.509159E+000
7.888000E-002, 7.083451E-001, 3.374320E+000, 5.806174E+000, 1.007482E+000, -5.066992E-001, -1.730366E+000, 1.619053E+000
7.888800E-002, 7.739965E-001, 3.031169E+000, 5.604785E+000, 1.024367E+000, -7.681713E-001, -1.858791E+000, 1.725292E+000
7.889600E-002, 6.150509E-001, 3.145552E+000, 5.664877E+000, 9.545748E-001, -1.156139E+000, -2.019469E+000, 1.813844E+000
7.890400E-002, 4.802925E-001, 3.436873E+000, 5.934479E+000, 7.845975E-001, -1.588542E+000, -2.189836E+000, 1.885535E+000
7.891200E-002, 5.079352E-001, 3.504789E+000, 5.983202E+000, 6.033633E-001, -1.977106E+000, -2.350160E+000, 1.948972E+000
7.892000E-002, 5.874081E-001, 3.311766E+000, 5.885756E+000, 5.133091E-001, -2.275966E+000, -2.476576E+000, 1.986939E+000
7.892800E-002, 5.839527E-001, 3.136616E+000, 5.749331E+000, 4.952983E-001, -2.430054E+000, -2.534940E+000, 1.998141E+000
7.893600E-002, 5.770420E-001, 3.133042E+000, 5.507339E+000, 5.605876E-001, -2.401745E+000, -2.494652E+000, 2.030449E+000
7.894400E-002, 6.185062E-001, 3.136616E+000, 5.456992E+000, 6.799095E-001, -2.219467E+000, -2.365991E+000, 2.101786E+000
7.895200E-002, 6.530596E-001, 3.125893E+000, 5.573927E+000, 7.598326E-001, -1.922399E+000, -2.174949E+000, 2.170765E+000
7.896000E-002, 6.755193E-001, 3.215255E+000, 5.393651E+000, 9.129248E-001, -1.563457E+000, -1.926134E+000, 2.227952E+000
7.896800E-002, 6.737916E-001, 3.174148E+000, 5.119178E+000, 1.212355E+000, -1.232347E+000, -1.644710E+000, 2.295044E+000
7.897600E-002, 6.824300E-001, 2.884615E+000, 5.268596E+000, 1.479141E+000, -1.012682E+000, -1.383608E+000, 2.355769E+000
7.898400E-002, 7.066174E-001, 2.759507E+000, 5.554438E+000, 1.556813E+000, -9.364738E-001, -1.166337E+000, 2.393029E+000
7.899200E-002, 6.910684E-001, 2.957892E+000, 5.572303E+000, 1.447622E+000, -9.830586E-001, -9.993968E-001, 2.417437E+000
7.900000E-002, 7.584475E-001, 3.149127E+000, 5.541445E+000, 1.331677E+000, -1.125082E+000, -9.054707E-001, 2.430290E+000
7.900800E-002, 9.225762E-001, 3.161638E+000, 5.508963E+000, 1.344059E+000, -1.343553E+000, -9.009812E-001, 2.436539E+000
7.901600E-002, 9.554020E-001, 3.115169E+000, 5.379035E+000, 1.335054E+000, -1.588900E+000, -9.711599E-001, 2.462008E+000
7.902400E-002, 7.446262E-001, 3.091935E+000, 5.393651E+000, 1.120049E+000, -1.782645E+000, -1.077846E+000, 2.514243E+000
7.903200E-002, 4.992969E-001, 2.970402E+000, 5.504091E+000, 6.979203E-001, -1.885967E+000, -1.197646E+000, 2.586405E+000
7.904000E-002, 5.632207E-001, 2.818486E+000, 5.422885E+000, 1.913652E-001, -1.914755E+000, -1.335640E+000, 2.690522E+000
7.904800E-002, 7.636305E-001, 2.795252E+000, 5.229617E+000, -1.722287E-001, -1.878084E+000, -1.484622E+000, 2.821404E+000
7.905600E-002, 7.066174E-001, 2.764869E+000, 5.224745E+000, -2.555289E-001, -1.807251E+000, -1.610330E+000, 2.941086E+000
7.906400E-002, 6.876130E-001, 2.820274E+000, 5.388779E+000, -1.632233E-001, -1.803668E+000, -1.686534E+000, 3.029638E+000
7.907200E-002, 7.791796E-001, 3.129467E+000, 5.458616E+000, -3.939873E-002, -1.912843E+000, -1.712762E+000, 3.084585E+000
7.908000E-002, 6.426936E-001, 3.259936E+000, 5.432630E+000, 1.317043E-001, -2.078876E+000, -1.700711E+000, 3.100385E+000
7.908800E-002, 4.854755E-001, 2.943594E+000, 5.366042E+000, 3.275723E-001, -2.249926E+000, -1.654398E+000, 3.091777E+000
7.909600E-002, 4.820202E-001, 2.661209E+000, 5.263723E+000, 5.707187E-001, -2.373435E+000, -1.580439E+000, 3.077274E+000
7.910400E-002, 5.131183E-001, 2.657634E+000, 5.205256E+000, 9.579519E-001, -2.407239E+000, -1.489584E+000, 3.055932E+000
7.911200E-002, 5.373057E-001, 2.736273E+000, 5.031476E+000, 1.198847E+000, -2.360057E+000, -1.376046E+000, 3.032350E+000
7.912000E-002, 5.200289E-001, 2.877466E+000, 4.813846E+000, 1.070520E+000, -2.238101E+000, -1.241478E+000, 3.015724E+000
7.912800E-002, 4.630158E-001, 2.965041E+000, 4.899924E+000, 8.645206E-001, -2.061437E+000, -1.106083E+000, 3.001339E+000
7.913600E-002, 3.973643E-001, 2.859593E+000, 5.185766E+000, 7.339420E-001, -1.900062E+000, -9.770672E-001, 2.982473E+000
7.914400E-002, 4.820202E-001, 2.755933E+000, 5.331936E+000, 5.662160E-001, -1.812268E+000, -8.584486E-001, 2.965611E+000
7.915200E-002, 7.601752E-001, 2.686230E+000, 5.253979E+000, 3.951129E-001, -1.809759E+000, -7.710207E-001, 2.957239E+000
7.916000E-002, 8.845675E-001, 2.564698E+000, 5.101313E+000, 3.196925E-001, -1.878442E+000, -7.195090E-001, 2.948514E+000
7.916800E-002, 7.325324E-001, 2.607592E+000, 5.020108E+000, 3.208182E-001, -1.987140E+000, -6.856011E-001, 2.938963E+000
7.917600E-002, 6.513319E-001, 2.875678E+000, 5.010363E+000, 2.757911E-001, -2.086163E+000, -6.707147E-001, 2.948278E+000
7.918400E-002, 7.774519E-001, 3.068701E+000, 5.075327E+000, 1.744801E-001, -2.118653E+000, -6.767401E-001, 2.989547E+000
7.919200E-002, 7.757242E-001, 3.015084E+000, 5.153284E+000, 1.215732E-001, -2.053314E+000, -6.795756E-001, 3.060648E+000
7.920000E-002, 6.185062E-001, 2.875678E+000, 5.067207E+000, 1.688517E-002, -1.919532E+000, -6.750861E-001, 3.150380E+000
7.920800E-002, 6.426936E-001, 2.795252E+000, 4.953519E+000, -2.093761E-001, -1.782764E+000, -6.695333E-001, 3.237871E+000
7.921600E-002, 7.325324E-001, 2.729124E+000, 5.060710E+000, -3.140641E-001, -1.670244E+000, -6.459041E-001, 3.296945E+000
7.922400E-002, 7.273495E-001, 2.745209E+000, 5.133795E+000, -5.628389E-002, -1.581494E+000, -6.150680E-001, 3.328074E+000
7.923200E-002, 7.895456E-001, 2.877466E+000, 4.945399E+000, 5.223145E-001, -1.555215E+000, -6.096332E-001, 3.354486E+000
7.924000E-002, 7.981839E-001, 2.897125E+000, 4.791109E+000, 1.161700E+000, -1.646952E+000, -6.175490E-001, 3.368989E+000
7.924800E-002, 7.048897E-001, 2.788103E+000, 4.765123E+000, 1.640113E+000, -1.848580E+000, -6.232200E-001, 3.355311E+000
7.925600E-002, 8.672908E-001, 2.725550E+000, 4.718024E+000, 1.838232E+000, -2.096794E+000, -6.434230E-001, 3.325715E+000
7.926400E-002, 1.109165E+000, 2.670145E+000, 4.843080E+000, 1.831478E+000, -2.324223E+000, -6.650437E-001, 3.290106E+000
7.927200E-002, 9.588574E-001, 2.666571E+000, 5.177646E+000, 1.727916E+000, -2.456572E+000, -6.581912E-001, 3.257680E+000
7.928000E-002, 7.860903E-001, 2.818486E+000, 5.192263E+000, 1.369950E+000, -2.446419E+000, -6.278277E-001, 3.250252E+000
7.928800E-002, 9.795894E-001, 2.872104E+000, 4.882059E+000, 8.408814E-001, -2.307978E+000, -5.758435E-001, 3.269235E+000
7.929600E-002, 1.097071E+000, 2.643337E+000, 4.844704E+000, 4.592766E-001, -2.085924E+000, -4.904239E-001, 3.300600E+000
7.930400E-002, 9.778617E-001, 2.430654E+000, 4.984377E+000, 2.195072E-001, -1.853597E+000, -3.823204E-001, 3.343756E+000
7.931200E-002, 9.156656E-001, 2.595081E+000, 5.028228E+000, 1.069394E-001, -1.684697E+000, -2.693728E-001, 3.388327E+000
7.932000E-002, 9.018442E-001, 3.007935E+000, 5.088320E+000, 1.947423E-001, -1.596306E+000, -1.645773E-001, 3.399882E+000
7.932800E-002, 8.983889E-001, 3.249213E+000, 4.989250E+000, 4.480198E-001, -1.605384E+000, -8.754617E-002, 3.364980E+000
7.933600E-002, 9.588574E-001, 3.156276E+000, 4.768372E+000, 8.262476E-001, -1.725429E+000, -5.068462E-002, 3.296355E+000
7.934400E-002, 9.346699E-001, 2.907849E+000, 4.765123E+000, 1.190967E+000, -1.886326E+000, -5.481973E-002, 3.202615E+000
7.935200E-002, 7.860903E-001, 2.809550E+000, 4.831711E+000, 1.446496E+000, -2.016763E+000, -9.735228E-002, 3.102743E+000
7.936000E-002, 7.221664E-001, 2.931083E+000, 4.750506E+000, 1.705402E+000, -2.104319E+000, -1.685943E-001, 3.021502E+000
7.936800E-002, 8.327374E-001, 2.965041E+000, 4.664429E+000, 1.966559E+000, -2.126417E+000, -2.566130E-001, 2.964550E+000
7.937600E-002, 9.554020E-001, 2.782742E+000, 4.690414E+000, 1.992450E+000, -2.086163E+000, -3.532565E-001, 2.937312E+000
7.938400E-002, 9.363976E-001, 2.675507E+000, 4.812222E+000, 1.646867E+000, -2.037428E+000, -4.461192E-001, 2.938609E+000
7.939200E-002, 7.428985E-001, 2.791678E+000, 4.945399E+000, 1.170705E+000, -2.011866E+000, -5.251589E-001, 2.939435E+000
7.940000E-002, 5.977741E-001, 2.941807E+000, 4.997370E+000, 8.667720E-001, -2.023333E+000, -5.946287E-001, 2.932478E+000
7.940800E-002, 7.964563E-001, 3.034743E+000, 4.943775E+000, 6.551445E-001, -2.069320E+000, -6.547650E-001, 2.939553E+000
7.941600E-002, 1.036602E+000, 3.134829E+000, 4.852825E+000, 4.671563E-001, -2.115069E+000, -6.867825E-001, 2.950754E+000
7.942400E-002, 9.122102E-001, 3.186659E+000, 4.831711E+000, 4.806645E-001, -2.143378E+000, -6.841834E-001, 2.941911E+000
7.943200E-002, 7.031620E-001, 3.131254E+000, 4.908044E+000, 7.283136E-001, -2.150067E+000, -6.705965E-001, 2.916324E+000
7.944000E-002, 7.515368E-001, 3.081212E+000, 4.911293E+000, 9.973506E-001, -2.121758E+000, -6.550013E-001, 2.877295E+000
7.944800E-002, 9.225762E-001, 3.075850E+000, 4.830087E+000, 1.123427E+000, -2.064543E+000, -6.106966E-001, 2.826357E+000
7.945600E-002, 1.060790E+000, 3.102659E+000, 4.925910E+000, 1.230366E+000, -1.990246E+000, -5.349650E-001, 2.768226E+000
7.946400E-002, 1.154084E+000, 3.188446E+000, 5.036349E+000, 1.386835E+000, -1.900062E+000, -4.593515E-001, 2.700073E+000
7.947200E-002, 1.093616E+000, 3.127680E+000, 4.934030E+000, 1.288901E+000, -1.814060E+000, -3.922446E-001, 2.628736E+000
7.948000E-002, 9.001165E-001, 2.929296E+000, 4.898300E+000, 8.318760E-001, -1.748363E+000, -3.273825E-001, 2.565181E+000
7.948800E-002, 9.813170E-001, 2.861380E+000, 5.015235E+000, 4.266319E-001, -1.698553E+000, -2.784701E-001, 2.516484E+000
7.949600E-002, 1.414962E+000, 2.891764E+000, 5.104561E+000, 2.825451E-001, -1.672514E+000, -2.579127E-001, 2.491840E+000
7.950400E-002, 1.509984E+000, 3.082999E+000, 5.205256E+000, 1.272016E-001, -1.678725E+000, -2.537776E-001, 2.483822E+000
7.951200E-002, 1.095343E+000, 3.435086E+000, 5.227993E+000, -8.442584E-002, -1.700345E+000, -2.582671E-001, 2.480756E+000
7.952000E-002, 8.621078E-001, 3.513725E+000, 4.997370E+000, -4.390144E-002, -1.709423E+000, -2.770523E-001, 2.478162E+000
7.952800E-002, 9.294869E-001, 3.259936E+000, 4.859321E+000, 2.183815E-001, -1.689953E+000, -3.069432E-001, 2.473328E+000
7.953600E-002, 9.726787E-001, 3.111595E+000, 5.085072E+000, 4.119981E-001, -1.656866E+000, -3.432141E-001, 2.463187E+000
7.954400E-002, 1.090160E+000, 3.179510E+000, 5.236114E+000, 5.346970E-001, -1.642771E+000, -3.843288E-001, 2.430879E+000
7.955200E-002, 1.287115E+000, 3.283170E+000, 5.156532E+000, 6.044890E-001, -1.665825E+000, -4.246166E-001, 2.370744E+000
7.956000E-002, 1.333762E+000, 3.358235E+000, 5.190639E+000, 4.277576E-001, -1.713126E+000, -4.548620E-001, 2.299407E+000
7.956800E-002, 1.231829E+000, 3.367171E+000, 5.265347E+000, 1.688517E-001, -1.760189E+000, -4.717569E-001, 2.223000E+000
7.957600E-002, 1.243923E+000, 3.358235E+000, 5.213376E+000, 1.238246E-001, -1.799606E+000, -4.755375E-001, 2.135037E+000
7.958400E-002, 1.425328E+000, 3.463682E+000, 5.171149E+000, 8.780287E-002, -1.823496E+000, -4.561616E-001, 2.033397E+000
7.959200E-002, 1.430511E+000, 3.506576E+000, 5.236114E+000, 4.502711E-003, -1.806654E+000, -4.148105E-001, 1.935294E+000
7.960000E-002, 1.138535E+000, 3.440448E+000, 5.279964E+000, 7.429474E-002, -1.740241E+000, -3.753498E-001, 1.863957E+000
7.960800E-002, 9.087549E-001, 3.535172E+000, 5.153284E+000, 1.362070E-001, -1.649818E+000, -3.382519E-001, 1.804765E+000
7.961600E-002, 1.022781E+000, 3.629896E+000, 5.081824E+000, 1.317043E-001, -1.573013E+000, -2.839048E-001, 1.728476E+000
7.962400E-002, 1.247378E+000, 3.479767E+000, 5.192263E+000, 1.913652E-001, -1.542554E+000, -2.284943E-001, 1.647588E+000
7.963200E-002, 1.247378E+000, 3.363596E+000, 5.185766E+000, 1.058137E-001, -1.565130E+000, -1.996667E-001, 1.590754E+000
7.964000E-002, 1.212825E+000, 3.513725E+000, 5.083448E+000, -1.542179E-001, -1.614940E+000, -1.866706E-001, 1.543471E+000
7.964800E-002, 1.262927E+000, 3.763940E+000, 5.150036E+000, -3.129385E-001, -1.668094E+000, -1.754468E-001, 1.479209E+000
7.965600E-002, 1.188638E+000, 3.849727E+000, 5.249106E+000, -3.759764E-001, -1.704645E+000, -1.788730E-001, 1.417305E+000
7.966400E-002, 1.090160E+000, 3.785387E+000, 5.182518E+000, -3.444574E-001, -1.703570E+000, -2.026203E-001, 1.369669E+000
7.967200E-002, 9.985937E-001, 3.765727E+000, 5.161405E+000, -1.114421E-001, -1.671558E+000, -2.286125E-001, 1.305289E+000
7.968000E-002, 9.018442E-001, 3.803259E+000, 5.328688E+000, 2.240099E-001, -1.628557E+000, -2.451529E-001, 1.219566E+000
7.968800E-002, 1.112620E+000, 3.813982E+000, 5.448871E+000, 5.572106E-001, -1.581852E+000, -2.554316E-001, 1.129246E+000
7.969600E-002, 1.473703E+000, 3.667428E+000, 5.434254E+000, 9.027936E-001, -1.543748E+000, -2.646470E-001, 1.032794E+000
7.970400E-002, 1.475431E+000, 3.349298E+000, 5.421261E+000, 1.152694E+000, -1.521053E+000, -2.815419E-001, 9.297382E-001
7.971200E-002, 1.347583E+000, 3.363596E+000, 5.406644E+000, 1.163951E+000, -1.496447E+000, -3.000908E-001, 8.271545E-001
7.972000E-002, 1.437422E+000, 3.833642E+000, 5.385531E+000, 1.033372E+000, -1.455715E+000, -3.037533E-001, 7.344754E-001
7.972800E-002, 1.525533E+000, 4.023090E+000, 5.418013E+000, 8.498868E-001, -1.409250E+000, -2.958375E-001, 6.606624E-001
7.973600E-002, 1.477159E+000, 3.803259E+000, 5.564183E+000, 5.493308E-001, -1.368160E+000, -2.863858E-001, 6.065407E-001
7.974400E-002, 1.364860E+000, 3.671003E+000, 5.755827E+000, 2.780424E-001, -1.326353E+000, -2.722083E-001, 5.544235E-001
7.975200E-002, 1.250834E+000, 3.658492E+000, 5.724969E+000, 1.767314E-001, -1.285263E+000, -2.557860E-001, 4.922837E-001
7.976000E-002, 1.237012E+000, 3.690662E+000, 5.593417E+000, 4.502711E-002, -1.264240E+000, -2.434988E-001, 4.468875E-001
7.976800E-002, 1.328579E+000, 3.849727E+000, 5.726593E+000, -9.455694E-002, -1.273318E+000, -2.312117E-001, 4.264886E-001
7.977600E-002, 1.413235E+000, 3.967685E+000, 5.828912E+000, 3.827305E-002, -1.296610E+000, -2.150257E-001, 3.905254E-001
7.978400E-002, 1.401141E+000, 3.978409E+000, 5.689239E+000, 2.476491E-001, -1.312855E+000, -2.007300E-001, 3.277961E-001
7.979200E-002, 1.300936E+000, 4.098155E+000, 5.703856E+000, 3.467088E-001, -1.331967E+000, -1.954134E-001, 2.581099E-001
7.980000E-002, 1.278476E+000, 4.267943E+000, 5.874387E+000, 6.596472E-001, -1.361829E+000, -1.973038E-001, 1.860655E-001
7.980800E-002, 1.470248E+000, 4.182155E+000, 5.919862E+000, 1.217983E+000, -1.363382E+000, -1.947046E-001, 1.164973E-001
7.981600E-002, 1.606734E+000, 3.951600E+000, 5.940975E+000, 1.579326E+000, -1.330414E+000, -1.832444E-001, 4.763655E-002
7.982400E-002, 1.466793E+000, 3.912281E+000, 6.059535E+000, 1.463381E+000, -1.304135E+000, -1.720205E-001, -2.841686E-002
7.983200E-002, 1.349311E+000, 3.985558E+000, 6.101761E+000, 1.134683E+000, -1.283949E+000, -1.678854E-001, -9.798509E-002
7.984000E-002, 1.425328E+000, 4.005218E+000, 5.892252E+000, 9.365640E-001, -1.257192E+000, -1.740290E-001, -1.504560E-001
7.984800E-002, 1.579091E+000, 4.028452E+000, 5.711976E+000, 6.922919E-001, -1.226972E+000, -1.923416E-001, -1.936119E-001
7.985600E-002, 1.698300E+000, 4.032026E+000, 5.953968E+000, 3.208182E-001, -1.191735E+000, -2.144349E-001, -2.316976E-001
7.986400E-002, 1.672385E+000, 4.074920E+000, 6.207328E+000, 1.249502E-001, -1.170951E+000, -2.303846E-001, -2.629443E-001
7.987200E-002, 1.527261E+000, 4.185730E+000, 5.988074E+000, 1.542179E-001, -1.178237E+000, -2.434988E-001, -2.932478E-001
7.988000E-002, 1.432239E+000, 4.248283E+000, 5.780189E+000, 1.958680E-001, -1.199021E+000, -2.560223E-001, -3.259095E-001
7.988800E-002, 1.528989E+000, 4.335858E+000, 5.940975E+000, 1.283273E-001, -1.213594E+000, -2.628748E-001, -3.527935E-001
7.989600E-002, 1.625738E+000, 4.343007E+000, 6.033549E+000, -4.502711E-003, -1.209652E+000, -2.638200E-001, -3.838044E-001
7.990400E-002, 1.523806E+000, 4.060622E+000, 5.939351E+000, -7.429474E-002, -1.191137E+000, -2.585034E-001, -4.296723E-001
7.991200E-002, 1.497891E+000, 3.953387E+000, 5.937727E+000, -7.429474E-002, -1.162470E+000, -2.495243E-001, -4.783700E-001
7.992000E-002, 1.663747E+000, 4.276879E+000, 5.927982E+000, -7.316906E-002, -1.134280E+000, -2.423174E-001, -5.244737E-001
7.992800E-002, 1.715577E+000, 4.443093E+000, 5.957216E+000, 4.502711E-003, -1.119946E+000, -2.244774E-001, -5.684550E-001
7.993600E-002, 1.644743E+000, 4.296539E+000, 6.277164E+000, 2.318897E-001, -1.105493E+000, -1.879703E-001, -6.098422E-001
7.994400E-002, 1.701756E+000, 4.207177E+000, 6.387604E+000, 5.290686E-001, -1.096057E+000, -1.560708E-001, -6.535876E-001
7.995200E-002, 1.817510E+000, 4.219687E+000, 5.991322E+000, 8.352530E-001, -1.091995E+000, -1.366949E-001, -7.000451E-001
7.996000E-002, 1.720760E+000, 4.323348E+000, 5.872763E+000, 1.017613E+000, -1.065597E+000, -1.099939E-001, -7.370695E-001
7.996800E-002, 1.523806E+000, 4.419859E+000, 6.178094E+000, 9.410667E-001, -1.031793E+000, -7.774005E-002, -7.595907E-001
7.997600E-002, 1.580819E+000, 4.273304E+000, 6.260924E+000, 7.148055E-001, -1.000737E+000, -5.765523E-002, -7.878897E-001
7.998400E-002, 1.815782E+000, 4.171432E+000, 6.230066E+000, 4.142494E-001, -9.633496E-001, -5.269311E-002, -8.199618E-001
7.999200E-002, 1.848608E+000, 4.416284E+000, 6.334008E+000, -3.714737E-002, -9.411323E-001, -4.867614E-002, -8.238530E-001
8.000000E-002, 1.682751E+000, 4.541391E+000, 6.306398E+000, -4.806645E-001, -9.229762E-001, -4.347772E-002, -8.087602E-001
8.000800E-002, 1.693117E+000, 4.305475E+000, 6.147236E+000, -6.697783E-001, -8.826027E-001, -5.647378E-002, -8.046333E-001
8.001600E-002, 1.827876E+000, 4.164282E+000, 6.135868E+000, -7.632096E-001, -8.566824E-001, -7.726747E-002, -8.031004E-001
8.002400E-002, 1.698300E+000, 4.264369E+000, 6.324264E+000, -8.982909E-001, -8.711357E-001, -8.270218E-002, -7.897763E-001
8.003200E-002, 1.511712E+000, 4.330496E+000, 6.457440E+000, -8.532639E-001, -8.882167E-001, -9.144498E-002, -7.687879E-001
8.004000E-002, 1.605006E+000, 4.366241E+000, 6.321015E+000, -5.583363E-001, -8.822443E-001, -1.172008E-001, -7.498041E-001
8.004800E-002, 1.689662E+000, 4.555689E+000, 6.223569E+000, -2.487748E-001, -8.741218E-001, -1.381126E-001, -7.410786E-001
8.005600E-002, 1.743220E+000, 4.745137E+000, 6.381107E+000, -1.159448E-001, -8.805721E-001, -1.428385E-001, -7.456771E-001
8.006400E-002, 2.023103E+000, 4.586072E+000, 6.439575E+000, -7.654610E-002, -8.891723E-001, -1.440199E-001, -7.588833E-001
8.007200E-002, 2.178593E+000, 4.216113E+000, 6.280413E+000, 7.879745E-003, -8.866639E-001, -1.440199E-001, -7.667834E-001
8.008000E-002, 1.955723E+000, 4.037388E+000, 6.197584E+000, 4.502711E-002, -8.691050E-001, -1.306694E-001, -7.718536E-001
8.008800E-002, 1.800233E+000, 4.098155E+000, 6.353498E+000, -7.879745E-003, -8.467682E-001, -1.073947E-001, -7.824658E-001
8.009600E-002, 1.948813E+000, 4.278666E+000, 6.563007E+000, -4.840415E-002, -8.307621E-001, -7.620415E-002, -7.896584E-001
8.010400E-002, 1.952268E+000, 4.443093E+000, 6.592241E+000, -8.892855E-002, -8.102171E-001, -2.421992E-002, -7.948465E-001
8.011200E-002, 1.641287E+000, 4.518157E+000, 6.561383E+000, -8.217449E-002, -7.782050E-001, 3.839744E-002, -7.987376E-001
8.012000E-002, 1.565270E+000, 4.653988E+000, 6.571127E+000, 1.069394E-001, -7.373537E-001, 8.754617E-002, -7.969689E-001
8.012800E-002, 1.839970E+000, 4.748712E+000, 6.498043E+000, 3.084357E-001, -6.874244E-001, 1.312602E-001, -7.908375E-001
8.013600E-002, 1.948813E+000, 4.578924E+000, 6.402221E+000, 3.433318E-001, -6.314031E-001, 1.917509E-001, -7.709103E-001
8.014400E-002, 1.872795E+000, 4.337646E+000, 6.377859E+000, 4.345117E-001, -5.688123E-001, 2.621659E-001, -7.383665E-001
8.015200E-002, 1.862429E+000, 4.153559E+000, 6.366490E+000, 6.315053E-001, -5.104021E-001, 3.188760E-001, -7.116005E-001
8.016000E-002, 1.881434E+000, 3.976622E+000, 6.444448E+000, 6.022376E-001, -4.700286E-001, 3.533746E-001, -6.974510E-001
8.016800E-002, 2.049018E+000, 3.955175E+000, 6.588993E+000, 3.647196E-001, -4.378971E-001, 3.772401E-001, -6.829478E-001
8.017600E-002, 2.278798E+000, 4.060622E+000, 6.569503E+000, 3.298236E-001, -4.005098E-001, 4.018145E-001, -6.587758E-001
8.018400E-002, 2.114669E+000, 4.096367E+000, 6.454192E+000, 5.898552E-001, -3.716033E-001, 4.198908E-001, -6.351933E-001
8.019200E-002, 1.796778E+000, 4.137474E+000, 6.397348E+000, 7.485758E-001, -3.890428E-001, 4.158738E-001, -6.179782E-001
8.020000E-002, 1.855518E+000, 4.303688E+000, 6.256052E+000, 6.292539E-001, -4.468557E-001, 3.868099E-001, -5.993480E-001
8.020800E-002, 1.998915E+000, 4.359092E+000, 6.134243E+000, 5.223145E-001, -4.881848E-001, 3.467584E-001, -5.782417E-001
8.021600E-002, 1.817510E+000, 4.203602E+000, 6.231690E+000, 5.290686E-001, -5.066992E-001, 3.143864E-001, -5.606728E-001
8.022400E-002, 1.537627E+000, 4.151772E+000, 6.330760E+000, 5.391997E-001, -5.289166E-001, 2.971371E-001, -5.446367E-001
8.023200E-002, 1.496163E+000, 4.223262E+000, 6.384356E+000, 5.290686E-001, -5.452810E-001, 2.863858E-001, -5.254170E-001
8.024000E-002, 1.644743E+000, 4.250071E+000, 6.603610E+000, 4.727847E-001, -5.480283E-001, 2.785882E-001, -5.001838E-001
8.024800E-002, 1.774318E+000, 4.375177E+000, 6.788758E+000, 5.200632E-001, -5.335751E-001, 2.776430E-001, -4.698803E-001
8.025600E-002, 1.810599E+000, 4.494923E+000, 6.660453E+000, 7.553298E-001, -4.905737E-001, 2.776430E-001, -4.413456E-001
8.026400E-002, 1.736309E+000, 4.346581E+000, 6.512660E+000, 8.915369E-001, -4.389721E-001, 2.817782E-001, -4.198855E-001
8.027200E-002, 1.662019E+000, 4.099942E+000, 6.623099E+000, 8.678976E-001, -4.087517E-001, 3.076521E-001, -4.105705E-001
8.028000E-002, 1.679296E+000, 3.976622E+000, 6.668574E+000, 8.611436E-001, -4.038543E-001, 3.443955E-001, -4.084481E-001
8.028800E-002, 1.617100E+000, 3.974834E+000, 6.514284E+000, 8.127394E-001, -4.106629E-001, 3.696788E-001, -3.998405E-001
8.029600E-002, 1.501346E+000, 4.037388E+000, 6.483426E+000, 7.125541E-001, -3.926262E-001, 3.959072E-001, -3.865164E-001
8.030400E-002, 1.644743E+000, 3.980196E+000, 6.554886E+000, 6.438878E-001, -3.398301E-001, 4.298151E-001, -3.710699E-001
8.031200E-002, 1.919442E+000, 3.908706E+000, 6.509412E+000, 5.594619E-001, -3.022039E-001, 4.555709E-001, -3.433605E-001
8.032000E-002, 1.886617E+000, 4.055261E+000, 6.548390E+000, 5.178118E-001, -2.906174E-001, 4.760101E-001, -3.078689E-001
8.032800E-002, 1.613645E+000, 4.169644E+000, 6.645836E+000, 5.943579E-001, -2.672056E-001, 4.895969E-001, -2.861730E-001
8.033600E-002, 1.480614E+000, 4.069559E+000, 6.444448E+000, 6.011120E-001, -2.408075E-001, 4.877066E-001, -2.779192E-001
8.034400E-002, 1.480614E+000, 3.864025E+000, 6.285285E+000, 4.108724E-001, -2.387769E-001, 4.807360E-001, -2.549263E-001
8.035200E-002, 1.413235E+000, 3.719258E+000, 6.457440E+000, 2.296383E-001, -2.569331E-001, 4.623052E-001, -2.124779E-001
8.036000E-002, 1.404596E+000, 3.826493E+000, 6.455816E+000, 2.926762E-001, -2.871535E-001, 4.260344E-001, -1.746280E-001
8.036800E-002, 1.560087E+000, 3.955175E+000, 6.192711E+000, 4.502712E-001, -3.106847E-001, 3.982701E-001, -1.439709E-001
8.037600E-002, 1.739765E+000, 3.828280E+000, 6.130995E+000, 3.928616E-001, -3.043540E-001, 3.846833E-001, -1.057673E-001
8.038400E-002, 1.845152E+000, 3.771089E+000, 6.291781E+000, 1.801085E-001, -2.729391E-001, 3.677884E-001, -6.662042E-002
8.039200E-002, 1.731126E+000, 3.930153E+000, 6.395724E+000, 5.853525E-002, -2.305350E-001, 3.615267E-001, -3.714236E-002
8.040000E-002, 1.506529E+000, 3.960536E+000, 6.395724E+000, 1.463381E-002, -1.875337E-001, 3.785397E-001, -6.838911E-003
8.040800E-002, 1.570453E+000, 3.812195E+000, 6.371363E+000, -1.474638E-001, -1.546854E-001, 4.035867E-001, 2.829894E-002
8.041600E-002, 1.795050E+000, 3.753216E+000, 6.304774E+000, -3.737251E-001, -1.219566E-001, 4.250892E-001, 5.400382E-002
8.042400E-002, 1.746675E+000, 3.797897E+000, 6.179718E+000, -4.311346E-001, -8.516656E-002, 4.465918E-001, 6.744581E-002
8.043200E-002, 1.601551E+000, 3.855089E+000, 6.199208E+000, -3.377034E-001, -6.545761E-002, 4.742379E-001, 7.970869E-002
8.044000E-002, 1.694845E+000, 3.930153E+000, 6.465561E+000, -2.307640E-001, -5.626010E-002, 4.991667E-001, 9.515519E-002
8.044800E-002, 1.784684E+000, 3.939090E+000, 6.624723E+000, -1.418354E-001, -3.810397E-002, 5.149983E-001, 1.220392E-001
8.045600E-002, 1.641287E+000, 3.872962E+000, 6.436327E+000, -2.701627E-002, -2.592026E-002, 5.383912E-001, 1.630727E-001
8.046400E-002, 1.501346E+000, 3.867600E+000, 6.173222E+000, 1.857368E-001, -2.866757E-002, 5.696999E-001, 2.051673E-001
8.047200E-002, 1.546265E+000, 3.921217E+000, 6.130995E+000, 3.996156E-001, -3.511777E-002, 5.901392E-001, 2.526860E-001
8.048000E-002, 1.689662E+000, 3.876536E+000, 6.244683E+000, 3.894846E-001, -3.655115E-002, 5.988820E-001, 3.115242E-001
8.048800E-002, 1.834786E+000, 3.858664E+000, 6.308022E+000, 2.476491E-001, -2.938426E-002, 5.988820E-001, 3.629339E-001
8.049600E-002, 1.915987E+000, 4.044537E+000, 6.319391E+000, 2.994303E-001, -1.313930E-002, 5.881307E-001, 4.021987E-001
8.050400E-002, 1.824420E+000, 4.076707E+000, 6.282037E+000, 4.513968E-001, 1.624495E-002, 5.830504E-001, 4.393411E-001
8.051200E-002, 1.655109E+000, 3.881898E+000, 6.124499E+000, 4.108724E-001, 5.255720E-002, 5.890758E-001, 4.793133E-001
8.052000E-002, 1.675841E+000, 3.883685E+000, 6.020556E+000, 3.005560E-001, 7.573015E-002, 5.847044E-001, 5.274215E-001
8.052800E-002, 1.831331E+000, 3.994494E+000, 6.101761E+000, 3.410804E-001, 7.393843E-002, 5.715902E-001, 5.745865E-001
8.053600E-002, 1.843425E+000, 3.949813E+000, 6.087144E+000, 4.604023E-001, 5.721568E-002, 5.640289E-001, 6.038287E-001
8.054400E-002, 1.757041E+000, 3.835429E+000, 5.908493E+000, 5.031780E-001, 4.586811E-002, 5.511510E-001, 6.226946E-001
8.055200E-002, 1.777773E+000, 3.780025E+000, 5.861394E+000, 4.998010E-001, 4.479307E-002, 5.313025E-001, 6.387307E-001
8.056000E-002, 1.845152E+000, 3.890834E+000, 5.889004E+000, 6.056147E-001, 4.837652E-002, 5.256314E-001, 6.488712E-001
8.056800E-002, 1.725943E+000, 4.005218E+000, 5.796430E+000, 8.386300E-001, 6.306864E-002, 5.353194E-001, 6.665580E-001
8.057600E-002, 1.513440E+000, 3.931941E+000, 5.799678E+000, 1.053635E+000, 9.257235E-002, 5.421719E-001, 6.909658E-001
8.058400E-002, 1.622283E+000, 3.951600E+000, 5.957216E+000, 1.064891E+000, 1.188510E-001, 5.434715E-001, 7.011063E-001
8.059200E-002, 1.948813E+000, 3.971260E+000, 5.999443E+000, 8.633949E-001, 1.275707E-001, 5.522143E-001, 7.130154E-001
8.060000E-002, 1.881434E+000, 3.663854E+000, 5.957216E+000, 6.360080E-001, 1.267345E-001, 5.695817E-001, 7.515727E-001
8.060800E-002, 1.558359E+000, 3.545896E+000, 6.002691E+000, 5.110577E-001, 1.361709E-001, 5.828141E-001, 7.992093E-001
8.061600E-002, 1.653381E+000, 3.790748E+000, 6.035173E+000, 4.862928E-001, 1.704526E-001, 5.921476E-001, 8.400069E-001
8.062400E-002, 1.948813E+000, 3.937302E+000, 5.950720E+000, 4.649050E-001, 2.043758E-001, 6.063251E-001, 8.844599E-001
8.063200E-002, 1.846880E+000, 3.964111E+000, 5.806174E+000, 4.907956E-001, 2.136928E-001, 6.231019E-001, 9.295023E-001
8.064000E-002, 1.651653E+000, 3.794323E+000, 5.754203E+000, 6.652756E-001, 2.243237E-001, 6.297181E-001, 9.654655E-001
8.064800E-002, 1.789867E+000, 3.470831E+000, 5.822415E+000, 8.510125E-001, 2.448688E-001, 6.249922E-001, 1.006027E+000
8.065600E-002, 1.926353E+000, 3.463682E+000, 5.830536E+000, 1.049132E+000, 2.507218E-001, 6.236926E-001, 1.056965E+000
8.066400E-002, 1.786412E+000, 3.608449E+000, 5.835408E+000, 1.326048E+000, 2.405687E-001, 6.228656E-001, 1.101065E+000
8.067200E-002, 1.613645E+000, 3.587002E+000, 5.929606E+000, 1.512911E+000, 2.276683E-001, 6.136502E-001, 1.136438E+000
8.068000E-002, 1.563542E+000, 3.679939E+000, 5.929606E+000, 1.631107E+000, 2.285044E-001, 6.046711E-001, 1.175939E+000
8.068800E-002, 1.582546E+000, 3.717471E+000, 5.744458E+000, 1.797708E+000, 2.540663E-001, 5.934472E-001, 1.220038E+000
8.069600E-002, 1.580819E+000, 3.449384E+000, 5.500843E+000, 1.834855E+000, 2.893035E-001, 5.780882E-001, 1.258949E+000
8.070400E-002, 1.582546E+000, 3.420788E+000, 5.456992E+000, 1.671632E+000, 3.217934E-001, 5.732443E-001, 1.285244E+000
8.071200E-002, 1.706939E+000, 3.687088E+000, 5.650260E+000, 1.503906E+000, 3.502221E-001, 5.704088E-001, 1.311538E+000
8.072000E-002, 1.774318E+000, 3.688875E+000, 5.759075E+000, 1.355316E+000, 3.730367E-001, 5.541046E-001, 1.343846E+000
8.072800E-002, 1.598096E+000, 3.520874E+000, 5.744458E+000, 1.159448E+000, 3.914317E-001, 5.419356E-001, 1.366249E+000
8.073600E-002, 1.444333E+000, 3.472618E+000, 5.723345E+000, 1.042378E+000, 3.996736E-001, 5.416993E-001, 1.379927E+000
8.074400E-002, 1.501346E+000, 3.447597E+000, 5.570679E+000, 1.027744E+000, 3.926262E-001, 5.344924E-001, 1.393251E+000
8.075200E-002, 1.655109E+000, 3.322490E+000, 5.489474E+000, 9.815911E-001, 3.861760E-001, 5.199604E-001, 1.406693E+000
8.076000E-002, 1.824420E+000, 3.156276E+000, 5.733089E+000, 9.253072E-001, 4.005098E-001, 5.139350E-001, 1.425913E+000
8.076800E-002, 1.902166E+000, 3.141978E+000, 5.949096E+000, 9.545748E-001, 4.196215E-001, 5.136987E-001, 1.453858E+000
8.077600E-002, 1.843425E+000, 3.222404E+000, 5.773692E+000, 1.072771E+000, 4.152019E-001, 5.061374E-001, 1.489468E+000
8.078400E-002, 1.782956E+000, 3.240277E+000, 5.445623E+000, 1.153820E+000, 4.006292E-001, 4.931413E-001, 1.521658E+000
8.079200E-002, 1.767407E+000, 3.326064E+000, 5.377411E+000, 1.108793E+000, 3.995542E-001, 4.829807E-001, 1.542057E+000
8.080000E-002, 1.777773E+000, 3.365384E+000, 5.508963E+000, 1.106541E+000, 4.070794E-001, 4.728202E-001, 1.564578E+000
8.080800E-002, 1.776046E+000, 3.084786E+000, 5.562559E+000, 1.152694E+000, 4.110212E-001, 4.582882E-001, 1.591933E+000
8.081600E-002, 1.743220E+000, 2.906062E+000, 5.521956E+000, 9.489465E-001, 4.111407E-001, 4.387941E-001, 1.615044E+000
8.082400E-002, 1.763952E+000, 3.163425E+000, 5.515460E+000, 6.900405E-001, 4.172325E-001, 4.151649E-001, 1.636268E+000
8.083200E-002, 1.765680E+000, 3.368958E+000, 5.487850E+000, 7.778434E-001, 4.222493E-001, 3.914176E-001, 1.652069E+000
8.084000E-002, 1.665475E+000, 3.252787E+000, 5.353049E+000, 9.388154E-001, 4.123352E-001, 3.700332E-001, 1.663270E+000
8.084800E-002, 1.637832E+000, 3.141978E+000, 5.281589E+000, 9.208045E-001, 4.055266E-001, 3.531383E-001, 1.677538E+000
8.085600E-002, 1.739765E+000, 3.179510E+000, 5.317319E+000, 9.196788E-001, 4.171131E-001, 3.440411E-001, 1.688032E+000
8.086400E-002, 1.807144E+000, 3.218830E+000, 5.322191E+000, 8.971653E-001, 4.392110E-001, 3.362435E-001, 1.689565E+000
8.087200E-002, 1.665475E+000, 3.220617E+000, 5.442375E+000, 7.823461E-001, 4.665646E-001, 3.192304E-001, 1.691687E+000
8.088000E-002, 1.454699E+000, 3.297468E+000, 5.698983E+000, 8.149908E-001, 4.963072E-001, 3.009178E-001, 1.691569E+000
8.088800E-002, 1.560087E+000, 3.413639E+000, 5.770444E+000, 9.748371E-001, 5.254526E-001, 2.969008E-001, 1.682726E+000
8.089600E-002, 1.817510E+000, 3.326064E+000, 5.630771E+000, 9.860938E-001, 5.419365E-001, 2.957194E-001, 1.684023E+000
8.090400E-002, 1.857246E+000, 3.082999E+000, 5.491098E+000, 8.915369E-001, 5.456393E-001, 2.899302E-001, 1.704893E+000
8.091200E-002, 1.793322E+000, 2.956105E+000, 5.513835E+000, 8.577666E-001, 5.560313E-001, 2.906391E-001, 1.725764E+000
8.092000E-002, 1.738037E+000, 2.982913E+000, 5.648636E+000, 7.992313E-001, 5.643927E-001, 2.901665E-001, 1.729537E+000
8.092800E-002, 1.753586E+000, 3.038318E+000, 5.635643E+000, 6.900405E-001, 5.673789E-001, 2.835504E-001, 1.723052E+000
8.093600E-002, 1.853791E+000, 2.959679E+000, 5.559310E+000, 7.519528E-001, 5.851767E-001, 2.809511E-001, 1.726825E+000
8.094400E-002, 1.738037E+000, 2.739848E+000, 5.586920E+000, 9.669573E-001, 6.081107E-001, 2.841411E-001, 1.746045E+000
8.095200E-002, 1.471976E+000, 2.543251E+000, 5.497594E+000, 9.860938E-001, 6.261474E-001, 3.000908E-001, 1.765264E+000
8.096000E-002, 1.544538E+000, 2.443165E+000, 5.252355E+000, 7.688380E-001, 6.515899E-001, 3.280914E-001, 1.769981E+000
8.096800E-002, 1.843425E+000, 2.364526E+000, 5.125674E+000, 6.630242E-001, 6.791824E-001, 3.447500E-001, 1.766443E+000
8.097600E-002, 1.891800E+000, 2.359164E+000, 5.200383E+000, 7.542042E-001, 7.076111E-001, 3.510117E-001, 1.769038E+000
8.098400E-002, 1.781229E+000, 2.586145E+000, 5.338432E+000, 8.307503E-001, 7.522847E-001, 3.720417E-001, 1.777999E+000
8.099200E-002, 1.719033E+000, 2.802401E+000, 5.453743E+000, 7.992313E-001, 8.024529E-001, 4.045318E-001, 1.787786E+000
8.100000E-002, 1.610189E+000, 2.800614E+000, 5.460240E+000, 7.215595E-001, 8.390041E-001, 4.276884E-001, 1.789436E+000
8.100800E-002, 1.528989E+000, 2.750571E+000, 5.184142E+000, 7.924773E-001, 8.597881E-001, 4.312328E-001, 1.777999E+000
8.101600E-002, 1.639560E+000, 2.646911E+000, 4.888555E+000, 1.080651E+000, 8.616992E-001, 4.174097E-001, 1.768920E+000
8.102400E-002, 1.748403E+000, 2.586145E+000, 5.034725E+000, 1.329426E+000, 8.566824E-001, 4.050044E-001, 1.767976E+000
8.103200E-002, 1.679296E+000, 2.718401E+000, 5.309198E+000, 1.410474E+000, 8.620576E-001, 4.014600E-001, 1.759487E+000
8.104000E-002, 1.592913E+000, 2.748784E+000, 5.180894E+000, 1.454376E+000, 8.674328E-001, 3.891729E-001, 1.747695E+000
8.104800E-002, 1.522078E+000, 2.636188E+000, 4.869066E+000, 1.570321E+000, 8.530990E-001, 3.623537E-001, 1.746398E+000
8.105600E-002, 1.523806E+000, 2.750571E+000, 4.808974E+000, 1.723413E+000, 8.204896E-001, 3.295091E-001, 1.746634E+000
8.106400E-002, 1.741492E+000, 2.981126E+000, 4.945399E+000, 1.741424E+000, 7.946888E-001, 2.924113E-001, 1.738380E+000
8.107200E-002, 1.751858E+000, 2.956105E+000, 5.021732E+000, 1.653621E+000, 7.979139E-001, 2.515328E-001, 1.730362E+000
8.108000E-002, 1.461610E+000, 2.782742E+000, 5.065583E+000, 1.587206E+000, 8.108143E-001, 2.134898E-001, 1.728712E+000
8.108800E-002, 1.456427E+000, 2.657634E+000, 5.093193E+000, 1.491523E+000, 8.087837E-001, 1.872614E-001, 1.724938E+000
8.109600E-002, 1.703483E+000, 2.502144E+000, 5.007115E+000, 1.351939E+000, 7.988695E-001, 1.774552E-001, 1.725882E+000
8.110400E-002, 1.829603E+000, 2.487846E+000, 5.015235E+000, 1.195470E+000, 7.872830E-001, 1.779278E-001, 1.738498E+000
8.111200E-002, 1.774318E+000, 2.746997E+000, 5.145164E+000, 1.054760E+000, 7.832218E-001, 1.748560E-001, 1.737319E+000
8.112000E-002, 1.681024E+000, 2.868529E+000, 5.112681E+000, 1.019864E+000, 7.966000E-001, 1.609148E-001, 1.717274E+000
8.112800E-002, 1.770863E+000, 2.750571E+000, 5.000618E+000, 1.043503E+000, 8.072309E-001, 1.435474E-001, 1.711850E+000
8.113600E-002, 1.784684E+000, 2.757720E+000, 5.029852E+000, 1.014236E+000, 8.106949E-001, 1.331505E-001, 1.727533E+000
8.114400E-002, 1.579091E+000, 2.872104E+000, 5.216624E+000, 1.051383E+000, 8.274176E-001, 1.274795E-001, 1.731659E+000
8.115200E-002, 1.610189E+000, 2.788103E+000, 5.312447E+000, 1.318169E+000, 8.564435E-001, 1.148379E-001, 1.715859E+000
8.116000E-002, 1.820965E+000, 2.505718E+000, 5.078576E+000, 1.619851E+000, 8.864250E-001, 9.239015E-002, 1.708195E+000
8.116800E-002, 1.853791E+000, 2.371675E+000, 4.903172E+000, 1.663752E+000, 9.036255E-001, 6.864281E-002, 1.713265E+000
8.117600E-002, 1.774318E+000, 2.557549E+000, 5.055838E+000, 1.528671E+000, 9.056562E-001, 5.056648E-002, 1.704893E+000
8.118400E-002, 1.691390E+000, 2.823848E+000, 5.114305E+000, 1.371076E+000, 9.171232E-001, 3.981519E-002, 1.673411E+000
8.119200E-002, 1.679296E+000, 2.881040E+000, 4.987626E+000, 1.099787E+000, 9.425657E-001, 2.232959E-002, 1.640749E+000
8.120000E-002, 1.703483E+000, 2.711252E+000, 4.904796E+000, 7.969800E-001, 9.529577E-001, -1.677673E-002, 1.625067E+000
8.120800E-002, 1.596368E+000, 2.662996E+000, 4.748882E+000, 6.607729E-001, 9.417295E-001, -5.434715E-002, 1.614101E+000
8.121600E-002, 1.527261E+000, 2.895338E+000, 4.644939E+000, 5.617133E-001, 9.350404E-001, -6.060889E-002, 1.599951E+000
8.122400E-002, 1.630921E+000, 2.952530E+000, 4.877186E+000, 3.928616E-001, 9.404156E-001, -5.470159E-002, 1.584977E+000
8.123200E-002, 1.568725E+000, 2.679081E+000, 5.089944E+000, 3.388290E-001, 9.465075E-001, -6.450770E-002, 1.562809E+000
8.124000E-002, 1.335490E+000, 2.582570E+000, 5.042845E+000, 5.020523E-001, 9.620357E-001, -8.589213E-002, 1.543471E+000
8.124800E-002, 1.309574E+000, 2.814912E+000, 5.021732E+000, 7.148055E-001, 9.911811E-001, -1.122387E-001, 1.536868E+000
8.125600E-002, 1.473703E+000, 2.940019E+000, 5.042845E+000, 7.823461E-001, 1.009815E+000, -1.371675E-001, 1.525903E+000
8.126400E-002, 1.624011E+000, 2.818486E+000, 4.977881E+000, 6.956689E-001, 1.007426E+000, -1.528809E-001, 1.508687E+000
8.127200E-002, 1.655109E+000, 2.784529E+000, 4.945399E+000, 5.031780E-001, 9.922561E-001, -1.675310E-001, 1.495010E+000
8.128000E-002, 1.586002E+000, 2.938232E+000, 4.990874E+000, 2.577802E-001, 9.731444E-001, -1.807633E-001, 1.484397E+000
8.128800E-002, 1.516895E+000, 3.072275E+000, 4.963264E+000, 1.317043E-001, 9.594079E-001, -1.865525E-001, 1.483572E+000
8.129600E-002, 1.463337E+000, 3.093722E+000, 4.927534E+000, 1.069394E-001, 9.477019E-001, -1.965949E-001, 1.489232E+000
8.130400E-002, 1.496163E+000, 2.947168E+000, 5.015235E+000, -1.801085E-002, 9.336070E-001, -2.147894E-001, 1.480860E+000
8.131200E-002, 1.686207E+000, 2.734486E+000, 5.052590E+000, -1.238246E-002, 9.334876E-001, -2.293213E-001, 1.459046E+000
8.132000E-002, 1.765680E+000, 2.700528E+000, 4.948647E+000, 3.151898E-001, 9.503298E-001, -2.353468E-001, 1.441713E+000
8.132800E-002, 1.499618E+000, 2.861380E+000, 4.791109E+000, 4.784131E-001, 9.610801E-001, -2.411359E-001, 1.428507E+000
8.133600E-002, 1.261200E+000, 2.950743E+000, 4.693663E+000, 2.667857E-001, 9.619163E-001, -2.472795E-001, 1.412117E+000
8.134400E-002, 1.461610E+000, 2.881040E+000, 4.760251E+000, 1.936166E-001, 9.649025E-001, -2.483428E-001, 1.398911E+000
8.135200E-002, 1.744948E+000, 2.952530E+000, 4.870690E+000, 4.187522E-001, 9.668137E-001, -2.609845E-001, 1.386884E+000
8.136000E-002, 1.696573E+000, 3.150914E+000, 4.873938E+000, 5.245659E-001, 9.639469E-001, -2.836685E-001, 1.367664E+000
8.136800E-002, 1.518623E+000, 3.063339E+000, 4.812222E+000, 3.422061E-001, 9.616774E-001, -2.856770E-001, 1.347383E+000
8.137600E-002, 1.475431E+000, 2.848870E+000, 4.735889E+000, 1.001853E-001, 9.622746E-001, -2.792971E-001, 1.329579E+000
8.138400E-002, 1.440878E+000, 2.956105E+000, 4.731017E+000, 4.165008E-002, 9.626330E-001, -2.885125E-001, 1.310948E+000
8.139200E-002, 1.271566E+000, 3.236702E+000, 4.724521E+000, 1.846112E-001, 9.677693E-001, -2.938290E-001, 1.297978E+000
8.140000E-002, 1.261200E+000, 3.238489E+000, 4.513387E+000, 3.129385E-001, 9.827003E-001, -2.833140E-001, 1.292554E+000
8.140800E-002, 1.516895E+000, 2.993637E+000, 4.282764E+000, 3.984900E-001, 9.936895E-001, -2.744531E-001, 1.285362E+000
8.141600E-002, 1.566998E+000, 2.972190E+000, 4.367218E+000, 4.592766E-001, 9.985869E-001, -2.782338E-001, 1.278641E+000
8.142400E-002, 1.397686E+000, 3.177723E+000, 4.731017E+000, 3.365777E-001, 1.002290E+000, -2.827233E-001, 1.278876E+000
8.143200E-002, 1.432239E+000, 3.200957E+000, 4.950271E+000, 2.318897E-001, 9.970341E-001, -2.761071E-001, 1.277815E+000
8.144000E-002, 1.591185E+000, 3.041892E+000, 4.794357E+000, 3.951129E-001, 9.849698E-001, -2.761071E-001, 1.270858E+000
8.144800E-002, 1.591185E+000, 3.004360E+000, 4.544245E+000, 5.200632E-001, 9.616774E-001, -2.922931E-001, 1.260246E+000
8.145600E-002, 1.404596E+000, 3.159850E+000, 4.368842E+000, 3.737251E-001, 9.334876E-001, -3.055255E-001, 1.244800E+000
8.146400E-002, 1.243923E+000, 3.236702E+000, 4.297381E+000, 2.037477E-001, 9.300236E-001, -3.108421E-001, 1.231712E+000
8.147200E-002, 1.280204E+000, 3.084786E+000, 4.461416E+000, 2.037477E-001, 9.473436E-001, -3.217115E-001, 1.222868E+000
8.148000E-002, 1.366588E+000, 2.997211E+000, 4.648188E+000, 3.185668E-001, 9.600051E-001, -3.376612E-001, 1.206832E+000
8.148800E-002, 1.252561E+000, 3.195595E+000, 4.594592E+000, 4.930469E-001, 9.578550E-001, -3.439229E-001, 1.186433E+000
8.149600E-002, 1.083250E+000, 3.410065E+000, 4.464664E+000, 6.011120E-001, 9.467463E-001, -3.445137E-001, 1.168628E+000
8.150400E-002, 1.278476E+000, 3.320703E+000, 4.497146E+000, 5.459538E-001, 9.487770E-001, -3.542016E-001, 1.151295E+000
8.151200E-002, 1.625738E+000, 3.079424E+000, 4.653060E+000, 4.772874E-001, 9.586912E-001, -3.611722E-001, 1.141037E+000
8.152000E-002, 1.608462E+000, 3.024020E+000, 4.661180E+000, 5.031780E-001, 9.480603E-001, -3.552649E-001, 1.130661E+000
8.152800E-002, 1.409779E+000, 3.150914E+000, 4.498770E+000, 5.346970E-001, 9.320542E-001, -3.553831E-001, 1.108729E+000
8.153600E-002, 1.209370E+000, 3.259936E+000, 4.471160E+000, 5.166861E-001, 9.264402E-001, -3.732231E-001, 1.093518E+000
8.154400E-002, 9.795894E-001, 3.317128E+000, 4.563734E+000, 5.099321E-001, 9.100758E-001, -3.967342E-001, 1.092339E+000
8.155200E-002, 1.017598E+000, 3.370745E+000, 4.480905E+000, 6.168715E-001, 8.912029E-001, -4.054770E-001, 1.092811E+000
8.156000E-002, 1.199004E+000, 3.342149E+000, 4.355849E+000, 8.633949E-001, 8.896501E-001, -4.002786E-001, 1.090924E+000
8.156800E-002, 1.186910E+000, 3.172361E+000, 4.453295E+000, 1.069394E+000, 8.900084E-001, -3.980338E-001, 1.081255E+000
8.157600E-002, 1.188638E+000, 3.095510E+000, 4.584847E+000, 1.057011E+000, 8.809304E-001, -3.941350E-001, 1.067931E+000
8.158400E-002, 1.281932E+000, 3.211681E+000, 4.550741E+000, 9.388154E-001, 8.738829E-001, -3.866918E-001, 1.061682E+000
8.159200E-002, 1.269838E+000, 3.243851E+000, 4.479281E+000, 8.814058E-001, 8.841555E-001, -3.877551E-001, 1.053074E+000
8.160000E-002, 1.202459E+000, 3.168787E+000, 4.474409E+000, 7.294393E-001, 9.052978E-001, -3.863373E-001, 1.031850E+000
8.160800E-002, 1.237012E+000, 3.243851E+000, 4.336360E+000, 3.804791E-001, 9.119869E-001, -3.791304E-001, 1.002962E+000
8.161600E-002, 1.261200E+000, 3.510151E+000, 4.039148E+000, 1.508408E-001, 9.004005E-001, -3.787760E-001, 9.777284E-001
8.162400E-002, 1.034875E+000, 3.760365E+000, 3.953071E+000, 1.519665E-001, 8.861861E-001, -3.804300E-001, 9.554430E-001
8.163200E-002, 8.258267E-001, 3.710322E+000, 4.188566E+000, 1.722287E-001, 8.777053E-001, -3.781853E-001, 9.283232E-001
8.164000E-002, 1.036602E+000, 3.447597E+000, 4.532876E+000, 1.846112E-001, 8.675522E-001, -3.800756E-001, 9.050945E-001
8.164800E-002, 1.264655E+000, 3.415426E+000, 4.713152E+000, 2.465235E-001, 8.515462E-001, -3.905906E-001, 8.905913E-001
8.165600E-002, 1.105709E+000, 3.558406E+000, 4.524755E+000, 3.534628E-001, 8.446181E-001, -4.029959E-001, 8.771493E-001
8.166400E-002, 9.847724E-001, 3.594151E+000, 4.260026E+000, 4.491455E-001, 8.453348E-001, -4.144561E-001, 8.579296E-001
8.167200E-002, 1.026237E+000, 3.619173E+000, 4.300629E+000, 4.525225E-001, 8.410347E-001, -4.305239E-001, 8.289232E-001
8.168000E-002, 1.033147E+000, 3.642407E+000, 4.389955E+000, 4.142494E-001, 8.399597E-001, -4.483640E-001, 8.068736E-001
8.168800E-002, 1.112620E+000, 3.572704E+000, 4.289260E+000, 3.658453E-001, 8.387652E-001, -4.563979E-001, 8.117080E-001
8.169600E-002, 1.057335E+000, 3.601300E+000, 4.256778E+000, 2.521518E-001, 8.288510E-001, -4.537987E-001, 8.224380E-001
8.170400E-002, 7.912732E-001, 3.746067E+000, 4.386707E+000, 2.127531E-001, 8.234758E-001, -4.502543E-001, 8.074632E-001
8.171200E-002, 7.601752E-001, 3.796110E+000, 4.467912E+000, 3.028074E-001, 8.024529E-001, -4.540350E-001, 7.806970E-001
8.172000E-002, 8.448310E-001, 3.737131E+000, 4.428934E+000, 3.140641E-001, 7.492985E-001, -4.667947E-001, 7.684342E-001
8.172800E-002, 7.515368E-001, 3.579853E+000, 4.307126E+000, 2.667857E-001, 7.172864E-001, -4.799089E-001, 7.633640E-001
8.173600E-002, 7.878179E-001, 3.456533E+000, 4.160956E+000, 2.667857E-001, 7.117918E-001, -4.878247E-001, 7.632461E-001
8.174400E-002, 9.536743E-001, 3.690662E+000, 4.026155E+000, 2.071247E-001, 6.846770E-001, -4.966857E-001, 7.683163E-001
8.175200E-002, 9.744064E-001, 4.021303E+000, 3.917341E+000, 1.193219E-001, 6.640125E-001, -5.059010E-001, 7.515727E-001
8.176000E-002, 9.467636E-001, 3.996281E+000, 3.983929E+000, 1.103164E-001, 6.654459E-001, -5.105088E-001, 7.220947E-001
8.176800E-002, 9.087549E-001, 3.860451E+000, 4.305501E+000, 1.632233E-001, 6.449008E-001, -5.119265E-001, 7.210335E-001
8.177600E-002, 7.981839E-001, 3.810408E+000, 4.573479E+000, 3.005560E-001, 6.181444E-001, -5.110995E-001, 7.329426E-001
8.178400E-002, 7.169834E-001, 3.721046E+000, 4.458168E+000, 4.457684E-001, 6.072746E-001, -5.108632E-001, 7.248067E-001
8.179200E-002, 7.722689E-001, 3.722833E+000, 4.225920E+000, 5.380740E-001, 5.986744E-001, -5.120447E-001, 7.186752E-001
8.180000E-002, 9.674957E-001, 3.776450E+000, 4.266523E+000, 6.641499E-001, 6.002272E-001, -5.018841E-001, 7.243350E-001
8.180800E-002, 1.072884E+000, 3.712109E+000, 4.365593E+000, 6.810351E-001, 5.983160E-001, -4.769553E-001, 7.079452E-001
8.181600E-002, 9.173932E-001, 3.683513E+000, 4.261651E+000, 5.133091E-001, 5.919852E-001, -4.573431E-001, 6.713924E-001
8.182400E-002, 7.688136E-001, 3.738918E+000, 4.180446E+000, 4.851672E-001, 6.146804E-001, -4.489547E-001, 6.480458E-001
8.183200E-002, 7.118004E-001, 3.722833E+000, 4.305501E+000, 6.866635E-001, 6.388089E-001, -4.345409E-001, 6.412069E-001
8.184000E-002, 5.787697E-001, 3.724620E+000, 4.459792E+000, 8.892855E-001, 6.410785E-001, -4.117387E-001, 6.307127E-001
8.184800E-002, 5.355780E-001, 3.917643E+000, 4.411068E+000, 1.036749E+000, 6.487231E-001, -3.931898E-001, 6.139691E-001
8.185600E-002, 7.100728E-001, 3.985558E+000, 4.247034E+000, 1.125678E+000, 6.543372E-001, -3.803119E-001, 6.084272E-001
8.186400E-002, 8.068223E-001, 3.715684E+000, 4.292509E+000, 1.046880E+000, 6.460953E-001, -3.683791E-001, 6.061869E-001
8.187200E-002, 6.081402E-001, 3.653130E+000, 4.467912E+000, 8.712747E-001, 6.261474E-001, -3.579823E-001, 5.955748E-001
8.188000E-002, 5.286673E-001, 3.890834E+000, 4.425685E+000, 7.812204E-001, 6.013022E-001, -3.462858E-001, 5.955748E-001
8.188800E-002, 8.344650E-001, 3.942664E+000, 4.307126E+000, 7.226852E-001, 5.912685E-001, -3.378975E-001, 6.028854E-001
8.189600E-002, 9.795894E-001, 3.965898E+000, 4.316870E+000, 6.720297E-001, 5.837433E-001, -3.395515E-001, 6.028854E-001
8.190400E-002, 8.050946E-001, 4.148197E+000, 4.266523E+000, 8.307503E-001, 5.746652E-001, -3.386064E-001, 6.127900E-001
8.191200E-002, 7.273495E-001, 4.141048E+000, 4.143091E+000, 1.089656E+000, 5.696484E-001, -3.303362E-001, 6.318918E-001
8.192000E-002, 7.653582E-001, 3.981983E+000, 4.063510E+000, 1.081776E+000, 5.370390E-001, -3.361253E-001, 6.386128E-001
8.192800E-002, 7.895456E-001, 3.974834E+000, 3.992049E+000, 9.635803E-001, 5.006074E-001, -3.553831E-001, 6.397919E-001
8.193600E-002, 7.688136E-001, 3.940877E+000, 3.966064E+000, 1.150443E+000, 4.937988E-001, -3.598726E-001, 6.472204E-001
8.194400E-002, 7.221664E-001, 3.885472E+000, 4.074879E+000, 1.472387E+000, 4.857958E-001, -3.542016E-001, 6.498145E-001
8.195200E-002, 7.567198E-001, 4.048111E+000, 4.289260E+000, 1.529796E+000, 4.787484E-001, -3.558557E-001, 6.433293E-001
8.196000E-002, 8.223713E-001, 4.064197E+000, 4.458168E+000, 1.368824E+000, 4.688342E-001, -3.590456E-001, 6.458054E-001
8.196800E-002, 7.964563E-001, 3.831855E+000, 4.549117E+000, 1.284398E+000, 4.450639E-001, -3.621174E-001, 6.524085E-001
8.197600E-002, 7.377155E-001, 3.867600E+000, 4.542621E+000, 1.323797E+000, 4.468557E-001, -3.679066E-001, 6.416785E-001
8.198400E-002, 7.446262E-001, 4.141048E+000, 4.367218E+000, 1.268639E+000, 4.574866E-001, -3.720417E-001, 6.347217E-001
8.199200E-002, 7.238941E-001, 4.273304E+000, 4.329863E+000, 1.115547E+000, 4.512753E-001, -3.709784E-001, 6.488712E-001
8.200000E-002, 5.424886E-001, 4.214325E+000, 4.506891E+000, 1.106541E+000, 4.463779E-001, -3.614085E-001, 6.519369E-001
8.200800E-002, 4.958415E-001, 4.107090E+000, 4.433806E+000, 1.188716E+000, 4.281023E-001, -3.454588E-001, 6.417964E-001
8.201600E-002, 8.154606E-001, 3.998069E+000, 4.251906E+000, 1.171831E+000, 4.202187E-001, -3.334079E-001, 6.533518E-001
8.202400E-002, 1.097071E+000, 3.889047E+000, 4.414317E+000, 1.087405E+000, 4.441084E-001, -3.233655E-001, 6.761089E-001
8.203200E-002, 1.005504E+000, 3.980196E+000, 4.669301E+000, 1.048006E+000, 4.521114E-001, -3.160405E-001, 6.778776E-001
8.204000E-002, 7.463538E-001, 4.192879E+000, 4.670925E+000, 1.138060E+000, 4.493641E-001, -3.257284E-001, 6.651431E-001
8.204800E-002, 6.236892E-001, 4.130325E+000, 4.487401E+000, 1.260759E+000, 4.468557E-001, -3.342350E-001, 6.653789E-001
8.205600E-002, 5.373057E-001, 3.958749E+000, 4.258402E+000, 1.273142E+000, 4.185465E-001, -3.142683E-001, 6.784672E-001
8.206400E-002, 2.332356E-001, 4.071346E+000, 4.131722E+000, 1.232617E+000, 3.831898E-001, -2.971371E-001, 6.867210E-001
8.207200E-002, -2.073205E-002, 4.207177E+000, 4.214552E+000, 1.192093E+000, 3.575085E-001, -3.097787E-001, 6.926166E-001
8.208000E-002, 1.209370E-001, 4.080282E+000, 4.435430E+000, 1.193219E+000, 3.453247E-001, -3.231292E-001, 7.000451E-001
8.208800E-002, 4.751095E-001, 3.999856E+000, 4.633571E+000, 1.277644E+000, 3.483109E-001, -3.186397E-001, 7.046437E-001
8.209600E-002, 8.033670E-001, 4.142836E+000, 4.705031E+000, 1.279896E+000, 3.374411E-001, -3.129687E-001, 7.081810E-001
8.210400E-002, 9.795894E-001, 4.205389E+000, 4.692039E+000, 1.046880E+000, 3.165377E-001, -3.111965E-001, 7.066482E-001
8.211200E-002, 8.914782E-001, 3.990920E+000, 4.542621E+000, 7.429474E-001, 3.080569E-001, -3.055255E-001, 7.007526E-001
8.212000E-002, 6.064125E-001, 3.830068E+000, 4.242161E+000, 6.168715E-001, 3.011289E-001, -3.011541E-001, 6.949748E-001
8.212800E-002, 3.265298E-001, 4.062409E+000, 4.164205E+000, 6.033633E-001, 2.964704E-001, -2.944198E-001, 6.871926E-001
8.213600E-002, 2.297802E-001, 4.309050E+000, 4.480905E+000, 5.301943E-001, 2.975454E-001, -2.771704E-001, 6.829478E-001
8.214400E-002, 2.574230E-001, 4.158921E+000, 4.698535E+000, 5.076807E-001, 3.011289E-001, -2.661829E-001, 6.837732E-001
8.215200E-002, 2.470569E-001, 3.960536E+000, 4.515011E+000, 6.371337E-001, 3.081763E-001, -2.661829E-001, 6.818866E-001
8.216000E-002, 4.146410E-001, 3.967685E+000, 4.378586E+000, 7.823461E-001, 3.054290E-001, -2.563768E-001, 6.691521E-001
8.216800E-002, 7.601752E-001, 4.005218E+000, 4.484153E+000, 8.453841E-001, 2.976649E-001, -2.305028E-001, 6.463950E-001
8.217600E-002, 7.705412E-001, 4.015941E+000, 4.529628E+000, 8.375043E-001, 3.039956E-001, -2.009663E-001, 6.367262E-001
8.218400E-002, 4.129134E-001, 4.001643E+000, 4.562110E+000, 7.215595E-001, 3.174933E-001, -1.805270E-001, 6.439189E-001
8.219200E-002, 1.036603E-001, 3.887259E+000, 4.633571E+000, 4.705333E-001, 3.190461E-001, -1.628052E-001, 6.454517E-001
8.220000E-002, -1.036603E-002, 3.767514E+000, 4.516635E+000, 2.476491E-001, 3.114014E-001, -1.259436E-001, 6.388486E-001
8.220800E-002, 4.146410E-002, 3.889047E+000, 4.331487E+000, 1.879882E-001, 3.159405E-001, -8.081184E-002, 6.264678E-001
8.221600E-002, 1.900438E-001, 4.116027E+000, 4.362345E+000, 1.699774E-001, 3.280047E-001, -6.379882E-002, 6.143228E-001
8.222400E-002, 3.697216E-001, 4.058835E+000, 4.592968E+000, 1.924909E-001, 3.374411E-001, -6.415326E-002, 6.208081E-001
8.223200E-002, 5.079352E-001, 3.878323E+000, 4.797606E+000, 3.759764E-001, 3.523722E-001, -4.843985E-002, 6.400278E-001
8.224000E-002, 5.459440E-001, 3.940877E+000, 4.859321E+000, 6.348823E-001, 3.581057E-001, -2.492880E-002, 6.560638E-001
8.224800E-002, 5.321226E-001, 4.064197E+000, 4.773244E+000, 9.106734E-001, 3.560750E-001, -9.451678E-003, 6.639639E-001
8.225600E-002, 5.027522E-001, 3.973047E+000, 4.558862E+000, 1.151569E+000, 3.638392E-001, -7.088759E-003, 6.645535E-001
8.226400E-002, 5.217566E-001, 3.812195E+000, 4.383459E+000, 1.172956E+000, 3.647948E-001, -2.587397E-002, 6.693879E-001
8.227200E-002, 5.183012E-001, 3.760365E+000, 4.406196E+000, 9.748371E-001, 3.553584E-001, -4.418660E-002, 6.855419E-001
8.228000E-002, 3.420788E-001, 3.703173E+000, 4.579975E+000, 7.620839E-001, 3.410246E-001, -3.757042E-002, 7.060586E-001
8.228800E-002, 2.712443E-001, 3.638832E+000, 4.726145E+000, 6.202485E-001, 3.099681E-001, -2.930020E-002, 7.250425E-001
8.229600E-002, 3.973643E-001, 3.688875E+000, 4.688790E+000, 4.581509E-001, 2.836895E-001, -3.816115E-002, 7.377770E-001
8.230400E-002, 2.764273E-001, 3.737131E+000, 4.649812E+000, 2.183815E-001, 2.807032E-001, -4.205997E-002, 7.408427E-001
8.231200E-002, 1.330307E-001, 3.708535E+000, 4.860945E+000, 7.654610E-002, 2.778365E-001, -3.331716E-002, 7.401353E-001
8.232000E-002, 3.489895E-001, 3.735344E+000, 4.989250E+000, 2.206329E-001, 2.707891E-001, -3.284458E-002, 7.440264E-001
8.232800E-002, 3.956366E-001, 3.824706E+000, 4.674173E+000, 5.493308E-001, 2.775976E-001, -4.158738E-002, 7.553459E-001
8.233600E-002, 2.470569E-001, 3.760365E+000, 4.336360E+000, 9.039193E-001, 2.867951E-001, -4.288699E-002, 7.661939E-001
8.234400E-002, 4.025473E-001, 3.638832E+000, 4.480905E+000, 1.240497E+000, 2.768809E-001, -3.414419E-002, 7.644252E-001
8.235200E-002, 5.511270E-001, 3.717471E+000, 4.810598E+000, 1.350814E+000, 2.701918E-001, -2.386549E-002, 7.595907E-001
8.236000E-002, 4.820202E-001, 3.839004E+000, 4.885307E+000, 1.168454E+000, 2.869146E-001, -1.299606E-002, 7.641894E-001
8.236800E-002, 4.630158E-001, 3.808621E+000, 4.755379E+000, 1.068268E+000, 2.965899E-001, 2.953649E-003, 7.598266E-001
8.237600E-002, 4.612881E-001, 3.647768E+000, 4.612457E+000, 1.084028E+000, 2.860784E-001, 1.689488E-002, 7.410786E-001
8.238400E-002, 3.887259E-001, 3.460108E+000, 4.592968E+000, 8.982909E-001, 2.811810E-001, 1.772190E-002, 7.373053E-001
8.239200E-002, 2.660613E-001, 3.458320E+000, 4.622202E+000, 6.258769E-001, 2.878701E-001, 1.335050E-002, 7.488608E-001
8.240000E-002, 2.401462E-001, 3.629896E+000, 4.584847E+000, 5.583363E-001, 2.924092E-001, 1.630414E-002, 7.511011E-001
8.240800E-002, 5.303950E-001, 3.667428E+000, 4.537748E+000, 6.990460E-001, 2.906174E-001, 2.339290E-002, 7.495682E-001
8.241600E-002, 8.085499E-001, 3.520874E+000, 4.562110E+000, 8.600179E-001, 2.854812E-001, 2.611026E-002, 7.538131E-001
8.242400E-002, 6.634256E-001, 3.483342E+000, 4.672549E+000, 8.690233E-001, 2.765226E-001, 2.410178E-002, 7.542847E-001
8.243200E-002, 3.161638E-001, 3.671003E+000, 4.791109E+000, 8.318760E-001, 2.627860E-001, 2.433807E-002, 7.513369E-001
8.244000E-002, 8.292820E-002, 3.737131E+000, 4.792733E+000, 8.678976E-001, 2.531107E-001, 2.492880E-002, 7.496861E-001
8.244800E-002, 3.109808E-002, 3.429724E+000, 4.680670E+000, 8.127394E-001, 2.543052E-001, 1.453196E-002, 7.492145E-001
8.245600E-002, 1.122986E-001, 3.133042E+000, 4.670925E+000, 5.909809E-001, 2.644583E-001, -2.126628E-003, 7.505115E-001
8.246400E-002, 2.245972E-001, 3.184872E+000, 4.740762E+000, 3.703480E-001, 2.797477E-001, -1.075128E-002, 7.465025E-001
8.247200E-002, 3.248021E-001, 3.320703E+000, 4.703407E+000, 2.600316E-001, 2.859590E-001, -1.441381E-002, 7.325889E-001
8.248000E-002, 3.679939E-001, 3.317128E+000, 4.708280E+000, 2.521518E-001, 2.815394E-001, -1.984852E-002, 7.195006E-001
8.248800E-002, 3.386235E-001, 3.229553E+000, 4.843080E+000, 3.309493E-001, 2.870340E-001, -2.457436E-002, 7.211514E-001
8.249600E-002, 2.867934E-001, 3.038318E+000, 4.883683E+000, 4.007413E-001, 2.996955E-001, -3.071795E-002, 7.351829E-001
8.250400E-002, 2.280526E-001, 2.861380E+000, 4.851201E+000, 3.163155E-001, 3.013678E-001, -3.579823E-002, 7.387203E-001
8.251200E-002, 1.675841E-001, 2.936445E+000, 4.909668E+000, 2.150045E-001, 2.947981E-001, -3.012722E-002, 7.236275E-001
8.252000E-002, 1.036603E-001, 3.116956E+000, 4.922661E+000, 3.759764E-001, 2.934842E-001, -2.788245E-002, 7.132512E-001
8.252800E-002, 7.083450E-002, 3.143765E+000, 4.799230E+000, 5.785984E-001, 2.957537E-001, -4.312328E-002, 7.147841E-001
8.253600E-002, 1.053879E-001, 3.100871E+000, 4.703407E+000, 4.435171E-001, 2.869146E-001, -6.332624E-002, 7.062944E-001
8.254400E-002, 1.485797E-001, 3.045467E+000, 4.656308E+000, 2.026220E-001, 2.738947E-001, -8.033926E-002, 6.848344E-001
8.255200E-002, 1.019326E-001, 2.914998E+000, 4.612457E+000, 1.643490E-001, 2.687584E-001, -9.262644E-002, 6.607803E-001
8.256000E-002, -1.330307E-001, 2.909636E+000, 4.636819E+000, 1.553435E-001, 2.624277E-001, -1.011330E-001, 6.401457E-001
8.256800E-002, -3.818153E-001, 3.161638E+000, 4.766747E+000, 9.005423E-003, 2.574109E-001, -1.168464E-001, 6.363724E-001
8.257600E-002, -3.852706E-001, 3.279596E+000, 4.984377E+000, -8.667719E-002, 2.576497E-001, -1.440199E-001, 6.421502E-001
8.258400E-002, -2.539676E-001, 3.034743E+000, 5.042845E+000, 3.377034E-003, 2.547830E-001, -1.683580E-001, 6.338963E-001
8.259200E-002, -1.779501E-001, 2.856019E+000, 4.807350E+000, 1.305786E-001, 2.633833E-001, -1.739109E-001, 6.226946E-001
8.260000E-002, -9.502190E-002, 2.950743E+000, 4.732641E+000, 1.947423E-001, 2.821366E-001, -1.691850E-001, 6.208081E-001
8.260800E-002, 5.183013E-002, 2.988275E+000, 4.888555E+000, 2.611573E-001, 2.882285E-001, -1.736746E-001, 6.100780E-001
8.261600E-002, 1.624011E-001, 2.832784E+000, 4.696911E+000, 2.847965E-001, 2.999344E-001, -1.861981E-001, 5.938061E-001
8.262400E-002, 7.601752E-002, 2.698741E+000, 4.357473E+000, 1.215732E-001, 3.165377E-001, -1.944683E-001, 5.851985E-001
8.263200E-002, -2.505123E-001, 2.675507E+000, 4.477657E+000, -1.215732E-001, 3.078180E-001, -1.954134E-001, 5.708132E-001
8.264000E-002, -4.111857E-001, 2.659422E+000, 4.755379E+000, -2.431464E-001, 2.956343E-001, -1.925779E-001, 5.478203E-001
8.264800E-002, -1.969545E-001, 2.713039E+000, 4.797606E+000, -2.938019E-001, 2.943203E-001, -1.936412E-001, 5.289544E-001
8.265600E-002, -1.554904E-002, 2.889976E+000, 4.911293E+000, -3.354520E-001, 2.793893E-001, -2.004937E-001, 5.073764E-001
8.266400E-002, 4.837478E-002, 2.854231E+000, 5.239362E+000, -3.185668E-001, 2.613526E-001, -2.014389E-001, 4.822612E-001
8.267200E-002, 5.874081E-002, 2.482484E+000, 5.379035E+000, -3.118128E-001, 2.631444E-001, -1.981308E-001, 4.697624E-001
8.268000E-002, 3.455342E-002, 2.178653E+000, 5.276716E+000, -3.309493E-001, 2.827339E-001, -2.033292E-001, 4.637489E-001
8.268800E-002, 1.641287E-001, 2.085716E+000, 5.253979E+000, -1.947423E-001, 3.162988E-001, -2.119539E-001, 4.400485E-001
8.269600E-002, 2.004098E-001, 2.164355E+000, 5.253979E+000, 4.840415E-002, 3.478331E-001, -2.192789E-001, 4.032599E-001
8.270400E-002, -1.727671E-003, 2.484272E+000, 5.127298E+000, 1.823598E-001, 3.563139E-001, -2.244774E-001, 3.796775E-001
8.271200E-002, -1.727671E-002, 2.830997E+000, 4.925910E+000, 1.868625E-001, 3.554778E-001, -2.217600E-001, 3.697729E-001
8.272000E-002, 1.710394E-001, 2.982913E+000, 4.740762E+000, 1.238246E-001, 3.584640E-001, -2.193971E-001, 3.539726E-001
8.272800E-002, 2.142312E-001, 3.000786E+000, 4.648188E+000, 6.303796E-002, 3.456831E-001, -2.275492E-001, 3.282677E-001
8.273600E-002, 1.192093E-001, 2.927509E+000, 4.666053E+000, -4.502711E-002, 3.219129E-001, -2.392456E-001, 3.049211E-001
8.274400E-002, -2.764273E-002, 2.791678E+000, 4.799230E+000, -2.487748E-001, 3.160599E-001, -2.465706E-001, 2.923045E-001
8.275200E-002, -1.986821E-001, 2.627251E+000, 4.966512E+000, -3.174412E-001, 3.154627E-001, -2.527142E-001, 2.846402E-001
8.276000E-002, -2.988871E-001, 2.471761E+000, 4.956768E+000, -1.677260E-001, 3.007706E-001, -2.613389E-001, 2.684862E-001
8.276800E-002, -3.472618E-001, 2.493208E+000, 4.774868E+000, -8.330017E-002, 2.959926E-001, -2.738624E-001, 2.430172E-001
8.277600E-002, -3.956366E-001, 2.693379E+000, 4.731017E+000, -2.476491E-001, 3.142682E-001, -2.914661E-001, 2.222646E-001
8.278400E-002, -4.595605E-001, 2.761295E+000, 4.973009E+000, -3.286979E-001, 3.369634E-001, -3.129687E-001, 2.109450E-001
8.279200E-002, -6.029571E-001, 2.645124E+000, 5.240986E+000, 2.251356E-003, 3.429358E-001, -3.338805E-001, 2.019837E-001
8.280000E-002, -6.755193E-001, 2.552187E+000, 5.288085E+000, 3.849818E-001, 3.264519E-001, -3.490032E-001, 1.894850E-001
8.280800E-002, -4.422837E-001, 2.452101E+000, 5.271844E+000, 5.245659E-001, 3.081763E-001, -3.615267E-001, 1.734489E-001
8.281600E-002, -5.874081E-002, 2.321632E+000, 5.383907E+000, 5.763471E-001, 2.994566E-001, -3.728687E-001, 1.581203E-001
8.282400E-002, 2.073205E-002, 2.301972E+000, 5.481353E+000, 6.067404E-001, 2.980232E-001, -3.793667E-001, 1.440888E-001
8.283200E-002, -2.729720E-001, 2.360952E+000, 5.505715E+000, 6.303796E-001, 3.098486E-001, -3.824385E-001, 1.315901E-001
8.284000E-002, -4.094580E-001, 2.419931E+000, 5.512211E+000, 5.335713E-001, 3.243018E-001, -3.877551E-001, 1.238079E-001
8.284800E-002, -2.211419E-001, 2.475335E+000, 5.396900E+000, 2.026220E-001, 3.259741E-001, -3.975612E-001, 1.189735E-001
8.285600E-002, -9.502190E-002, 2.416356E+000, 5.218248E+000, -7.316906E-002, 3.246602E-001, -4.054770E-001, 1.139032E-001
8.286400E-002, -2.418739E-002, 2.326994E+000, 5.111057E+000, -7.992313E-002, 3.323049E-001, -4.115024E-001, 1.097763E-001
8.287200E-002, 8.465587E-002, 2.346654E+000, 5.052590E+000, -2.476491E-002, 3.343355E-001, -4.230807E-001, 1.064748E-001
8.288000E-002, 6.219615E-002, 2.357377E+000, 5.089944E+000, -5.740957E-002, 3.086541E-001, -4.424567E-001, 9.491937E-002
8.288800E-002, 6.910684E-003, 2.394909E+000, 5.242610E+000, -1.350813E-002, 2.691168E-001, -4.693940E-001, 6.874285E-002
8.289600E-002, 7.601752E-002, 2.618315E+000, 5.289709E+000, 2.251356E-001, 2.458244E-001, -4.949135E-001, 4.221259E-002
8.290400E-002, 1.554904E-001, 2.802401E+000, 5.154908E+000, 4.277576E-001, 2.398520E-001, -5.147620E-001, 3.018554E-002
8.291200E-002, 6.046848E-002, 2.637975E+000, 5.068831E+000, 3.838561E-001, 2.403298E-001, -5.388638E-001, 2.476157E-002
8.292000E-002, -1.537627E-001, 2.457463E+000, 5.086696E+000, 3.106871E-001, 2.430771E-001, -5.630837E-001, 1.839431E-002
8.292800E-002, -1.606734E-001, 2.679081E+000, 4.937278E+000, 4.165008E-001, 2.454660E-001, -5.824596E-001, 2.110629E-002
8.293600E-002, -3.109808E-002, 3.025807E+000, 4.625450E+000, 4.727847E-001, 2.485717E-001, -6.092788E-001, 3.148257E-002
8.294400E-002, -1.675841E-001, 3.000786E+000, 4.482529E+000, 3.624683E-001, 2.455855E-001, -6.411782E-001, 3.360499E-002
8.295200E-002, -4.250070E-001, 2.688018E+000, 4.513387E+000, 2.814195E-001, 2.329240E-001, -6.586638E-001, 2.275707E-002
8.296000E-002, -4.630158E-001, 2.573634E+000, 4.594592E+000, 1.553435E-001, 2.172763E-001, -6.656344E-001, 4.834403E-003
8.296800E-002, -4.923862E-001, 2.609379E+000, 4.748882E+000, -1.677260E-001, 1.960145E-001, -6.791031E-001, -6.485174E-003
8.297600E-002, -6.375105E-001, 2.391335E+000, 4.860945E+000, -4.176265E-001, 1.753500E-001, -6.931624E-001, -5.423964E-003
8.298400E-002, -5.563100E-001, 2.003502E+000, 4.880435E+000, -3.703480E-001, 1.685414E-001, -6.969431E-001, -8.961332E-003
8.299200E-002, -3.507172E-001, 1.830140E+000, 4.911293E+000, -2.082504E-001, 1.641218E-001, -7.009600E-001, -2.759147E-002
8.300000E-002, -4.025473E-001, 2.048184E+000, 4.992498E+000, -9.793398E-002, 1.536104E-001, -7.143106E-001, -4.292006E-002
8.300800E-002, -4.353731E-001, 2.428867E+000, 5.091568E+000, 3.939873E-002, 1.518186E-001, -7.236441E-001, -4.504248E-002
8.301600E-002, -1.606734E-001, 2.621890E+000, 5.232865E+000, 1.778571E-001, 1.610162E-001, -7.167916E-001, -5.188140E-002
8.302400E-002, 6.910684E-003, 2.578996E+000, 5.307574E+000, 1.609719E-001, 1.730804E-001, -7.037956E-001, -6.956823E-002
8.303200E-002, -5.183013E-002, 2.489633E+000, 5.138667E+000, 8.892855E-002, 1.894448E-001, -6.909177E-001, -8.383562E-002
8.304000E-002, 5.010245E-002, 2.580783E+000, 5.044469E+000, 1.339557E-001, 1.997174E-001, -6.765038E-001, -8.949541E-002
8.304800E-002, 1.606734E-001, 2.659422E+000, 5.286461E+000, 2.150045E-001, 2.007924E-001, -6.696514E-001, -9.928212E-002
8.305600E-002, 7.774519E-002, 2.387760E+000, 5.564183E+000, 2.251356E-001, 2.111844E-001, -6.707147E-001, -1.177943E-001
8.306400E-002, 9.156656E-002, 2.151844E+000, 5.671374E+000, 1.699774E-001, 2.138123E-001, -6.657526E-001, -1.275811E-001
8.307200E-002, 1.952268E-001, 2.346654E+000, 5.593417E+000, 8.217449E-002, 1.821585E-001, -6.537017E-001, -1.274631E-001
8.308000E-002, 1.520350E-001, 2.571847E+000, 5.374163E+000, 0.000000E+000, 1.438156E-001, -6.489758E-001, -1.405514E-001
8.308800E-002, 1.157539E-001, 2.589719E+000, 5.257227E+000, -3.039330E-002, 1.313930E-001, -6.546468E-001, -1.627189E-001
8.309600E-002, 2.436016E-001, 2.632613E+000, 5.348177E+000, 1.801085E-002, 1.419045E-001, -6.574823E-001, -1.684966E-001
8.310400E-002, 2.781550E-001, 2.645124E+000, 5.479729E+000, 9.455694E-002, 1.591050E-001, -6.553557E-001, -1.590636E-001
8.311200E-002, 8.811121E-002, 2.532527E+000, 5.539821E+000, 1.103164E-001, 1.703331E-001, -6.528746E-001, -1.517531E-001
8.312000E-002, -8.292820E-002, 2.436016E+000, 5.538197E+000, 8.217449E-002, 1.782167E-001, -6.455496E-001, -1.512814E-001
8.312800E-002, -1.174816E-001, 2.459250E+000, 5.405020E+000, 1.497152E-001, 1.847863E-001, -6.279458E-001, -1.513993E-001
8.313600E-002, -2.937040E-002, 2.573634E+000, 5.185766E+000, 3.545885E-001, 1.788139E-001, -6.045529E-001, -1.499844E-001
8.314400E-002, 9.502190E-002, 2.627251E+000, 5.098064E+000, 5.425767E-001, 1.674664E-001, -5.839955E-001, -1.513993E-001
8.315200E-002, 2.418739E-002, 2.568272E+000, 5.117554E+000, 5.729700E-001, 1.671080E-001, -5.718265E-001, -1.505740E-001
8.316000E-002, -1.934991E-001, 2.655847E+000, 5.109433E+000, 5.020523E-001, 1.653163E-001, -5.658011E-001, -1.458575E-001
8.316800E-002, -2.608783E-001, 2.873891E+000, 5.096441E+000, 5.189375E-001, 1.506242E-001, -5.569401E-001, -1.450321E-001
8.317600E-002, 1.900438E-002, 2.777380E+000, 5.063959E+000, 5.763471E-001, 1.342598E-001, -5.522143E-001, -1.426738E-001
8.318400E-002, 4.267347E-001, 2.516442E+000, 4.969760E+000, 5.054294E-001, 1.187315E-001, -5.597757E-001, -1.334767E-001
8.319200E-002, 4.681988E-001, 2.521804E+000, 4.934030E+000, 4.570252E-001, 1.021282E-001, -5.617841E-001, -1.314722E-001
8.320000E-002, 1.814054E-001, 2.553974E+000, 5.059086E+000, 5.065550E-001, 9.125842E-002, -5.558768E-001, -1.431455E-001
8.320800E-002, 5.183013E-002, 2.541463E+000, 5.185766E+000, 5.234402E-001, 8.194146E-002, -5.600119E-001, -1.460933E-001
8.321600E-002, 1.071156E-001, 2.700528E+000, 5.184142E+000, 5.482051E-001, 7.489402E-002, -5.645015E-001, -1.306468E-001
8.322400E-002, 1.313030E-001, 2.832784E+000, 5.234489E+000, 6.855378E-001, 7.776077E-002, -5.662736E-001, -1.185018E-001
8.323200E-002, 1.520350E-001, 2.882827E+000, 5.328688E+000, 9.163018E-001, 8.146366E-002, -5.805693E-001, -1.108375E-001
8.324000E-002, 1.693117E-001, 3.016871E+000, 5.260475E+000, 1.051383E+000, 8.504711E-002, -5.946287E-001, -8.878793E-002
8.324800E-002, 1.693117E-001, 2.973977E+000, 5.150036E+000, 9.917222E-001, 9.042228E-002, -6.004179E-001, -6.261141E-002
8.325600E-002, 2.833380E-001, 2.668358E+000, 5.018484E+000, 9.365640E-001, 8.134422E-002, -6.115236E-001, -5.813074E-002
8.326400E-002, 3.645386E-001, 2.527165E+000, 4.856073E+000, 1.000728E+000, 5.709624E-002, -6.258192E-001, -7.428472E-002
8.327200E-002, 1.468520E-001, 2.684443E+000, 4.932406E+000, 1.002979E+000, 3.547611E-002, -6.320810E-001, -8.301023E-002
8.328000E-002, -1.606734E-001, 2.952530E+000, 5.112681E+000, 8.870342E-001, 2.914536E-002, -6.297181E-001, -7.404890E-002
8.328800E-002, -2.297802E-001, 3.158063E+000, 5.072079E+000, 8.341273E-001, 3.798452E-002, -6.213297E-001, -6.638460E-002
8.329600E-002, -4.491944E-002, 3.075850E+000, 4.976257E+000, 7.879745E-001, 4.550976E-002, -6.058525E-001, -6.190393E-002
8.330400E-002, 1.330307E-001, 2.911423E+000, 4.979505E+000, 6.179972E-001, 4.658480E-002, -5.845863E-001, -4.574995E-002
8.331200E-002, 8.983888E-002, 3.002573E+000, 5.007115E+000, 5.178118E-001, 5.387114E-002, -5.640289E-001, -2.346454E-002
8.332000E-002, 1.382137E-002, 3.043679E+000, 5.049342E+000, 6.562702E-001, 6.438258E-002, -5.438259E-001, -8.371770E-003
8.332800E-002, 8.811121E-002, 2.761295E+000, 5.075327E+000, 8.577666E-001, 7.596905E-002, -5.159435E-001, -2.947806E-003
8.333600E-002, 5.355780E-002, 2.582570E+000, 5.039597E+000, 8.780288E-001, 8.851111E-002, -4.814448E-001, 5.895613E-004
8.334400E-002, -1.831331E-001, 2.727337E+000, 5.062335E+000, 7.924773E-001, 8.385263E-002, -4.542713E-001, 1.285244E-002
8.335200E-002, -2.556953E-001, 2.775593E+000, 5.231241E+000, 7.857231E-001, 6.402423E-002, -4.412752E-001, 2.959598E-002
8.336000E-002, 5.701314E-002, 2.736273E+000, 5.426134E+000, 8.014827E-001, 5.817127E-002, -4.390304E-001, 3.407664E-002
8.336800E-002, 4.180964E-001, 2.900700E+000, 5.539821E+000, 7.800948E-001, 6.820492E-002, -4.418660E-001, 3.065719E-002
8.337600E-002, 5.217566E-001, 3.040105E+000, 5.583672E+000, 7.553298E-001, 7.166892E-002, -4.411571E-001, 4.740073E-002
8.338400E-002, 5.442163E-001, 2.979339E+000, 5.507339E+000, 7.800948E-001, 7.346064E-002, -4.412752E-001, 8.218484E-002
8.339200E-002, 6.064125E-001, 2.936445E+000, 5.294581E+000, 9.084221E-001, 9.269179E-002, -4.515539E-001, 1.082435E-001
8.340000E-002, 5.735867E-001, 3.063339E+000, 5.130547E+000, 1.029995E+000, 1.104896E-001, -4.597060E-001, 1.286423E-001
8.340800E-002, 4.699265E-001, 3.154489E+000, 5.143539E+000, 9.365640E-001, 9.627524E-002, -4.533261E-001, 1.584741E-001
8.341600E-002, 5.027522E-001, 3.047254E+000, 5.247482E+000, 7.046744E-001, 6.701043E-002, -4.430474E-001, 1.934940E-001
8.342400E-002, 7.411708E-001, 2.975764E+000, 5.252355E+000, 5.414510E-001, 5.554341E-002, -4.396212E-001, 2.373574E-001
8.343200E-002, 9.018442E-001, 3.015084E+000, 5.094817E+000, 4.896699E-001, 5.518506E-002, -4.425748E-001, 2.930120E-001
8.344000E-002, 8.310097E-001, 3.031169E+000, 5.028228E+000, 5.932323E-001, 4.467363E-002, -4.438744E-001, 3.319230E-001
8.344800E-002, 7.774519E-001, 3.024020E+000, 5.112681E+000, 7.497015E-001, 2.257571E-002, -4.313509E-001, 3.446575E-001
8.345600E-002, 7.843626E-001, 3.024020E+000, 5.137043E+000, 7.012973E-001, 2.388964E-003, -4.050044E-001, 3.716594E-001
8.346400E-002, 6.910684E-001, 3.118744E+000, 5.179270E+000, 5.572106E-001, -7.166892E-004, -3.777127E-001, 4.190602E-001
8.347200E-002, 5.684037E-001, 3.251000E+000, 5.236114E+000, 5.335713E-001, 1.600606E-002, -3.562101E-001, 4.490099E-001
8.348000E-002, 5.113906E-001, 3.224191E+000, 5.137043E+000, 5.729700E-001, 4.395694E-002, -3.350620E-001, 4.632773E-001
8.348800E-002, 5.044799E-001, 3.150914E+000, 5.031476E+000, 5.763471E-001, 7.262450E-002, -2.990275E-001, 4.830865E-001
8.349600E-002, 6.133232E-001, 3.156276E+000, 5.075327E+000, 5.178118E-001, 9.269179E-002, -2.465706E-001, 5.007734E-001
8.350400E-002, 7.705412E-001, 3.186659E+000, 5.137043E+000, 4.975496E-001, 9.746972E-002, -2.002574E-001, 5.120929E-001
8.351200E-002, 7.809072E-001, 3.236702E+000, 5.026604E+000, 5.977349E-001, 9.890310E-002, -1.700121E-001, 5.202289E-001
8.352000E-002, 6.582426E-001, 3.233128E+000, 4.870690E+000, 6.416364E-001, 1.100118E-001, -1.394123E-001, 5.243558E-001
8.352800E-002, 5.062076E-001, 3.258149E+000, 4.964888E+000, 5.853525E-001, 1.175370E-001, -9.747043E-002, 5.409815E-001
8.353600E-002, 4.837478E-001, 3.320703E+000, 5.156532E+000, 5.639646E-001, 1.106090E-001, -5.458344E-002, 5.716386E-001
8.354400E-002, 6.064125E-001, 3.258149E+000, 5.158156E+000, 4.716590E-001, 1.002170E-001, -2.563768E-002, 5.869672E-001
8.355200E-002, 7.428985E-001, 3.211681E+000, 5.046093E+000, 3.422061E-001, 1.040394E-001, -1.382308E-002, 5.928628E-001
8.356000E-002, 9.726787E-001, 3.309979E+000, 5.059086E+000, 3.872332E-001, 1.106090E-001, -5.671007E-003, 6.197468E-001
8.356800E-002, 1.195548E+000, 3.356447E+000, 5.275092E+000, 4.626536E-001, 8.922780E-002, 1.205089E-002, 6.573609E-001
8.357600E-002, 1.179999E+000, 3.252787E+000, 5.431006E+000, 4.446428E-001, 6.020189E-002, 3.260829E-002, 6.841269E-001
8.358400E-002, 1.019326E+000, 3.209893E+000, 5.354673E+000, 5.043037E-001, 5.590175E-002, 5.186608E-002, 7.105393E-001
8.359200E-002, 9.001165E-001, 3.267085E+000, 5.292957E+000, 6.270026E-001, 6.545761E-002, 7.254162E-002, 7.462667E-001
8.360000E-002, 9.554020E-001, 3.290319E+000, 5.309198E+000, 6.506418E-001, 7.979139E-002, 9.049982E-002, 7.790463E-001
8.360800E-002, 1.110892E+000, 3.311766E+000, 5.281589E+000, 6.562702E-001, 9.030283E-002, 1.105846E-001, 8.075811E-001
8.361600E-002, 1.135080E+000, 3.336788E+000, 5.237738E+000, 7.114284E-001, 7.919415E-002, 1.404756E-001, 8.392994E-001
8.362400E-002, 1.140263E+000, 3.288532E+000, 5.153284E+000, 7.024230E-001, 4.431528E-002, 1.717843E-001, 8.753806E-001
8.363200E-002, 1.319941E+000, 3.236702E+000, 5.125674E+000, 7.553298E-001, 8.361373E-003, 1.965949E-001, 9.172395E-001
8.364000E-002, 1.397686E+000, 3.368958E+000, 5.257227E+000, 9.095477E-001, -3.344549E-003, 2.215237E-001, 9.457743E-001
8.364800E-002, 1.178272E+000, 3.570917E+000, 5.253979E+000, 8.814058E-001, 2.986205E-003, 2.537776E-001, 9.453026E-001
8.365600E-002, 1.050424E+000, 3.558406E+000, 5.002243E+000, 7.305650E-001, 1.206427E-002, 2.847318E-001, 9.480146E-001
8.366400E-002, 1.147173E+000, 3.483342E+000, 4.922661E+000, 7.519528E-001, 1.445323E-002, 3.031626E-001, 9.785538E-001
8.367200E-002, 1.294026E+000, 3.520874E+000, 5.075327E+000, 8.982909E-001, 5.733513E-003, 3.197030E-001, 1.011805E+000
8.368000E-002, 1.387320E+000, 3.554832E+000, 5.096441E+000, 1.002979E+000, 4.897376E-003, 3.465222E-001, 1.029610E+000
8.368800E-002, 1.283659E+000, 3.497640E+000, 4.992498E+000, 1.014236E+000, 5.614065E-003, 3.765312E-001, 1.048476E+000
8.369600E-002, 1.235285E+000, 3.402916E+000, 4.882059E+000, 9.421924E-001, -4.777928E-004, 4.021689E-001, 1.073945E+000
8.370400E-002, 1.368315E+000, 3.549470E+000, 4.787861E+000, 9.399410E-001, 1.230316E-002, 4.139835E-001, 1.094226E+000
8.371200E-002, 1.356222E+000, 3.844366E+000, 4.864193E+000, 1.082902E+000, 2.353129E-002, 4.116206E-001, 1.113799E+000
8.372000E-002, 1.421873E+000, 3.662066E+000, 4.938902E+000, 1.177459E+000, 1.624495E-002, 4.200089E-001, 1.140212E+000
8.372800E-002, 1.691390E+000, 3.163425E+000, 4.823591E+000, 1.141437E+000, 2.508412E-002, 4.439926E-001, 1.167213E+000
8.373600E-002, 1.687934E+000, 3.059765E+000, 4.958392E+000, 1.133558E+000, 4.383749E-002, 4.633685E-001, 1.188438E+000
8.374400E-002, 1.508257E+000, 3.286745E+000, 5.367666E+000, 1.232617E+000, 4.909321E-002, 4.736472E-001, 1.207657E+000
8.375200E-002, 1.416690E+000, 3.402916E+000, 5.426134E+000, 1.211229E+000, 5.948520E-002, 4.770734E-001, 1.230886E+000
8.376000E-002, 1.300936E+000, 3.360022E+000, 5.260475E+000, 9.703344E-001, 7.871636E-002, 4.775460E-001, 1.253289E+000
8.376800E-002, 1.380409E+000, 3.390405E+000, 5.354673E+000, 8.881599E-001, 8.218036E-002, 4.829807E-001, 1.278287E+000
8.377600E-002, 1.643015E+000, 3.554832E+000, 5.443999E+000, 1.054760E+000, 7.023554E-002, 4.860525E-001, 1.313071E+000
8.378400E-002, 1.632649E+000, 3.565555E+000, 5.323815E+000, 1.127929E+000, 5.709624E-002, 4.774279E-001, 1.332409E+000
8.379200E-002, 1.444333E+000, 3.338575E+000, 5.309198E+000, 1.102039E+000, 3.905956E-002, 4.667947E-001, 1.331111E+000
8.380000E-002, 1.418418E+000, 3.234915E+000, 5.539821E+000, 1.103164E+000, 2.412853E-002, 4.589971E-001, 1.344436E+000
8.380800E-002, 1.461610E+000, 3.345724E+000, 5.846777E+000, 1.020990E+000, 2.281461E-002, 4.480095E-001, 1.368254E+000
8.381600E-002, 1.335490E+000, 3.406490E+000, 5.958840E+000, 9.039193E-001, 1.086979E-002, 4.350135E-001, 1.377333E+000
8.382400E-002, 1.116075E+000, 3.399341E+000, 5.822415E+000, 9.264329E-001, -1.875337E-002, 4.203634E-001, 1.378394E+000
8.383200E-002, 1.167905E+000, 3.417214E+000, 5.785061E+000, 1.082902E+000, -4.527086E-002, 4.027596E-001, 1.377333E+000
8.384000E-002, 1.449516E+000, 3.433299E+000, 5.984826E+000, 1.234869E+000, -6.390478E-002, 3.921265E-001, 1.370848E+000
8.384800E-002, 1.520350E+000, 3.367171E+000, 6.043293E+000, 1.255131E+000, -6.856326E-002, 3.918902E-001, 1.366839E+000
8.385600E-002, 1.378681E+000, 3.249213E+000, 5.798054E+000, 1.224738E+000, -6.091858E-002, 3.917721E-001, 1.375918E+000
8.386400E-002, 1.325124E+000, 3.363596E+000, 5.621027E+000, 1.195470E+000, -5.064603E-002, 3.903543E-001, 1.391011E+000
8.387200E-002, 1.414962E+000, 3.590577E+000, 5.728217E+000, 1.118924E+000, -4.216521E-002, 3.944894E-001, 1.406222E+000
8.388000E-002, 1.527261E+000, 3.576279E+000, 5.843529E+000, 1.095285E+000, -6.677154E-002, 3.995697E-001, 1.421432E+000
8.388800E-002, 1.535899E+000, 3.472618E+000, 5.723345E+000, 1.081776E+000, -1.319903E-001, 3.982701E-001, 1.417659E+000
8.389600E-002, 1.423601E+000, 3.426150E+000, 5.556062E+000, 9.928479E-001, -1.875337E-001, 3.998060E-001, 1.403038E+000
8.390400E-002, 1.378681E+000, 3.385043E+000, 5.531701E+000, 1.008607E+000, -2.052120E-001, 4.089032E-001, 1.411999E+000
8.391200E-002, 1.573908E+000, 3.351086E+000, 5.432630E+000, 1.059263E+000, -1.970895E-001, 4.175279E-001, 1.433106E+000
8.392000E-002, 1.831331E+000, 3.361809E+000, 5.210128E+000, 9.196788E-001, -1.688997E-001, 4.280429E-001, 1.440770E+000
8.392800E-002, 1.795050E+000, 3.404703E+000, 5.210128E+000, 8.521382E-001, -1.290040E-001, 4.428111E-001, 1.438176E+000
8.393600E-002, 1.584274E+000, 3.345724E+000, 5.435878E+000, 1.025493E+000, -1.133563E-001, 4.563979E-001, 1.431455E+000
8.394400E-002, 1.575636E+000, 3.320703E+000, 5.528452E+000, 1.062640E+000, -1.311541E-001, 4.682125E-001, 1.419192E+000
8.395200E-002, 1.630921E+000, 3.526236E+000, 5.473233E+000, 8.600179E-001, -1.463240E-001, 4.800271E-001, 1.401623E+000
8.396000E-002, 1.560087E+000, 3.651343E+000, 5.429382E+000, 7.654610E-001, -1.618523E-001, 4.953861E-001, 1.391365E+000
8.396800E-002, 1.641287E+000, 3.520874E+000, 5.426134E+000, 8.870342E-001, -1.837113E-001, 5.155891E-001, 1.394666E+000
8.397600E-002, 1.853791E+000, 3.360022E+000, 5.586920E+000, 1.018739E+000, -1.779778E-001, 5.348468E-001, 1.391718E+000
8.398400E-002, 1.803688E+000, 3.317128E+000, 5.778564E+000, 1.070520E+000, -1.519381E-001, 5.484336E-001, 1.380753E+000
8.399200E-002, 1.689662E+000, 3.381469E+000, 5.690863E+000, 1.106541E+000, -1.268540E-001, 5.584760E-001, 1.381224E+000
8.400000E-002, 1.822693E+000, 3.445810E+000, 5.521956E+000, 1.087405E+000, -9.938090E-002, 5.709995E-001, 1.388417E+000
8.400800E-002, 1.890072E+000, 3.444022E+000, 5.562559E+000, 1.023241E+000, -9.221400E-002, 5.848226E-001, 1.388063E+000
8.401600E-002, 1.898710E+000, 3.513725E+000, 5.627523E+000, 1.069394E+000, -1.161036E-001, 5.940380E-001, 1.381814E+000
8.402400E-002, 2.033469E+000, 3.721046E+000, 5.606410E+000, 1.214606E+000, -1.364098E-001, 5.967553E-001, 1.373914E+000
8.403200E-002, 1.898710E+000, 3.776450E+000, 5.671374E+000, 1.295655E+000, -1.367682E-001, 5.947468E-001, 1.364599E+000
8.404000E-002, 1.573908E+000, 3.503002E+000, 5.700607E+000, 1.251754E+000, -1.323486E-001, 5.906117E-001, 1.353751E+000
8.404800E-002, 1.560087E+000, 3.170574E+000, 5.531701E+000, 1.194344E+000, -1.339014E-001, 5.856496E-001, 1.351392E+000
8.405600E-002, 1.703483E+000, 3.090148E+000, 5.525204E+000, 1.217983E+000, -1.439351E-001, 5.816326E-001, 1.364717E+000
8.406400E-002, 1.763952E+000, 3.313554E+000, 5.885756E+000, 1.248377E+000, -1.579105E-001, 5.730080E-001, 1.371437E+000
8.407200E-002, 1.822693E+000, 3.520874E+000, 6.155357E+000, 1.238246E+000, -1.656746E-001, 5.562313E-001, 1.359293E+000
8.408000E-002, 1.819237E+000, 3.365384E+000, 6.048166E+000, 1.223612E+000, -1.722443E-001, 5.460707E-001, 1.348680E+000
8.408800E-002, 1.807144E+000, 3.159850E+000, 5.820791E+000, 1.309163E+000, -1.722443E-001, 5.441803E-001, 1.354812E+000
8.409600E-002, 1.921170E+000, 3.318915E+000, 5.708728E+000, 1.512911E+000, -1.520575E-001, 5.352013E-001, 1.367546E+000
8.410400E-002, 1.877978E+000, 3.465469E+000, 5.798054E+000, 1.633359E+000, -1.422628E-001, 5.131080E-001, 1.368961E+000
8.411200E-002, 1.662019E+000, 3.324277E+000, 6.028677E+000, 1.604091E+000, -1.607773E-001, 4.846348E-001, 1.358585E+000
8.412000E-002, 1.698300E+000, 3.179510E+000, 6.139116E+000, 1.480266E+000, -1.638829E-001, 4.727021E-001, 1.348445E+000
8.412800E-002, 1.807144E+000, 3.088361E+000, 5.973457E+000, 1.338431E+000, -1.402322E-001, 4.833352E-001, 1.348327E+000
8.413600E-002, 1.751858E+000, 3.104446E+000, 5.767196E+000, 1.364322E+000, -1.238678E-001, 4.936139E-001, 1.352807E+000
8.414400E-002, 1.839970E+000, 3.231340E+000, 5.906869E+000, 1.474638E+000, -1.053533E-001, 4.966857E-001, 1.342077E+000
8.415200E-002, 1.950540E+000, 3.152701E+000, 6.278789E+000, 1.450999E+000, -7.262450E-002, 4.997575E-001, 1.324155E+000
8.416000E-002, 1.814054E+000, 3.013296E+000, 6.350249E+000, 1.373327E+000, -5.267665E-002, 4.932594E-001, 1.322504E+000
8.416800E-002, 1.748403E+000, 3.034743E+000, 6.139116E+000, 1.340682E+000, -4.658480E-002, 4.732928E-001, 1.324626E+000
8.417600E-002, 1.834786E+000, 3.027594E+000, 6.090393E+000, 1.322672E+000, -5.709624E-002, 4.565161E-001, 1.320382E+000
8.418400E-002, 1.834786E+000, 3.125893E+000, 6.205704E+000, 1.268639E+000, -1.002170E-001, 4.482458E-001, 1.326159E+000
8.419200E-002, 1.788139E+000, 3.302830E+000, 6.182967E+000, 1.158323E+000, -1.304374E-001, 4.366675E-001, 1.333706E+000
8.420000E-002, 1.860702E+000, 3.124105E+000, 6.095265E+000, 1.084028E+000, -1.000976E-001, 4.236715E-001, 1.321207E+000
8.420800E-002, 2.047290E+000, 2.820274E+000, 6.174846E+000, 1.116673E+000, -3.595391E-002, 4.156375E-001, 1.310948E+000
8.421600E-002, 2.107759E+000, 2.882827E+000, 6.163477E+000, 1.199973E+000, 1.373654E-002, 4.001604E-001, 1.322622E+000
8.422400E-002, 2.035196E+000, 3.082999E+000, 5.932855E+000, 1.254005E+000, 1.636440E-002, 3.798393E-001, 1.330050E+000
8.423200E-002, 1.998915E+000, 3.084786E+000, 5.913365E+000, 1.291152E+000, -2.245626E-002, 3.720417E-001, 1.317434E+000
8.424000E-002, 1.893527E+000, 2.909636E+000, 6.111506E+000, 1.344059E+000, -5.327389E-002, 3.631807E-001, 1.303048E+000
8.424800E-002, 1.774318E+000, 2.666571E+000, 6.204080E+000, 1.294530E+000, -6.079913E-002, 3.430959E-001, 1.300454E+000
8.425600E-002, 1.896983E+000, 2.664783E+000, 6.286909E+000, 1.138060E+000, -6.808547E-002, 3.306906E-001, 1.306822E+000
8.426400E-002, 2.047290E+000, 2.998998E+000, 6.397348E+000, 1.063766E+000, -7.596905E-002, 3.265555E-001, 1.314840E+000
8.427200E-002, 1.955723E+000, 3.161638E+000, 6.280413E+000, 1.072771E+000, -8.038864E-002, 3.120235E-001, 1.319674E+000
8.428000E-002, 1.824420E+000, 2.925721E+000, 6.017308E+000, 1.042378E+000, -8.600270E-002, 2.925294E-001, 1.321914E+000
8.428800E-002, 1.826148E+000, 2.650486E+000, 5.929606E+000, 9.444438E-001, -8.301649E-002, 2.878036E-001, 1.316254E+000
8.429600E-002, 1.910804E+000, 2.602230E+000, 6.079024E+000, 8.026083E-001, -7.071333E-002, 2.932383E-001, 1.300454E+000
8.430400E-002, 1.960906E+000, 2.782742E+000, 6.387604E+000, 7.159311E-001, -5.948520E-002, 2.946561E-001, 1.296209E+000
8.431200E-002, 1.915987E+000, 3.070488E+000, 6.645836E+000, 7.575812E-001, -3.953735E-002, 2.920569E-001, 1.304935E+000
8.432000E-002, 1.879706E+000, 3.225979E+000, 6.585744E+000, 8.082367E-001, -7.525236E-003, 2.866221E-001, 1.294677E+000
8.432800E-002, 1.845152E+000, 3.040105E+000, 6.283661E+000, 7.418217E-001, 1.552826E-002, 2.831959E-001, 1.268972E+000
8.433600E-002, 1.727671E+000, 2.743422E+000, 6.092017E+000, 6.438878E-001, 2.675639E-002, 2.932383E-001, 1.257416E+000
8.434400E-002, 1.573908E+000, 2.793465E+000, 6.143988E+000, 6.405107E-001, 3.750673E-002, 3.055255E-001, 1.252936E+000
8.435200E-002, 1.515167E+000, 3.106233E+000, 6.277164E+000, 6.754068E-001, 3.989569E-002, 2.991456E-001, 1.239965E+000
8.436000E-002, 1.703483E+000, 3.165212E+000, 6.345377E+000, 6.438878E-001, 3.571501E-002, 2.868584E-001, 1.228764E+000
8.436800E-002, 1.909076E+000, 2.902487E+000, 6.355122E+000, 5.999863E-001, 4.097073E-002, 2.861496E-001, 1.216501E+000
8.437600E-002, 1.808871E+000, 2.641549E+000, 6.424958E+000, 5.954836E-001, 4.395694E-002, 2.898121E-001, 1.202116E+000
8.438400E-002, 1.644743E+000, 2.509293E+000, 6.618227E+000, 5.234402E-001, 4.049294E-002, 2.867403E-001, 1.207539E+000
8.439200E-002, 1.587730E+000, 2.568272E+000, 6.743283E+000, 4.198779E-001, 4.909321E-002, 2.720902E-001, 1.220628E+000
8.440000E-002, 1.413235E+000, 2.750571E+000, 6.614978E+000, 4.727847E-001, 6.330754E-002, 2.626385E-001, 1.212845E+000
8.440800E-002, 1.250834E+000, 2.777380E+000, 6.381107E+000, 5.662160E-001, 6.904105E-002, 2.722083E-001, 1.200818E+000
8.441600E-002, 1.371771E+000, 2.671932E+000, 6.306398E+000, 4.862928E-001, 6.665209E-002, 2.765797E-001, 1.209308E+000
8.442400E-002, 1.596368E+000, 2.650486E+000, 6.446072E+000, 3.444574E-001, 6.975774E-002, 2.686639E-001, 1.227584E+000
8.443200E-002, 1.686207E+000, 2.604017E+000, 6.590617E+000, 3.455831E-001, 8.910835E-002, 2.730353E-001, 1.231004E+000
8.444000E-002, 1.681024E+000, 2.503931E+000, 6.535398E+000, 4.288833E-001, 1.066672E-001, 2.907572E-001, 1.218034E+000
8.444800E-002, 1.708666E+000, 2.571847E+000, 6.468809E+000, 4.547739E-001, 1.129980E-001, 3.055255E-001, 1.208954E+000
8.445600E-002, 1.755314E+000, 2.645124E+000, 6.652333E+000, 4.277576E-001, 1.305569E-001, 3.128505E-001, 1.211902E+000
8.446400E-002, 1.739765E+000, 2.487846E+000, 6.860218E+000, 4.108724E-001, 1.513409E-001, 3.184034E-001, 1.219684E+000
8.447200E-002, 1.776046E+000, 2.391335E+000, 6.783885E+000, 4.795388E-001, 1.491908E-001, 3.212389E-001, 1.227702E+000
8.448000E-002, 1.845152E+000, 2.525378E+000, 6.629595E+000, 5.594619E-001, 1.456074E-001, 3.147409E-001, 1.233362E+000
8.448800E-002, 1.812327E+000, 2.604017E+000, 6.670198E+000, 4.592766E-001, 1.519381E-001, 3.106058E-001, 1.230061E+000
8.449600E-002, 1.805416E+000, 2.578996E+000, 6.757900E+000, 2.859222E-001, 1.457268E-001, 3.239563E-001, 1.219095E+000
8.450400E-002, 1.763952E+000, 2.586145E+000, 6.681567E+000, 2.881735E-001, 1.416655E-001, 3.409693E-001, 1.213907E+000
8.451200E-002, 1.568725E+000, 2.509293E+000, 6.447696E+000, 3.444574E-001, 1.563577E-001, 3.387245E-001, 1.223222E+000
8.452000E-002, 1.605006E+000, 2.384186E+000, 6.282037E+000, 2.949276E-001, 1.686608E-001, 3.263192E-001, 1.239376E+000
8.452800E-002, 1.893527E+000, 2.416356E+000, 6.418462E+000, 2.273869E-001, 1.688997E-001, 3.331716E-001, 1.246686E+000
8.453600E-002, 1.827876E+000, 2.493208E+000, 6.702680E+000, 1.812341E-001, 1.717665E-001, 3.540835E-001, 1.239022E+000
8.454400E-002, 1.482342E+000, 2.494995E+000, 6.853722E+000, 2.014963E-001, 1.846669E-001, 3.649529E-001, 1.231358E+000
8.455200E-002, 1.485797E+000, 2.568272E+000, 6.894324E+000, 2.904249E-001, 2.007924E-001, 3.708602E-001, 1.239376E+000
8.456000E-002, 1.781229E+000, 2.618315E+000, 6.830985E+000, 3.219439E-001, 2.077204E-001, 3.773582E-001, 1.251049E+000
8.456800E-002, 1.872795E+000, 2.496782E+000, 6.631219E+000, 3.219439E-001, 1.980451E-001, 3.803119E-001, 1.252936E+000
8.457600E-002, 1.655109E+000, 2.459250E+000, 6.525653E+000, 3.579656E-001, 1.889670E-001, 3.897636E-001, 1.251757E+000
8.458400E-002, 1.501346E+000, 2.604017E+000, 6.691311E+000, 4.086211E-001, 2.025841E-001, 4.093758E-001, 1.249752E+000
8.459200E-002, 1.565270E+000, 2.738060E+000, 6.852098E+000, 4.862928E-001, 2.283849E-001, 4.313509E-001, 1.244682E+000
8.460000E-002, 1.534172E+000, 2.755933E+000, 6.751403E+000, 5.549592E-001, 2.532302E-001, 4.530898E-001, 1.239376E+000
8.460800E-002, 1.446061E+000, 2.525378E+000, 6.744907E+000, 5.437024E-001, 2.759253E-001, 4.711661E-001, 1.230414E+000
8.461600E-002, 1.541082E+000, 2.219759E+000, 7.027501E+000, 4.761617E-001, 2.878701E-001, 4.842803E-001, 1.220274E+000
8.462400E-002, 1.496163E+000, 2.234057E+000, 6.964161E+000, 4.288833E-001, 2.897813E-001, 4.958586E-001, 1.217326E+000
8.463200E-002, 1.214553E+000, 2.393122E+000, 6.525653E+000, 4.401400E-001, 2.881090E-001, 5.072007E-001, 1.216029E+000
8.464000E-002, 1.128169E+000, 2.335930E+000, 6.509412E+000, 4.502712E-001, 2.887063E-001, 5.216145E-001, 1.210723E+000
8.464800E-002, 1.256017E+000, 2.275164E+000, 6.756276E+000, 4.401400E-001, 3.029206E-001, 5.334291E-001, 1.198814E+000
8.465600E-002, 1.295753E+000, 2.518229E+000, 6.634468E+000, 4.604023E-001, 3.210768E-001, 5.339016E-001, 1.180420E+000
8.466400E-002, 1.202459E+000, 2.757720E+000, 6.382731E+000, 4.964240E-001, 3.244213E-001, 5.321295E-001, 1.167096E+000
8.467200E-002, 1.133352E+000, 2.611166E+000, 6.449320E+000, 4.952983E-001, 3.182100E-001, 5.318932E-001, 1.155304E+000
8.468000E-002, 1.193821E+000, 2.403846E+000, 6.658829E+000, 4.604023E-001, 3.128348E-001, 5.232685E-001, 1.139268E+000
8.468800E-002, 1.285387E+000, 2.516442E+000, 6.637716E+000, 3.984900E-001, 3.103264E-001, 5.088547E-001, 1.130896E+000
8.469600E-002, 1.332034E+000, 2.673720E+000, 6.524029E+000, 2.892992E-001, 2.965899E-001, 4.983397E-001, 1.120992E+000
8.470400E-002, 1.409779E+000, 2.462825E+000, 6.647460E+000, 2.105018E-001, 2.752086E-001, 4.898332E-001, 1.100475E+000
8.471200E-002, 1.456427E+000, 2.153631E+000, 6.848849E+000, 2.453978E-001, 2.879896E-001, 4.722295E-001, 1.095523E+000
8.472000E-002, 1.392503E+000, 2.278738E+000, 6.832609E+000, 2.960533E-001, 3.203600E-001, 4.432837E-001, 1.107668E+000
8.472800E-002, 1.356222E+000, 2.657634E+000, 6.644212E+000, 2.904249E-001, 3.068624E-001, 4.202452E-001, 1.112620E+000
8.473600E-002, 1.399413E+000, 2.734486E+000, 6.465561E+000, 3.061844E-001, 2.635027E-001, 4.117387E-001, 1.111323E+000
8.474400E-002, 1.454699E+000, 2.489633E+000, 6.377859E+000, 4.029927E-001, 2.490495E-001, 4.016963E-001, 1.116393E+000
8.475200E-002, 1.511712E+000, 2.246568E+000, 6.407093E+000, 4.941726E-001, 2.510801E-001, 3.892910E-001, 1.125355E+000
8.476000E-002, 1.516895E+000, 2.132184E+000, 6.532149E+000, 4.547739E-001, 2.467800E-001, 3.831474E-001, 1.114978E+000
8.476800E-002, 1.485797E+000, 2.232270E+000, 6.593865E+000, 3.500858E-001, 2.633833E-001, 3.726324E-001, 1.088094E+000
8.477600E-002, 1.428784E+000, 2.491421E+000, 6.530525E+000, 2.983046E-001, 3.018456E-001, 3.598726E-001, 1.087269E+000
8.478400E-002, 1.304392E+000, 2.532527E+000, 6.567879E+000, 3.005560E-001, 3.266908E-001, 3.539653E-001, 1.100829E+000
8.479200E-002, 1.223191E+000, 2.368101E+000, 6.692935E+000, 3.545885E-001, 3.253769E-001, 3.469947E-001, 1.087387E+000
8.480000E-002, 1.214553E+000, 2.402058E+000, 6.696184E+000, 3.635940E-001, 3.047123E-001, 3.404967E-001, 1.063215E+000
8.480800E-002, 1.183455E+000, 2.620102E+000, 6.740035E+000, 2.127531E-001, 2.869146E-001, 3.400241E-001, 1.048594E+000
8.481600E-002, 1.243923E+000, 2.693379E+000, 6.874835E+000, 1.024367E-001, 2.962315E-001, 3.433322E-001, 1.038100E+000
8.482400E-002, 1.335490E+000, 2.507506E+000, 6.792006E+000, 2.667857E-001, 3.157016E-001, 3.514843E-001, 1.029492E+000
8.483200E-002, 1.271566E+000, 2.282313E+000, 6.587368E+000, 5.324456E-001, 3.248991E-001, 3.576279E-001, 1.013102E+000
8.484000E-002, 1.262927E+000, 2.244781E+000, 6.644212E+000, 5.673416E-001, 3.399495E-001, 3.653074E-001, 9.919958E-001
8.484800E-002, 1.378681E+000, 2.328781E+000, 6.806623E+000, 4.063697E-001, 3.600169E-001, 3.842107E-001, 9.829166E-001
8.485600E-002, 1.347583E+000, 2.432441E+000, 6.756276E+000, 3.647196E-001, 3.649142E-001, 3.935442E-001, 9.761956E-001
8.486400E-002, 1.250834E+000, 2.512867E+000, 6.614978E+000, 4.727847E-001, 3.628836E-001, 3.866918E-001, 9.595700E-001
8.487200E-002, 1.338945E+000, 2.450314E+000, 6.470433E+000, 5.414510E-001, 3.608530E-001, 3.871644E-001, 9.473071E-001
8.488000E-002, 1.461610E+000, 2.326994E+000, 6.340505E+000, 5.628389E-001, 3.542833E-001, 3.972068E-001, 9.422368E-001
8.488800E-002, 1.444333E+000, 2.341292E+000, 6.408717E+000, 5.819755E-001, 3.607335E-001, 4.044137E-001, 9.345726E-001
8.489600E-002, 1.458154E+000, 2.455676E+000, 6.537022E+000, 5.594619E-001, 3.806814E-001, 4.145742E-001, 9.318606E-001
8.490400E-002, 1.452971E+000, 2.477123E+000, 6.410341E+000, 5.223145E-001, 3.864149E-001, 4.353679E-001, 9.317427E-001
8.491200E-002, 1.252561E+000, 2.410995E+000, 6.176470E+000, 5.301943E-001, 3.833092E-001, 4.519083E-001, 9.223097E-001
8.492000E-002, 1.107437E+000, 2.471761E+000, 6.220321E+000, 5.234402E-001, 3.951346E-001, 4.611237E-001, 9.048586E-001
8.492800E-002, 1.155812E+000, 2.704103E+000, 6.520781E+000, 5.301943E-001, 4.191437E-001, 4.763646E-001, 8.818658E-001
8.493600E-002, 1.209370E+000, 2.888189E+000, 6.655581E+000, 6.652756E-001, 4.384943E-001, 4.937320E-001, 8.608774E-001
8.494400E-002, 1.154084E+000, 2.813125E+000, 6.509412E+000, 8.487611E-001, 4.390916E-001, 5.113358E-001, 8.528594E-001
8.495200E-002, 1.067701E+000, 2.611166E+000, 6.385980E+000, 9.061707E-001, 4.303718E-001, 5.323657E-001, 8.453130E-001
8.496000E-002, 1.079794E+000, 2.543251E+000, 6.264172E+000, 8.600179E-001, 4.398082E-001, 5.496151E-001, 8.229097E-001
8.496800E-002, 1.078067E+000, 2.550400E+000, 6.079024E+000, 8.397557E-001, 4.583227E-001, 5.575309E-001, 7.980301E-001
8.497600E-002, 9.484913E-001, 2.498569E+000, 6.174846E+000, 8.026083E-001, 4.558143E-001, 5.570583E-001, 7.923704E-001
8.498400E-002, 9.657680E-001, 2.491421E+000, 6.361618E+000, 6.821608E-001, 4.456612E-001, 5.556405E-001, 7.949644E-001
8.499200E-002, 1.197276E+000, 2.661209E+000, 6.186215E+000, 5.954836E-001, 4.482891E-001, 5.549316E-001, 7.796358E-001
8.500000E-002, 1.313030E+000, 2.947168E+000, 6.048166E+000, 6.112431E-001, 4.567699E-001, 5.512691E-001, 7.602983E-001
8.500800E-002, 1.183455E+000, 3.120531E+000, 6.312895E+000, 6.506418E-001, 4.681175E-001, 5.452437E-001, 7.518086E-001
8.501600E-002, 1.043513E+000, 3.018658E+000, 6.593865E+000, 6.844122E-001, 4.725370E-001, 5.327202E-001, 7.382486E-001
8.502400E-002, 1.060790E+000, 2.718401E+000, 6.493171E+000, 7.665867E-001, 4.627423E-001, 5.141713E-001, 7.272828E-001
8.503200E-002, 9.899554E-001, 2.562910E+000, 6.147236E+000, 9.489465E-001, 4.534253E-001, 4.964494E-001, 7.323530E-001
8.504000E-002, 7.601752E-001, 2.800614E+000, 6.012435E+000, 1.073897E+000, 4.437500E-001, 4.797908E-001, 7.342396E-001
8.504800E-002, 7.912732E-001, 3.245638E+000, 6.156981E+000, 9.343126E-001, 4.353887E-001, 4.647863E-001, 7.286978E-001
8.505600E-002, 1.008960E+000, 3.442235E+000, 6.295030E+000, 7.936029E-001, 4.455417E-001, 4.576975E-001, 7.317635E-001
8.506400E-002, 1.017598E+000, 3.158063E+000, 6.418462E+000, 9.399410E-001, 4.560532E-001, 4.588790E-001, 7.408427E-001
8.507200E-002, 1.002049E+000, 2.836359E+000, 6.467185E+000, 1.104290E+000, 4.484085E-001, 4.554527E-001, 7.463846E-001
8.508000E-002, 1.084977E+000, 2.986488E+000, 6.238186E+000, 1.143689E+000, 4.423167E-001, 4.486003E-001, 7.468563E-001
8.508800E-002, 1.091888E+000, 3.297468E+000, 5.918238E+000, 1.196596E+000, 4.412416E-001, 4.549801E-001, 7.439085E-001
8.509600E-002, 1.102254E+000, 3.225979E+000, 5.848401E+000, 1.162825E+000, 4.312080E-001, 4.619507E-001, 7.423756E-001
8.510400E-002, 1.057335E+000, 3.034743E+000, 6.044918E+000, 9.770884E-001, 4.226077E-001, 4.477732E-001, 7.463846E-001
8.511200E-002, 8.413757E-001, 3.159850E+000, 6.202456E+000, 8.904112E-001, 4.314469E-001, 4.346590E-001, 7.511011E-001
8.512000E-002, 8.120053E-001, 3.251000E+000, 6.079024E+000, 1.036749E+000, 4.519919E-001, 4.450559E-001, 7.503936E-001
8.512800E-002, 1.033147E+000, 3.145552E+000, 5.916614E+000, 1.175208E+000, 4.693120E-001, 4.535624E-001, 7.450876E-001
8.513600E-002, 1.015870E+000, 3.208106E+000, 5.905245E+000, 1.117798E+000, 4.750454E-001, 4.448196E-001, 7.481533E-001
8.514400E-002, 8.068223E-001, 3.327852E+000, 5.884131E+000, 9.737114E-001, 4.678786E-001, 4.380853E-001, 7.619490E-001
8.515200E-002, 7.930009E-001, 3.238489E+000, 5.957216E+000, 9.061707E-001, 4.574866E-001, 4.377308E-001, 7.617132E-001
8.516000E-002, 8.344650E-001, 3.156276E+000, 6.118002E+000, 9.658316E-001, 4.545004E-001, 4.421022E-001, 7.422577E-001
8.516800E-002, 7.999116E-001, 3.192021E+000, 6.059535E+000, 9.917222E-001, 4.528281E-001, 4.527354E-001, 7.286978E-001
8.517600E-002, 9.363976E-001, 3.120531E+000, 5.841905E+000, 8.690233E-001, 4.507975E-001, 4.550983E-001, 7.284619E-001
8.518400E-002, 1.114348E+000, 3.043679E+000, 5.710352E+000, 8.048597E-001, 4.573671E-001, 4.507269E-001, 7.298769E-001
8.519200E-002, 1.079794E+000, 3.154489E+000, 5.850025E+000, 8.363787E-001, 4.539031E-001, 4.502543E-001, 7.240992E-001
8.520000E-002, 1.024509E+000, 3.238489E+000, 6.101761E+000, 7.361934E-001, 4.232049E-001, 4.386760E-001, 7.110109E-001
8.520800E-002, 1.003777E+000, 3.342149E+000, 6.074152E+000, 5.831012E-001, 3.989570E-001, 4.175279E-001, 6.985122E-001
8.521600E-002, 9.985937E-001, 3.513725E+000, 5.963713E+000, 6.292539E-001, 4.123352E-001, 4.083125E-001, 6.894330E-001
8.522400E-002, 1.048696E+000, 3.413639E+000, 6.041669E+000, 7.395704E-001, 4.392110E-001, 4.096121E-001, 6.794105E-001
8.523200E-002, 9.398530E-001, 3.276021E+000, 5.934479E+000, 6.776581E-001, 4.464974E-001, 4.146924E-001, 6.643177E-001
8.524000E-002, 7.325324E-001, 3.488704E+000, 5.676246E+000, 6.033633E-001, 4.413611E-001, 4.241441E-001, 6.528802E-001
8.524800E-002, 7.636305E-001, 3.637045E+000, 5.700607E+000, 6.416364E-001, 4.398082E-001, 4.371401E-001, 6.574787E-001
8.525600E-002, 1.005504E+000, 3.490491E+000, 5.812671E+000, 5.797241E-001, 4.359859E-001, 4.539168E-001, 6.666759E-001
8.526400E-002, 1.193821E+000, 3.451171E+000, 5.760699E+000, 4.671563E-001, 4.291773E-001, 4.625415E-001, 6.657326E-001
8.527200E-002, 1.242195E+000, 3.576279E+000, 5.728217E+000, 5.538335E-001, 4.248772E-001, 4.575793E-001, 6.586578E-001
8.528000E-002, 1.249106E+000, 3.515512E+000, 5.773692E+000, 7.148055E-001, 4.196215E-001, 4.630141E-001, 6.496965E-001
8.528800E-002, 1.230102E+000, 3.372533E+000, 5.799678E+000, 7.485758E-001, 4.214132E-001, 4.781367E-001, 6.476920E-001
8.529600E-002, 1.174816E+000, 3.515512E+000, 5.835408E+000, 7.316906E-001, 4.374193E-001, 4.770734E-001, 6.541772E-001
8.530400E-002, 1.057335E+000, 3.708535E+000, 5.908493E+000, 7.046744E-001, 4.507975E-001, 4.644318E-001, 6.501682E-001
8.531200E-002, 8.776568E-001, 3.612024E+000, 5.856522E+000, 6.686527E-001, 4.512753E-001, 4.526172E-001, 6.400278E-001
8.532000E-002, 9.346699E-001, 3.554832E+000, 5.564183E+000, 6.945432E-001, 4.474529E-001, 4.367857E-001, 6.416785E-001
8.532800E-002, 1.140263E+000, 3.744280E+000, 5.405020E+000, 6.754068E-001, 4.396888E-001, 4.202452E-001, 6.456875E-001
8.533600E-002, 1.033147E+000, 3.892621E+000, 5.648636E+000, 5.369483E-001, 4.187854E-001, 4.081943E-001, 6.371979E-001
8.534400E-002, 8.517417E-001, 3.894408E+000, 5.799678E+000, 4.986753E-001, 3.901178E-001, 3.975612E-001, 6.196289E-001
8.535200E-002, 9.778617E-001, 3.949813E+000, 5.614530E+000, 6.202485E-001, 3.753062E-001, 3.869281E-001, 6.117288E-001
8.536000E-002, 1.150629E+000, 4.057048E+000, 5.504091E+000, 7.260622E-001, 3.775757E-001, 3.766494E-001, 6.193931E-001
8.536800E-002, 1.117803E+000, 4.058835E+000, 5.559310E+000, 7.812204E-001, 3.716033E-001, 3.716872E-001, 6.180961E-001
8.537600E-002, 1.078067E+000, 3.981983E+000, 5.552814E+000, 8.059854E-001, 3.504610E-001, 3.719235E-001, 6.041824E-001
8.538400E-002, 1.121258E+000, 3.969473E+000, 5.543069E+000, 8.014827E-001, 3.363661E-001, 3.671977E-001, 6.006451E-001
8.539200E-002, 1.110892E+000, 4.048111E+000, 5.595041E+000, 7.722150E-001, 3.302743E-001, 3.649529E-001, 6.071302E-001
8.540000E-002, 1.038330E+000, 4.032026E+000, 5.608034E+000, 6.810351E-001, 3.152238E-001, 3.739320E-001, 6.078377E-001
8.540800E-002, 8.932058E-001, 3.883685E+000, 5.510587E+000, 5.921066E-001, 2.952759E-001, 3.790123E-001, 5.995839E-001
8.541600E-002, 7.083451E-001, 3.776450E+000, 5.349801E+000, 6.292539E-001, 2.865562E-001, 3.805482E-001, 5.905046E-001
8.542400E-002, 7.100728E-001, 3.726407E+000, 5.291333E+000, 7.395704E-001, 2.910953E-001, 3.972068E-001, 5.897971E-001
8.543200E-002, 9.225762E-001, 3.763940E+000, 5.322191E+000, 7.800948E-001, 2.996955E-001, 4.226081E-001, 5.909762E-001
8.544000E-002, 1.060790E+000, 3.908706E+000, 5.292957E+000, 7.215595E-001, 3.128348E-001, 4.432837E-001, 5.886180E-001
8.544800E-002, 1.065973E+000, 3.996281E+000, 5.344929E+000, 6.281282E-001, 3.366050E-001, 4.678580E-001, 5.830761E-001
8.545600E-002, 1.052152E+000, 4.017728E+000, 5.510587E+000, 5.887296E-001, 3.650337E-001, 4.982216E-001, 5.679833E-001
8.546400E-002, 9.156656E-001, 4.146410E+000, 5.443999E+000, 6.281282E-001, 3.811592E-001, 5.213782E-001, 5.479383E-001
8.547200E-002, 7.878179E-001, 4.359092E+000, 5.177646E+000, 6.877892E-001, 3.825926E-001, 5.425263E-001, 5.300156E-001
8.548000E-002, 8.845675E-001, 4.444880E+000, 5.179270E+000, 7.091771E-001, 3.822342E-001, 5.714720E-001, 5.111496E-001
8.548800E-002, 1.008960E+000, 4.321560E+000, 5.369290E+000, 6.697783E-001, 3.765007E-001, 5.916750E-001, 4.994763E-001
8.549600E-002, 1.069428E+000, 4.166070E+000, 5.333560E+000, 6.236256E-001, 3.638392E-001, 5.883669E-001, 4.964106E-001
8.550400E-002, 1.121258E+000, 4.235773E+000, 5.210128E+000, 6.360080E-001, 3.602557E-001, 5.750164E-001, 4.794312E-001
8.551200E-002, 1.095343E+000, 4.391263E+000, 5.336808E+000, 6.450135E-001, 3.632419E-001, 5.757253E-001, 4.499532E-001
8.552000E-002, 9.709510E-001, 4.341220E+000, 5.512211E+000, 6.202485E-001, 3.695727E-001, 5.870674E-001, 4.429964E-001
8.552800E-002, 8.223713E-001, 4.301900E+000, 5.367666E+000, 6.371337E-001, 3.828315E-001, 5.795060E-001, 4.583249E-001
8.553600E-002, 7.895456E-001, 4.457391E+000, 5.130547E+000, 7.046744E-001, 3.778146E-001, 5.555224E-001, 4.603295E-001
8.554400E-002, 9.588574E-001, 4.595009E+000, 5.253979E+000, 8.183678E-001, 3.486693E-001, 5.366190E-001, 4.452367E-001
8.555200E-002, 1.133352E+000, 4.548541E+000, 5.541445E+000, 9.410667E-001, 3.319465E-001, 5.108632E-001, 4.368649E-001
8.556000E-002, 1.086705E+000, 4.414497E+000, 5.523580E+000, 9.478208E-001, 3.299159E-001, 4.758920E-001, 4.438217E-001
8.556800E-002, 9.865001E-001, 4.493136E+000, 5.299454E+000, 8.667720E-001, 3.134321E-001, 4.537987E-001, 4.523114E-001
8.557600E-002, 9.657680E-001, 4.691520E+000, 5.190639E+000, 7.958543E-001, 2.786726E-001, 4.406845E-001, 4.459442E-001
8.558400E-002, 9.225762E-001, 4.519945E+000, 5.150036E+000, 7.542042E-001, 2.365074E-001, 4.222537E-001, 4.312051E-001
8.559200E-002, 9.329423E-001, 4.166070E+000, 5.072079E+000, 8.059854E-001, 2.027036E-001, 4.014600E-001, 4.233050E-001
8.560000E-002, 1.002049E+000, 4.130325E+000, 5.081824E+000, 8.521382E-001, 1.902810E-001, 3.779490E-001, 4.215363E-001
8.560800E-002, 9.536743E-001, 4.317986E+000, 5.203631E+000, 7.271879E-001, 1.914755E-001, 3.536109E-001, 4.253095E-001
8.561600E-002, 9.346699E-001, 4.418071E+000, 5.205256E+000, 5.898552E-001, 1.942228E-001, 3.378975E-001, 4.297902E-001
8.562400E-002, 1.033147E+000, 4.485987E+000, 5.047718E+000, 5.448281E-001, 1.935061E-001, 3.280914E-001, 4.214184E-001
8.563200E-002, 1.040058E+000, 4.684371E+000, 4.947023E+000, 5.211889E-001, 1.864586E-001, 3.137957E-001, 4.056182E-001
8.564000E-002, 1.029692E+000, 4.686158E+000, 4.914541E+000, 6.033633E-001, 1.763055E-001, 2.966645E-001, 3.933553E-001
8.564800E-002, 1.040058E+000, 4.391263E+000, 4.921037E+000, 7.429474E-001, 1.714082E-001, 2.853225E-001, 3.846298E-001
8.565600E-002, 9.070272E-001, 4.385901E+000, 4.997370E+000, 7.361934E-001, 1.808446E-001, 2.755164E-001, 3.829790E-001
8.566400E-002, 8.413757E-001, 4.643264E+000, 5.034725E+000, 6.585215E-001, 2.005535E-001, 2.557860E-001, 3.805028E-001
8.567200E-002, 8.914782E-001, 4.679009E+000, 4.961640E+000, 6.877892E-001, 2.115427E-001, 2.267221E-001, 3.667071E-001
8.568000E-002, 7.878179E-001, 4.596796E+000, 4.839832E+000, 7.722150E-001, 2.121400E-001, 2.008482E-001, 3.507890E-001
8.568800E-002, 7.325324E-001, 4.532455E+000, 4.776492E+000, 7.328163E-001, 2.249209E-001, 1.791093E-001, 3.329842E-001
8.569600E-002, 8.448310E-001, 4.373390E+000, 4.781364E+000, 5.695930E-001, 2.473772E-001, 1.578430E-001, 3.095197E-001
8.570400E-002, 8.621078E-001, 4.269730E+000, 4.802478E+000, 5.752214E-001, 2.461827E-001, 1.465010E-001, 2.940732E-001
8.571200E-002, 8.171883E-001, 4.466327E+000, 4.877186E+000, 8.262476E-001, 2.237265E-001, 1.400030E-001, 2.874701E-001
8.572000E-002, 8.102776E-001, 4.795180E+000, 5.005491E+000, 9.692087E-001, 2.133345E-001, 1.219266E-001, 2.814566E-001
8.572800E-002, 8.482864E-001, 4.773733E+000, 5.091568E+000, 8.543895E-001, 2.093927E-001, 1.055044E-001, 2.773296E-001
8.573600E-002, 9.467636E-001, 4.419859E+000, 5.122426E+000, 7.744664E-001, 1.880115E-001, 1.078673E-001, 2.657742E-001
8.574400E-002, 9.899554E-001, 4.337646E+000, 5.180894E+000, 9.163018E-001, 1.606578E-001, 1.147197E-001, 2.443142E-001
8.575200E-002, 9.484913E-001, 4.605732E+000, 5.089944E+000, 1.031121E+000, 1.485935E-001, 1.159012E-001, 2.302826E-001
8.576000E-002, 8.292820E-001, 4.766584E+000, 4.870690E+000, 9.016680E-001, 1.536104E-001, 1.281884E-001, 2.236796E-001
8.576800E-002, 6.530596E-001, 4.748712E+000, 4.956768E+000, 7.463244E-001, 1.705720E-001, 1.547712E-001, 2.056390E-001
8.577600E-002, 6.634256E-001, 4.675435E+000, 5.076952E+000, 8.566409E-001, 1.850252E-001, 1.768645E-001, 1.798162E-001
8.578400E-002, 8.327374E-001, 4.532455E+000, 4.854449E+000, 1.120049E+000, 1.850252E-001, 1.863162E-001, 1.666100E-001
8.579200E-002, 8.068223E-001, 4.505647E+000, 4.679046E+000, 1.219109E+000, 1.870559E-001, 1.950590E-001, 1.651951E-001
8.580000E-002, 6.893407E-001, 4.712967E+000, 4.755379E+000, 1.117798E+000, 1.942228E-001, 2.162071E-001, 1.609502E-001
8.580800E-002, 8.033670E-001, 4.784457E+000, 4.904796E+000, 1.020990E+000, 1.947006E-001, 2.378279E-001, 1.501023E-001
8.581600E-002, 9.623127E-001, 4.661137E+000, 4.917789E+000, 1.051383E+000, 1.985229E-001, 2.394819E-001, 1.337125E-001
8.582400E-002, 9.243039E-001, 4.652201E+000, 4.810598E+000, 1.162825E+000, 2.000757E-001, 2.383004E-001, 1.156719E-001
8.583200E-002, 7.739965E-001, 4.653988E+000, 4.886931E+000, 1.238246E+000, 1.845475E-001, 2.529505E-001, 1.005792E-001
8.584000E-002, 6.340552E-001, 4.611094E+000, 4.977881E+000, 1.250628E+000, 1.724832E-001, 2.658284E-001, 8.796255E-002
8.584800E-002, 6.945237E-001, 4.693307E+000, 4.745634E+000, 1.300158E+000, 1.766639E-001, 2.627566E-001, 8.088781E-002
8.585600E-002, 8.932058E-001, 4.788031E+000, 4.534500E+000, 1.425108E+000, 1.844280E-001, 2.524779E-001, 8.466100E-002
8.586400E-002, 9.484913E-001, 4.725478E+000, 4.669301E+000, 1.431862E+000, 1.974479E-001, 2.563768E-001, 9.574475E-002
8.587200E-002, 1.017598E+000, 4.573562E+000, 4.831711E+000, 1.235994E+000, 2.110649E-001, 2.733898E-001, 1.017583E-001
8.588000E-002, 1.162722E+000, 4.459178E+000, 4.752131E+000, 1.151569E+000, 2.070037E-001, 2.795334E-001, 9.998959E-002
8.588800E-002, 1.095343E+000, 4.564626E+000, 4.628698E+000, 1.340682E+000, 1.939839E-001, 2.776430E-001, 9.940004E-002
8.589600E-002, 8.517417E-001, 4.879181E+000, 4.669301E+000, 1.564692E+000, 1.894448E-001, 2.785882E-001, 1.032911E-001
8.590400E-002, 6.409659E-001, 4.857734E+000, 4.808974E+000, 1.575949E+000, 1.985229E-001, 2.783519E-001, 1.155540E-001
8.591200E-002, 5.459440E-001, 4.432369E+000, 4.932406E+000, 1.360945E+000, 2.096316E-001, 2.846136E-001, 1.281706E-001
8.592000E-002, 6.686086E-001, 4.289390E+000, 4.935654E+000, 1.277644E+000, 2.027036E-001, 2.943016E-001, 1.273452E-001
8.592800E-002, 9.018442E-001, 4.557477E+000, 4.878810E+000, 1.410474E+000, 1.846669E-001, 2.920569E-001, 1.282885E-001
8.593600E-002, 9.554020E-001, 4.782670E+000, 5.044469E+000, 1.358693E+000, 1.708109E-001, 2.853225E-001, 1.334767E-001
8.594400E-002, 9.173932E-001, 4.827351E+000, 5.268596E+000, 1.190967E+000, 1.672275E-001, 2.854407E-001, 1.268736E-001
8.595200E-002, 9.623127E-001, 4.852372E+000, 5.197135E+000, 1.198847E+000, 1.877726E-001, 2.872128E-001, 1.203884E-001
8.596000E-002, 9.104825E-001, 4.793393E+000, 5.104561E+000, 1.264136E+000, 2.173957E-001, 2.892213E-001, 1.219213E-001
8.596800E-002, 6.720639E-001, 4.596796E+000, 5.080200E+000, 1.306912E+000, 2.251598E-001, 2.895758E-001, 1.226287E-001
8.597600E-002, 4.371007E-001, 4.505647E+000, 4.846328E+000, 1.420606E+000, 2.173957E-001, 2.828415E-001, 1.288781E-001
8.598400E-002, 4.664711E-001, 4.543179E+000, 4.649812E+000, 1.584955E+000, 2.102288E-001, 2.764616E-001, 1.385469E-001
8.599200E-002, 7.325324E-001, 4.546753E+000, 4.721272E+000, 1.596211E+000, 2.096316E-001, 2.765797E-001, 1.384290E-001
8.600000E-002, 9.001165E-001, 4.573562E+000, 4.911293E+000, 1.420606E+000, 2.124983E-001, 2.707906E-001, 1.347737E-001
8.600800E-002, 9.104825E-001, 4.643264E+000, 5.128922E+000, 1.337305E+000, 2.058092E-001, 2.514146E-001, 1.372499E-001
8.601600E-002, 9.502190E-001, 4.607520E+000, 5.111057E+000, 1.403720E+000, 1.967312E-001, 2.341653E-001, 1.443246E-001
8.602400E-002, 9.795894E-001, 4.573562E+000, 4.888555E+000, 1.408223E+000, 1.967312E-001, 2.228233E-001, 1.572950E-001
8.603200E-002, 9.243039E-001, 4.655775E+000, 4.955143E+000, 1.326048E+000, 1.949394E-001, 2.079369E-001, 1.765147E-001
8.604000E-002, 9.243039E-001, 4.555689E+000, 5.083448E+000, 1.272016E+000, 1.943422E-001, 1.986034E-001, 1.904283E-001
8.604800E-002, 9.312146E-001, 4.384114E+000, 4.898300E+000, 1.340682E+000, 1.986423E-001, 2.015570E-001, 1.946731E-001
8.605600E-002, 8.171883E-001, 4.452029E+000, 4.851201E+000, 1.460004E+000, 1.839502E-001, 2.084095E-001, 2.045778E-001
8.606400E-002, 7.912732E-001, 4.557477E+000, 5.026604E+000, 1.400343E+000, 1.555215E-001, 2.093547E-001, 2.201422E-001
8.607200E-002, 9.346699E-001, 4.575349E+000, 4.914541E+000, 1.229240E+000, 1.587466E-001, 2.001393E-001, 2.288677E-001
8.608000E-002, 9.882277E-001, 4.562839E+000, 4.651436E+000, 1.197721E+000, 1.952978E-001, 1.961223E-001, 2.418380E-001
8.608800E-002, 8.949335E-001, 4.448455E+000, 4.740762E+000, 1.242748E+000, 2.128567E-001, 2.120720E-001, 2.588174E-001
8.609600E-002, 8.586524E-001, 4.292964E+000, 5.078576E+000, 1.212355E+000, 1.936255E-001, 2.341653E-001, 2.614115E-001
8.610400E-002, 9.035718E-001, 4.343007E+000, 5.161405E+000, 1.125678E+000, 1.716471E-001, 2.423174E-001, 2.624727E-001
8.611200E-002, 9.052995E-001, 4.637903E+000, 4.930782E+000, 1.054760E+000, 1.685414E-001, 2.406633E-001, 2.686041E-001
8.612000E-002, 8.966612E-001, 4.739776E+000, 4.825215E+000, 1.104290E+000, 1.837113E-001, 2.447985E-001, 2.582279E-001
8.612800E-002, 9.467636E-001, 4.525306E+000, 4.953519E+000, 1.266388E+000, 2.028230E-001, 2.523598E-001, 2.441963E-001
8.613600E-002, 1.029692E+000, 4.407348E+000, 4.966512E+000, 1.366573E+000, 2.108261E-001, 2.482247E-001, 2.513889E-001
8.614400E-002, 1.072884E+000, 4.473476E+000, 4.852825E+000, 1.362070E+000, 2.274294E-001, 2.288488E-001, 2.650667E-001
8.615200E-002, 1.033147E+000, 4.527093E+000, 4.870690E+000, 1.371076E+000, 2.562164E-001, 2.094728E-001, 2.690758E-001
8.616000E-002, 1.024509E+000, 4.544966E+000, 4.995746E+000, 1.384584E+000, 2.572914E-001, 2.025022E-001, 2.673071E-001
8.616800E-002, 1.084977E+000, 4.561051E+000, 5.036349E+000, 1.282147E+000, 2.374630E-001, 2.012026E-001, 2.740281E-001
8.617600E-002, 1.090160E+000, 4.491349E+000, 4.849576E+000, 1.197721E+000, 2.304156E-001, 1.935231E-001, 2.914791E-001
8.618400E-002, 9.260316E-001, 4.285815E+000, 4.584847E+000, 1.332803E+000, 2.226514E-001, 1.831263E-001, 2.974926E-001
8.619200E-002, 6.513319E-001, 4.142836E+000, 4.648188E+000, 1.463381E+000, 2.066454E-001, 1.752105E-001, 3.017375E-001
8.620000E-002, 4.992969E-001, 4.310837E+000, 4.995746E+000, 1.393589E+000, 2.019869E-001, 1.655225E-001, 3.289752E-001
8.620800E-002, 5.632207E-001, 4.587860E+000, 5.117554E+000, 1.293404E+000, 1.952978E-001, 1.633959E-001, 3.558592E-001
8.621600E-002, 7.100728E-001, 4.452029E+000, 4.843080E+000, 1.250628E+000, 1.727221E-001, 1.697758E-001, 3.667071E-001
8.622400E-002, 7.999116E-001, 4.141048E+000, 4.597840E+000, 1.259634E+000, 1.607773E-001, 1.612692E-001, 3.834507E-001
8.623200E-002, 8.914782E-001, 4.251858E+000, 4.779740E+000, 1.302409E+000, 1.631662E-001, 1.433111E-001, 4.100989E-001
8.624000E-002, 9.398530E-001, 4.489561E+000, 5.137043E+000, 1.367699E+000, 1.659135E-001, 1.440199E-001, 4.297902E-001
8.624800E-002, 7.878179E-001, 4.459178E+000, 5.193887E+000, 1.520791E+000, 1.834724E-001, 1.604422E-001, 4.408739E-001
8.625600E-002, 7.515368E-001, 4.225049E+000, 5.070455E+000, 1.647992E+000, 2.024647E-001, 1.732020E-001, 4.514861E-001
8.626400E-002, 9.657680E-001, 3.910494E+000, 5.120802E+000, 1.637861E+000, 1.988812E-001, 1.779278E-001, 4.551413E-001
8.627200E-002, 9.709510E-001, 3.833642E+000, 5.200383E+000, 1.598463E+000, 1.908782E-001, 1.834807E-001, 4.483024E-001
8.628000E-002, 7.549922E-001, 3.987345E+000, 5.127298E+000, 1.514037E+000, 1.894448E-001, 1.962405E-001, 4.484203E-001
8.628800E-002, 7.118004E-001, 4.014154E+000, 5.154908E+000, 1.392464E+000, 1.972090E-001, 2.060466E-001, 4.639847E-001
8.629600E-002, 8.621078E-001, 4.030239E+000, 5.310822E+000, 1.465633E+000, 2.220542E-001, 2.064010E-001, 4.749506E-001
8.630400E-002, 9.813170E-001, 4.201815E+000, 5.234489E+000, 1.646867E+000, 2.420020E-001, 2.086458E-001, 4.767193E-001
8.631200E-002, 9.778617E-001, 4.217900E+000, 4.977881E+000, 1.645741E+000, 2.452271E-001, 2.152620E-001, 4.873314E-001
8.632000E-002, 9.640403E-001, 3.874749E+000, 4.886931E+000, 1.561315E+000, 2.471383E-001, 2.216419E-001, 5.031316E-001
8.632800E-002, 9.571297E-001, 3.622747E+000, 4.963264E+000, 1.555687E+000, 2.497662E-001, 2.299121E-001, 5.219976E-001
8.633600E-002, 7.947286E-001, 3.787174E+000, 5.059086E+000, 1.469010E+000, 2.525135E-001, 2.321568E-001, 5.519473E-001
8.634400E-002, 5.960464E-001, 3.944451E+000, 5.177646E+000, 1.295655E+000, 2.562164E-001, 2.264858E-001, 5.771805E-001
8.635200E-002, 6.893407E-001, 3.951600E+000, 5.270220E+000, 1.341808E+000, 2.522746E-001, 2.250681E-001, 5.814254E-001
8.636000E-002, 8.983889E-001, 4.064197E+000, 5.309198E+000, 1.534299E+000, 2.350740E-001, 2.250681E-001, 5.743506E-001
8.636800E-002, 8.500141E-001, 4.053473E+000, 5.359546E+000, 1.534299E+000, 2.178735E-001, 2.238866E-001, 5.706953E-001
8.637600E-002, 7.152557E-001, 3.853302E+000, 5.305950E+000, 1.409349E+000, 2.148873E-001, 2.248318E-001, 5.728177E-001
8.638400E-002, 7.221664E-001, 3.828280E+000, 5.145164E+000, 1.348562E+000, 2.096316E-001, 2.247136E-001, 5.762372E-001
8.639200E-002, 7.342601E-001, 3.944451E+000, 5.102937E+000, 1.303535E+000, 1.886087E-001, 2.300302E-001, 5.800104E-001
8.640000E-002, 7.066174E-001, 3.928366E+000, 5.133795E+000, 1.205601E+000, 1.844280E-001, 2.482247E-001, 5.834299E-001
8.640800E-002, 7.809072E-001, 3.796110E+000, 5.192263E+000, 1.121175E+000, 2.107066E-001, 2.676006E-001, 5.817791E-001
8.641600E-002, 9.346699E-001, 3.760365E+000, 5.362794E+000, 1.122301E+000, 2.263543E-001, 2.785882E-001, 5.703416E-001
8.642400E-002, 9.070272E-001, 3.899770E+000, 5.416389E+000, 1.148191E+000, 2.199041E-001, 2.885125E-001, 5.624415E-001
8.643200E-002, 6.703363E-001, 4.057048E+000, 5.299454E+000, 1.151569E+000, 2.222931E-001, 2.976097E-001, 5.782417E-001
8.644000E-002, 6.651533E-001, 4.055261E+000, 5.348177E+000, 1.109918E+000, 2.344768E-001, 3.054073E-001, 5.972256E-001
8.644800E-002, 9.605850E-001, 3.951600E+000, 5.513835E+000, 1.066017E+000, 2.371047E-001, 3.199393E-001, 5.933345E-001
8.645600E-002, 1.008960E+000, 3.876536E+000, 5.546318E+000, 1.126804E+000, 2.387769E-001, 3.321083E-001, 5.919195E-001
8.646400E-002, 6.789746E-001, 3.788961E+000, 5.458616E+000, 1.210104E+000, 2.509606E-001, 3.351801E-001, 6.160915E-001
8.647200E-002, 4.267347E-001, 3.696024E+000, 5.322191E+000, 1.270890E+000, 2.649361E-001, 3.330535E-001, 6.390845E-001
8.648000E-002, 4.751095E-001, 3.708535E+000, 5.275092E+000, 1.282147E+000, 2.774782E-001, 3.174582E-001, 6.417964E-001
8.648800E-002, 7.083451E-001, 3.813982E+000, 5.322191E+000, 1.066017E+000, 2.850034E-001, 2.976097E-001, 6.445084E-001
8.649600E-002, 8.569248E-001, 3.801472E+000, 5.302702E+000, 7.891002E-001, 2.747308E-001, 2.886306E-001, 6.508757E-001
8.650400E-002, 6.945237E-001, 3.520874E+000, 5.278340E+000, 7.744664E-001, 2.440327E-001, 2.685458E-001, 6.489891E-001
8.651200E-002, 5.148459E-001, 3.293894E+000, 5.340056E+000, 9.365640E-001, 2.170374E-001, 2.342835E-001, 6.572430E-001
8.652000E-002, 6.651533E-001, 3.451171E+000, 5.403396E+000, 1.009733E+000, 2.152456E-001, 2.134898E-001, 6.870747E-001
8.652800E-002, 7.964563E-001, 3.674577E+000, 5.429382E+000, 9.703344E-001, 2.140512E-001, 2.013207E-001, 7.034645E-001
8.653600E-002, 6.876130E-001, 3.626322E+000, 5.489474E+000, 9.331869E-001, 1.966117E-001, 1.785186E-001, 6.932062E-001
8.654400E-002, 6.513319E-001, 3.494066E+000, 5.595041E+000, 8.690233E-001, 1.963728E-001, 1.478006E-001, 6.954465E-001
8.655200E-002, 6.409659E-001, 3.554832E+000, 5.635643E+000, 8.116137E-001, 2.058092E-001, 1.286610E-001, 7.180856E-001
8.656000E-002, 5.373057E-001, 3.635258E+000, 5.570679E+000, 8.037340E-001, 1.941033E-001, 1.227537E-001, 7.336501E-001
8.656800E-002, 5.666760E-001, 3.444022E+000, 5.479729E+000, 6.776581E-001, 1.976868E-001, 1.075128E-001, 7.417860E-001
8.657600E-002, 5.701314E-001, 3.281383E+000, 5.413141E+000, 5.043037E-001, 2.178735E-001, 9.652526E-002, 7.481533E-001
8.658400E-002, 4.129134E-001, 3.404703E+000, 5.338432E+000, 5.223145E-001, 2.116622E-001, 1.179097E-001, 7.483891E-001
8.659200E-002, 2.850657E-001, 3.620960E+000, 5.271844E+000, 6.123688E-001, 1.969701E-001, 1.397667E-001, 7.560534E-001
8.660000E-002, 1.364860E-001, 3.805046E+000, 5.270220E+000, 5.909809E-001, 1.806057E-001, 1.338594E-001, 7.711462E-001
8.660800E-002, 1.641287E-001, 3.792536E+000, 5.338432E+000, 5.740957E-001, 1.563577E-001, 1.305513E-001, 7.684342E-001
8.661600E-002, 5.079352E-001, 3.561981E+000, 5.443999E+000, 6.776581E-001, 1.653163E-001, 1.524083E-001, 7.548743E-001
8.662400E-002, 6.910684E-001, 3.413639E+000, 5.539821E+000, 7.587069E-001, 2.064065E-001, 1.819448E-001, 7.519265E-001
8.663200E-002, 5.545824E-001, 3.438661E+000, 5.604785E+000, 7.654610E-001, 2.398520E-001, 2.033292E-001, 7.515727E-001
8.664000E-002, 3.645386E-001, 3.451171E+000, 5.658381E+000, 8.194935E-001, 2.614721E-001, 2.254225E-001, 7.521623E-001
8.664800E-002, 2.781550E-001, 3.318915E+000, 5.567431E+000, 8.960396E-001, 2.732975E-001, 2.496424E-001, 7.617132E-001
8.665600E-002, 3.645386E-001, 3.136616E+000, 5.305950E+000, 8.645206E-001, 2.762837E-001, 2.601574E-001, 7.626565E-001
8.666400E-002, 4.699265E-001, 3.122318E+000, 5.177646E+000, 7.936029E-001, 2.821366E-001, 2.697273E-001, 7.469742E-001
8.667200E-002, 4.681988E-001, 3.302830E+000, 5.289709E+000, 8.206192E-001, 2.876312E-001, 2.961920E-001, 7.395457E-001
8.668000E-002, 4.440114E-001, 3.447597E+000, 5.473233E+000, 7.654610E-001, 2.839284E-001, 3.124961E-001, 7.442622E-001
8.668800E-002, 3.887259E-001, 3.342149E+000, 5.482977E+000, 5.662160E-001, 2.705502E-001, 3.095424E-001, 7.341217E-001
8.669600E-002, 3.541725E-001, 3.043679E+000, 5.432630E+000, 6.191229E-001, 2.552608E-001, 3.217115E-001, 7.161990E-001
8.670400E-002, 3.869983E-001, 2.863168E+000, 5.653509E+000, 9.298099E-001, 2.547830E-001, 3.438048E-001, 7.158453E-001
8.671200E-002, 4.509221E-001, 3.000786E+000, 5.772068E+000, 9.883452E-001, 2.735364E-001, 3.517206E-001, 7.248067E-001
8.672000E-002, 5.424886E-001, 3.267085E+000, 5.512211E+000, 8.071110E-001, 2.942009E-001, 3.728687E-001, 7.269291E-001
8.672800E-002, 4.854755E-001, 3.404703E+000, 5.344929E+000, 7.181825E-001, 3.067430E-001, 4.118569E-001, 7.270470E-001
8.673600E-002, 4.077303E-001, 3.342149E+000, 5.393651E+000, 6.877892E-001, 3.210768E-001, 4.311147E-001, 7.286978E-001
8.674400E-002, 4.992969E-001, 3.159850E+000, 5.460240E+000, 6.900405E-001, 3.340966E-001, 4.484821E-001, 7.218589E-001
8.675200E-002, 3.887259E-001, 3.116956E+000, 5.569055E+000, 7.395704E-001, 3.284825E-001, 4.803815E-001, 7.033466E-001
8.676000E-002, 8.292820E-002, 3.224191E+000, 5.731465E+000, 7.058001E-001, 3.074597E-001, 4.900695E-001, 6.834195E-001
8.676800E-002, 3.455342E-003, 3.124105E+000, 5.908493E+000, 6.652756E-001, 2.850034E-001, 4.875884E-001, 6.746939E-001
8.677600E-002, 1.243923E-001, 2.990062E+000, 5.929606E+000, 7.609583E-001, 2.801060E-001, 5.042470E-001, 6.770522E-001
8.678400E-002, 3.006147E-001, 3.140191E+000, 5.721721E+000, 8.206192E-001, 2.989788E-001, 5.226778E-001, 6.757551E-001
8.679200E-002, 5.027522E-001, 3.184872E+000, 5.588544E+000, 7.226852E-001, 3.114014E-001, 5.337835E-001, 6.657326E-001
8.680000E-002, 4.802925E-001, 2.945381E+000, 5.668126E+000, 6.686527E-001, 3.159405E-001, 5.483155E-001, 6.491070E-001
8.680800E-002, 2.142312E-001, 2.816699E+000, 5.685990E+000, 7.654610E-001, 3.473553E-001, 5.614297E-001, 6.347217E-001
8.681600E-002, 1.036603E-001, 2.854231E+000, 5.502467E+000, 8.251219E-001, 3.954930E-001, 5.681640E-001, 6.421502E-001
8.682400E-002, 4.837478E-002, 2.875678E+000, 5.333560E+000, 7.845975E-001, 4.263106E-001, 5.719447E-001, 6.619594E-001
8.683200E-002, -2.228695E-001, 2.932870E+000, 5.418013E+000, 7.924773E-001, 4.272662E-001, 5.795060E-001, 6.703312E-001
8.684000E-002, -3.075254E-001, 3.158063E+000, 5.716848E+000, 8.296246E-001, 4.036154E-001, 5.899029E-001, 6.725715E-001
8.684800E-002, -2.073205E-002, 3.283170E+000, 5.879259E+000, 8.104881E-001, 3.785313E-001, 5.863585E-001, 6.772880E-001
8.685600E-002, 2.194142E-001, 3.045467E+000, 5.669750E+000, 7.643353E-001, 3.600169E-001, 5.628474E-001, 6.757551E-001
8.686400E-002, 2.194142E-001, 2.866742E+000, 5.357922E+000, 6.461391E-001, 3.435330E-001, 5.403997E-001, 6.667938E-001
8.687200E-002, 1.606734E-001, 3.027594E+000, 5.354673E+000, 4.581509E-001, 3.510582E-001, 5.336654E-001, 6.600728E-001
8.688000E-002, 2.418739E-001, 3.136616E+000, 5.650260E+000, 4.165008E-001, 3.802036E-001, 5.341380E-001, 6.587758E-001
8.688800E-002, 3.213468E-001, 3.011509E+000, 5.827288E+000, 5.549592E-001, 4.026599E-001, 5.308298E-001, 6.529981E-001
8.689600E-002, 1.537627E-001, 2.981126E+000, 5.655133E+000, 6.067404E-001, 4.272662E-001, 5.222052E-001, 6.475741E-001
8.690400E-002, -6.392382E-002, 3.065126E+000, 5.489474E+000, 5.268173E-001, 4.412416E-001, 5.142894E-001, 6.509936E-001
8.691200E-002, -7.774519E-002, 3.007935E+000, 5.632395E+000, 5.515822E-001, 4.171131E-001, 5.105088E-001, 6.439189E-001
8.692000E-002, -1.900438E-002, 2.984700E+000, 5.780189E+000, 7.035487E-001, 3.953735E-001, 5.046015E-001, 6.237559E-001
8.692800E-002, 5.874081E-002, 3.097297E+000, 5.669750E+000, 7.249365E-001, 3.874899E-001, 4.984579E-001, 6.130258E-001
8.693600E-002, 2.073205E-001, 3.066914E+000, 5.442375E+000, 5.785984E-001, 3.547611E-001, 4.977490E-001, 6.022958E-001
8.694400E-002, 2.487846E-001, 2.940019E+000, 5.291333E+000, 5.718443E-001, 3.333799E-001, 4.963312E-001, 5.803641E-001
8.695200E-002, 1.710394E-001, 2.925721E+000, 5.208504E+000, 7.373190E-001, 3.633614E-001, 4.966857E-001, 5.619698E-001
8.696000E-002, 1.088433E-001, 3.045467E+000, 5.128922E+000, 8.127394E-001, 3.999125E-001, 5.015296E-001, 5.465233E-001
8.696800E-002, -6.910683E-002, 3.193808E+000, 5.133795E+000, 7.497015E-001, 4.196215E-001, 5.053104E-001, 5.264782E-001
8.697600E-002, -2.660613E-001, 3.115169E+000, 5.253979E+000, 5.785984E-001, 4.478113E-001, 5.120447E-001, 5.122108E-001
8.698400E-002, -2.505123E-001, 2.868529E+000, 5.434254E+000, 3.849818E-001, 4.737315E-001, 5.205511E-001, 5.006555E-001
8.699200E-002, -1.572181E-001, 2.900700E+000, 5.625899E+000, 3.996156E-001, 4.861541E-001, 5.259859E-001, 4.782521E-001
8.700000E-002, -3.109808E-002, 3.165212E+000, 5.726593E+000, 5.988606E-001, 5.076548E-001, 5.347287E-001, 4.579712E-001
8.700800E-002, 1.658564E-001, 3.204532E+000, 5.687614E+000, 6.832865E-001, 5.187635E-001, 5.437078E-001, 4.516039E-001
8.701600E-002, 1.744948E-001, 2.977551E+000, 5.619402E+000, 5.977349E-001, 5.003685E-001, 5.515054E-001, 4.437038E-001
8.702400E-002, -3.455342E-003, 2.841721E+000, 5.663253E+000, 5.819755E-001, 4.905737E-001, 5.610752E-001, 4.262528E-001
8.703200E-002, -2.418739E-002, 2.929296E+000, 5.747706E+000, 6.720297E-001, 4.972628E-001, 5.613115E-001, 4.141079E-001
8.704000E-002, 1.140263E-001, 2.902487E+000, 5.682742E+000, 7.238109E-001, 5.129105E-001, 5.585942E-001, 4.121034E-001
8.704800E-002, 1.243923E-001, 2.718401E+000, 5.549566E+000, 7.755921E-001, 5.524479E-001, 5.667462E-001, 4.071510E-001
8.705600E-002, -5.874081E-002, 2.702316E+000, 5.482977E+000, 8.352530E-001, 5.854156E-001, 5.725354E-001, 3.958315E-001
8.706400E-002, -2.228695E-001, 2.770231E+000, 5.403396E+000, 7.744664E-001, 5.892379E-001, 5.694636E-001, 3.774371E-001
8.707200E-002, -1.986821E-001, 2.795252E+000, 5.364418E+000, 7.136798E-001, 5.860128E-001, 5.620204E-001, 3.514965E-001
8.708000E-002, -1.589457E-001, 2.897125E+000, 5.489474E+000, 8.206192E-001, 5.677373E-001, 5.442985E-001, 3.348708E-001
8.708800E-002, -2.643336E-001, 3.032956E+000, 5.617778E+000, 9.005423E-001, 5.436087E-001, 5.315387E-001, 3.353425E-001
8.709600E-002, -3.230745E-001, 3.095510E+000, 5.517084E+000, 8.386300E-001, 5.510145E-001, 5.422900E-001, 3.332200E-001
8.710400E-002, -2.211419E-001, 3.009722E+000, 5.362794E+000, 8.735260E-001, 5.620037E-001, 5.533957E-001, 3.181273E-001
8.711200E-002, -7.256217E-002, 2.891764E+000, 5.460240E+000, 1.060389E+000, 5.544785E-001, 5.450074E-001, 3.040957E-001
8.712000E-002, 3.628109E-002, 2.972190E+000, 5.601537E+000, 1.113295E+000, 5.563897E-001, 5.315387E-001, 2.939553E-001
8.712800E-002, 2.764273E-002, 3.074063E+000, 5.557686E+000, 1.013110E+000, 5.538813E-001, 5.220870E-001, 2.713161E-001
8.713600E-002, -7.428985E-002, 2.954317E+000, 5.538197E+000, 1.037875E+000, 5.332167E-001, 5.119265E-001, 2.452575E-001
8.714400E-002, -7.083450E-002, 2.825635E+000, 5.565807E+000, 1.113295E+000, 5.227053E-001, 5.022385E-001, 2.420739E-001
8.715200E-002, -5.874081E-002, 2.813125E+000, 5.473233E+000, 9.658316E-001, 5.201969E-001, 4.955042E-001, 2.519785E-001
8.716000E-002, -2.436016E-001, 2.698741E+000, 5.314071E+000, 7.328163E-001, 5.221080E-001, 4.927869E-001, 2.470262E-001
8.716800E-002, -3.161638E-001, 2.682656E+000, 5.284837E+000, 7.046744E-001, 5.517312E-001, 4.937320E-001, 2.306364E-001
8.717600E-002, -1.105709E-001, 2.973977E+000, 5.491098E+000, 8.397557E-001, 5.805182E-001, 4.906602E-001, 2.214392E-001
8.718400E-002, -6.219615E-002, 3.088361E+000, 5.666502E+000, 9.590775E-001, 5.731124E-001, 4.904239E-001, 2.157794E-001
8.719200E-002, -2.263249E-001, 2.961466E+000, 5.526828E+000, 1.053635E+000, 5.698873E-001, 5.093273E-001, 2.085868E-001
8.720000E-002, -1.675841E-001, 2.957892E+000, 5.281589E+000, 1.158323E+000, 5.903130E-001, 5.334291E-001, 2.067002E-001
8.720800E-002, 8.983888E-002, 2.995424E+000, 5.211752E+000, 1.290027E+000, 6.121720E-001, 5.438259E-001, 2.061106E-001
8.721600E-002, 1.468520E-001, 3.093722E+000, 5.263723E+000, 1.400343E+000, 6.392867E-001, 5.487881E-001, 2.025733E-001
8.722400E-002, -6.737916E-002, 3.218830E+000, 5.270220E+000, 1.312540E+000, 6.611457E-001, 5.589486E-001, 1.924328E-001
8.723200E-002, -2.453293E-001, 3.147340E+000, 5.262099E+000, 1.133558E+000, 6.683126E-001, 5.752528E-001, 1.667279E-001
8.724000E-002, -2.487846E-001, 3.029382E+000, 5.383907E+000, 1.112170E+000, 6.869466E-001, 5.897847E-001, 1.389006E-001
8.724800E-002, -2.090482E-001, 2.888189E+000, 5.575552E+000, 1.099787E+000, 7.157336E-001, 5.955738E-001, 1.269915E-001
8.725600E-002, -1.468520E-001, 2.793465E+000, 5.624275E+000, 9.737114E-001, 7.275589E-001, 6.015993E-001, 1.213317E-001
8.726400E-002, -1.727671E-001, 2.986488E+000, 5.474857E+000, 8.802801E-001, 7.316202E-001, 6.155405E-001, 1.094226E-001
8.727200E-002, -3.990920E-001, 3.036530E+000, 5.327064E+000, 9.579519E-001, 7.485818E-001, 6.332624E-001, 1.016404E-001
8.728000E-002, -4.250070E-001, 2.721975E+000, 5.333560E+000, 1.210104E+000, 7.602878E-001, 6.457859E-001, 1.061210E-001
8.728800E-002, -5.528547E-002, 2.791678E+000, 5.353049E+000, 1.380081E+000, 7.526430E-001, 6.473218E-001, 1.015225E-001
8.729600E-002, 1.658564E-001, 3.320703E+000, 5.288085E+000, 1.306912E+000, 7.441623E-001, 6.464947E-001, 7.911912E-002
8.730400E-002, -3.455342E-002, 3.420788E+000, 5.210128E+000, 1.230366E+000, 7.365175E-001, 6.559464E-001, 6.213976E-002
8.731200E-002, -1.589457E-001, 3.054403E+000, 5.202007E+000, 1.216858E+000, 7.171670E-001, 6.684699E-001, 5.659788E-002
8.732000E-002, 7.774519E-002, 2.972190E+000, 5.279964E+000, 1.109918E+000, 7.004442E-001, 6.669340E-001, 5.388590E-002
8.732800E-002, 2.781550E-001, 3.145552E+000, 5.273468E+000, 9.692087E-001, 7.090445E-001, 6.577187E-001, 5.872031E-002
8.733600E-002, 1.192093E-001, 3.068701E+000, 5.127298E+000, 9.331869E-001, 7.416538E-001, 6.648074E-001, 6.331889E-002
8.734400E-002, -1.330307E-001, 2.957892E+000, 5.075327E+000, 9.950992E-001, 7.692463E-001, 6.817023E-001, 4.857985E-002
8.735200E-002, -1.624011E-001, 3.209893E+000, 5.166277E+000, 9.624546E-001, 7.675741E-001, 6.874914E-001, 2.322871E-002
8.736000E-002, -5.355780E-002, 3.410065E+000, 5.273468E+000, 7.542042E-001, 7.545542E-001, 6.919810E-001, 8.489682E-003
8.736800E-002, 1.606734E-001, 3.161638E+000, 5.387156E+000, 6.202485E-001, 7.487013E-001, 7.082851E-001, 6.013525E-003
8.737600E-002, 4.699265E-001, 2.923934E+000, 5.431006E+000, 7.193081E-001, 7.395037E-001, 7.245893E-001, 7.310560E-003
8.738400E-002, 4.837478E-001, 3.104446E+000, 5.359546E+000, 9.174275E-001, 7.311424E-001, 7.288425E-001, 9.550893E-003
8.739200E-002, 1.658564E-001, 3.304617E+000, 5.340056E+000, 1.006356E+000, 7.329341E-001, 7.297877E-001, 9.079244E-003
8.740000E-002, 1.209370E-002, 3.120531E+000, 5.344929E+000, 9.343126E-001, 7.341286E-001, 7.371128E-001, 2.358245E-003
8.740800E-002, 8.983888E-002, 2.923934E+000, 5.176022E+000, 8.949139E-001, 7.380704E-001, 7.464463E-001, -7.192648E-003
8.741600E-002, 1.468520E-001, 3.020445E+000, 5.050966E+000, 9.253072E-001, 7.546737E-001, 7.588516E-001, -1.969135E-002
8.742400E-002, 1.382137E-001, 3.043679E+000, 5.236114E+000, 7.981056E-001, 7.801161E-001, 7.757465E-001, -2.924224E-002
8.743200E-002, 1.071156E-001, 2.945381E+000, 5.448871E+000, 6.191229E-001, 8.163089E-001, 7.885062E-001, -2.370036E-002
8.744000E-002, 2.211419E-001, 3.034743E+000, 5.440751E+000, 6.607729E-001, 8.501128E-001, 7.951224E-001, -1.073002E-002
8.744800E-002, 4.474668E-001, 3.147340E+000, 5.374163E+000, 7.857231E-001, 8.583547E-001, 8.016204E-001, -7.900122E-003
8.745600E-002, 3.731769E-001, 3.163425E+000, 5.351425E+000, 7.722150E-001, 8.587130E-001, 8.157979E-001, -1.969135E-002
8.746400E-002, 2.315079E-001, 3.245638E+000, 5.265347E+000, 7.271879E-001, 8.675522E-001, 8.335199E-001, -2.912433E-002
8.747200E-002, 5.096629E-001, 3.306405E+000, 5.150036E+000, 8.341273E-001, 8.585936E-001, 8.423808E-001, -2.098838E-002
8.748000E-002, 6.772470E-001, 3.242064E+000, 5.140291E+000, 9.770884E-001, 8.271787E-001, 8.454526E-001, -1.674354E-002
8.748800E-002, 4.232794E-001, 3.175936E+000, 5.172773E+000, 9.388154E-001, 8.034086E-001, 8.480518E-001, -3.832148E-002
8.749600E-002, 3.489895E-001, 3.106233E+000, 5.138667E+000, 7.969800E-001, 7.962416E-001, 8.472248E-001, -5.989943E-002
8.750400E-002, 5.424886E-001, 3.041892E+000, 5.083448E+000, 7.834718E-001, 7.946888E-001, 8.487607E-001, -5.671580E-002
8.751200E-002, 6.478766E-001, 3.231340E+000, 5.057462E+000, 8.859085E-001, 7.988695E-001, 8.546680E-001, -5.294260E-002
8.752000E-002, 6.496043E-001, 3.536959E+000, 5.076952E+000, 9.602032E-001, 8.072309E-001, 8.551406E-001, -7.416681E-002
8.752800E-002, 5.252119E-001, 3.531598E+000, 5.109433E+000, 1.096410E+000, 8.067531E-001, 8.455707E-001, -9.998959E-002
8.753600E-002, 3.109808E-001, 3.292107E+000, 5.046093E+000, 1.305786E+000, 8.063948E-001, 8.364735E-001, -1.039986E-001
8.754400E-002, 3.265298E-001, 3.183085E+000, 4.981129E+000, 1.302409E+000, 8.177423E-001, 8.363553E-001, -1.023478E-001
8.755200E-002, 4.301901E-001, 3.245638E+000, 4.989250E+000, 1.075022E+000, 8.231175E-001, 8.360009E-001, -1.192093E-001
8.756000E-002, 2.867934E-001, 3.161638E+000, 4.865818E+000, 9.185532E-001, 8.238342E-001, 8.300936E-001, -1.407872E-001
8.756800E-002, 2.090482E-001, 2.918572E+000, 4.771620E+000, 9.174275E-001, 8.294482E-001, 8.280851E-001, -1.490411E-001
8.757600E-002, 4.180964E-001, 2.929296E+000, 5.000618E+000, 9.286842E-001, 8.191757E-001, 8.369461E-001, -1.545830E-001
8.758400E-002, 6.271445E-001, 3.081212E+000, 5.180894E+000, 8.273733E-001, 7.909859E-001, 8.549043E-001, -1.615398E-001
8.759200E-002, 6.185062E-001, 2.981126E+000, 4.934030E+000, 7.114284E-001, 7.626767E-001, 8.670733E-001, -1.581203E-001
8.760000E-002, 4.215517E-001, 2.866742E+000, 4.592968E+000, 7.913516E-001, 7.446401E-001, 8.715628E-001, -1.452679E-001
8.760800E-002, 3.610832E-001, 3.000786E+000, 4.615705E+000, 9.680830E-001, 7.503735E-001, 8.947195E-001, -1.370140E-001
8.761600E-002, 6.219615E-001, 3.233128E+000, 4.882059E+000, 1.015361E+000, 7.829829E-001, 9.269733E-001, -1.348916E-001
8.762400E-002, 7.981839E-001, 3.347511E+000, 5.020108E+000, 9.984763E-001, 8.227592E-001, 9.370157E-001, -1.185018E-001
8.763200E-002, 5.960464E-001, 3.224191E+000, 5.063959E+000, 1.050257E+000, 8.536962E-001, 9.417416E-001, -9.279694E-002
8.764000E-002, 4.198240E-001, 3.049041E+000, 5.148412E+000, 1.100913E+000, 8.822443E-001, 9.632441E-001, -8.772672E-002
8.764800E-002, 6.185062E-001, 3.075850E+000, 5.111057E+000, 1.100913E+000, 9.088813E-001, 9.891181E-001, -9.704179E-002
8.765600E-002, 7.739965E-001, 3.188446E+000, 4.912917E+000, 1.054760E+000, 9.181982E-001, 1.007313E+000, -1.019941E-001
8.766400E-002, 5.804974E-001, 3.233128E+000, 4.739138E+000, 9.669573E-001, 9.131814E-001, 1.016292E+000, -1.082435E-001
8.767200E-002, 5.804974E-001, 3.218830E+000, 4.708280E+000, 9.050450E-001, 8.966976E-001, 1.018773E+000, -1.154361E-001
8.768000E-002, 8.690184E-001, 3.166999E+000, 4.830087E+000, 8.397557E-001, 8.712551E-001, 1.026688E+000, -1.176764E-001
8.768800E-002, 8.517417E-001, 3.202744E+000, 4.974633E+000, 7.643353E-001, 8.665966E-001, 1.041575E+000, -1.186197E-001
8.769600E-002, 6.340552E-001, 3.361809E+000, 5.026604E+000, 7.598326E-001, 8.857083E-001, 1.047600E+000, -1.183839E-001
8.770400E-002, 6.513319E-001, 3.547683E+000, 5.002243E+000, 7.710894E-001, 8.961003E-001, 1.039685E+000, -1.164973E-001
8.771200E-002, 7.670859E-001, 3.544108E+000, 4.912917E+000, 7.958543E-001, 8.886945E-001, 1.034132E+000, -1.173227E-001
8.772000E-002, 6.910684E-001, 3.149127E+000, 4.726145E+000, 8.510125E-001, 8.732857E-001, 1.039566E+000, -1.188556E-001
8.772800E-002, 6.461489E-001, 2.818486E+000, 4.578351E+000, 8.746517E-001, 8.544129E-001, 1.052917E+000, -1.139032E-001
8.773600E-002, 9.554020E-001, 3.036530E+000, 4.667677E+000, 8.769031E-001, 8.355401E-001, 1.077019E+000, -1.045882E-001
8.774400E-002, 1.202459E+000, 3.217042E+000, 4.856073E+000, 8.352530E-001, 8.178618E-001, 1.102420E+000, -9.067453E-002
8.775200E-002, 1.069428E+000, 3.056190E+000, 4.901548E+000, 7.947286E-001, 7.986306E-001, 1.113880E+000, -6.379053E-002
8.776000E-002, 9.674957E-001, 3.068701E+000, 4.859321E+000, 7.688380E-001, 7.887164E-001, 1.120024E+000, -3.254378E-002
8.776800E-002, 1.079794E+000, 3.175936E+000, 4.901548E+000, 7.193081E-001, 8.000640E-001, 1.131248E+000, -1.190914E-002
8.777600E-002, 1.160995E+000, 3.195595E+000, 4.948647E+000, 7.800948E-001, 8.208480E-001, 1.148497E+000, 1.650772E-003
8.778400E-002, 1.098799E+000, 3.358235E+000, 4.875562E+000, 8.431327E-001, 8.542935E-001, 1.173662E+000, 1.320617E-002
8.779200E-002, 9.744064E-001, 3.513725E+000, 4.947023E+000, 7.384447E-001, 9.088813E-001, 1.201426E+000, 2.523322E-002
8.780000E-002, 8.811122E-001, 3.352873E+000, 5.190639E+000, 6.877892E-001, 9.449546E-001, 1.224110E+000, 3.867522E-002
8.780800E-002, 8.707461E-001, 3.088361E+000, 5.081824E+000, 7.429474E-001, 9.448352E-001, 1.238642E+000, 4.504248E-002
8.781600E-002, 9.674957E-001, 3.104446E+000, 4.664429E+000, 7.497015E-001, 9.408934E-001, 1.242305E+000, 4.740073E-002
8.782400E-002, 1.131624E+000, 3.267085E+000, 4.531252E+000, 7.688380E-001, 9.383850E-001, 1.237106E+000, 5.683371E-002
8.783200E-002, 1.109165E+000, 3.236702E+000, 4.687166E+000, 8.352530E-001, 9.196316E-001, 1.237579E+000, 6.060690E-002
8.784000E-002, 9.191209E-001, 3.061552E+000, 4.742386E+000, 8.622693E-001, 8.812888E-001, 1.252347E+000, 5.659788E-002
8.784800E-002, 1.052152E+000, 2.943594E+000, 4.670925E+000, 7.823461E-001, 8.407958E-001, 1.273023E+000, 6.190393E-002
8.785600E-002, 1.345856E+000, 2.968615E+000, 4.627074E+000, 6.641499E-001, 8.301649E-001, 1.292044E+000, 7.062944E-002
8.786400E-002, 1.233557E+000, 3.082999E+000, 4.640067E+000, 5.932323E-001, 8.526212E-001, 1.307994E+000, 7.499219E-002
8.787200E-002, 1.021053E+000, 3.077637E+000, 4.644939E+000, 5.054294E-001, 8.845139E-001, 1.324416E+000, 7.911912E-002
8.788000E-002, 1.128169E+000, 2.932870E+000, 4.553989E+000, 4.412657E-001, 9.179593E-001, 1.347927E+000, 8.466100E-002
8.788800E-002, 1.309574E+000, 2.957892E+000, 4.471160E+000, 4.851672E-001, 9.533160E-001, 1.378645E+000, 9.798509E-002
8.789600E-002, 1.332034E+000, 3.140191E+000, 4.555614E+000, 5.279430E-001, 9.721888E-001, 1.405819E+000, 1.212138E-001
8.790400E-002, 1.302664E+000, 3.149127E+000, 4.657932E+000, 5.200632E-001, 9.749361E-001, 1.419642E+000, 1.431455E-001
8.791200E-002, 1.302664E+000, 3.036530E+000, 4.550741E+000, 5.200632E-001, 9.819836E-001, 1.424368E+000, 1.491590E-001
8.792000E-002, 1.245651E+000, 3.075850E+000, 4.344480E+000, 5.256916E-001, 9.684860E-001, 1.430630E+000, 1.438529E-001
8.792800E-002, 1.140263E+000, 3.292107E+000, 4.349352E+000, 5.572106E-001, 9.271569E-001, 1.442208E+000, 1.413768E-001
8.793600E-002, 1.147173E+000, 3.327852E+000, 4.597840E+000, 7.035487E-001, 9.020727E-001, 1.451778E+000, 1.422022E-001
8.794400E-002, 1.240468E+000, 2.998998E+000, 4.839832E+000, 9.016680E-001, 8.921586E-001, 1.452014E+000, 1.472724E-001
8.795200E-002, 1.176544E+000, 2.789891E+000, 4.784613E+000, 9.624546E-001, 8.920391E-001, 1.445043E+000, 1.623652E-001
8.796000E-002, 9.415807E-001, 2.979339E+000, 4.489026E+000, 9.286842E-001, 9.293069E-001, 1.443153E+000, 1.885417E-001
8.796800E-002, 8.327374E-001, 3.124105E+000, 4.388331E+000, 9.106734E-001, 9.832975E-001, 1.454968E+000, 2.150720E-001
8.797600E-002, 9.139379E-001, 3.002573E+000, 4.552365E+000, 8.217449E-001, 1.015548E+000, 1.469736E+000, 2.325230E-001
8.798400E-002, 9.122102E-001, 2.947168E+000, 4.617330E+000, 7.350677E-001, 1.022238E+000, 1.476352E+000, 2.520964E-001
8.799200E-002, 8.655631E-001, 3.027594E+000, 4.550741E+000, 8.014827E-001, 9.933311E-001, 1.480133E+000, 2.811028E-001
8.800000E-002, 1.103982E+000, 3.016871E+000, 4.539372E+000, 9.298099E-001, 9.314570E-001, 1.486513E+000, 3.083405E-001
8.800800E-002, 1.508257E+000, 3.009722E+000, 4.591344E+000, 9.421924E-001, 8.787804E-001, 1.490884E+000, 3.187168E-001
8.801600E-002, 1.589457E+000, 3.099084E+000, 4.565358E+000, 8.251219E-001, 8.546518E-001, 1.485213E+000, 3.131750E-001
8.802400E-002, 1.304392E+000, 3.106233E+000, 4.458168E+000, 8.026083E-001, 8.434237E-001, 1.475171E+000, 3.102272E-001
8.803200E-002, 1.109165E+000, 3.074063E+000, 4.495522E+000, 9.500721E-001, 8.479627E-001, 1.477179E+000, 3.122317E-001
8.804000E-002, 1.224919E+000, 3.252787E+000, 4.674173E+000, 1.004105E+000, 8.803332E-001, 1.492066E+000, 3.131750E-001
8.804800E-002, 1.321668E+000, 3.335001E+000, 4.765123E+000, 9.151761E-001, 9.213039E-001, 1.505180E+000, 3.191885E-001
8.805600E-002, 1.200731E+000, 2.947168E+000, 4.693663E+000, 9.219302E-001, 9.477019E-001, 1.506716E+000, 3.301543E-001
8.806400E-002, 1.174816E+000, 2.702316E+000, 4.638443E+000, 9.759627E-001, 9.622746E-001, 1.504116E+000, 3.492561E-001
8.807200E-002, 1.357949E+000, 3.011509E+000, 4.794357E+000, 9.050450E-001, 9.641858E-001, 1.510142E+000, 3.795595E-001
8.808000E-002, 1.477159E+000, 3.195595E+000, 4.966512E+000, 8.352530E-001, 9.473436E-001, 1.516285E+000, 3.971285E-001
8.808800E-002, 1.371771E+000, 2.973977E+000, 4.859321E+000, 8.172421E-001, 9.164065E-001, 1.510969E+000, 3.935911E-001
8.809600E-002, 1.261200E+000, 2.739848E+000, 4.615705E+000, 7.575812E-001, 8.780637E-001, 1.496791E+000, 3.941807E-001
8.810400E-002, 1.420146E+000, 2.600443E+000, 4.521507E+000, 7.947286E-001, 8.453348E-001, 1.478006E+000, 4.026704E-001
8.811200E-002, 1.592913E+000, 2.659422E+000, 4.579975E+000, 1.036749E+000, 8.278954E-001, 1.466310E+000, 4.096272E-001
8.812000E-002, 1.484069E+000, 3.018658E+000, 4.643315E+000, 1.305786E+000, 8.222814E-001, 1.468673E+000, 4.188243E-001
8.812800E-002, 1.361405E+000, 3.113382E+000, 4.596216E+000, 1.412726E+000, 8.299260E-001, 1.474344E+000, 4.224796E-001
8.813600E-002, 1.452971E+000, 2.757720E+000, 4.508515E+000, 1.399218E+000, 8.609825E-001, 1.479542E+000, 4.213005E-001
8.814400E-002, 1.541082E+000, 2.754146E+000, 4.493898E+000, 1.457753E+000, 9.037450E-001, 1.489703E+000, 4.339171E-001
8.815200E-002, 1.387320E+000, 3.134829E+000, 4.557238E+000, 1.575949E+000, 9.238123E-001, 1.501517E+000, 4.549055E-001
8.816000E-002, 1.235285E+000, 3.143765E+000, 4.742386E+000, 1.529796E+000, 9.079257E-001, 1.510851E+000, 4.684654E-001
8.816800E-002, 1.409779E+000, 2.864955E+000, 4.921037E+000, 1.317043E+000, 8.676717E-001, 1.518767E+000, 4.768372E-001
8.817600E-002, 1.639560E+000, 2.791678E+000, 4.847952E+000, 1.221360E+000, 8.232369E-001, 1.535307E+000, 4.865060E-001
8.818400E-002, 1.624011E+000, 2.893551E+000, 4.765123E+000, 1.347436E+000, 7.952861E-001, 1.562953E+000, 5.015988E-001
8.819200E-002, 1.544538E+000, 3.047254E+000, 4.917789E+000, 1.428485E+000, 7.761744E-001, 1.580793E+000, 5.247095E-001
8.820000E-002, 1.605006E+000, 3.165212E+000, 4.914541E+000, 1.284398E+000, 7.460734E-001, 1.588354E+000, 5.568996E-001
8.820800E-002, 1.789867E+000, 3.072275E+000, 4.742386E+000, 1.136935E+000, 7.301868E-001, 1.608912E+000, 5.822507E-001
8.821600E-002, 1.869340E+000, 2.823848E+000, 4.711528E+000, 1.088531E+000, 7.488207E-001, 1.631241E+000, 5.835478E-001
8.822400E-002, 1.796778E+000, 2.637975E+000, 4.566982E+000, 9.759627E-001, 7.693658E-001, 1.634431E+000, 5.781238E-001
8.823200E-002, 1.767407E+000, 2.691592E+000, 4.454919E+000, 9.286842E-001, 7.811912E-001, 1.633368E+000, 5.909762E-001
8.824000E-002, 1.748403E+000, 2.914998E+000, 4.734265E+000, 1.053635E+000, 8.053197E-001, 1.638212E+000, 6.140870E-001
8.824800E-002, 1.656836E+000, 3.102659E+000, 4.890179E+000, 1.145940E+000, 8.247898E-001, 1.638330E+000, 6.206901E-001
8.825600E-002, 1.611917E+000, 3.175936E+000, 4.818718E+000, 1.213481E+000, 8.214452E-001, 1.634904E+000, 6.072481E-001
8.826400E-002, 1.734582E+000, 3.041892E+000, 4.875562E+000, 1.294530E+000, 8.129644E-001, 1.643174E+000, 6.013525E-001
8.827200E-002, 1.886617E+000, 2.920360E+000, 4.844704E+000, 1.256256E+000, 8.018557E-001, 1.665622E+000, 6.138512E-001
8.828000E-002, 1.805416E+000, 3.000786E+000, 4.748882E+000, 1.226989E+000, 7.801161E-001, 1.683935E+000, 6.224588E-001
8.828800E-002, 1.646470E+000, 2.900700E+000, 4.787861E+000, 1.358693E+000, 7.599294E-001, 1.687833E+000, 6.211618E-001
8.829600E-002, 1.674113E+000, 2.682656E+000, 4.711528E+000, 1.512911E+000, 7.444012E-001, 1.682044E+000, 6.264678E-001
8.830400E-002, 1.741492E+000, 2.750571E+000, 4.531252E+000, 1.610845E+000, 7.217060E-001, 1.677555E+000, 6.364903E-001
8.831200E-002, 1.694845E+000, 2.843508E+000, 4.601089E+000, 1.672757E+000, 6.935162E-001, 1.683107E+000, 6.440368E-001
8.832000E-002, 1.610189E+000, 2.788103E+000, 4.883683E+000, 1.633359E+000, 6.741656E-001, 1.690787E+000, 6.537055E-001
8.832800E-002, 1.617100E+000, 2.793465E+000, 4.948647E+000, 1.571446E+000, 6.697460E-001, 1.691260E+000, 6.676192E-001
8.833600E-002, 1.696573E+000, 2.745209E+000, 4.669301E+000, 1.566944E+000, 6.746434E-001, 1.692323E+000, 6.897867E-001
8.834400E-002, 1.712122E+000, 2.564698E+000, 4.547493E+000, 1.473512E+000, 6.796602E-001, 1.703310E+000, 7.178499E-001
8.835200E-002, 1.656836E+000, 2.605804E+000, 4.750506E+000, 1.314792E+000, 6.751212E-001, 1.719378E+000, 7.369516E-001
8.836000E-002, 1.701756E+000, 2.973977E+000, 4.836584E+000, 1.301284E+000, 6.698654E-001, 1.731902E+000, 7.453234E-001
8.836800E-002, 1.881434E+000, 3.193808E+000, 4.778116E+000, 1.364322E+000, 6.722544E-001, 1.739936E+000, 7.531056E-001
8.837600E-002, 1.867612E+000, 2.932870E+000, 4.763499E+000, 1.339557E+000, 6.649681E-001, 1.738282E+000, 7.567609E-001
8.838400E-002, 1.589457E+000, 2.580783E+000, 4.744010E+000, 1.364322E+000, 6.486037E-001, 1.727767E+000, 7.455592E-001
8.839200E-002, 1.494435E+000, 2.584357E+000, 4.755379E+000, 1.466758E+000, 6.468120E-001, 1.725995E+000, 7.286978E-001
8.840000E-002, 1.651653E+000, 2.770231E+000, 4.839832E+000, 1.453250E+000, 6.621013E-001, 1.728476E+000, 7.262216E-001
8.840800E-002, 1.767407E+000, 2.809550E+000, 4.927534E+000, 1.445370E+000, 6.790630E-001, 1.715007E+000, 7.344754E-001
8.841600E-002, 1.743220E+000, 2.698741E+000, 4.981129E+000, 1.509534E+000, 6.895744E-001, 1.698703E+000, 7.356546E-001
8.842400E-002, 1.684479E+000, 2.612953E+000, 4.921037E+000, 1.383458E+000, 6.810936E-001, 1.700711E+000, 7.305844E-001
8.843200E-002, 1.784684E+000, 2.548612E+000, 4.726145E+000, 1.211229E+000, 6.324782E-001, 1.693386E+000, 7.272828E-001
8.844000E-002, 1.962634E+000, 2.436016E+000, 4.687166E+000, 1.248377E+000, 6.124109E-001, 1.677318E+000, 7.172602E-001
8.844800E-002, 2.042107E+000, 2.414569E+000, 4.940526E+000, 1.302409E+000, 6.618624E-001, 1.674601E+000, 7.192648E-001
8.845600E-002, 2.028286E+000, 2.573634E+000, 4.995746E+000, 1.311415E+000, 6.672376E-001, 1.651444E+000, 7.506294E-001
8.846400E-002, 1.915987E+000, 2.807763E+000, 4.690414E+000, 1.356442E+000, 6.314031E-001, 1.635258E+000, 7.640715E-001
8.847200E-002, 1.765680E+000, 2.918572E+000, 4.644939E+000, 1.335054E+000, 6.050051E-001, 1.634668E+000, 7.654864E-001
8.848000E-002, 1.746675E+000, 2.768444E+000, 4.948647E+000, 1.247251E+000, 5.698873E-001, 1.604659E+000, 7.876539E-001
8.848800E-002, 1.850335E+000, 2.586145E+000, 5.107809E+000, 1.222486E+000, 5.694095E-001, 1.588945E+000, 7.928420E-001
8.849600E-002, 1.903893E+000, 2.655847E+000, 5.127298E+000, 1.285524E+000, 5.726346E-001, 1.596625E+000, 7.934316E-001
8.850400E-002, 1.779501E+000, 2.861380E+000, 5.185766E+000, 1.355316E+000, 5.474311E-001, 1.593789E+000, 8.131229E-001
8.851200E-002, 1.605006E+000, 2.904274E+000, 5.208504E+000, 1.416103E+000, 5.360835E-001, 1.584692E+000, 8.197260E-001
8.852000E-002, 1.637832E+000, 2.823848E+000, 5.057462E+000, 1.465633E+000, 5.393086E-001, 1.563780E+000, 8.247963E-001
8.852800E-002, 1.757041E+000, 2.856019E+000, 4.821967E+000, 1.467884E+000, 5.629593E-001, 1.542750E+000, 8.461384E-001
8.853600E-002, 1.762224E+000, 2.907849E+000, 4.818718E+000, 1.469010E+000, 5.931797E-001, 1.544050E+000, 8.602878E-001
8.854400E-002, 1.805416E+000, 2.897125E+000, 4.981129E+000, 1.456627E+000, 5.860128E-001, 1.556573E+000, 8.732582E-001
8.855200E-002, 1.857246E+000, 2.907849E+000, 5.059086E+000, 1.378955E+000, 5.520895E-001, 1.561653E+000, 9.017929E-001
8.856000E-002, 1.672385E+000, 2.779167E+000, 5.140291E+000, 1.340682E+000, 5.313056E-001, 1.569215E+000, 9.192440E-001
8.856800E-002, 1.470248E+000, 2.570059E+000, 5.215000E+000, 1.384584E+000, 5.335751E-001, 1.582565E+000, 9.203052E-001
8.857600E-002, 1.610189E+000, 2.570059E+000, 5.067207E+000, 1.374453E+000, 5.394281E-001, 1.578666E+000, 9.417652E-001
8.858400E-002, 1.833059E+000, 2.621890E+000, 4.815470E+000, 1.341808E+000, 5.320222E-001, 1.568624E+000, 9.698283E-001
8.859200E-002, 1.731126E+000, 2.578996E+000, 4.953519E+000, 1.389086E+000, 5.105216E-001, 1.569333E+000, 9.776105E-001
8.860000E-002, 1.504801E+000, 2.673720E+000, 5.344929E+000, 1.335054E+000, 4.896181E-001, 1.558582E+000, 9.964765E-001
8.860800E-002, 1.561814E+000, 2.829210E+000, 5.390403E+000, 1.072771E+000, 4.957100E-001, 1.545822E+000, 1.024893E+000
8.861600E-002, 1.732854E+000, 2.664783E+000, 5.216624E+000, 9.095477E-001, 5.174496E-001, 1.550193E+000, 1.035034E+000
8.862400E-002, 1.776046E+000, 2.360952E+000, 5.120802E+000, 9.984763E-001, 5.157773E-001, 1.555864E+000, 1.060149E+000
8.863200E-002, 1.862429E+000, 2.305547E+000, 5.028228E+000, 1.078399E+000, 4.979795E-001, 1.559999E+000, 1.104838E+000
8.864000E-002, 1.883161E+000, 2.323419E+000, 5.031476E+000, 1.041252E+000, 4.890209E-001, 1.561890E+000, 1.123350E+000
8.864800E-002, 1.660292E+000, 2.314483E+000, 5.189014E+000, 1.037875E+000, 4.761205E-001, 1.551611E+000, 1.125473E+000
8.865600E-002, 1.620555E+000, 2.469974E+000, 5.333560E+000, 1.069394E+000, 4.570088E-001, 1.541451E+000, 1.139858E+000
8.866400E-002, 1.929808E+000, 2.716614E+000, 5.312447E+000, 9.950992E-001, 4.500808E-001, 1.540624E+000, 1.153889E+000
8.867200E-002, 2.002371E+000, 2.870317E+000, 5.224745E+000, 8.532639E-001, 4.414805E-001, 1.541923E+000, 1.166742E+000
8.868000E-002, 1.743220E+000, 2.809550E+000, 5.167901E+000, 8.206192E-001, 4.308496E-001, 1.547949E+000, 1.189027E+000
8.868800E-002, 1.781229E+000, 2.557549E+000, 5.091568E+000, 9.208045E-001, 4.507975E-001, 1.569451E+000, 1.203295E+000
8.869600E-002, 2.097392E+000, 2.369888E+000, 5.231241E+000, 9.523235E-001, 4.848402E-001, 1.595089E+000, 1.212492E+000
8.870400E-002, 2.085299E+000, 2.391335E+000, 5.481353E+000, 8.228706E-001, 4.939183E-001, 1.609148E+000, 1.241262E+000
8.871200E-002, 1.734582E+000, 2.450314E+000, 5.383907E+000, 6.697783E-001, 4.868708E-001, 1.623444E+000, 1.273806E+000
8.872000E-002, 1.549721E+000, 2.403846E+000, 5.198759E+000, 5.988606E-001, 4.820929E-001, 1.644001E+000, 1.295856E+000
8.872800E-002, 1.732854E+000, 2.398484E+000, 5.278340E+000, 6.191229E-001, 4.818540E-001, 1.658061E+000, 1.320617E+000
8.873600E-002, 1.919442E+000, 2.477123E+000, 5.356297E+000, 6.416364E-001, 4.890209E-001, 1.666567E+000, 1.342549E+000
8.874400E-002, 1.826148E+000, 2.419931E+000, 5.312447E+000, 5.808498E-001, 4.899765E-001, 1.673420E+000, 1.361179E+000
8.875200E-002, 1.686207E+000, 2.268015E+000, 5.387156E+000, 5.054294E-001, 4.728954E-001, 1.673420E+000, 1.382639E+000
8.876000E-002, 1.798505E+000, 2.321632E+000, 5.515460E+000, 5.346970E-001, 4.545004E-001, 1.659478E+000, 1.388181E+000
8.876800E-002, 1.917715E+000, 2.562910E+000, 5.406644E+000, 6.438878E-001, 4.429139E-001, 1.637503E+000, 1.381224E+000
8.877600E-002, 1.649926E+000, 2.600443E+000, 5.252355E+000, 6.427621E-001, 4.320441E-001, 1.625689E+000, 1.393251E+000
8.878400E-002, 1.383864E+000, 2.289462E+000, 5.375787E+000, 5.065550E-001, 4.258328E-001, 1.623680E+000, 1.416362E+000
8.879200E-002, 1.586002E+000, 2.094652E+000, 5.525204E+000, 4.300089E-001, 4.195020E-001, 1.614819E+000, 1.426385E+000
8.880000E-002, 1.876251E+000, 2.282313E+000, 5.491098E+000, 4.862928E-001, 4.055266E-001, 1.597334E+000, 1.440770E+000
8.880800E-002, 1.896983E+000, 2.475335E+000, 5.401772E+000, 6.022376E-001, 3.982403E-001, 1.586819E+000, 1.468243E+000
8.881600E-002, 1.724216E+000, 2.452101E+000, 5.296206E+000, 6.967946E-001, 3.981208E-001, 1.595443E+000, 1.483690E+000
8.882400E-002, 1.527261E+000, 2.437803E+000, 5.253979E+000, 7.463244E-001, 3.879677E-001, 1.609030E+000, 1.494656E+000
8.883200E-002, 1.452971E+000, 2.505718E+000, 5.383907E+000, 8.330016E-001, 3.718422E-001, 1.603713E+000, 1.528379E+000
8.884000E-002, 1.480614E+000, 2.459250E+000, 5.577176E+000, 9.331869E-001, 3.530889E-001, 1.595561E+000, 1.570473E+000
8.884800E-002, 1.573908E+000, 2.244781E+000, 5.611282E+000, 8.814058E-001, 3.271686E-001, 1.611866E+000, 1.594763E+000
8.885600E-002, 1.698300E+000, 2.023162E+000, 5.521956E+000, 7.058001E-001, 3.078180E-001, 1.633723E+000, 1.608205E+000
8.886400E-002, 1.658564E+000, 1.921289E+000, 5.572303E+000, 5.482051E-001, 3.147460E-001, 1.645773E+000, 1.625067E+000
8.887200E-002, 1.432239E+000, 1.964183E+000, 5.733089E+000, 4.378887E-001, 3.452053E-001, 1.661959E+000, 1.643107E+000
8.888000E-002, 1.332034E+000, 2.130397E+000, 5.746082E+000, 3.962386E-001, 3.714839E-001, 1.681453E+000, 1.660794E+000
8.888800E-002, 1.504801E+000, 2.176865E+000, 5.658381E+000, 4.266319E-001, 3.772174E-001, 1.700357E+000, 1.680957E+000
8.889600E-002, 1.606734E+000, 2.074992E+000, 5.627523E+000, 4.649050E-001, 3.753062E-001, 1.717370E+000, 1.697819E+000
8.890400E-002, 1.504801E+000, 2.132184E+000, 5.614530E+000, 4.795388E-001, 3.707672E-001, 1.720914E+000, 1.711732E+000
8.891200E-002, 1.542810E+000, 2.187589E+000, 5.611282E+000, 5.009267E-001, 3.616891E-001, 1.714180E+000, 1.726589E+000
8.892000E-002, 1.644743E+000, 2.021375E+000, 5.604785E+000, 5.110577E-001, 3.535666E-001, 1.705792E+000, 1.728358E+000
8.892800E-002, 1.463337E+000, 1.923076E+000, 5.534949E+000, 4.255062E-001, 3.411440E-001, 1.692796E+000, 1.720576E+000
8.893600E-002, 1.294026E+000, 1.976694E+000, 5.580424E+000, 3.230695E-001, 3.216740E-001, 1.682162E+000, 1.724703E+000
8.894400E-002, 1.465065E+000, 1.999928E+000, 5.707104E+000, 3.771021E-001, 2.977843E-001, 1.683816E+000, 1.730009E+000
8.895200E-002, 1.560087E+000, 1.894480E+000, 5.627523E+000, 4.547739E-001, 2.672056E-001, 1.687833E+000, 1.723641E+000
8.896000E-002, 1.318213E+000, 1.792607E+000, 5.614530E+000, 4.468941E-001, 2.459438E-001, 1.679799E+000, 1.722462E+000
8.896800E-002, 1.218008E+000, 2.001715E+000, 5.768820E+000, 5.054294E-001, 2.494078E-001, 1.669757E+000, 1.734725E+000
8.897600E-002, 1.515167E+000, 2.212610E+000, 5.629147E+000, 5.954836E-001, 2.600387E-001, 1.674719E+000, 1.744276E+000
8.898400E-002, 1.713850E+000, 2.003502E+000, 5.401772E+000, 6.033633E-001, 2.576497E-001, 1.686179E+000, 1.735079E+000
8.899200E-002, 1.456427E+000, 1.742565E+000, 5.552814E+000, 6.360080E-001, 2.461827E-001, 1.691614E+000, 1.711379E+000
8.900000E-002, 1.171361E+000, 1.796182E+000, 5.741210E+000, 6.393850E-001, 2.328045E-001, 1.698585E+000, 1.697465E+000
8.900800E-002, 1.266383E+000, 1.951672E+000, 5.648636E+000, 4.446428E-001, 2.201430E-001, 1.706382E+000, 1.700649E+000
8.901600E-002, 1.494435E+000, 1.901629E+000, 5.611282E+000, 3.129385E-001, 2.098705E-001, 1.713944E+000, 1.696640E+000
8.902400E-002, 1.615372E+000, 1.751501E+000, 5.759075E+000, 4.862928E-001, 1.941033E-001, 1.733556E+000, 1.680368E+000
8.903200E-002, 1.693117E+000, 1.755075E+000, 5.853273E+000, 7.463244E-001, 1.651969E-001, 1.753759E+000, 1.681193E+000
8.904000E-002, 1.703483E+000, 1.780097E+000, 5.910117E+000, 7.879745E-001, 1.373654E-001, 1.765337E+000, 1.694989E+000
8.904800E-002, 1.535899E+000, 1.706820E+000, 5.976705E+000, 5.223145E-001, 1.403516E-001, 1.781523E+000, 1.686853E+000
8.905600E-002, 1.332034E+000, 1.638904E+000, 5.947472E+000, 2.667857E-001, 1.685414E-001, 1.796173E+000, 1.667279E+000
8.906400E-002, 1.300936E+000, 1.501286E+000, 5.848401E+000, 3.118128E-001, 1.907588E-001, 1.804325E+000, 1.663152E+000
8.907200E-002, 1.340673E+000, 1.397626E+000, 5.746082E+000, 4.423914E-001, 2.101094E-001, 1.822284E+000, 1.660794E+000
8.908000E-002, 1.432239E+000, 1.629968E+000, 5.768820E+000, 4.750361E-001, 2.236070E-001, 1.847212E+000, 1.648885E+000
8.908800E-002, 1.584274E+000, 1.887331E+000, 5.916614E+000, 5.009267E-001, 2.181124E-001, 1.863516E+000, 1.640749E+000
8.909600E-002, 1.549721E+000, 1.831927E+000, 6.027052E+000, 5.144348E-001, 2.208597E-001, 1.876394E+000, 1.639924E+000
8.910400E-002, 1.335490E+000, 1.828352E+000, 6.109882E+000, 5.009267E-001, 2.384186E-001, 1.889036E+000, 1.641928E+000
8.911200E-002, 1.219736E+000, 1.965970E+000, 6.067655E+000, 5.223145E-001, 2.322073E-001, 1.885610E+000, 1.644522E+000
8.912000E-002, 1.295753E+000, 1.967758E+000, 5.918238E+000, 5.211889E-001, 2.022258E-001, 1.871905E+000, 1.642636E+000
8.912800E-002, 1.399413E+000, 1.969545E+000, 5.901997E+000, 4.716590E-001, 1.773806E-001, 1.866352E+000, 1.638273E+000
8.913600E-002, 1.323396E+000, 2.017800E+000, 5.866266E+000, 5.223145E-001, 1.580300E-001, 1.869660E+000, 1.638037E+000
8.914400E-002, 1.233557E+000, 1.901629E+000, 5.716848E+000, 6.832865E-001, 1.349765E-001, 1.879702E+000, 1.636858E+000
8.915200E-002, 1.370043E+000, 1.733628E+000, 5.645388E+000, 6.967946E-001, 1.162231E-001, 1.885964E+000, 1.624949E+000
8.916000E-002, 1.409779E+000, 1.680011E+000, 5.669750E+000, 5.470794E-001, 1.183732E-001, 1.882065E+000, 1.616223E+000
8.916800E-002, 1.067701E+000, 1.633543E+000, 5.780189E+000, 4.446428E-001, 1.343792E-001, 1.887855E+000, 1.627779E+000
8.917600E-002, 8.465587E-001, 1.599585E+000, 5.914989E+000, 3.906102E-001, 1.335431E-001, 1.902859E+000, 1.637683E+000
8.918400E-002, 1.109165E+000, 1.706820E+000, 5.858146E+000, 3.939873E-001, 1.164620E-001, 1.905695E+000, 1.626835E+000
8.919200E-002, 1.461610E+000, 1.835501E+000, 5.629147E+000, 5.054294E-001, 1.114452E-001, 1.898370E+000, 1.617402E+000
8.920000E-002, 1.561814E+000, 1.740777E+000, 5.569055E+000, 5.639646E-001, 1.208816E-001, 1.897306E+000, 1.613276E+000
8.920800E-002, 1.454699E+000, 1.560266E+000, 5.768820E+000, 5.234402E-001, 1.238678E-001, 1.912193E+000, 1.592995E+000
8.921600E-002, 1.299209E+000, 1.642479E+000, 5.953968E+000, 5.808498E-001, 1.076228E-001, 1.935940E+000, 1.562927E+000
8.922400E-002, 1.211097E+000, 1.846225E+000, 5.999443E+000, 7.001716E-001, 8.158311E-002, 1.948700E+000, 1.543236E+000
8.923200E-002, 1.264655E+000, 1.785458E+000, 6.038421E+000, 6.697783E-001, 5.924630E-002, 1.942320E+000, 1.538165E+000
8.924000E-002, 1.418418E+000, 1.587074E+000, 6.124499E+000, 5.234402E-001, 5.829072E-002, 1.933813E+000, 1.533921E+000
8.924800E-002, 1.465065E+000, 1.526308E+000, 6.051414E+000, 3.647196E-001, 9.030283E-002, 1.944446E+000, 1.521658E+000
8.925600E-002, 1.382137E+000, 1.604947E+000, 5.845153E+000, 2.622829E-001, 1.239872E-001, 1.959451E+000, 1.512107E+000
8.926400E-002, 1.304392E+000, 1.790820E+000, 5.850025E+000, 3.725994E-001, 1.307958E-001, 1.948818E+000, 1.506801E+000
8.927200E-002, 1.231829E+000, 1.914140E+000, 6.043293E+000, 5.808498E-001, 1.189704E-001, 1.924834E+000, 1.503381E+000
8.928000E-002, 1.240468E+000, 1.817629E+000, 6.179718E+000, 6.101174E-001, 9.663358E-002, 1.915383E+000, 1.501141E+000
8.928800E-002, 1.394230E+000, 1.765799E+000, 6.247931E+000, 5.369483E-001, 7.823856E-002, 1.913256E+000, 1.490057E+000
8.929600E-002, 1.473703E+000, 1.912353E+000, 6.228442E+000, 4.604023E-001, 7.238560E-002, 1.903922E+000, 1.479327E+000
8.930400E-002, 1.288842E+000, 1.935587E+000, 6.080648E+000, 4.221292E-001, 6.067968E-002, 1.891990E+000, 1.476615E+000
8.931200E-002, 1.157539E+000, 1.765799E+000, 5.854897E+000, 5.763471E-001, 3.917901E-002, 1.875449E+000, 1.476851E+000
8.932000E-002, 1.368315E+000, 1.612096E+000, 5.668126E+000, 6.922919E-001, 1.433378E-002, 1.855128E+000, 1.483690E+000
8.932800E-002, 1.485797E+000, 1.485201E+000, 5.716848E+000, 5.043037E-001, -1.290040E-002, 1.844141E+000, 1.484515E+000
8.933600E-002, 1.290570E+000, 1.440520E+000, 5.897124E+000, 2.960533E-001, -2.556191E-002, 1.829845E+000, 1.474139E+000
8.934400E-002, 1.266383E+000, 1.553117E+000, 6.007563E+000, 2.915506E-001, -2.424798E-002, 1.801254E+000, 1.471191E+000
8.935200E-002, 1.470248E+000, 1.712181E+000, 6.155357E+000, 3.613426E-001, -3.189267E-002, 1.779869E+000, 1.472488E+000
8.936000E-002, 1.511712E+000, 1.753288E+000, 6.231690E+000, 4.592766E-001, -4.837652E-002, 1.774671E+000, 1.465885E+000
8.936800E-002, 1.344128E+000, 1.635330E+000, 6.062783E+000, 5.797241E-001, -6.617430E-002, 1.773489E+000, 1.456452E+000
8.937600E-002, 1.223191E+000, 1.576351E+000, 5.931231E+000, 5.617133E-001, -7.907470E-002, 1.766755E+000, 1.450439E+000
8.938400E-002, 1.223191E+000, 1.710394E+000, 6.059535E+000, 4.952983E-001, -7.859691E-002, 1.755058E+000, 1.441242E+000
8.939200E-002, 1.233557E+000, 1.808693E+000, 6.238186E+000, 5.864782E-001, -7.346064E-002, 1.749860E+000, 1.423083E+000
8.940000E-002, 1.268110E+000, 1.737203E+000, 6.163477E+000, 5.966093E-001, -6.904105E-002, 1.754822E+000, 1.407165E+000
8.940800E-002, 1.319941E+000, 1.681798E+000, 5.801302E+000, 4.423914E-001, -6.402423E-002, 1.757540E+000, 1.397496E+000
8.941600E-002, 1.280204E+000, 1.676437E+000, 5.556062E+000, 3.647196E-001, -6.772713E-002, 1.757421E+000, 1.383700E+000
8.942400E-002, 1.192093E+000, 1.738990E+000, 5.660005E+000, 3.624683E-001, -7.513291E-002, 1.775498E+000, 1.370376E+000
8.943200E-002, 1.195548E+000, 1.969545E+000, 5.807798E+000, 3.939873E-001, -6.916051E-002, 1.798182E+000, 1.365424E+000
8.944000E-002, 1.245651E+000, 2.037460E+000, 5.846777E+000, 4.581509E-001, -4.897376E-002, 1.787076E+000, 1.356109E+000
8.944800E-002, 1.150629E+000, 1.769373E+000, 5.874387E+000, 4.547739E-001, -3.368439E-002, 1.762620E+000, 1.337715E+000
8.945600E-002, 9.795894E-001, 1.653202E+000, 5.780189E+000, 3.557142E-001, -4.443473E-002, 1.760375E+000, 1.322740E+000
8.946400E-002, 1.027964E+000, 1.821203E+000, 5.643764E+000, 2.915506E-001, -7.286340E-002, 1.762856E+000, 1.309534E+000
8.947200E-002, 1.238740E+000, 1.815842E+000, 5.716848E+000, 3.455831E-001, -9.066118E-002, 1.761202E+000, 1.290668E+000
8.948000E-002, 1.425328E+000, 1.680011E+000, 5.804550E+000, 4.108724E-001, -9.030283E-002, 1.765101E+000, 1.266142E+000
8.948800E-002, 1.547993E+000, 1.860523E+000, 5.742834E+000, 4.694077E-001, -8.158311E-002, 1.760021E+000, 1.238904E+000
8.949600E-002, 1.427056E+000, 2.024949E+000, 5.776940E+000, 5.493308E-001, -7.943305E-002, 1.742299E+000, 1.220510E+000
8.950400E-002, 1.176544E+000, 1.760437E+000, 5.906869E+000, 5.155604E-001, -9.973924E-002, 1.731547E+000, 1.210369E+000
8.951200E-002, 1.183455E+000, 1.522733E+000, 5.901997E+000, 4.570252E-001, -1.220760E-001, 1.730602E+000, 1.191621E+000
8.952000E-002, 1.266383E+000, 1.565627E+000, 5.788309E+000, 5.245659E-001, -1.150286E-001, 1.733674E+000, 1.170043E+000
8.952800E-002, 1.212825E+000, 1.753288E+000, 5.638892E+000, 4.829158E-001, -1.023671E-001, 1.737100E+000, 1.155069E+000
8.953600E-002, 1.235285E+000, 2.021375E+000, 5.528452E+000, 3.624683E-001, -1.269734E-001, 1.727294E+000, 1.139622E+000
8.954400E-002, 1.288842E+000, 2.082141E+000, 5.637268E+000, 4.772874E-001, -1.808446E-001, 1.705910E+000, 1.120049E+000
8.955200E-002, 1.287115E+000, 1.803331E+000, 5.876011E+000, 6.202485E-001, -2.209792E-001, 1.695158E+000, 1.094697E+000
8.956000E-002, 1.363132E+000, 1.615670E+000, 5.895500E+000, 5.290686E-001, -2.256376E-001, 1.692323E+000, 1.068285E+000
8.956800E-002, 1.442605E+000, 1.758650E+000, 5.695735E+000, 3.680967E-001, -2.048537E-001, 1.679209E+000, 1.056022E+000
8.957600E-002, 1.452971E+000, 1.939162E+000, 5.650260E+000, 3.106871E-001, -1.780972E-001, 1.671057E+000, 1.049655E+000
8.958400E-002, 1.444333E+000, 2.046396E+000, 5.715224E+000, 3.365777E-001, -1.631662E-001, 1.685943E+000, 1.022889E+000
8.959200E-002, 1.351039E+000, 2.033886E+000, 5.634019E+000, 3.827305E-001, -1.645996E-001, 1.694213E+000, 9.831524E-001
8.960000E-002, 1.233557E+000, 1.805118E+000, 5.630771E+000, 4.255062E-001, -1.679442E-001, 1.677437E+000, 9.532027E-001
8.960800E-002, 1.295753E+000, 1.792607E+000, 5.737962E+000, 4.322603E-001, -1.680636E-001, 1.667630E+000, 9.287949E-001
8.961600E-002, 1.356222E+000, 2.164355E+000, 5.664877E+000, 4.255062E-001, -1.801279E-001, 1.676610E+000, 9.058020E-001
8.962400E-002, 1.207642E+000, 2.310909E+000, 5.590168E+000, 4.851672E-001, -2.038981E-001, 1.677909E+000, 8.907092E-001
8.963200E-002, 1.193821E+000, 2.060694E+000, 5.705480E+000, 5.279430E-001, -2.134539E-001, 1.668694E+000, 8.712537E-001
8.964000E-002, 1.456427E+000, 1.919502E+000, 5.841905E+000, 4.795388E-001, -2.004341E-001, 1.659242E+000, 8.359979E-001
8.964800E-002, 1.544538E+000, 2.080354E+000, 5.819167E+000, 5.031780E-001, -1.963728E-001, 1.644238E+000, 8.071094E-001
8.965600E-002, 1.345856E+000, 2.192950E+000, 5.660005E+000, 6.416364E-001, -2.139317E-001, 1.629115E+000, 7.939032E-001
8.966400E-002, 1.178272E+000, 2.114312E+000, 5.504091E+000, 6.506418E-001, -2.270710E-001, 1.617655E+000, 7.724432E-001
8.967200E-002, 1.157539E+000, 2.130397E+000, 5.414765E+000, 4.998010E-001, -2.318489E-001, 1.604540E+000, 7.487428E-001
8.968000E-002, 1.238740E+000, 2.278738E+000, 5.414765E+000, 4.378887E-001, -2.420020E-001, 1.599578E+000, 7.444980E-001
8.968800E-002, 1.394230E+000, 2.380611E+000, 5.406644E+000, 4.874185E-001, -2.583664E-001, 1.594616E+000, 7.389562E-001
8.969600E-002, 1.560087E+000, 2.469974E+000, 5.263723E+000, 4.739104E-001, -2.768809E-001, 1.574177E+000, 7.202080E-001
8.970400E-002, 1.632649E+000, 2.477123E+000, 5.164653E+000, 4.063697E-001, -2.894230E-001, 1.560472E+000, 7.064123E-001
8.971200E-002, 1.520350E+000, 2.280525E+000, 5.288085E+000, 4.007413E-001, -3.044734E-001, 1.566025E+000, 6.963898E-001
8.972000E-002, 1.338945E+000, 2.155418E+000, 5.421261E+000, 4.423914E-001, -3.219129E-001, 1.565789E+000, 6.774060E-001
8.972800E-002, 1.247378E+000, 2.339505E+000, 5.395276E+000, 4.840415E-001, -3.204795E-001, 1.548539E+000, 6.518190E-001
8.973600E-002, 1.280204E+000, 2.527165E+000, 5.305950E+000, 5.459538E-001, -3.196433E-001, 1.539560E+000, 6.303589E-001
8.974400E-002, 1.459882E+000, 2.461037E+000, 5.265347E+000, 5.650903E-001, -3.388745E-001, 1.550902E+000, 6.179782E-001
8.975200E-002, 1.556631E+000, 2.457463E+000, 5.296206E+000, 5.043037E-001, -3.478331E-001, 1.553974E+000, 6.083093E-001
8.976000E-002, 1.466793E+000, 2.621890E+000, 5.283213E+000, 4.952983E-001, -3.480720E-001, 1.542514E+000, 5.962823E-001
8.976800E-002, 1.577363E+000, 2.593294E+000, 5.219872E+000, 5.538335E-001, -3.769785E-001, 1.544168E+000, 5.772984E-001
8.977600E-002, 1.867612E+000, 2.489633E+000, 5.288085E+000, 5.639646E-001, -4.143658E-001, 1.550902E+000, 5.486457E-001
8.978400E-002, 1.807144E+000, 2.630826E+000, 5.385531E+000, 5.335713E-001, -4.218910E-001, 1.537906E+000, 5.231767E-001
8.979200E-002, 1.465065E+000, 2.720188E+000, 5.224745E+000, 4.952983E-001, -4.205771E-001, 1.521602E+000, 5.079660E-001
8.980000E-002, 1.335490E+000, 2.589719E+000, 4.981129E+000, 4.896699E-001, -4.294162E-001, 1.524556E+000, 4.946419E-001
8.980800E-002, 1.459882E+000, 2.557549E+000, 5.078576E+000, 5.819755E-001, -4.269078E-001, 1.535307E+000, 4.807283E-001
8.981600E-002, 1.577363E+000, 2.591506E+000, 5.401772E+000, 6.709040E-001, -4.130518E-001, 1.534834E+000, 4.631594E-001
8.982400E-002, 1.542810E+000, 2.487846E+000, 5.474857E+000, 6.438878E-001, -4.106629E-001, 1.524083E+000, 4.376903E-001
8.983200E-002, 1.480614E+000, 2.428867E+000, 5.218248E+000, 6.675270E-001, -4.167548E-001, 1.520421E+000, 4.161124E-001
8.984000E-002, 1.539355E+000, 2.523591E+000, 4.969760E+000, 7.845975E-001, -4.217716E-001, 1.526446E+000, 4.044391E-001
8.984800E-002, 1.546265E+000, 2.612953E+000, 5.028228E+000, 7.598326E-001, -4.364637E-001, 1.524438E+000, 3.945344E-001
8.985600E-002, 1.451244E+000, 2.662996E+000, 5.346553E+000, 6.765324E-001, -4.571282E-001, 1.522784E+000, 3.898179E-001
8.986400E-002, 1.511712E+000, 2.575421E+000, 5.562559E+000, 7.373190E-001, -4.699092E-001, 1.540742E+000, 3.889925E-001
8.987200E-002, 1.592913E+000, 2.412782E+000, 5.435878E+000, 7.891002E-001, -4.732537E-001, 1.557636E+000, 3.806208E-001
8.988000E-002, 1.433967E+000, 2.578996E+000, 5.137043E+000, 7.418217E-001, -4.631006E-001, 1.558700E+000, 3.724848E-001
8.988800E-002, 1.351039E+000, 2.973977E+000, 5.002243E+000, 7.913516E-001, -4.547393E-001, 1.556573E+000, 3.728386E-001
8.989600E-002, 1.489252E+000, 3.115169E+000, 4.989250E+000, 9.635803E-001, -4.706259E-001, 1.551020E+000, 3.694191E-001
8.990400E-002, 1.560087E+000, 2.995424E+000, 4.940526E+000, 9.793398E-001, -4.902154E-001, 1.543577E+000, 3.595145E-001
8.991200E-002, 1.579091E+000, 2.850657E+000, 5.028228E+000, 8.307503E-001, -4.984573E-001, 1.542159E+000, 3.551517E-001
8.992000E-002, 1.563542E+000, 2.718401E+000, 5.169525E+000, 8.183678E-001, -5.109994E-001, 1.540742E+000, 3.568025E-001
8.992800E-002, 1.475431E+000, 2.668358E+000, 5.088320E+000, 8.904112E-001, -5.192413E-001, 1.533535E+000, 3.615190E-001
8.993600E-002, 1.513440E+000, 2.748784E+000, 4.932406E+000, 8.814058E-001, -5.203163E-001, 1.526092E+000, 3.634056E-001
8.994400E-002, 1.639560E+000, 2.782742E+000, 4.961640E+000, 9.185532E-001, -5.369196E-001, 1.520066E+000, 3.569204E-001
8.995200E-002, 1.701756E+000, 2.820274E+000, 5.063959E+000, 9.579519E-001, -5.600926E-001, 1.508960E+000, 3.605757E-001
8.996000E-002, 1.731126E+000, 2.991849E+000, 5.081824E+000, 8.341273E-001, -5.755014E-001, 1.499981E+000, 3.821536E-001
8.996800E-002, 1.644743E+000, 3.143765E+000, 5.137043E+000, 6.911662E-001, -5.879240E-001, 1.503880E+000, 3.944165E-001
8.997600E-002, 1.522078E+000, 3.163425E+000, 5.283213E+000, 6.934175E-001, -5.833850E-001, 1.509079E+000, 3.842761E-001
8.998400E-002, 1.599823E+000, 3.002573E+000, 5.336808E+000, 7.530785E-001, -5.657066E-001, 1.500336E+000, 3.695370E-001
8.999200E-002, 1.762224E+000, 2.791678E+000, 5.213376E+000, 8.363787E-001, -5.712013E-001, 1.488994E+000, 3.610473E-001
9.000000E-002, 1.867612E+000, 2.825635E+000, 4.966512E+000, 9.354383E-001, -5.996299E-001, 1.501990E+000, 3.535010E-001
9.000800E-002, 2.028286E+000, 2.952530E+000, 4.778116E+000, 9.309356E-001, -6.300892E-001, 1.531172E+000, 3.481949E-001
9.001600E-002, 2.104303E+000, 2.863168E+000, 4.895051E+000, 9.174275E-001, -6.578012E-001, 1.539678E+000, 3.486665E-001
9.002400E-002, 1.936719E+000, 2.857806E+000, 5.240986E+000, 9.917222E-001, -6.715378E-001, 1.530581E+000, 3.499636E-001
9.003200E-002, 1.815782E+000, 3.082999E+000, 5.424510E+000, 1.046880E+000, -6.673570E-001, 1.535543E+000, 3.491382E-001
9.004000E-002, 1.817510E+000, 3.029382E+000, 5.265347E+000, 1.063766E+000, -6.586373E-001, 1.549957E+000, 3.510248E-001
9.004800E-002, 1.648198E+000, 2.829210E+000, 5.003867E+000, 1.050257E+000, -6.477675E-001, 1.558227E+000, 3.538547E-001
9.005600E-002, 1.449516E+000, 2.984700E+000, 4.888555E+000, 1.052509E+000, -6.370172E-001, 1.571578E+000, 3.522039E-001
9.006400E-002, 1.513440E+000, 3.170574E+000, 4.873938E+000, 1.102039E+000, -6.392867E-001, 1.591426E+000, 3.522039E-001
9.007200E-002, 1.663747E+000, 3.047254E+000, 4.847952E+000, 1.062640E+000, -6.594735E-001, 1.598633E+000, 3.523218E-001
9.008000E-002, 1.795050E+000, 2.909636E+000, 4.823591E+000, 9.466951E-001, -6.840798E-001, 1.595325E+000, 3.397052E-001
9.008800E-002, 1.967817E+000, 3.004360E+000, 4.839832E+000, 9.230559E-001, -6.905300E-001, 1.598397E+000, 3.239050E-001
9.009600E-002, 1.981638E+000, 3.032956E+000, 4.911293E+000, 1.004105E+000, -6.804963E-001, 1.595561E+000, 3.264990E-001
9.010400E-002, 1.848608E+000, 2.832784E+000, 5.013611E+000, 1.096410E+000, -6.757184E-001, 1.573704E+000, 3.356962E-001
9.011200E-002, 1.862429E+000, 2.807763E+000, 4.930782E+000, 1.143689E+000, -6.729711E-001, 1.552556E+000, 3.345171E-001
9.012000E-002, 1.945357E+000, 2.979339E+000, 4.726145E+000, 1.202224E+000, -6.680737E-001, 1.549366E+000, 3.407664E-001
9.012800E-002, 1.891800E+000, 2.956105E+000, 4.854449E+000, 1.336180E+000, -6.822881E-001, 1.551020E+000, 3.559771E-001
9.013600E-002, 1.896983E+000, 2.793465E+000, 5.124050E+000, 1.409349E+000, -7.182420E-001, 1.541214E+000, 3.617548E-001
9.014400E-002, 2.074933E+000, 2.847082E+000, 5.013611E+000, 1.302409E+000, -7.489402E-001, 1.523138E+000, 3.618727E-001
9.015200E-002, 2.080116E+000, 3.040105E+000, 4.869066E+000, 1.189842E+000, -7.593322E-001, 1.507543E+000, 3.630518E-001
9.016000E-002, 1.900438E+000, 2.931083E+000, 5.044469E+000, 1.240497E+000, -7.577793E-001, 1.495610E+000, 3.707162E-001
9.016800E-002, 1.891800E+000, 2.650486E+000, 5.145164E+000, 1.216858E+000, -7.626767E-001, 1.479660E+000, 3.849835E-001
9.017600E-002, 2.016192E+000, 2.738060E+000, 5.057462E+000, 9.827168E-001, -7.863274E-001, 1.460757E+000, 3.938269E-001
9.018400E-002, 2.099120E+000, 3.016871E+000, 5.072079E+000, 8.611436E-001, -8.195341E-001, 1.446579E+000, 3.990151E-001
9.019200E-002, 2.076660E+000, 3.066914E+000, 5.159781E+000, 9.354383E-001, -8.433042E-001, 1.433820E+000, 4.059719E-001
9.020000E-002, 1.943630E+000, 3.016871E+000, 5.154908E+000, 9.984763E-001, -8.525017E-001, 1.421651E+000, 4.122213E-001
9.020800E-002, 1.867612E+000, 2.961466E+000, 5.016860E+000, 1.055886E+000, -8.600270E-001, 1.414325E+000, 4.296723E-001
9.021600E-002, 1.943630E+000, 2.825635E+000, 4.880435E+000, 1.112170E+000, -8.757941E-001, 1.401211E+000, 4.616265E-001
9.022400E-002, 2.028286E+000, 2.788103E+000, 4.886931E+000, 1.176333E+000, -8.890529E-001, 1.381835E+000, 4.883926E-001
9.023200E-002, 2.068022E+000, 2.891764E+000, 4.930782E+000, 1.356442E+000, -8.901279E-001, 1.374392E+000, 5.074944E-001
9.024000E-002, 2.159589E+000, 2.761295E+000, 5.018484E+000, 1.503906E+000, -8.982504E-001, 1.374392E+000, 5.287186E-001
9.024800E-002, 2.199325E+000, 2.428867E+000, 5.193887E+000, 1.405972E+000, -9.284708E-001, 1.361869E+000, 5.499428E-001
9.025600E-002, 2.035196E+000, 2.348441E+000, 5.288085E+000, 1.232617E+000, -9.571384E-001, 1.340957E+000, 5.664505E-001
9.026400E-002, 1.947085E+000, 2.555761E+000, 5.143539E+000, 1.208978E+000, -9.647830E-001, 1.322762E+000, 5.772984E-001
9.027200E-002, 2.121580E+000, 2.829210E+000, 4.888555E+000, 1.238246E+000, -9.717110E-001, 1.304922E+000, 5.918016E-001
9.028000E-002, 2.188959E+000, 2.952530E+000, 4.898300E+000, 1.165077E+000, -9.819836E-001, 1.293108E+000, 6.203364E-001
9.028800E-002, 2.092209E+000, 2.798827E+000, 5.081824E+000, 1.100913E+000, -9.760112E-001, 1.288736E+000, 6.541772E-001
9.029600E-002, 2.107759E+000, 2.688018E+000, 5.098064E+000, 1.203350E+000, -9.696804E-001, 1.277512E+000, 6.736327E-001
9.030400E-002, 2.126763E+000, 2.775593E+000, 5.111057E+000, 1.336180E+000, -9.800724E-001, 1.262980E+000, 6.795284E-001
9.031200E-002, 2.055928E+000, 2.784529E+000, 5.219872E+000, 1.344059E+000, -9.934506E-001, 1.258373E+000, 6.950927E-001
9.032000E-002, 1.992005E+000, 2.695167E+000, 5.231241E+000, 1.345185E+000, -1.013996E+000, 1.258727E+000, 7.218589E-001
9.032800E-002, 1.993732E+000, 2.570059E+000, 5.171149E+000, 1.400343E+000, -1.054608E+000, 1.253647E+000, 7.437905E-001
9.033600E-002, 2.059384E+000, 2.450314E+000, 5.127298E+000, 1.376704E+000, -1.094504E+000, 1.246676E+000, 7.607699E-001
9.034400E-002, 1.993732E+000, 2.491421E+000, 5.141915E+000, 1.324923E+000, -1.113257E+000, 1.244786E+000, 7.760985E-001
9.035200E-002, 1.912532E+000, 2.550400E+000, 5.266972E+000, 1.349688E+000, -1.118991E+000, 1.241832E+000, 7.941391E-001
9.036000E-002, 2.038652E+000, 2.528953E+000, 5.292957E+000, 1.378955E+000, -1.121857E+000, 1.235334E+000, 8.170140E-001
9.036800E-002, 2.064567E+000, 2.600443E+000, 5.106185E+000, 1.411600E+000, -1.126516E+000, 1.230963E+000, 8.361158E-001
9.037600E-002, 1.907349E+000, 2.714826E+000, 5.003867E+000, 1.380081E+000, -1.132249E+000, 1.228718E+000, 8.548639E-001
9.038400E-002, 1.855518E+000, 2.677294E+000, 4.994122E+000, 1.187590E+000, -1.139177E+000, 1.241360E+000, 8.841061E-001
9.039200E-002, 1.848608E+000, 2.471761E+000, 4.987626E+000, 1.061514E+000, -1.152197E+000, 1.264753E+000, 9.161782E-001
9.040000E-002, 1.807144E+000, 2.352015E+000, 5.184142E+000, 1.113295E+000, -1.166651E+000, 1.270778E+000, 9.293844E-001
9.040800E-002, 1.912532E+000, 2.505718E+000, 5.340056E+000, 1.165077E+000, -1.184687E+000, 1.266997E+000, 9.287949E-001
9.041600E-002, 2.173410E+000, 2.671932E+000, 5.236114E+000, 1.163951E+000, -1.207502E+000, 1.269006E+000, 9.436518E-001
9.042400E-002, 2.280525E+000, 2.652273E+000, 5.167901E+000, 1.159448E+000, -1.219327E+000, 1.267706E+000, 9.692388E-001
9.043200E-002, 2.078388E+000, 2.487846E+000, 5.185766E+000, 1.178585E+000, -1.220044E+000, 1.264162E+000, 9.924675E-001
9.044000E-002, 1.798505E+000, 2.207248E+000, 5.169525E+000, 1.269765E+000, -1.225538E+000, 1.266525E+000, 1.025955E+000
9.044800E-002, 1.679296E+000, 2.049971E+000, 5.185766E+000, 1.340682E+000, -1.251817E+000, 1.276331E+000, 1.065927E+000
9.045600E-002, 1.777773E+000, 2.234057E+000, 5.182518E+000, 1.226989E+000, -1.296730E+000, 1.292989E+000, 1.095641E+000
9.046400E-002, 1.929808E+000, 2.568272E+000, 5.130547E+000, 1.054760E+000, -1.323008E+000, 1.301496E+000, 1.119695E+000
9.047200E-002, 1.922898E+000, 2.643337E+000, 5.163029E+000, 1.018739E+000, -1.314647E+000, 1.287673E+000, 1.149527E+000
9.048000E-002, 1.853791E+000, 2.360952E+000, 5.253979E+000, 9.782141E-001, -1.296730E+000, 1.274795E+000, 1.178887E+000
9.048800E-002, 1.826148E+000, 2.273376E+000, 5.299454E+000, 8.262476E-001, -1.290996E+000, 1.279994E+000, 1.200347E+000
9.049600E-002, 1.831331E+000, 2.570059E+000, 5.413141E+000, 7.451988E-001, -1.306046E+000, 1.282593E+000, 1.224283E+000
9.050400E-002, 1.877978E+000, 2.604017E+000, 5.593417E+000, 8.318760E-001, -1.340687E+000, 1.275622E+000, 1.252110E+000
9.051200E-002, 1.910804E+000, 2.271589E+000, 5.495970E+000, 9.489465E-001, -1.376043E+000, 1.259909E+000, 1.275221E+000
9.052000E-002, 1.950540E+000, 2.160780E+000, 5.221497E+000, 9.219302E-001, -1.392288E+000, 1.236279E+000, 1.295502E+000
9.052800E-002, 1.985094E+000, 2.316270E+000, 5.302702E+000, 8.093624E-001, -1.398858E+000, 1.225646E+000, 1.315783E+000
9.053600E-002, 1.888344E+000, 2.352015E+000, 5.582048E+000, 8.746517E-001, -1.412475E+000, 1.227655E+000, 1.342431E+000
9.054400E-002, 1.836514E+000, 2.387760E+000, 5.559310E+000, 1.032247E+000, -1.430273E+000, 1.225056E+000, 1.375800E+000
9.055200E-002, 1.941902E+000, 2.580783E+000, 5.455368E+000, 9.602032E-001, -1.455237E+000, 1.216195E+000, 1.403628E+000
9.056000E-002, 1.990277E+000, 2.616528E+000, 5.547942E+000, 8.172421E-001, -1.486891E+000, 1.201190E+000, 1.426149E+000
9.056800E-002, 1.955723E+000, 2.489633E+000, 5.671374E+000, 8.161165E-001, -1.498358E+000, 1.184295E+000, 1.453976E+000
9.057600E-002, 1.900438E+000, 2.493208E+000, 5.671374E+000, 8.003570E-001, -1.493700E+000, 1.167637E+000, 1.488996E+000
9.058400E-002, 1.800233E+000, 2.536102E+000, 5.508963E+000, 7.361934E-001, -1.505525E+000, 1.147670E+000, 1.516941E+000
9.059200E-002, 1.689662E+000, 2.389548E+000, 5.435878E+000, 6.022376E-001, -1.526309E+000, 1.127703E+000, 1.531091E+000
9.060000E-002, 1.634377E+000, 2.166142E+000, 5.596665E+000, 3.906102E-001, -1.538373E+000, 1.112581E+000, 1.552079E+000
9.060800E-002, 1.687934E+000, 2.057120E+000, 5.674622E+000, 4.029927E-001, -1.548407E+000, 1.103129E+000, 1.582147E+000
9.061600E-002, 1.684479E+000, 2.053545E+000, 5.638892E+000, 6.022376E-001, -1.570385E+000, 1.092141E+000, 1.600895E+000
9.062400E-002, 1.570453E+000, 2.114312E+000, 5.616154E+000, 6.078660E-001, -1.604548E+000, 1.073592E+000, 1.613511E+000
9.063200E-002, 1.719033E+000, 2.210823E+000, 5.512211E+000, 4.795388E-001, -1.610639E+000, 1.059888E+000, 1.639216E+000
9.064000E-002, 2.021375E+000, 2.285887E+000, 5.495970E+000, 4.176265E-001, -1.575044E+000, 1.056816E+000, 1.676241E+000
9.064800E-002, 2.021375E+000, 2.403846E+000, 5.739586E+000, 4.423914E-001, -1.554021E+000, 1.053390E+000, 1.707134E+000
9.065600E-002, 1.857246E+000, 2.425292E+000, 5.953968E+000, 5.380740E-001, -1.569191E+000, 1.052444E+000, 1.722108E+000
9.066400E-002, 1.712122E+000, 2.203674E+000, 5.845153E+000, 6.022376E-001, -1.597142E+000, 1.055516E+000, 1.731777E+000
9.067200E-002, 1.511712E+000, 2.108950E+000, 5.671374E+000, 6.168715E-001, -1.633335E+000, 1.045119E+000, 1.754181E+000
9.068000E-002, 1.408052E+000, 2.257291E+000, 5.768820E+000, 6.146201E-001, -1.654119E+000, 1.024916E+000, 1.783187E+000
9.068800E-002, 1.586002E+000, 2.348441E+000, 5.861394E+000, 5.335713E-001, -1.633693E+000, 1.012393E+000, 1.803586E+000
9.069600E-002, 1.841697E+000, 2.353803E+000, 5.695735E+000, 3.861075E-001, -1.608609E+000, 1.009085E+000, 1.822334E+000
9.070400E-002, 1.833059E+000, 2.337718E+000, 5.497594E+000, 2.318897E-001, -1.612073E+000, 1.015819E+000, 1.839667E+000
9.071200E-002, 1.611917E+000, 2.285887E+000, 5.473233E+000, 1.834855E-001, -1.621509E+000, 1.026098E+000, 1.846860E+000
9.072000E-002, 1.561814E+000, 2.214397E+000, 5.629147E+000, 3.039330E-001, -1.627004E+000, 1.018891E+000, 1.852637E+000
9.072800E-002, 1.687934E+000, 2.176865E+000, 5.747706E+000, 4.153751E-001, -1.632498E+000, 9.998694E-001, 1.863014E+000
9.073600E-002, 1.629194E+000, 2.259079E+000, 5.681118E+000, 4.626536E-001, -1.623062E+000, 9.927806E-001, 1.877871E+000
9.074400E-002, 1.508257E+000, 2.362739E+000, 5.585296E+000, 5.470794E-001, -1.612073E+000, 9.861645E-001, 1.892846E+000
9.075200E-002, 1.615372E+000, 2.432441E+000, 5.569055E+000, 5.864782E-001, -1.628796E+000, 9.664341E-001, 1.896265E+000
9.076000E-002, 1.753586E+000, 2.502144E+000, 5.643764E+000, 5.099321E-001, -1.659016E+000, 9.510751E-001, 1.897916E+000
9.076800E-002, 1.630921E+000, 2.421718E+000, 5.833784E+000, 3.894846E-001, -1.679561E+000, 9.426867E-001, 1.912655E+000
9.077600E-002, 1.399413E+000, 2.166142E+000, 6.009187E+000, 3.455831E-001, -1.696642E+000, 9.288636E-001, 1.935766E+000
9.078400E-002, 1.389047E+000, 1.965970E+000, 5.970209E+000, 4.772874E-001, -1.715037E+000, 9.135047E-001, 1.963829E+000
9.079200E-002, 1.463337E+000, 1.967758E+000, 5.835408E+000, 6.157458E-001, -1.729371E+000, 9.061796E-001, 1.985642E+000
9.080000E-002, 1.364860E+000, 2.108950E+000, 5.867890E+000, 4.885442E-001, -1.738210E+000, 9.060615E-001, 1.997669E+000
9.080800E-002, 1.214553E+000, 2.209036E+000, 5.867890E+000, 2.363923E-001, -1.741794E+000, 9.047619E-001, 2.015946E+000
9.081600E-002, 1.148901E+000, 2.175078E+000, 5.703856E+000, 2.566546E-001, -1.732835E+000, 8.975550E-001, 2.036698E+000
9.082400E-002, 1.309574E+000, 2.032098E+000, 5.762323E+000, 4.716590E-001, -1.709662E+000, 8.807783E-001, 2.046249E+000
9.083200E-002, 1.651653E+000, 1.894480E+000, 6.064407E+000, 5.009267E-001, -1.697598E+000, 8.637652E-001, 2.046131E+000
9.084000E-002, 1.782956E+000, 2.030311E+000, 6.192711E+000, 4.513968E-001, -1.701181E+000, 8.674278E-001, 2.043302E+000
9.084800E-002, 1.805416E+000, 2.328781E+000, 6.088768E+000, 5.425767E-001, -1.693775E+000, 8.767613E-001, 2.048372E+000
9.085600E-002, 1.929808E+000, 2.184014E+000, 6.010811E+000, 5.864782E-001, -1.685414E+000, 8.654193E-001, 2.054621E+000
9.086400E-002, 1.772590E+000, 1.806905E+000, 6.046542E+000, 5.099321E-001, -1.698912E+000, 8.502966E-001, 2.046014E+000
9.087200E-002, 1.432239E+000, 1.996354E+000, 6.067655E+000, 4.806645E-001, -1.721248E+000, 8.426171E-001, 2.035755E+000
9.088000E-002, 1.359677E+000, 2.298398E+000, 5.957216E+000, 4.288833E-001, -1.737852E+000, 8.232412E-001, 2.036581E+000
9.088800E-002, 1.375226E+000, 2.010651E+000, 5.859770E+000, 2.656600E-001, -1.741674E+000, 8.003208E-001, 2.037052E+000
9.089600E-002, 1.340673E+000, 1.794395E+000, 5.885756E+000, 2.048734E-001, -1.720771E+000, 7.978398E-001, 2.034930E+000
9.090400E-002, 1.451244E+000, 2.007077E+000, 5.848401E+000, 3.174412E-001, -1.690550E+000, 8.041015E-001, 2.038467E+000
9.091200E-002, 1.589457E+000, 2.108950E+000, 5.856522E+000, 4.525225E-001, -1.679083E+000, 7.998483E-001, 2.042948E+000
9.092000E-002, 1.586002E+000, 2.112525E+000, 6.103385E+000, 5.999863E-001, -1.684219E+000, 7.914599E-001, 2.039882E+000
9.092800E-002, 1.430511E+000, 2.105376E+000, 6.275540E+000, 7.260622E-001, -1.690192E+000, 7.984305E-001, 2.034812E+000
9.093600E-002, 1.205914E+000, 1.923076E+000, 6.239810E+000, 7.181825E-001, -1.688520E+000, 8.209963E-001, 2.042712E+000
9.094400E-002, 1.235285E+000, 1.928438E+000, 6.199208E+000, 6.720297E-001, -1.684458E+000, 8.319839E-001, 2.055800E+000
9.095200E-002, 1.532444E+000, 2.117886E+000, 6.166726E+000, 6.866635E-001, -1.692820E+000, 8.284396E-001, 2.052263E+000
9.096000E-002, 1.596368E+000, 1.965970E+000, 6.098513E+000, 6.720297E-001, -1.710140E+000, 8.354102E-001, 2.042594E+000
9.096800E-002, 1.349311E+000, 1.785458E+000, 5.999443E+000, 6.697783E-001, -1.708945E+000, 8.498240E-001, 2.046014E+000
9.097600E-002, 1.243923E+000, 1.982056E+000, 5.996194E+000, 7.598326E-001, -1.684458E+000, 8.511236E-001, 2.045896E+000
9.098400E-002, 1.257744E+000, 2.100014E+000, 6.210577E+000, 7.800948E-001, -1.659494E+000, 8.460433E-001, 2.030331E+000
9.099200E-002, 1.199004E+000, 1.926651E+000, 6.366490E+000, 6.709040E-001, -1.640621E+000, 8.452163E-001, 2.008989E+000
9.100000E-002, 1.321668E+000, 1.819416E+000, 6.337256E+000, 6.528932E-001, -1.634051E+000, 8.398997E-001, 1.982341E+000
9.100800E-002, 1.490980E+000, 1.885544E+000, 6.348625E+000, 7.519528E-001, -1.643129E+000, 8.326928E-001, 1.961235E+000
9.101600E-002, 1.449516E+000, 1.939162E+000, 6.286909E+000, 7.328163E-001, -1.641099E+000, 8.295029E-001, 1.959820E+000
9.102400E-002, 1.484069E+000, 1.873034E+000, 6.057910E+000, 6.157458E-001, -1.624734E+000, 8.239501E-001, 1.952627E+000
9.103200E-002, 1.570453E+000, 1.753288E+000, 6.018932E+000, 6.573959E-001, -1.619001E+000, 8.178064E-001, 1.924210E+000
9.104000E-002, 1.459882E+000, 1.826565E+000, 6.269044E+000, 8.386300E-001, -1.620793E+000, 8.098906E-001, 1.904519E+000
9.104800E-002, 1.335490E+000, 2.048184E+000, 6.470433E+000, 8.510125E-001, -1.617926E+000, 7.940591E-001, 1.906170E+000
9.105600E-002, 1.340673E+000, 2.019588E+000, 6.475306E+000, 7.305650E-001, -1.610520E+000, 7.830715E-001, 1.905698E+000
9.106400E-002, 1.449516E+000, 1.810480E+000, 6.408717E+000, 8.071110E-001, -1.594394E+000, 7.873248E-001, 1.891784E+000
9.107200E-002, 1.629194E+000, 1.860523E+000, 6.308022E+000, 9.027936E-001, -1.581255E+000, 7.934684E-001, 1.875630E+000
9.108000E-002, 1.660292E+000, 2.125035E+000, 6.308022E+000, 7.812204E-001, -1.582689E+000, 7.950042E-001, 1.865254E+000
9.108800E-002, 1.385592E+000, 2.219759E+000, 6.514284E+000, 7.159311E-001, -1.579583E+000, 8.007934E-001, 1.852991E+000
9.109600E-002, 1.043513E+000, 2.064269E+000, 6.639340E+000, 7.845975E-001, -1.561427E+000, 8.081185E-001, 1.838724E+000
9.110400E-002, 1.031420E+000, 1.828352E+000, 6.551639E+000, 8.003570E-001, -1.546018E+000, 8.169794E-001, 1.829998E+000
9.111200E-002, 1.261200E+000, 1.665713E+000, 6.499667E+000, 7.800948E-001, -1.544823E+000, 8.328110E-001, 1.824221E+000
9.112000E-002, 1.288842E+000, 1.644266E+000, 6.502915E+000, 7.373190E-001, -1.555454E+000, 8.370642E-001, 1.817028E+000
9.112800E-002, 1.218008E+000, 1.733628E+000, 6.415214E+000, 7.249365E-001, -1.566085E+000, 8.211145E-001, 1.806298E+000
9.113600E-002, 1.406324E+000, 1.835501E+000, 6.369739E+000, 8.138651E-001, -1.558799E+000, 8.056374E-001, 1.792738E+000
9.114400E-002, 1.560087E+000, 1.746139E+000, 6.463937E+000, 8.566409E-001, -1.536462E+000, 7.980760E-001, 1.777056E+000
9.115200E-002, 1.395958E+000, 1.574564E+000, 6.538646E+000, 8.802801E-001, -1.512453E+000, 8.022112E-001, 1.757718E+000
9.116000E-002, 1.349311E+000, 1.715756E+000, 6.485050E+000, 1.005230E+000, -1.492266E+000, 8.189879E-001, 1.737319E+000
9.116800E-002, 1.532444E+000, 2.033886E+000, 6.298278E+000, 1.152694E+000, -1.486891E+000, 8.247771E-001, 1.713973E+000
9.117600E-002, 1.577363E+000, 2.132184E+000, 6.220321E+000, 1.242748E+000, -1.488444E+000, 8.094181E-001, 1.692748E+000
9.118400E-002, 1.492708E+000, 2.048184E+000, 6.446072E+000, 1.190967E+000, -1.471124E+000, 7.939410E-001, 1.686853E+000
9.119200E-002, 1.421873E+000, 1.933800E+000, 6.563007E+000, 9.973506E-001, -1.450937E+000, 7.933502E-001, 1.686027E+000
9.120000E-002, 1.364860E+000, 1.865885E+000, 6.387604E+000, 8.284989E-001, -1.447832E+000, 7.915781E-001, 1.670109E+000
9.120800E-002, 1.288842E+000, 1.914140E+000, 6.390852E+000, 8.116137E-001, -1.441142E+000, 7.729110E-001, 1.643107E+000
9.121600E-002, 1.262927E+000, 1.964183E+000, 6.619851E+000, 9.163018E-001, -1.429198E+000, 7.582608E-001, 1.626953E+000
9.122400E-002, 1.375226E+000, 1.878395E+000, 6.668574E+000, 1.034498E+000, -1.425853E+000, 7.580246E-001, 1.621529E+000
9.123200E-002, 1.485797E+000, 1.819416E+000, 6.494795E+000, 1.118924E+000, -1.420000E+000, 7.488092E-001, 1.612686E+000
9.124000E-002, 1.490980E+000, 1.980268E+000, 6.392476E+000, 1.145940E+000, -1.411280E+000, 7.280155E-001, 1.610681E+000
9.124800E-002, 1.509984E+000, 2.094652E+000, 6.473681E+000, 1.138060E+000, -1.418447E+000, 7.158465E-001, 1.623416E+000
9.125600E-002, 1.518623E+000, 2.003502E+000, 6.679943E+000, 1.241623E+000, -1.446398E+000, 7.113569E-001, 1.631198E+000
9.126400E-002, 1.432239E+000, 1.989205E+000, 6.853722E+000, 1.350814E+000, -1.474588E+000, 6.919810E-001, 1.622591E+000
9.127200E-002, 1.492708E+000, 2.053545E+000, 6.736786E+000, 1.196596E+000, -1.474707E+000, 6.635078E-001, 1.603017E+000
9.128000E-002, 1.791595E+000, 2.023162E+000, 6.478554E+000, 1.022115E+000, -1.450459E+000, 6.622082E-001, 1.587335E+000
9.128800E-002, 1.962634E+000, 1.996354E+000, 6.541894E+000, 1.156071E+000, -1.431706E+000, 6.897362E-001, 1.587924E+000
9.129600E-002, 1.725943E+000, 1.965970E+000, 6.787134E+000, 1.310289E+000, -1.421195E+000, 7.184457E-001, 1.592051E+000
9.130400E-002, 1.319941E+000, 1.901629E+000, 6.744907E+000, 1.206727E+000, -1.395991E+000, 7.471551E-001, 1.585330E+000
9.131200E-002, 1.276749E+000, 1.953460E+000, 6.540270E+000, 1.064891E+000, -1.356573E+000, 7.866159E-001, 1.580732E+000
9.132000E-002, 1.603279E+000, 2.083929E+000, 6.517532E+000, 1.007482E+000, -1.327308E+000, 8.251315E-001, 1.584151E+000
9.132800E-002, 1.734582E+000, 2.080354E+000, 6.636092E+000, 8.487611E-001, -1.314886E+000, 8.468704E-001, 1.578256E+000
9.133600E-002, 1.525533E+000, 1.998141E+000, 6.743283E+000, 6.742811E-001, -1.300432E+000, 8.616386E-001, 1.559743E+000
9.134400E-002, 1.319941E+000, 2.039247E+000, 6.819616E+000, 6.956689E-001, -1.271407E+000, 8.768794E-001, 1.547480E+000
9.135200E-002, 1.371771E+000, 2.212610E+000, 6.777389E+000, 7.722150E-001, -1.241186E+000, 8.850315E-001, 1.550664E+000
9.136000E-002, 1.542810E+000, 2.362739E+000, 6.567879E+000, 7.913516E-001, -1.221716E+000, 8.908206E-001, 1.554909E+000
9.136800E-002, 1.490980E+000, 2.251930E+000, 6.395724E+000, 7.857231E-001, -1.203799E+000, 8.944831E-001, 1.552433E+000
9.137600E-002, 1.496163E+000, 1.965970E+000, 6.340505E+000, 7.463244E-001, -1.181581E+000, 8.898755E-001, 1.552197E+000
9.138400E-002, 1.826148E+000, 1.982056E+000, 6.319391E+000, 7.992313E-001, -1.166053E+000, 8.914114E-001, 1.552787E+000
9.139200E-002, 1.919442E+000, 2.253717E+000, 6.452568E+000, 1.000728E+000, -1.166531E+000, 9.007449E-001, 1.549839E+000
9.140000E-002, 1.791595E+000, 2.237632E+000, 6.663702E+000, 1.080651E+000, -1.169278E+000, 8.999179E-001, 1.557503E+000
9.140800E-002, 1.896983E+000, 2.037460E+000, 6.725418E+000, 9.039193E-001, -1.160320E+000, 8.972005E-001, 1.579199E+000
9.141600E-002, 1.884889E+000, 2.119673E+000, 6.748155E+000, 7.193081E-001, -1.159603E+000, 9.055889E-001, 1.592051E+000
9.142400E-002, 1.599823E+000, 2.366313E+000, 6.657205E+000, 7.497015E-001, -1.180506E+000, 9.133865E-001, 1.590047E+000
9.143200E-002, 1.541082E+000, 2.450314E+000, 6.314519E+000, 8.690233E-001, -1.197946E+000, 9.224837E-001, 1.582500E+000
9.144000E-002, 1.762224E+000, 2.275164E+000, 6.166726E+000, 8.003570E-001, -1.189584E+000, 9.396150E-001, 1.575544E+000
9.144800E-002, 1.831331E+000, 1.982056E+000, 6.421710E+000, 5.493308E-001, -1.160081E+000, 9.543832E-001, 1.583326E+000
9.145600E-002, 1.713850E+000, 1.921289E+000, 6.606858E+000, 4.311346E-001, -1.124844E+000, 9.711599E-001, 1.597475E+000
9.146400E-002, 1.741492E+000, 2.092865E+000, 6.577624E+000, 5.819755E-001, -1.088292E+000, 1.004241E+000, 1.592995E+000
9.147200E-002, 1.884889E+000, 2.182227E+000, 6.517532E+000, 8.746517E-001, -1.048755E+000, 1.042166E+000, 1.577902E+000
9.148000E-002, 1.915987E+000, 2.226908E+000, 6.405469E+000, 1.066017E+000, -1.018774E+000, 1.065795E+000, 1.570709E+000
9.148800E-002, 1.893527E+000, 2.305547E+000, 6.356746E+000, 9.872195E-001, -1.002887E+000, 1.080091E+000, 1.569058E+000
9.149600E-002, 1.884889E+000, 2.326994E+000, 6.429831E+000, 8.318760E-001, -9.858059E-001, 1.095922E+000, 1.565875E+000
9.150400E-002, 1.789867E+000, 2.332356E+000, 6.384356E+000, 7.654610E-001, -9.672915E-001, 1.110927E+000, 1.553494E+000
9.151200E-002, 1.708666E+000, 2.427080E+000, 6.256052E+000, 6.033633E-001, -9.588106E-001, 1.122387E+000, 1.533921E+000
9.152000E-002, 1.757041E+000, 2.520016E+000, 6.389228E+000, 3.759764E-001, -9.553466E-001, 1.129948E+000, 1.524488E+000
9.152800E-002, 1.744948E+000, 2.362739E+000, 6.627971E+000, 3.590913E-001, -9.515243E-001, 1.129712E+000, 1.526374E+000
9.153600E-002, 1.679296E+000, 2.160780E+000, 6.511036E+000, 5.234402E-001, -9.453130E-001, 1.128058E+000, 1.532388E+000
9.154400E-002, 1.729398E+000, 2.276951E+000, 6.267420E+000, 6.765324E-001, -9.305014E-001, 1.130066E+000, 1.540642E+000
9.155200E-002, 1.815782E+000, 2.362739E+000, 6.256052E+000, 7.710894E-001, -9.179593E-001, 1.124395E+000, 1.537930E+000
9.156000E-002, 1.877978E+000, 2.234057E+000, 6.327512E+000, 8.161165E-001, -9.177204E-001, 1.113171E+000, 1.524606E+000
9.156800E-002, 2.016192E+000, 2.332356E+000, 6.347001E+000, 8.352530E-001, -9.222595E-001, 1.109036E+000, 1.521068E+000
9.157600E-002, 2.195870E+000, 2.634400E+000, 6.337256E+000, 8.678976E-001, -9.299042E-001, 1.105019E+000, 1.526492E+000
9.158400E-002, 2.240789E+000, 2.721975E+000, 6.330760E+000, 9.061707E-001, -9.262013E-001, 1.097103E+000, 1.525077E+000
9.159200E-002, 2.161316E+000, 2.600443E+000, 6.337256E+000, 8.127394E-001, -9.047006E-001, 1.090960E+000, 1.518828E+000
9.160000E-002, 2.135401E+000, 2.486059E+000, 6.369739E+000, 5.133091E-001, -8.955031E-001, 1.093914E+000, 1.519064E+000
9.160800E-002, 2.176865E+000, 2.441378E+000, 6.288533E+000, 3.039330E-001, -9.015949E-001, 1.106910E+000, 1.526846E+000
9.161600E-002, 2.207963E+000, 2.480697E+000, 6.033549E+000, 3.883589E-001, -8.957420E-001, 1.118606E+000, 1.532270E+000
9.162400E-002, 2.289164E+000, 2.555761E+000, 5.926358E+000, 5.110577E-001, -8.741218E-001, 1.122623E+000, 1.531680E+000
9.163200E-002, 2.349632E+000, 2.639762E+000, 6.004315E+000, 5.662160E-001, -8.437820E-001, 1.121087E+000, 1.533803E+000
9.164000E-002, 2.221785E+000, 2.721975E+000, 6.022180E+000, 7.103028E-001, -8.149950E-001, 1.117188E+000, 1.540052E+000
9.164800E-002, 2.194142E+000, 2.623677E+000, 6.067655E+000, 8.645206E-001, -7.988695E-001, 1.113762E+000, 1.538755E+000
9.165600E-002, 2.408373E+000, 2.344867E+000, 6.158605E+000, 8.712747E-001, -7.921804E-001, 1.111399E+000, 1.526138E+000
9.166400E-002, 2.408373E+000, 2.230483E+000, 6.025428E+000, 8.194935E-001, -7.988695E-001, 1.109036E+000, 1.516823E+000
9.167200E-002, 2.183776E+000, 2.344867E+000, 5.820791E+000, 8.566409E-001, -8.141589E-001, 1.101948E+000, 1.518710E+000
9.168000E-002, 2.123307E+000, 2.453888E+000, 5.934479E+000, 9.500721E-001, -8.118894E-001, 1.097103E+000, 1.521894E+000
9.168800E-002, 2.109486E+000, 2.509293E+000, 6.064407E+000, 9.511978E-001, -8.057975E-001, 1.103247E+000, 1.517649E+000
9.169600E-002, 2.002371E+000, 2.564698E+000, 5.801302E+000, 8.442584E-001, -8.176228E-001, 1.106201E+000, 1.505386E+000
9.170400E-002, 2.016192E+000, 2.598655E+000, 5.552814E+000, 7.778434E-001, -8.135616E-001, 1.106910E+000, 1.493123E+000
9.171200E-002, 2.237334E+000, 2.566485E+000, 5.666502E+000, 7.868488E-001, -7.872830E-001, 1.123923E+000, 1.492062E+000
9.172000E-002, 2.510306E+000, 2.546825E+000, 5.864642E+000, 7.148055E-001, -7.743827E-001, 1.148143E+000, 1.503263E+000
9.172800E-002, 2.505123E+000, 2.602230E+000, 5.979953E+000, 5.313200E-001, -7.601683E-001, 1.164683E+000, 1.514347E+000
9.173600E-002, 2.188959E+000, 2.550400E+000, 5.963713E+000, 4.221292E-001, -7.233782E-001, 1.178742E+000, 1.511517E+000
9.174400E-002, 2.061111E+000, 2.414569E+000, 5.802926E+000, 5.256916E-001, -6.948301E-001, 1.192920E+000, 1.504796E+000
9.175200E-002, 2.180321E+000, 2.487846E+000, 5.781813E+000, 7.181825E-001, -6.861104E-001, 1.197291E+000, 1.513050E+000
9.176000E-002, 2.220057E+000, 2.772018E+000, 5.906869E+000, 7.542042E-001, -6.795408E-001, 1.191738E+000, 1.521422E+000
9.176800E-002, 2.251155E+000, 2.982913E+000, 5.793181E+000, 6.224999E-001, -6.770324E-001, 1.187721E+000, 1.511281E+000
9.177600E-002, 2.375547E+000, 2.889976E+000, 5.499218E+000, 4.907956E-001, -6.767935E-001, 1.190084E+000, 1.500316E+000
9.178400E-002, 2.449837E+000, 2.602230E+000, 5.388779E+000, 4.435171E-001, -6.671181E-001, 1.193629E+000, 1.502792E+000
9.179200E-002, 2.337539E+000, 2.516442E+000, 5.455368E+000, 4.930469E-001, -6.548150E-001, 1.191148E+000, 1.498547E+000
9.180000E-002, 2.114669E+000, 2.746997E+000, 5.531701E+000, 5.932323E-001, -6.538594E-001, 1.180633E+000, 1.484633E+000
9.180800E-002, 2.055928E+000, 2.913211E+000, 5.482977E+000, 5.921066E-001, -6.630569E-001, 1.168700E+000, 1.484044E+000
9.181600E-002, 2.188959E+000, 2.798827E+000, 5.276716E+000, 4.435171E-001, -6.752406E-001, 1.163383E+000, 1.488289E+000
9.182400E-002, 2.292619E+000, 2.605804E+000, 5.174397E+000, 3.928616E-001, -6.929190E-001, 1.165156E+000, 1.480978E+000
9.183200E-002, 2.358271E+000, 2.475335E+000, 5.343305E+000, 5.020523E-001, -7.117918E-001, 1.171890E+000, 1.475200E+000
9.184000E-002, 2.458476E+000, 2.462825E+000, 5.502467E+000, 5.358227E-001, -7.231393E-001, 1.175907E+000, 1.478974E+000
9.184800E-002, 2.461931E+000, 2.734486E+000, 5.383907E+000, 5.020523E-001, -7.299479E-001, 1.169527E+000, 1.483100E+000
9.185600E-002, 2.366909E+000, 3.090148E+000, 5.215000E+000, 5.189375E-001, -7.313813E-001, 1.163265E+000, 1.478738E+000
9.186400E-002, 2.366909E+000, 3.032956E+000, 5.281589E+000, 5.324456E-001, -7.199143E-001, 1.167282E+000, 1.466828E+000
9.187200E-002, 2.458476E+000, 2.777380E+000, 5.382283E+000, 5.256916E-001, -6.902911E-001, 1.183941E+000, 1.456806E+000
9.188000E-002, 2.413556E+000, 2.823848E+000, 5.203631E+000, 4.862928E-001, -6.394061E-001, 1.212059E+000, 1.457278E+000
9.188800E-002, 2.130218E+000, 2.922147E+000, 4.929158E+000, 3.478345E-001, -5.844600E-001, 1.232499E+000, 1.466593E+000
9.189600E-002, 1.890072E+000, 2.845295E+000, 4.882059E+000, 2.420207E-001, -5.567480E-001, 1.236043E+000, 1.466239E+000
9.190400E-002, 2.024830E+000, 2.841721E+000, 4.961640E+000, 2.859222E-001, -5.554341E-001, 1.244431E+000, 1.449613E+000
9.191200E-002, 2.311624E+000, 2.854231E+000, 4.934030E+000, 2.735397E-001, -5.630788E-001, 1.259909E+000, 1.433341E+000
9.192000E-002, 2.342722E+000, 2.850657E+000, 4.890179E+000, 1.789828E-001, -5.749041E-001, 1.262390E+000, 1.424616E+000
9.192800E-002, 2.232151E+000, 3.065126E+000, 4.878810E+000, 2.318897E-001, -5.677373E-001, 1.258491E+000, 1.417659E+000
9.193600E-002, 2.266704E+000, 3.258149E+000, 4.779740E+000, 3.669710E-001, -5.347695E-001, 1.262035E+000, 1.407519E+000
9.194400E-002, 2.353088E+000, 3.124105E+000, 4.732641E+000, 4.727847E-001, -5.112383E-001, 1.261445E+000, 1.391011E+000
9.195200E-002, 2.242517E+000, 2.932870E+000, 4.810598E+000, 6.101174E-001, -5.069381E-001, 1.251048E+000, 1.378394E+000
9.196000E-002, 2.055928E+000, 2.929296E+000, 4.869066E+000, 7.271879E-001, -5.050269E-001, 1.243841E+000, 1.380399E+000
9.196800E-002, 2.202780E+000, 2.954317E+000, 4.860945E+000, 7.384447E-001, -5.041908E-001, 1.249630E+000, 1.383347E+000
9.197600E-002, 2.437744E+000, 2.902487E+000, 4.784613E+000, 7.294393E-001, -5.101632E-001, 1.262626E+000, 1.373914E+000
9.198400E-002, 2.235606E+000, 2.893551E+000, 4.779740E+000, 7.012973E-001, -5.233026E-001, 1.270424E+000, 1.364952E+000
9.199200E-002, 2.011009E+000, 3.000786E+000, 4.869066E+000, 4.739104E-001, -5.393086E-001, 1.275031E+000, 1.365306E+000
9.200000E-002, 2.207963E+000, 3.136616E+000, 4.787861E+000, 2.127531E-001, -5.561508E-001, 1.288973E+000, 1.364009E+000
9.200800E-002, 2.328900E+000, 3.254575E+000, 4.640067E+000, 2.566546E-001, -5.691707E-001, 1.309412E+000, 1.362005E+000
9.201600E-002, 2.128490E+000, 3.361809E+000, 4.692039E+000, 4.570252E-001, -5.617648E-001, 1.321935E+000, 1.364245E+000
9.202400E-002, 2.123307E+000, 3.311766E+000, 4.800854E+000, 5.234402E-001, -5.315444E-001, 1.326779E+000, 1.359528E+000
9.203200E-002, 2.384186E+000, 3.093722E+000, 4.847952E+000, 4.761617E-001, -4.977406E-001, 1.337531E+000, 1.351039E+000
9.204000E-002, 2.456748E+000, 2.932870E+000, 4.873938E+000, 4.851672E-001, -4.683564E-001, 1.348754E+000, 1.341724E+000
9.204800E-002, 2.313351E+000, 2.970402E+000, 4.805726E+000, 6.799095E-001, -4.462585E-001, 1.346155E+000, 1.317552E+000
9.205600E-002, 2.258066E+000, 3.234915E+000, 4.695287E+000, 9.072964E-001, -4.365831E-001, 1.340721E+000, 1.290078E+000
9.206400E-002, 2.302985E+000, 3.413639E+000, 4.682294E+000, 9.590775E-001, -4.261912E-001, 1.339539E+000, 1.284772E+000
9.207200E-002, 2.256338E+000, 3.186659E+000, 4.698535E+000, 9.635803E-001, -4.125741E-001, 1.335404E+000, 1.289371E+000
9.208000E-002, 2.166499E+000, 2.977551E+000, 4.633571E+000, 9.950992E-001, -4.069600E-001, 1.331387E+000, 1.279938E+000
9.208800E-002, 2.183776E+000, 3.133042E+000, 4.497146E+000, 9.568262E-001, -4.116185E-001, 1.319336E+000, 1.265316E+000
9.209600E-002, 2.237334E+000, 3.308192E+000, 4.453295E+000, 8.982909E-001, -4.195020E-001, 1.294644E+000, 1.260482E+000
9.210400E-002, 2.287436E+000, 3.308192E+000, 4.584847E+000, 8.712747E-001, -4.204576E-001, 1.277985E+000, 1.257180E+000
9.211200E-002, 2.444654E+000, 3.252787E+000, 4.659556E+000, 8.431327E-001, -4.272662E-001, 1.273732E+000, 1.249398E+000
9.212000E-002, 2.563864E+000, 3.177723E+000, 4.588096E+000, 8.881599E-001, -4.383749E-001, 1.275977E+000, 1.239730E+000
9.212800E-002, 2.448110E+000, 3.127680E+000, 4.476033E+000, 1.018739E+000, -4.222493E-001, 1.285664E+000, 1.223104E+000
9.213600E-002, 2.266704E+000, 3.140191E+000, 4.389955E+000, 1.082902E+000, -3.964486E-001, 1.292281E+000, 1.207775E+000
9.214400E-002, 2.261521E+000, 3.200957E+000, 4.415941E+000, 1.115547E+000, -3.932234E-001, 1.292871E+000, 1.209072E+000
9.215200E-002, 2.448110E+000, 3.200957E+000, 4.453295E+000, 1.202224E+000, -3.970458E-001, 1.295234E+000, 1.212728E+000
9.216000E-002, 2.693439E+000, 3.054403E+000, 4.303877E+000, 1.187590E+000, -3.958513E-001, 1.301496E+000, 1.200818E+000
9.216800E-002, 2.672707E+000, 2.897125E+000, 4.156084E+000, 1.036749E+000, -3.926262E-001, 1.315555E+000, 1.184193E+000
9.217600E-002, 2.320262E+000, 2.822061E+000, 4.248658E+000, 9.433181E-001, -3.913123E-001, 1.336349E+000, 1.177118E+000
9.218400E-002, 2.126763E+000, 2.848870E+000, 4.448423E+000, 9.399410E-001, -3.996736E-001, 1.352890E+000, 1.178179E+000
9.219200E-002, 2.226968E+000, 3.115169E+000, 4.578351E+000, 8.859085E-001, -4.060044E-001, 1.353835E+000, 1.178061E+000
9.220000E-002, 2.335811E+000, 3.302830E+000, 4.609209E+000, 8.003570E-001, -3.938207E-001, 1.340602E+000, 1.169690E+000
9.220800E-002, 2.458476E+000, 3.086573E+000, 4.518259E+000, 8.521382E-001, -3.651531E-001, 1.327016E+000, 1.159195E+000
9.221600E-002, 2.563864E+000, 2.998998E+000, 4.297381E+000, 9.489465E-001, -3.276464E-001, 1.316264E+000, 1.155186E+000
9.222400E-002, 2.517216E+000, 3.270660E+000, 4.063510E+000, 9.264329E-001, -2.900202E-001, 1.301850E+000, 1.154479E+000
9.223200E-002, 2.403190E+000, 3.386831E+000, 4.019659E+000, 9.129248E-001, -2.645777E-001, 1.281766E+000, 1.150116E+000
9.224000E-002, 2.339266E+000, 3.283170E+000, 4.091120E+000, 1.017613E+000, -2.578886E-001, 1.254710E+000, 1.135967E+000
9.224800E-002, 2.365181E+000, 3.218830E+000, 4.035900E+000, 1.188716E+000, -2.631444E-001, 1.217494E+000, 1.111441E+000
9.225600E-002, 2.370364E+000, 3.179510E+000, 3.940078E+000, 1.383458E+000, -2.780754E-001, 1.179569E+000, 1.091396E+000
9.226400E-002, 2.247700E+000, 3.120531E+000, 3.980681E+000, 1.528671E+000, -3.054290E-001, 1.158894E+000, 1.083496E+000
9.227200E-002, 2.150950E+000, 3.109807E+000, 4.070006E+000, 1.481392E+000, -3.283631E-001, 1.149797E+000, 1.073237E+000
9.228000E-002, 2.135401E+000, 3.113382E+000, 4.134971E+000, 1.231492E+000, -3.344549E-001, 1.142708E+000, 1.064158E+000
9.228800E-002, 2.106031E+000, 3.059765E+000, 4.180446E+000, 1.017613E+000, -3.404273E-001, 1.140936E+000, 1.072412E+000
9.229600E-002, 2.163044E+000, 3.079424E+000, 4.170701E+000, 9.905965E-001, -3.555973E-001, 1.147434E+000, 1.089273E+000
9.230400E-002, 2.280525E+000, 3.308192E+000, 4.131722E+000, 1.037875E+000, -3.714839E-001, 1.166573E+000, 1.100593E+000
9.231200E-002, 2.370364E+000, 3.570917E+000, 4.128474E+000, 1.059263E+000, -3.800842E-001, 1.184886E+000, 1.105427E+000
9.232000E-002, 2.520672E+000, 3.592364E+000, 4.229168E+000, 1.071645E+000, -3.663476E-001, 1.184650E+000, 1.105663E+000
9.232800E-002, 2.600145E+000, 3.454746E+000, 4.331487E+000, 1.094159E+000, -3.345744E-001, 1.182641E+000, 1.100121E+000
9.233600E-002, 2.525855E+000, 3.383256E+000, 4.196687E+000, 1.113295E+000, -3.098486E-001, 1.194219E+000, 1.084911E+000
9.234400E-002, 2.515489E+000, 3.302830E+000, 3.933582E+000, 1.134683E+000, -2.902591E-001, 1.213005E+000, 1.065219E+000
9.235200E-002, 2.598417E+000, 3.220617E+000, 3.961191E+000, 1.159448E+000, -2.706696E-001, 1.232853E+000, 1.050362E+000
9.236000E-002, 2.634698E+000, 3.299256E+000, 4.191814E+000, 1.148191E+000, -2.645777E-001, 1.243605E+000, 1.039514E+000
9.236800E-002, 2.565591E+000, 3.415426E+000, 4.157708E+000, 1.075022E+000, -2.674445E-001, 1.244195E+000, 1.027959E+000
9.237600E-002, 2.455020E+000, 3.399341E+000, 3.992049E+000, 1.037875E+000, -2.615916E-001, 1.247740E+000, 1.021002E+000
9.238400E-002, 2.418739E+000, 3.317128E+000, 4.006666E+000, 1.082902E+000, -2.299378E-001, 1.255301E+000, 1.022063E+000
9.239200E-002, 2.294347E+000, 3.267085E+000, 4.074879E+000, 1.096410E+000, -1.677053E-001, 1.256601E+000, 1.022299E+000
9.240000E-002, 2.176865E+000, 3.222404E+000, 4.177197E+000, 1.052509E+000, -1.183732E-001, 1.244077E+000, 1.012984E+000
9.240800E-002, 2.493029E+000, 3.163425E+000, 4.255154E+000, 1.026618E+000, -1.165814E-001, 1.222575E+000, 9.980094E-001
9.241600E-002, 2.842019E+000, 3.156276E+000, 4.092744E+000, 1.036749E+000, -1.322291E-001, 1.209460E+000, 9.888122E-001
9.242400E-002, 2.710716E+000, 3.077637E+000, 4.016411E+000, 1.099787E+000, -1.409489E-001, 1.199536E+000, 9.906988E-001
9.243200E-002, 2.498212E+000, 2.841721E+000, 4.299005E+000, 1.233743E+000, -1.499075E-001, 1.173308E+000, 9.989526E-001
9.244000E-002, 2.458476E+000, 2.809550E+000, 4.476033E+000, 1.341808E+000, -1.632857E-001, 1.151805E+000, 1.000839E+000
9.244800E-002, 2.503395E+000, 3.195595E+000, 4.282764E+000, 1.340682E+000, -1.887281E-001, 1.151923E+000, 9.932929E-001
9.245600E-002, 2.689984E+000, 3.445810E+000, 4.057014E+000, 1.342934E+000, -2.250404E-001, 1.141290E+000, 9.865718E-001
9.246400E-002, 2.867934E+000, 3.108020E+000, 4.078127E+000, 1.483643E+000, -2.443910E-001, 1.112226E+000, 9.836240E-001
9.247200E-002, 2.869661E+000, 2.820274E+000, 4.193439E+000, 1.583829E+000, -2.400909E-001, 1.095686E+000, 9.825628E-001
9.248000E-002, 2.833380E+000, 3.068701E+000, 4.188566E+000, 1.410474E+000, -2.400909E-001, 1.090369E+000, 9.883406E-001
9.248800E-002, 2.881755E+000, 3.254575E+000, 4.089496E+000, 1.168454E+000, -2.508412E-001, 1.076310E+000, 1.000486E+000
9.249600E-002, 2.897304E+000, 3.066914E+000, 4.045645E+000, 1.060389E+000, -2.551413E-001, 1.061305E+000, 1.007324E+000
9.250400E-002, 2.774639E+000, 2.916785E+000, 4.117105E+000, 9.962249E-001, -2.502440E-001, 1.061542E+000, 1.007324E+000
9.251200E-002, 2.631243E+000, 3.024020E+000, 4.082999E+000, 1.048006E+000, -2.342379E-001, 1.067213E+000, 1.007678E+000
9.252000E-002, 2.612238E+000, 3.099084E+000, 3.992049E+000, 1.267513E+000, -2.015091E-001, 1.064850E+000, 1.005320E+000
9.252800E-002, 2.745269E+000, 2.963253E+000, 4.120354E+000, 1.427360E+000, -1.659135E-001, 1.060360E+000, 1.005320E+000
9.253600E-002, 2.809193E+000, 2.963253E+000, 4.284388E+000, 1.463381E+000, -1.419045E-001, 1.054335E+000, 1.009093E+000
9.254400E-002, 2.677890E+000, 3.165212E+000, 4.263275E+000, 1.476889E+000, -1.199260E-001, 1.047719E+000, 9.945899E-001
9.255200E-002, 2.579413E+000, 3.115169E+000, 4.112233E+000, 1.427360E+000, -9.364738E-002, 1.056461E+000, 9.687671E-001
9.256000E-002, 2.494757E+000, 2.938232E+000, 4.016411E+000, 1.296781E+000, -7.573015E-002, 1.072647E+000, 9.667626E-001
9.256800E-002, 2.413556E+000, 3.038318E+000, 4.112233E+000, 1.230366E+000, -6.712988E-002, 1.073238E+000, 9.832703E-001
9.257600E-002, 2.605328E+000, 3.097297E+000, 4.242161E+000, 1.350814E+000, -6.689098E-002, 1.067331E+000, 9.869256E-001
9.258400E-002, 2.909398E+000, 2.947168E+000, 4.346104E+000, 1.507283E+000, -8.839166E-002, 1.068158E+000, 9.805583E-001
9.259200E-002, 3.045884E+000, 2.950743E+000, 4.553989E+000, 1.470135E+000, -1.168203E-001, 1.066504E+000, 9.804404E-001
9.260000E-002, 3.023424E+000, 3.002573E+000, 4.708280E+000, 1.378955E+000, -1.245845E-001, 1.062014E+000, 9.815016E-001
9.260800E-002, 2.831653E+000, 2.839933E+000, 4.654684E+000, 1.454376E+000, -1.258984E-001, 1.059415E+000, 9.786717E-001
9.261600E-002, 2.670979E+000, 2.646911E+000, 4.515011E+000, 1.496026E+000, -1.377238E-001, 1.046064E+000, 9.780822E-001
9.262400E-002, 2.753907E+000, 2.693379E+000, 4.396451E+000, 1.368824E+000, -1.420239E-001, 1.025271E+000, 9.840957E-001
9.263200E-002, 2.805737E+000, 2.897125E+000, 4.456543E+000, 1.358693E+000, -1.294818E-001, 1.018064E+000, 9.964765E-001
9.264000E-002, 2.620877E+000, 2.850657E+000, 4.644939E+000, 1.507283E+000, -1.235094E-001, 1.019836E+000, 1.011098E+000
9.264800E-002, 2.539676E+000, 2.498569E+000, 4.649812E+000, 1.521917E+000, -1.287652E-001, 1.022317E+000, 1.024422E+000
9.265600E-002, 2.626060E+000, 2.371675E+000, 4.560486E+000, 1.391338E+000, -1.350959E-001, 1.034722E+000, 1.032558E+000
9.266400E-002, 2.518944E+000, 2.614741E+000, 4.581599E+000, 1.299032E+000, -1.502658E-001, 1.045946E+000, 1.039514E+000
9.267200E-002, 2.377275E+000, 2.768444E+000, 4.716400E+000, 1.338431E+000, -1.577911E-001, 1.042284E+000, 1.051306E+000
9.268000E-002, 2.567319E+000, 2.662996E+000, 4.849576E+000, 1.483643E+000, -1.405905E-001, 1.035313E+000, 1.057673E+000
9.268800E-002, 2.734903E+000, 2.532527E+000, 4.833335E+000, 1.571446E+000, -1.175370E-001, 1.037085E+000, 1.060031E+000
9.269600E-002, 2.575957E+000, 2.534314E+000, 4.878810E+000, 1.422857E+000, -8.827221E-002, 1.048191E+000, 1.071705E+000
9.270400E-002, 2.417011E+000, 2.625464E+000, 5.057462E+000, 1.135809E+000, -5.554341E-002, 1.062959E+000, 1.078072E+000
9.271200E-002, 2.391097E+000, 2.577208E+000, 5.080200E+000, 1.087405E+000, -4.264300E-002, 1.079263E+000, 1.064748E+000
9.272000E-002, 2.425650E+000, 2.375250E+000, 5.062335E+000, 1.318169E+000, -3.189267E-002, 1.097103E+000, 1.049419E+000
9.272800E-002, 2.446382E+000, 2.405633E+000, 5.202007E+000, 1.485895E+000, -1.481158E-002, 1.105846E+000, 1.053664E+000
9.273600E-002, 2.311624E+000, 2.607592E+000, 5.304326E+000, 1.489272E+000, -3.045929E-002, 1.103247E+000, 1.067578E+000
9.274400E-002, 2.140584E+000, 2.553974E+000, 5.302702E+000, 1.400343E+000, -6.916051E-002, 1.098403E+000, 1.065809E+000
9.275200E-002, 2.100848E+000, 2.352015E+000, 5.320567E+000, 1.259634E+000, -8.886945E-002, 1.098049E+000, 1.052131E+000
9.276000E-002, 2.209691E+000, 2.391335E+000, 5.357922E+000, 1.216858E+000, -1.039199E-001, 1.109154E+000, 1.046471E+000
9.276800E-002, 2.344449E+000, 2.512867E+000, 5.314071E+000, 1.273142E+000, -1.298402E-001, 1.123923E+000, 1.047650E+000
9.277600E-002, 2.313351E+000, 2.314483E+000, 5.158156E+000, 1.172956E+000, -1.391571E-001, 1.129239E+000, 1.053546E+000
9.278400E-002, 2.171682E+000, 2.083929E+000, 5.010363E+000, 9.376897E-001, -1.291235E-001, 1.125340E+000, 1.073120E+000
9.279200E-002, 2.161316E+000, 2.239419E+000, 5.057462E+000, 8.769031E-001, -1.232705E-001, 1.117779E+000, 1.099532E+000
9.280000E-002, 2.315079E+000, 2.410995E+000, 5.317319E+000, 1.037875E+000, -1.254206E-001, 1.115534E+000, 1.114507E+000
9.280800E-002, 2.403190E+000, 2.214397E+000, 5.559310E+000, 1.202224E+000, -1.305569E-001, 1.119433E+000, 1.112031E+000
9.281600E-002, 2.394552E+000, 2.016013E+000, 5.608034E+000, 1.199973E+000, -1.284068E-001, 1.121205E+000, 1.106371E+000
9.282400E-002, 2.448110E+000, 2.182227E+000, 5.469985E+000, 1.054760E+000, -1.186121E-001, 1.118960E+000, 1.116629E+000
9.283200E-002, 2.403190E+000, 2.353803E+000, 5.348177E+000, 1.000728E+000, -1.218372E-001, 1.115416E+000, 1.135495E+000
9.284000E-002, 2.237334E+000, 2.060694E+000, 5.541445E+000, 1.117798E+000, -1.263762E-001, 1.117188E+000, 1.144456E+000
9.284800E-002, 2.228695E+000, 1.653202E+000, 5.820791E+000, 1.175208E+000, -1.051144E-001, 1.124632E+000, 1.150470E+000
9.285600E-002, 2.308168E+000, 1.824778E+000, 5.763947E+000, 1.069394E+000, -7.023554E-002, 1.129357E+000, 1.159078E+000
9.286400E-002, 2.296075E+000, 2.217972E+000, 5.663253E+000, 8.881599E-001, -3.977625E-002, 1.130421E+000, 1.165563E+000
9.287200E-002, 2.204508E+000, 2.046396E+000, 5.825664E+000, 7.136798E-001, -2.365074E-002, 1.128767E+000, 1.176293E+000
9.288000E-002, 2.157861E+000, 1.737203E+000, 5.880883E+000, 6.697783E-001, -3.105653E-002, 1.126049E+000, 1.187376E+000
9.288800E-002, 2.275342E+000, 1.908778E+000, 5.625899E+000, 7.283136E-001, -5.387114E-002, 1.126994E+000, 1.189263E+000
9.289600E-002, 2.225240E+000, 2.123248E+000, 5.510587E+000, 7.834718E-001, -7.513291E-002, 1.120615E+000, 1.185490E+000
9.290400E-002, 1.948813E+000, 2.017800E+000, 5.772068E+000, 8.712747E-001, -8.863056E-002, 1.091669E+000, 1.184900E+000
9.291200E-002, 1.998915E+000, 1.849799E+000, 5.960464E+000, 9.151761E-001, -1.029643E-001, 1.055634E+000, 1.192447E+000
9.292000E-002, 2.249428E+000, 1.842650E+000, 5.908493E+000, 8.431327E-001, -1.238678E-001, 1.038031E+000, 1.199875E+000
9.292800E-002, 2.157861E+000, 2.007077E+000, 5.994570E+000, 7.891002E-001, -1.379627E-001, 1.036967E+000, 1.200583E+000
9.293600E-002, 1.967817E+000, 2.173291E+000, 6.199208E+000, 8.352530E-001, -1.341403E-001, 1.034132E+000, 1.202823E+000
9.294400E-002, 1.978183E+000, 2.024949E+000, 6.246307E+000, 9.568262E-001, -1.291235E-001, 1.019127E+000, 1.208129E+000
9.295200E-002, 1.879706E+000, 1.649628E+000, 6.191087E+000, 1.058137E+000, -1.423822E-001, 9.923080E-001, 1.215793E+000
9.296000E-002, 1.734582E+000, 1.653202E+000, 6.148860E+000, 1.020990E+000, -1.585077E-001, 9.702147E-001, 1.227820E+000
9.296800E-002, 1.848608E+000, 1.944523E+000, 6.103385E+000, 9.466951E-001, -1.593439E-001, 9.728140E-001, 1.238315E+000
9.297600E-002, 1.986822E+000, 1.760437E+000, 6.074152E+000, 9.883452E-001, -1.524159E-001, 9.895907E-001, 1.250813E+000
9.298400E-002, 1.907349E+000, 1.302902E+000, 6.108258E+000, 9.511978E-001, -1.282874E-001, 1.006013E+000, 1.270269E+000
9.299200E-002, 1.743220E+000, 1.379754E+000, 6.186215E+000, 7.440731E-001, -7.895526E-002, 1.030469E+000, 1.281117E+000
9.300000E-002, 1.758769E+000, 1.842650E+000, 6.215449E+000, 7.294393E-001, -4.909321E-002, 1.052562E+000, 1.277579E+000
9.300800E-002, 1.976455E+000, 2.051758E+000, 6.134243E+000, 9.354383E-001, -6.378534E-002, 1.057406E+000, 1.274867E+000
9.301600E-002, 1.995460E+000, 1.971332E+000, 6.001067E+000, 1.002979E+000, -8.385263E-002, 1.060951E+000, 1.275339E+000
9.302400E-002, 1.738037E+000, 1.890906E+000, 6.022180E+000, 9.917222E-001, -8.540545E-002, 1.069457E+000, 1.267557E+000
9.303200E-002, 1.668930E+000, 1.810480E+000, 6.246307E+000, 1.027744E+000, -8.014974E-002, 1.075010E+000, 1.254586E+000
9.304000E-002, 1.903893E+000, 1.681798E+000, 6.423334E+000, 9.759627E-001, -7.728298E-002, 1.081863E+000, 1.248455E+000
9.304800E-002, 2.100848E+000, 1.647841E+000, 6.455816E+000, 9.151761E-001, -7.692464E-002, 1.091905E+000, 1.244092E+000
9.305600E-002, 2.074933E+000, 1.705032E+000, 6.410341E+000, 9.365640E-001, -7.369953E-002, 1.094977E+000, 1.232419E+000
9.306400E-002, 2.009281E+000, 1.681798E+000, 6.340505E+000, 9.005423E-001, -6.091858E-002, 1.088361E+000, 1.222868E+000
9.307200E-002, 1.955723E+000, 1.594223E+000, 6.390852E+000, 8.037340E-001, -4.264300E-002, 1.091669E+000, 1.219449E+000
9.308000E-002, 1.727671E+000, 1.497712E+000, 6.579248E+000, 6.979203E-001, -2.878702E-002, 1.112581E+000, 1.213435E+000
9.308800E-002, 1.592913E+000, 1.519159E+000, 6.631219E+000, 5.842268E-001, -1.588661E-002, 1.130421E+000, 1.212020E+000
9.309600E-002, 1.739765E+000, 1.724692E+000, 6.454192E+000, 6.033633E-001, 3.463998E-003, 1.139990E+000, 1.218623E+000
9.310400E-002, 1.748403E+000, 1.837289E+000, 6.369739E+000, 8.341273E-001, 2.185902E-002, 1.153814E+000, 1.212845E+000
9.311200E-002, 1.568725E+000, 1.792607E+000, 6.470433E+000, 1.064891E+000, 3.189267E-002, 1.168227E+000, 1.195159E+000
9.312000E-002, 1.515167E+000, 1.774735E+000, 6.556510E+000, 1.055886E+000, 3.905956E-002, 1.177443E+000, 1.186315E+000
9.312800E-002, 1.617100E+000, 1.712181E+000, 6.574376E+000, 8.735260E-001, 4.801817E-002, 1.186067E+000, 1.179830E+000
9.313600E-002, 1.684479E+000, 1.672862E+000, 6.675070E+000, 6.799095E-001, 5.016824E-002, 1.189139E+000, 1.163912E+000
9.314400E-002, 1.444333E+000, 1.796182E+000, 6.972281E+000, 4.874185E-001, 3.834287E-002, 1.187958E+000, 1.149998E+000
9.315200E-002, 1.112620E+000, 1.790820E+000, 7.095714E+000, 3.635940E-001, 2.066454E-002, 1.189021E+000, 1.146225E+000
9.316000E-002, 1.252561E+000, 1.533457E+000, 6.753027E+000, 4.142494E-001, 6.569650E-003, 1.182169E+000, 1.151413E+000
9.316800E-002, 1.577363E+000, 1.440520E+000, 6.538646E+000, 5.189375E-001, 3.225101E-003, 1.171654E+000, 1.154833E+000
9.317600E-002, 1.492708E+000, 1.608521E+000, 6.821240E+000, 5.673416E-001, 1.779778E-002, 1.176025E+000, 1.139032E+000
9.318400E-002, 1.292298E+000, 1.690735E+000, 7.068104E+000, 6.911662E-001, 3.738729E-002, 1.184059E+000, 1.116040E+000
9.319200E-002, 1.466793E+000, 1.585287E+000, 6.882956E+000, 8.780288E-001, 4.945155E-002, 1.182996E+000, 1.105074E+000
9.320000E-002, 1.750131E+000, 1.508435E+000, 6.584120E+000, 9.275586E-001, 6.247140E-002, 1.183704E+000, 1.101300E+000
9.320800E-002, 1.684479E+000, 1.637117E+000, 6.494795E+000, 8.712747E-001, 8.026919E-002, 1.186304E+000, 1.100829E+000
9.321600E-002, 1.440878E+000, 1.778309E+000, 6.506164E+000, 8.667720E-001, 9.305014E-002, 1.183350E+000, 1.099768E+000
9.322400E-002, 1.352766E+000, 1.751501E+000, 6.619851E+000, 9.106734E-001, 9.281124E-002, 1.182878E+000, 1.089745E+000
9.323200E-002, 1.382137E+000, 1.797969E+000, 6.829360E+000, 9.151761E-001, 8.659994E-002, 1.186304E+000, 1.074770E+000
9.324000E-002, 1.485797E+000, 1.899842E+000, 6.873211E+000, 8.498868E-001, 9.018338E-002, 1.181696E+000, 1.065455E+000
9.324800E-002, 1.586002E+000, 1.819416E+000, 6.843977E+000, 7.710894E-001, 9.866421E-002, 1.166692E+000, 1.065101E+000
9.325600E-002, 1.475431E+000, 1.799756E+000, 7.045366E+000, 6.945432E-001, 9.101952E-002, 1.148024E+000, 1.070643E+000
9.326400E-002, 1.351039E+000, 1.978481E+000, 7.321464E+000, 5.572106E-001, 7.369953E-002, 1.132665E+000, 1.070172E+000
9.327200E-002, 1.432239E+000, 2.048184E+000, 7.371811E+000, 3.906102E-001, 6.127692E-002, 1.123214E+000, 1.060149E+000
9.328000E-002, 1.435694E+000, 1.906991E+000, 7.228890E+000, 3.140641E-001, 5.207941E-002, 1.110454E+000, 1.051424E+000
9.328800E-002, 1.231829E+000, 1.835501E+000, 7.095714E+000, 3.106871E-001, 4.897376E-002, 1.088833E+000, 1.039514E+000
9.329600E-002, 1.178272E+000, 1.915927E+000, 7.021005E+000, 2.487748E-001, 4.419583E-002, 1.070048E+000, 1.023360E+000
9.330400E-002, 1.359677E+000, 1.881970E+000, 6.913814E+000, 2.150045E-001, 3.081763E-002, 1.056579E+000, 1.013102E+000
9.331200E-002, 1.395958E+000, 1.835501E+000, 6.882956E+000, 3.838561E-001, 2.520357E-002, 1.034014E+000, 1.004377E+000
9.332000E-002, 1.221463E+000, 2.001715E+000, 7.064856E+000, 5.662160E-001, 3.714839E-002, 1.007549E+000, 9.944720E-001
9.332800E-002, 1.178272E+000, 2.089290E+000, 7.224018E+000, 5.515822E-001, 5.458782E-002, 9.958524E-001, 9.895197E-001
9.333600E-002, 1.335490E+000, 1.999928E+000, 7.201280E+000, 5.763471E-001, 6.629375E-002, 9.944347E-001, 9.851569E-001
9.334400E-002, 1.437422E+000, 1.971332E+000, 7.068104E+000, 7.868488E-001, 7.656629E-002, 9.833289E-001, 9.747806E-001
9.335200E-002, 1.380409E+000, 2.048184E+000, 6.926806E+000, 9.140505E-001, 9.579745E-002, 9.632441E-001, 9.640507E-001
9.336000E-002, 1.344128E+000, 2.083929E+000, 6.996643E+000, 8.284989E-001, 1.171787E-001, 9.528473E-001, 9.561505E-001
9.336800E-002, 1.316485E+000, 1.928438E+000, 7.121699E+000, 6.360080E-001, 1.147897E-001, 9.497755E-001, 9.428264E-001
9.337600E-002, 1.202459E+000, 1.744352E+000, 6.939799E+000, 4.333860E-001, 8.480822E-002, 9.371338E-001, 9.244321E-001
9.338400E-002, 1.292298E+000, 1.794395E+000, 6.741659E+000, 3.534628E-001, 5.673789E-002, 9.194120E-001, 9.106364E-001
9.339200E-002, 1.646470E+000, 1.999928E+000, 6.817992E+000, 4.885442E-001, 3.822342E-002, 9.053526E-001, 8.995526E-001
9.340000E-002, 1.833059E+000, 2.087503E+000, 6.991771E+000, 7.249365E-001, 1.755888E-002, 8.857403E-001, 8.802150E-001
9.340800E-002, 1.762224E+000, 2.071418E+000, 7.069728E+000, 8.420070E-001, 5.016824E-003, 8.615205E-001, 8.599341E-001
9.341600E-002, 1.696573E+000, 2.130397E+000, 6.988523E+000, 7.688380E-001, 1.122813E-002, 8.480518E-001, 8.568684E-001
9.342400E-002, 1.639560E+000, 2.071418E+000, 6.978778E+000, 6.911662E-001, 1.935061E-002, 8.417901E-001, 8.641790E-001
9.343200E-002, 1.459882E+000, 1.923076E+000, 7.085969E+000, 7.710894E-001, 5.375169E-003, 8.362372E-001, 8.631178E-001
9.344000E-002, 1.311302E+000, 2.049971E+000, 6.973906E+000, 8.678976E-001, -2.627860E-002, 8.351739E-001, 8.516802E-001
9.344800E-002, 1.390775E+000, 2.167929E+000, 6.819616E+000, 8.543895E-001, -3.786508E-002, 8.319839E-001, 8.408323E-001
9.345600E-002, 1.470248E+000, 2.019588E+000, 6.970657E+000, 8.498868E-001, -1.994785E-002, 8.214689E-001, 8.385920E-001
9.346400E-002, 1.382137E+000, 1.982056E+000, 7.152557E+000, 8.712747E-001, -1.254206E-002, 8.088273E-001, 8.303381E-001
9.347200E-002, 1.363132E+000, 2.101801E+000, 7.131444E+000, 7.936029E-001, -3.284825E-002, 8.015023E-001, 8.061661E-001
9.348000E-002, 1.418418E+000, 2.078567E+000, 7.110331E+000, 7.148055E-001, -5.733513E-002, 8.090636E-001, 7.890688E-001
9.348800E-002, 1.351039E+000, 1.948098E+000, 7.154181E+000, 7.249365E-001, -5.793237E-002, 8.252496E-001, 7.861210E-001
9.349600E-002, 1.245651E+000, 1.958821E+000, 7.071352E+000, 6.799095E-001, -2.771198E-002, 8.312750E-001, 7.764522E-001
9.350400E-002, 1.333762E+000, 1.994566E+000, 6.889452E+000, 6.315053E-001, -1.313930E-003, 8.293847E-001, 7.624207E-001
9.351200E-002, 1.570453E+000, 1.905204E+000, 6.855346E+000, 6.078660E-001, -8.600269E-003, 8.325747E-001, 7.513369E-001
9.352000E-002, 1.599823E+000, 1.940949E+000, 6.900821E+000, 4.311346E-001, -2.472578E-002, 8.344650E-001, 7.303485E-001
9.352800E-002, 1.345856E+000, 2.130397E+000, 6.795254E+000, 2.915506E-001, -2.257571E-002, 8.258404E-001, 7.038183E-001
9.353600E-002, 1.207642E+000, 2.185802E+000, 6.676694E+000, 4.727847E-001, -1.337820E-002, 8.168613E-001, 6.864852E-001
9.354400E-002, 1.325124E+000, 2.094652E+000, 6.631219E+000, 7.271879E-001, -1.313930E-002, 8.157979E-001, 6.774060E-001
9.355200E-002, 1.399413E+000, 2.125035E+000, 6.577624E+000, 7.767177E-001, -1.493102E-002, 8.165068E-001, 6.698595E-001
9.356000E-002, 1.357949E+000, 2.239419E+000, 6.613354E+000, 8.847828E-001, -7.286340E-003, 8.204057E-001, 6.519369E-001
9.356800E-002, 1.389047E+000, 2.200099E+000, 6.717297E+000, 1.175208E+000, -5.255721E-003, 8.306844E-001, 6.281186E-001
9.357600E-002, 1.380409E+000, 2.217972E+000, 6.725418E+000, 1.241623E+000, -2.066454E-002, 8.328110E-001, 6.173886E-001
9.358400E-002, 1.337217E+000, 2.421718E+000, 6.627971E+000, 9.793398E-001, -3.798452E-002, 8.253677E-001, 6.182140E-001
9.359200E-002, 1.591185E+000, 2.471761E+000, 6.437951E+000, 7.643353E-001, -5.207941E-002, 8.195786E-001, 6.204543E-001
9.360000E-002, 1.864157E+000, 2.378824E+000, 6.244683E+000, 7.812204E-001, -6.426313E-002, 8.103632E-001, 6.150303E-001
9.360800E-002, 1.679296E+000, 2.348441E+000, 6.259300E+000, 8.239962E-001, -6.701043E-002, 8.007934E-001, 5.968719E-001
9.361600E-002, 1.380409E+000, 2.307334E+000, 6.473681E+000, 7.463244E-001, -6.641319E-002, 7.963039E-001, 5.820149E-001
9.362400E-002, 1.392503E+000, 2.316270E+000, 6.640964E+000, 7.035487E-001, -7.095223E-002, 7.768098E-001, 5.761193E-001
9.363200E-002, 1.523806E+000, 2.439590E+000, 6.592241E+000, 6.664013E-001, -8.564436E-002, 7.476277E-001, 5.685729E-001
9.364000E-002, 1.513440E+000, 2.562910E+000, 6.410341E+000, 5.133091E-001, -1.125202E-001, 7.400664E-001, 5.639743E-001
9.364800E-002, 1.433967E+000, 2.654060E+000, 6.257676E+000, 3.984900E-001, -1.253012E-001, 7.452648E-001, 5.600832E-001
9.365600E-002, 1.395958E+000, 2.686230E+000, 6.205704E+000, 3.703480E-001, -1.168203E-001, 7.390031E-001, 5.499428E-001
9.366400E-002, 1.408052E+000, 2.612953E+000, 6.306398E+000, 3.602169E-001, -1.370071E-001, 7.242348E-001, 5.349679E-001
9.367200E-002, 1.435694E+000, 2.611166E+000, 6.462313E+000, 3.635940E-001, -1.979257E-001, 7.141924E-001, 5.145691E-001
9.368000E-002, 1.302664E+000, 2.779167E+000, 6.511036E+000, 3.309493E-001, -2.292211E-001, 7.190364E-001, 4.948778E-001
9.368800E-002, 1.145446E+000, 2.868529E+000, 6.457440E+000, 3.151898E-001, -2.034203E-001, 7.380579E-001, 4.777805E-001
9.369600E-002, 1.335490E+000, 2.780954E+000, 6.293406E+000, 4.862928E-001, -1.783361E-001, 7.583790E-001, 4.633952E-001
9.370400E-002, 1.587730E+000, 2.705890E+000, 6.169974E+000, 7.193081E-001, -1.704526E-001, 7.729110E-001, 4.618623E-001
9.371200E-002, 1.478886E+000, 2.714826E+000, 6.247931E+000, 7.012973E-001, -1.559993E-001, 7.903966E-001, 4.691729E-001
9.372000E-002, 1.287115E+000, 2.814912E+000, 6.165102E+000, 4.829158E-001, -1.404711E-001, 8.185153E-001, 4.699983E-001
9.372800E-002, 1.344128E+000, 2.886402E+000, 5.890628E+000, 3.512115E-001, -1.236289E-001, 8.505329E-001, 4.562025E-001
9.373600E-002, 1.394230E+000, 2.795252E+000, 5.932855E+000, 3.782278E-001, -1.084590E-001, 8.746346E-001, 4.293185E-001
9.374400E-002, 1.307847E+000, 2.720188E+000, 6.238186E+000, 5.043037E-001, -1.008143E-001, 8.916476E-001, 4.031420E-001
9.375200E-002, 1.387320E+000, 2.668358E+000, 6.325888E+000, 6.078660E-001, -8.110532E-002, 9.150406E-001, 3.902896E-001
9.376000E-002, 1.516895E+000, 2.636188E+000, 6.075776E+000, 4.851672E-001, -6.306864E-002, 9.443408E-001, 3.911150E-001
9.376800E-002, 1.316485E+000, 2.791678E+000, 5.814295E+000, 2.701627E-001, -7.071333E-002, 9.654889E-001, 3.901717E-001
9.377600E-002, 1.110892E+000, 2.884615E+000, 5.843529E+000, 2.960533E-001, -6.963830E-002, 9.827382E-001, 3.668250E-001
9.378400E-002, 1.328579E+000, 2.847082E+000, 6.095265E+000, 3.939873E-001, -3.774563E-002, 1.006249E+000, 3.318051E-001
9.379200E-002, 1.679296E+000, 3.011509E+000, 6.236562E+000, 3.557142E-001, 1.194482E-003, 1.024680E+000, 3.181273E-001
9.380000E-002, 1.758769E+000, 3.113382E+000, 6.106634E+000, 3.039330E-001, 3.260935E-002, 1.034486E+000, 3.231975E-001
9.380800E-002, 1.586002E+000, 2.947168E+000, 5.966961E+000, 2.859222E-001, 4.371804E-002, 1.053390E+000, 3.134108E-001
9.381600E-002, 1.394230E+000, 2.982913E+000, 5.921486E+000, 3.241952E-001, 2.699529E-002, 1.074183E+000, 2.842865E-001
9.382400E-002, 1.394230E+000, 3.206319E+000, 5.789933E+000, 3.951129E-001, -8.361373E-004, 1.077373E+000, 2.645951E-001
9.383200E-002, 1.594640E+000, 3.161638E+000, 5.672998E+000, 3.939873E-001, -2.257571E-002, 1.066976E+000, 2.655384E-001
9.384000E-002, 1.643015E+000, 3.043679E+000, 5.681118E+000, 3.917359E-001, -2.448688E-002, 1.051854E+000, 2.696653E-001
9.384800E-002, 1.345856E+000, 3.215255E+000, 5.630771E+000, 4.119981E-001, -9.316958E-003, 1.041457E+000, 2.649488E-001
9.385600E-002, 1.069428E+000, 3.411852E+000, 5.580424E+000, 3.748507E-001, -2.388964E-004, 1.037676E+000, 2.644772E-001
9.386400E-002, 1.121258E+000, 3.379682E+000, 5.697359E+000, 3.804791E-001, -4.419583E-003, 1.028106E+000, 2.742639E-001
9.387200E-002, 1.349311E+000, 3.368958E+000, 5.729841E+000, 4.998010E-001, -1.696164E-002, 1.012511E+000, 2.796879E-001
9.388000E-002, 1.442605E+000, 3.531598E+000, 5.500843E+000, 5.391997E-001, -2.818977E-002, 9.918355E-001, 2.811028E-001
9.388800E-002, 1.269838E+000, 3.610236E+000, 5.263723E+000, 4.570252E-001, -3.081763E-002, 9.618264E-001, 2.920687E-001
9.389600E-002, 1.072884E+000, 3.572704E+000, 5.260475E+000, 4.772874E-001, -3.882066E-002, 9.358343E-001, 3.084585E-001
9.390400E-002, 1.145446E+000, 3.619173E+000, 5.419637E+000, 5.369483E-001, -5.422948E-002, 9.155132E-001, 3.142362E-001
9.391200E-002, 1.316485E+000, 3.572704E+000, 5.476481E+000, 4.941726E-001, -6.772713E-002, 8.844408E-001, 3.097555E-001
9.392000E-002, 1.342400E+000, 3.281383E+000, 5.327064E+000, 5.673416E-001, -9.066118E-002, 8.493514E-001, 3.075152E-001
9.392800E-002, 1.373498E+000, 3.141978E+000, 5.119178E+000, 7.632096E-001, -1.125202E-001, 8.240682E-001, 3.150616E-001
9.393600E-002, 1.518623E+000, 3.542321E+000, 5.125674E+000, 8.172421E-001, -1.024866E-001, 7.996119E-001, 3.287394E-001
9.394400E-002, 1.575636E+000, 3.912281E+000, 5.348177E+000, 7.114284E-001, -7.035498E-002, 7.701936E-001, 3.305081E-001
9.395200E-002, 1.427056E+000, 3.574492E+000, 5.343305E+000, 5.346970E-001, -4.992934E-002, 7.524717E-001, 3.158869E-001
9.396000E-002, 1.235285E+000, 3.197383E+000, 5.008739E+000, 3.928616E-001, -5.124328E-002, 7.496362E-001, 3.104630E-001
9.396800E-002, 1.278476E+000, 3.440448E+000, 4.782989E+000, 3.320750E-001, -6.593540E-002, 7.408934E-001, 3.289752E-001
9.397600E-002, 1.646470E+000, 3.828280E+000, 4.851201E+000, 3.253209E-001, -7.644685E-002, 7.235259E-001, 3.500815E-001
9.398400E-002, 1.914259E+000, 3.915855E+000, 5.033101E+000, 3.861075E-001, -6.880216E-002, 7.183275E-001, 3.531472E-001
9.399200E-002, 1.610189E+000, 3.858664E+000, 5.176022E+000, 3.523372E-001, -5.148217E-002, 7.295514E-001, 3.448934E-001
9.400000E-002, 1.223191E+000, 3.853302E+000, 5.193887E+000, 1.609719E-001, -3.260935E-002, 7.341591E-001, 3.379365E-001
9.400800E-002, 1.432239E+000, 3.842578E+000, 5.037973E+000, 3.039330E-002, -1.230316E-002, 7.230533E-001, 3.410023E-001
9.401600E-002, 1.795050E+000, 3.755003E+000, 4.904796E+000, 5.065551E-002, 1.672275E-003, 7.113569E-001, 3.519681E-001
9.402400E-002, 1.637832E+000, 3.683513E+000, 4.903172E+000, 1.429611E-001, 1.528937E-002, 7.091121E-001, 3.584533E-001
9.403200E-002, 1.256017E+000, 3.629896E+000, 4.880435E+000, 2.814195E-001, 2.818977E-002, 7.166735E-001, 3.565667E-001
9.404000E-002, 1.224919E+000, 3.590577E+000, 4.896676E+000, 4.412657E-001, 1.505047E-002, 7.267159E-001, 3.536189E-001
9.404800E-002, 1.425328E+000, 3.647768E+000, 4.992498E+000, 5.346970E-001, -1.266151E-002, 7.323869E-001, 3.539726E-001
9.405600E-002, 1.437422E+000, 3.726407E+000, 5.008739E+000, 6.179972E-001, -2.365074E-002, 7.345135E-001, 3.539726E-001
9.406400E-002, 1.359677E+000, 3.738918E+000, 5.015235E+000, 7.789691E-001, -1.743944E-002, 7.354587E-001, 3.563308E-001
9.407200E-002, 1.442605E+000, 3.794323E+000, 5.117554E+000, 8.476354E-001, 2.866757E-003, 7.436107E-001, 3.626981E-001
9.408000E-002, 1.534172E+000, 3.973047E+000, 5.101313E+000, 7.406961E-001, 3.559556E-002, 7.614508E-001, 3.669429E-001
9.408800E-002, 1.560087E+000, 4.089218E+000, 4.864193E+000, 6.213742E-001, 6.438258E-002, 7.701936E-001, 3.707162E-001
9.409600E-002, 1.648198E+000, 3.883685E+000, 4.786237E+000, 5.628389E-001, 7.525236E-002, 7.699573E-001, 3.717774E-001
9.410400E-002, 1.627466E+000, 3.622747E+000, 4.938902E+000, 5.245659E-001, 7.429677E-002, 7.863796E-001, 3.649384E-001
9.411200E-002, 1.389047E+000, 3.638832E+000, 4.921037E+000, 4.671563E-001, 6.450202E-002, 8.096544E-001, 3.584533E-001
9.412000E-002, 1.326851E+000, 3.662066E+000, 4.836584E+000, 4.232549E-001, 4.610700E-002, 8.156798E-001, 3.559771E-001
9.412800E-002, 1.636104E+000, 3.542321E+000, 4.890179E+000, 4.874185E-001, 4.025404E-002, 8.235956E-001, 3.487844E-001
9.413600E-002, 1.924625E+000, 3.442235E+000, 4.782989E+000, 6.281282E-001, 4.300135E-002, 8.363553E-001, 3.341633E-001
9.414400E-002, 1.945357E+000, 3.424363E+000, 4.493898E+000, 6.765324E-001, 2.377019E-002, 8.239501E-001, 3.214288E-001
9.415200E-002, 1.922898E+000, 3.486917E+000, 4.487401E+000, 5.785984E-001, -5.972410E-004, 8.049285E-001, 3.171840E-001
9.416000E-002, 1.971272E+000, 3.619173E+000, 4.821967E+000, 4.423914E-001, -2.269516E-003, 8.147346E-001, 3.157690E-001
9.416800E-002, 1.978183E+000, 3.765727E+000, 4.908044E+000, 3.714737E-001, -5.136272E-003, 8.335199E-001, 3.129391E-001
9.417600E-002, 1.981638E+000, 3.740705E+000, 4.584847E+000, 3.422061E-001, -1.672275E-002, 8.368279E-001, 3.135287E-001
9.418400E-002, 2.024830E+000, 3.585215E+000, 4.477657E+000, 2.701627E-001, -1.039199E-002, 8.342287E-001, 3.157690E-001
9.419200E-002, 1.981638E+000, 3.728195E+000, 4.688790E+000, 2.161302E-001, -2.030619E-003, 8.342287E-001, 3.143541E-001
9.420000E-002, 1.933264E+000, 4.024878E+000, 4.753755E+000, 2.544032E-001, -1.039199E-002, 8.406086E-001, 3.115242E-001
9.420800E-002, 1.981638E+000, 3.883685E+000, 4.784613E+000, 2.544032E-001, -1.218372E-002, 8.531321E-001, 3.127033E-001
9.421600E-002, 1.945357E+000, 3.435086E+000, 4.942151E+000, 2.082504E-001, -5.494617E-003, 8.556132E-001, 3.168302E-001
9.422400E-002, 1.788139E+000, 3.218830E+000, 4.956768E+000, 3.095614E-001, -5.733513E-003, 8.344650E-001, 3.118779E-001
9.423200E-002, 1.662019E+000, 3.336788E+000, 4.880435E+000, 5.166861E-001, -1.552826E-002, 8.049285E-001, 2.997330E-001
9.424000E-002, 1.618828E+000, 3.528023E+000, 4.747258E+000, 5.797241E-001, -3.547611E-002, 7.916962E-001, 2.912433E-001
9.424800E-002, 1.801961E+000, 3.570917E+000, 4.492274E+000, 4.333860E-001, -4.694314E-002, 7.960676E-001, 2.773296E-001
9.425600E-002, 2.232151E+000, 3.397554E+000, 4.500394E+000, 3.399547E-001, -3.989569E-002, 8.022112E-001, 2.590532E-001
9.426400E-002, 2.468842E+000, 3.134829E+000, 4.700159E+000, 5.110577E-001, -3.487887E-002, 7.935865E-001, 2.551621E-001
9.427200E-002, 2.306441E+000, 3.104446E+000, 4.623826E+000, 6.866635E-001, -3.428163E-002, 7.751557E-001, 2.622369E-001
9.428000E-002, 2.175138E+000, 3.385043E+000, 4.575103E+000, 6.292539E-001, -3.225101E-002, 7.705480E-001, 2.641235E-001
9.428800E-002, 2.232151E+000, 3.587002E+000, 4.711528E+000, 5.391997E-001, -4.371804E-002, 7.766916E-001, 2.570487E-001
9.429600E-002, 2.185504E+000, 3.556619E+000, 4.669301E+000, 5.211889E-001, -6.151582E-002, 7.697210E-001, 2.400694E-001
9.430400E-002, 2.062839E+000, 3.442235E+000, 4.703407E+000, 4.333860E-001, -6.438258E-002, 7.528262E-001, 2.170765E-001
9.431200E-002, 2.119852E+000, 3.265298E+000, 4.930782E+000, 3.377034E-001, -7.704408E-002, 7.458555E-001, 2.065823E-001
9.432000E-002, 2.280525E+000, 3.277809E+000, 4.872314E+000, 3.140641E-001, -1.192093E-001, 7.440833E-001, 2.100017E-001
9.432800E-002, 2.294347E+000, 3.492278E+000, 4.651436E+000, 3.028074E-001, -1.525353E-001, 7.323869E-001, 2.032807E-001
9.433600E-002, 2.199325E+000, 3.449384E+000, 4.682294E+000, 3.489601E-001, -1.632857E-001, 7.139561E-001, 1.831177E-001
9.434400E-002, 2.114669E+000, 3.290319E+000, 4.666053E+000, 4.018670E-001, -1.747527E-001, 7.022597E-001, 1.694399E-001
9.435200E-002, 2.028286E+000, 3.279596E+000, 4.394827E+000, 4.074954E-001, -1.779778E-001, 7.040319E-001, 1.677891E-001
9.436000E-002, 2.052473E+000, 3.140191E+000, 4.326615E+000, 4.784131E-001, -1.608967E-001, 7.068673E-001, 1.666100E-001
9.436800E-002, 2.223512E+000, 3.040105E+000, 4.575103E+000, 6.089917E-001, -1.347376E-001, 6.980064E-001, 1.594174E-001
9.437600E-002, 2.323717E+000, 3.304617E+000, 4.724521E+000, 7.181825E-001, -1.169398E-001, 6.887910E-001, 1.549367E-001
9.438400E-002, 2.334083E+000, 3.524449E+000, 4.692039E+000, 7.530785E-001, -1.353348E-001, 6.899725E-001, 1.615398E-001
9.439200E-002, 2.316807E+000, 3.417214E+000, 4.654684E+000, 7.395704E-001, -1.810835E-001, 6.866644E-001, 1.688503E-001
9.440000E-002, 2.161316E+000, 3.324277E+000, 4.661180E+000, 7.564555E-001, -2.136928E-001, 6.700058E-001, 1.597711E-001
9.440800E-002, 1.922898E+000, 3.368958E+000, 4.683918E+000, 7.091771E-001, -2.397325E-001, 6.506299E-001, 1.420843E-001
9.441600E-002, 1.902166E+000, 3.393980E+000, 4.659556E+000, 6.348823E-001, -2.682806E-001, 6.307814E-001, 1.366603E-001
9.442400E-002, 2.244245E+000, 3.410065E+000, 4.597840E+000, 6.754068E-001, -2.813005E-001, 6.124687E-001, 1.422022E-001
9.443200E-002, 2.594962E+000, 3.419001E+000, 4.597840E+000, 7.294393E-001, -2.904980E-001, 6.093969E-001, 1.449142E-001
9.444000E-002, 2.427377E+000, 3.327852E+000, 4.692039E+000, 7.463244E-001, -3.047123E-001, 6.089243E-001, 1.426738E-001
9.444800E-002, 1.997187E+000, 3.222404E+000, 4.799230E+000, 7.542042E-001, -3.062652E-001, 5.921476E-001, 1.457396E-001
9.445600E-002, 2.050745E+000, 3.261724E+000, 4.734265E+000, 7.418217E-001, -2.977843E-001, 5.813963E-001, 1.568233E-001
9.446400E-002, 2.449837E+000, 3.376107E+000, 4.614081E+000, 7.485758E-001, -2.939620E-001, 5.849407E-001, 1.674354E-001
9.447200E-002, 2.577685E+000, 3.320703E+000, 4.726145E+000, 7.767177E-001, -3.075791E-001, 5.785608E-001, 1.755714E-001
9.448000E-002, 2.586323E+000, 3.136616E+000, 4.903172E+000, 8.712747E-001, -3.416218E-001, 5.747802E-001, 1.852402E-001
9.448800E-002, 2.681345E+000, 3.102659E+000, 4.888555E+000, 1.029995E+000, -3.683782E-001, 5.907299E-001, 1.903104E-001
9.449600E-002, 2.643337E+000, 3.301043E+000, 4.865818E+000, 1.018739E+000, -3.730367E-001, 5.948650E-001, 1.838252E-001
9.450400E-002, 2.596689E+000, 3.526236E+000, 4.947023E+000, 8.814058E-001, -3.770979E-001, 5.718265E-001, 1.807595E-001
9.451200E-002, 2.658885E+000, 3.479767E+000, 4.990874E+000, 8.904112E-001, -3.845037E-001, 5.529231E-001, 1.920791E-001
9.452000E-002, 2.581140E+000, 3.197383E+000, 5.052590E+000, 8.656463E-001, -3.830703E-001, 5.554042E-001, 2.037524E-001
9.452800E-002, 2.425650E+000, 3.068701E+000, 5.130547E+000, 6.517675E-001, -3.874899E-001, 5.546954E-001, 2.169586E-001
9.453600E-002, 2.359998E+000, 3.084786E+000, 5.150036E+000, 5.313200E-001, -4.026599E-001, 5.320113E-001, 2.411306E-001
9.454400E-002, 2.361726E+000, 2.988275E+000, 5.159781E+000, 5.673416E-001, -4.060044E-001, 5.079095E-001, 2.585816E-001
9.455200E-002, 2.401463E+000, 2.902487E+000, 5.107809E+000, 6.585215E-001, -4.044516E-001, 4.988123E-001, 2.625906E-001
9.456000E-002, 2.313351E+000, 2.995424E+000, 5.028228E+000, 8.194935E-001, -4.184270E-001, 4.933776E-001, 2.693116E-001
9.456800E-002, 2.183776E+000, 3.045467E+000, 4.994122E+000, 9.106734E-001, -4.326414E-001, 4.890062E-001, 2.756789E-001
9.457600E-002, 2.332356E+000, 2.830997E+000, 4.929158E+000, 8.510125E-001, -4.376582E-001, 4.847529E-001, 2.746176E-001
9.458400E-002, 2.512033E+000, 2.680869E+000, 4.950271E+000, 7.981056E-001, -4.439889E-001, 4.658496E-001, 2.746176E-001
9.459200E-002, 2.361726E+000, 2.839933E+000, 5.106185E+000, 8.116137E-001, -4.517531E-001, 4.404482E-001, 2.782729E-001
9.460000E-002, 2.195870E+000, 3.025807E+000, 5.163029E+000, 8.026083E-001, -4.651313E-001, 4.339502E-001, 2.875880E-001
9.460800E-002, 2.330628E+000, 3.043679E+000, 5.192263E+000, 6.799095E-001, -4.853180E-001, 4.430474E-001, 3.011479E-001
9.461600E-002, 2.453293E+000, 2.963253E+000, 5.265347E+000, 5.639646E-001, -5.010852E-001, 4.429293E-001, 3.116421E-001
9.462400E-002, 2.363454E+000, 2.934658E+000, 5.205256E+000, 5.831012E-001, -5.218691E-001, 4.291062E-001, 3.306260E-001
9.463200E-002, 2.358271E+000, 3.006147E+000, 5.145164E+000, 5.695930E-001, -5.541202E-001, 4.266251E-001, 3.603399E-001
9.464000E-002, 2.477480E+000, 3.002573E+000, 5.164653E+000, 4.761617E-001, -5.672595E-001, 4.337139E-001, 3.763759E-001
9.464800E-002, 2.482663E+000, 2.900700E+000, 5.083448E+000, 4.930469E-001, -5.505367E-001, 4.237896E-001, 3.763759E-001
9.465600E-002, 2.442927E+000, 2.875678E+000, 5.028228E+000, 6.168715E-001, -5.353668E-001, 4.073673E-001, 3.793238E-001
9.466400E-002, 2.404918E+000, 2.940019E+000, 5.161405E+000, 6.866635E-001, -5.359640E-001, 4.018145E-001, 3.861626E-001
9.467200E-002, 2.275342E+000, 2.938232E+000, 5.333560E+000, 5.999863E-001, -5.409809E-001, 4.003967E-001, 3.921762E-001
9.468000E-002, 2.166499E+000, 2.797040E+000, 5.320567E+000, 4.513968E-001, -5.439671E-001, 4.014600E-001, 3.998405E-001
9.468800E-002, 2.137129E+000, 2.605804E+000, 5.096441E+000, 4.288833E-001, -5.385919E-001, 4.041774E-001, 4.012554E-001
9.469600E-002, 2.233878E+000, 2.480697E+000, 4.963264E+000, 4.649050E-001, -5.303500E-001, 4.048862E-001, 3.978360E-001
9.470400E-002, 2.427377E+000, 2.514655E+000, 5.172773E+000, 3.984900E-001, -5.316639E-001, 4.065403E-001, 4.033778E-001
9.471200E-002, 2.356543E+000, 2.713039E+000, 5.495970E+000, 2.938019E-001, -5.308278E-001, 4.061859E-001, 4.169377E-001
9.472000E-002, 2.047290E+000, 2.900700E+000, 5.567431E+000, 3.422061E-001, -5.227053E-001, 3.993334E-001, 4.358037E-001
9.472800E-002, 2.023103E+000, 2.861380E+000, 5.437502E+000, 5.808498E-001, -5.169718E-001, 3.921265E-001, 4.520756E-001
9.473600E-002, 2.334083E+000, 2.641549E+000, 5.351425E+000, 7.215595E-001, -5.154189E-001, 3.859829E-001, 4.527831E-001
9.474400E-002, 2.460203E+000, 2.566485E+000, 5.341681E+000, 6.123688E-001, -5.277221E-001, 3.709784E-001, 4.508965E-001
9.475200E-002, 2.261521E+000, 2.670145E+000, 5.383907E+000, 4.682820E-001, -5.566286E-001, 3.447500E-001, 4.626877E-001
9.476000E-002, 2.157861E+000, 2.711252E+000, 5.497594E+000, 3.996156E-001, -5.789654E-001, 3.252559E-001, 4.801387E-001
9.476800E-002, 2.285709E+000, 2.732699E+000, 5.547942E+000, 4.266319E-001, -5.809960E-001, 3.173401E-001, 4.941703E-001
9.477600E-002, 2.290892E+000, 2.743422E+000, 5.460240E+000, 4.784131E-001, -5.842211E-001, 2.961920E-001, 5.044286E-001
9.478400E-002, 2.118124E+000, 2.627251E+000, 5.482977E+000, 3.951129E-001, -6.047662E-001, 2.690184E-001, 5.115034E-001
9.479200E-002, 2.106031E+000, 2.578996E+000, 5.612906E+000, 3.827305E-001, -6.217278E-001, 2.569675E-001, 5.219976E-001
9.480000E-002, 2.273615E+000, 2.591506E+000, 5.517084E+000, 4.930469E-001, -6.245946E-001, 2.424355E-001, 5.410994E-001
9.480800E-002, 2.332356E+000, 2.478910E+000, 5.317319E+000, 4.277576E-001, -6.237584E-001, 2.199878E-001, 5.574892E-001
9.481600E-002, 2.130218E+000, 2.516442E+000, 5.301078E+000, 3.590913E-001, -6.279392E-001, 1.999030E-001, 5.645639E-001
9.482400E-002, 1.833059E+000, 2.671932E+000, 5.387156E+000, 5.245659E-001, -6.506343E-001, 1.781641E-001, 5.725819E-001
9.483200E-002, 1.774318E+000, 2.627251E+000, 5.557686E+000, 6.191229E-001, -6.840798E-001, 1.572523E-001, 5.830761E-001
9.484000E-002, 1.993732E+000, 2.602230E+000, 5.733089E+000, 4.750361E-001, -7.011609E-001, 1.462647E-001, 5.894434E-001
9.484800E-002, 2.119852E+000, 2.759507E+000, 5.708728E+000, 3.219439E-001, -7.002053E-001, 1.376401E-001, 5.994659E-001
9.485600E-002, 2.038652E+000, 2.775593E+000, 5.707104E+000, 3.219439E-001, -6.855132E-001, 1.177915E-001, 6.189215E-001
9.486400E-002, 2.111214E+000, 2.586145E+000, 5.750955E+000, 4.592766E-001, -6.567262E-001, 1.007785E-001, 6.258783E-001
9.487200E-002, 2.335811E+000, 2.555761E+000, 5.619402E+000, 6.112431E-001, -6.403617E-001, 9.877004E-002, 6.145587E-001
9.488000E-002, 2.304713E+000, 2.646911E+000, 5.634019E+000, 6.450135E-001, -6.525455E-001, 9.593453E-002, 6.171528E-001
9.488800E-002, 2.114669E+000, 2.462825E+000, 5.889004E+000, 5.729700E-001, -6.668792E-001, 9.664340E-002, 6.392024E-001
9.489600E-002, 2.049018E+000, 2.280525E+000, 5.960464E+000, 5.256916E-001, -6.612652E-001, 1.107028E-001, 6.512294E-001
9.490400E-002, 1.926353E+000, 2.512867E+000, 5.889004E+000, 5.414510E-001, -6.464536E-001, 1.162556E-001, 6.492249E-001
9.491200E-002, 1.744948E+000, 2.795252E+000, 5.945848E+000, 5.729700E-001, -6.443036E-001, 1.082217E-001, 6.515831E-001
9.492000E-002, 1.807144E+000, 2.788103E+000, 5.988074E+000, 6.146201E-001, -6.653264E-001, 1.085761E-001, 6.529981E-001
9.492800E-002, 2.030013E+000, 2.659422E+000, 5.906869E+000, 5.831012E-001, -6.957857E-001, 1.160193E-001, 6.458054E-001
9.493600E-002, 2.133673E+000, 2.441378E+000, 5.947472E+000, 4.491455E-001, -7.043860E-001, 1.136564E-001, 6.498145E-001
9.494400E-002, 2.083571E+000, 2.217972E+000, 6.118002E+000, 4.750361E-001, -6.820492E-001, 1.011330E-001, 6.646714E-001
9.495200E-002, 1.917715E+000, 2.221546E+000, 6.178094E+000, 7.069257E-001, -6.568456E-001, 9.298088E-002, 6.593654E-001
9.496000E-002, 1.724216E+000, 2.409207E+000, 6.118002E+000, 7.969800E-001, -6.450202E-001, 1.029051E-001, 6.359008E-001
9.496800E-002, 1.700028E+000, 2.645124E+000, 6.051414E+000, 6.607729E-001, -6.390478E-001, 1.131838E-001, 6.275290E-001
9.497600E-002, 1.741492E+000, 2.807763E+000, 6.053038E+000, 6.056147E-001, -6.459758E-001, 1.003059E-001, 6.380233E-001
9.498400E-002, 1.710394E+000, 2.761295E+000, 6.119627E+000, 6.967946E-001, -6.757184E-001, 8.530139E-002, 6.454517E-001
9.499200E-002, 1.751858E+000, 2.612953E+000, 6.109882E+000, 6.686527E-001, -7.132251E-001, 8.920021E-002, 6.483995E-001
9.500000E-002, 1.786412E+000, 2.502144E+000, 6.057910E+000, 5.391997E-001, -7.372342E-001, 9.227201E-002, 6.558280E-001
9.500800E-002, 1.689662E+000, 2.469974E+000, 6.137492E+000, 5.684673E-001, -7.485818E-001, 8.045741E-002, 6.572430E-001
9.501600E-002, 1.762224E+000, 2.553974E+000, 6.260924E+000, 6.956689E-001, -7.556292E-001, 6.438956E-002, 6.501682E-001
9.502400E-002, 2.031741E+000, 2.584357E+000, 6.205704E+000, 6.348823E-001, -7.454762E-001, 6.060889E-002, 6.539414E-001
9.503200E-002, 2.007554E+000, 2.459250E+000, 6.022180E+000, 4.097467E-001, -7.073722E-001, 7.301421E-002, 6.708028E-001
9.504000E-002, 1.812327E+000, 2.360952E+000, 5.981577E+000, 3.624683E-001, -6.659237E-001, 8.577397E-002, 6.756372E-001
9.504800E-002, 1.886617E+000, 2.384186E+000, 6.122875E+000, 5.774727E-001, -6.500371E-001, 9.168128E-002, 6.639639E-001
9.505600E-002, 1.891800E+000, 2.461037E+000, 6.179718E+000, 7.620839E-001, -6.544566E-001, 1.016055E-001, 6.588937E-001
9.506400E-002, 1.717305E+000, 2.452101E+000, 6.171598E+000, 7.699637E-001, -6.667598E-001, 1.147197E-001, 6.555921E-001
9.507200E-002, 1.800233E+000, 2.382399E+000, 6.325888E+000, 7.474501E-001, -6.814519E-001, 1.235807E-001, 6.364903E-001
9.508000E-002, 1.964362E+000, 2.385973E+000, 6.429831E+000, 7.530785E-001, -6.882605E-001, 1.271251E-001, 6.269395E-001
9.508800E-002, 1.928081E+000, 2.384186E+000, 6.272292E+000, 6.709040E-001, -6.939940E-001, 1.235807E-001, 6.458054E-001
9.509600E-002, 1.876251E+000, 2.387760E+000, 6.166726E+000, 5.391997E-001, -7.085667E-001, 1.167282E-001, 6.585400E-001
9.510400E-002, 1.796778E+000, 2.494995E+000, 6.270668E+000, 5.268173E-001, -7.144196E-001, 1.121205E-001, 6.496965E-001
9.511200E-002, 1.712122E+000, 2.568272E+000, 6.319391E+000, 5.560849E-001, -7.024748E-001, 1.075128E-001, 6.461592E-001
9.512000E-002, 1.867612E+000, 2.652273E+000, 6.269044E+000, 4.975496E-001, -6.899328E-001, 1.085761E-001, 6.524085E-001
9.512800E-002, 1.945357E+000, 2.841721E+000, 6.252803E+000, 4.322603E-001, -6.814519E-001, 1.166101E-001, 6.610161E-001
9.513600E-002, 1.705211E+000, 2.872104E+000, 6.218697E+000, 4.390144E-001, -6.615041E-001, 1.159012E-001, 6.750477E-001
9.514400E-002, 1.722488E+000, 2.629039E+000, 6.218697E+000, 5.166861E-001, -6.355838E-001, 1.042048E-001, 6.779955E-001
9.515200E-002, 2.031741E+000, 2.403846E+000, 6.411965E+000, 5.999863E-001, -6.230417E-001, 9.865189E-002, 6.665580E-001
9.516000E-002, 1.966089E+000, 2.471761E+000, 6.598737E+000, 6.596472E-001, -6.179055E-001, 1.030233E-001, 6.658505E-001
9.516800E-002, 1.605006E+000, 2.657634E+000, 6.546766E+000, 6.877892E-001, -6.175472E-001, 1.016055E-001, 6.742223E-001
9.517600E-002, 1.535899E+000, 2.632613E+000, 6.450944E+000, 5.966093E-001, -6.267447E-001, 9.475307E-002, 6.675013E-001
9.518400E-002, 1.710394E+000, 2.507506E+000, 6.467185E+000, 5.223145E-001, -6.327171E-001, 9.664340E-002, 6.511115E-001
9.519200E-002, 1.817510E+000, 2.446739E+000, 6.511036E+000, 6.224999E-001, -6.361811E-001, 1.001878E-001, 6.452159E-001
9.520000E-002, 1.967817E+000, 2.353803E+000, 6.501291E+000, 6.596472E-001, -6.474092E-001, 9.286273E-002, 6.416785E-001
9.520800E-002, 2.126763E+000, 2.377037E+000, 6.301526E+000, 4.930469E-001, -6.575623E-001, 7.892151E-002, 6.297694E-001
9.521600E-002, 1.910804E+000, 2.662996E+000, 6.171598E+000, 3.680967E-001, -6.638930E-001, 7.017871E-002, 6.277649E-001
9.522400E-002, 1.461610E+000, 2.782742E+000, 6.463937E+000, 4.468941E-001, -6.707016E-001, 6.722506E-002, 6.324813E-001
9.523200E-002, 1.387320E+000, 2.630826E+000, 6.701056E+000, 5.819755E-001, -6.653264E-001, 6.308995E-002, 6.211618E-001
9.524000E-002, 1.706939E+000, 2.661209E+000, 6.616602E+000, 6.044890E-001, -6.431091E-001, 6.722506E-002, 6.109034E-001
9.524800E-002, 1.903893E+000, 2.802401E+000, 6.600361E+000, 5.448281E-001, -6.196972E-001, 8.010297E-002, 6.208081E-001
9.525600E-002, 1.834786E+000, 2.704103E+000, 6.626347E+000, 5.110577E-001, -6.044078E-001, 8.246589E-002, 6.258783E-001
9.526400E-002, 1.796778E+000, 2.598655E+000, 6.637716E+000, 5.752214E-001, -6.052440E-001, 7.313236E-002, 6.054794E-001
9.527200E-002, 1.862429E+000, 2.713039E+000, 6.694560E+000, 7.305650E-001, -6.206528E-001, 6.769764E-002, 5.850806E-001
9.528000E-002, 1.864157E+000, 2.704103E+000, 6.658829E+000, 8.611436E-001, -6.346282E-001, 6.994241E-002, 5.930986E-001
9.528800E-002, 1.833059E+000, 2.486059E+000, 6.670198E+000, 8.284989E-001, -6.396450E-001, 7.017871E-002, 6.090168E-001
9.529600E-002, 1.827876E+000, 2.414569E+000, 6.728666E+000, 6.720297E-001, -6.220862E-001, 7.124202E-002, 6.086631E-001
9.530400E-002, 1.776046E+000, 2.484272E+000, 6.663702E+000, 5.729700E-001, -5.784876E-001, 8.128443E-002, 6.073660E-001
9.531200E-002, 1.788139E+000, 2.545038E+000, 6.600361E+000, 6.213742E-001, -5.461171E-001, 8.388364E-002, 6.180961E-001
9.532000E-002, 1.886617E+000, 2.621890E+000, 6.509412E+000, 7.226852E-001, -5.376363E-001, 7.667673E-002, 6.324813E-001
9.532800E-002, 1.841697E+000, 2.625464E+000, 6.387604E+000, 7.406961E-001, -5.287971E-001, 7.915780E-002, 6.342500E-001
9.533600E-002, 1.660292E+000, 2.532527E+000, 6.418462E+000, 7.193081E-001, -5.211524E-001, 7.726747E-002, 6.215155E-001
9.534400E-002, 1.598096E+000, 2.473548E+000, 6.481802E+000, 7.800948E-001, -5.228247E-001, 5.978186E-002, 6.151482E-001
9.535200E-002, 1.629194E+000, 2.448527E+000, 6.452568E+000, 7.958543E-001, -5.279610E-001, 5.210238E-002, 6.202185E-001
9.536000E-002, 1.587730E+000, 2.494995E+000, 6.416838E+000, 6.438878E-001, -5.444449E-001, 6.025445E-002, 6.272932E-001
9.536800E-002, 1.708666E+000, 2.586145E+000, 6.420086E+000, 5.515822E-001, -5.666622E-001, 6.391697E-002, 6.346038E-001
9.537600E-002, 1.985094E+000, 2.500357E+000, 6.559759E+000, 6.506418E-001, -5.712013E-001, 5.860040E-002, 6.373158E-001
9.538400E-002, 1.850335E+000, 2.343079E+000, 6.731914E+000, 7.429474E-001, -5.587786E-001, 5.115721E-002, 6.348396E-001
9.539200E-002, 1.411507E+000, 2.423505E+000, 6.673446E+000, 7.755921E-001, -5.418170E-001, 5.044833E-002, 6.357829E-001
9.540000E-002, 1.373498E+000, 2.552187E+000, 6.566255E+000, 8.408814E-001, -5.217497E-001, 6.261737E-002, 6.465129E-001
9.540800E-002, 1.668930E+000, 2.505718E+000, 6.611730E+000, 8.228706E-001, -5.009657E-001, 7.017871E-002, 6.613699E-001
9.541600E-002, 1.710394E+000, 2.516442E+000, 6.649085E+000, 6.483905E-001, -4.867514E-001, 6.202663E-002, 6.695058E-001
9.542400E-002, 1.518623E+000, 2.616528E+000, 6.520781E+000, 5.684673E-001, -4.799428E-001, 6.415326E-002, 6.733969E-001
9.543200E-002, 1.480614E+000, 2.625464E+000, 6.254427E+000, 7.204338E-001, -4.754038E-001, 7.868522E-002, 6.752835E-001
9.544000E-002, 1.573908E+000, 2.539676E+000, 6.236562E+000, 7.823461E-001, -4.703870E-001, 7.514084E-002, 6.739865E-001
9.544800E-002, 1.617100E+000, 2.459250E+000, 6.593865E+000, 5.943579E-001, -4.694314E-001, 5.907299E-002, 6.762268E-001
9.545600E-002, 1.547993E+000, 2.469974E+000, 6.767644E+000, 5.144348E-001, -4.775539E-001, 5.564675E-002, 6.800000E-001
9.546400E-002, 1.345856E+000, 2.453888E+000, 6.561383E+000, 6.483905E-001, -4.854375E-001, 5.753709E-002, 6.814150E-001
9.547200E-002, 1.245651E+000, 2.434229E+000, 6.369739E+000, 7.294393E-001, -4.791067E-001, 4.654951E-002, 6.882539E-001
9.548000E-002, 1.342400E+000, 2.530740E+000, 6.359994E+000, 7.125541E-001, -4.658479E-001, 3.237200E-002, 6.968614E-001
9.548800E-002, 1.347583E+000, 2.496782E+000, 6.410341E+000, 6.675270E-001, -4.598755E-001, 2.717357E-002, 7.003988E-001
9.549600E-002, 1.250834E+000, 2.282313E+000, 6.473681E+000, 5.954836E-001, -4.547393E-001, 1.594971E-002, 7.108930E-001
9.550400E-002, 1.266383E+000, 2.248355E+000, 6.574376E+000, 5.650903E-001, -4.460196E-001, -3.780671E-003, 7.264574E-001
9.551200E-002, 1.337217E+000, 2.359164E+000, 6.613354E+000, 6.022376E-001, -4.427944E-001, -1.287791E-002, 7.296411E-001
9.552000E-002, 1.345856E+000, 2.318058E+000, 6.593865E+000, 6.495162E-001, -4.435111E-001, -1.713117E-002, 7.248067E-001
9.552800E-002, 1.250834E+000, 2.251930E+000, 6.631219E+000, 6.742811E-001, -4.423167E-001, -3.260829E-002, 7.268112E-001
9.553600E-002, 1.141990E+000, 2.377037E+000, 6.639340E+000, 6.326309E-001, -4.367026E-001, -4.229626E-002, 7.427293E-001
9.554400E-002, 1.195548E+000, 2.636188E+000, 6.535398E+000, 4.975496E-001, -4.275051E-001, -4.016963E-002, 7.631282E-001
9.555200E-002, 1.271566E+000, 2.895338E+000, 6.459064E+000, 3.692223E-001, -4.265495E-001, -5.635563E-002, 7.632461E-001
9.556000E-002, 1.124714E+000, 2.822061E+000, 6.504539E+000, 3.579656E-001, -4.405249E-001, -8.860948E-002, 7.482712E-001
9.556800E-002, 9.985937E-001, 2.443165E+000, 6.501291E+000, 3.680967E-001, -4.628617E-001, -1.108209E-001, 7.463846E-001
9.557600E-002, 1.083250E+000, 2.321632E+000, 6.426582E+000, 3.050587E-001, -4.792261E-001, -1.198000E-001, 7.533414E-001
9.558400E-002, 1.090160E+000, 2.502144E+000, 6.446072E+000, 3.151898E-001, -4.727759E-001, -1.160193E-001, 7.559355E-001
9.559200E-002, 8.672908E-001, 2.664783E+000, 6.446072E+000, 4.322603E-001, -4.480502E-001, -1.146016E-001, 7.667834E-001
9.560000E-002, 6.029571E-001, 2.764869E+000, 6.270668E+000, 4.356374E-001, -4.257134E-001, -1.279521E-001, 7.864748E-001
9.560800E-002, 6.582426E-001, 2.772018E+000, 6.116378E+000, 3.320750E-001, -4.165159E-001, -1.290154E-001, 7.956719E-001
9.561600E-002, 1.155812E+000, 2.645124E+000, 6.254427E+000, 3.467088E-001, -4.114990E-001, -1.210996E-001, 8.022750E-001
9.562400E-002, 1.473703E+000, 2.512867E+000, 6.605234E+000, 4.074954E-001, -3.937012E-001, -1.351590E-001, 8.216126E-001
9.563200E-002, 1.164450E+000, 2.520016E+000, 6.686439E+000, 3.298236E-001, -3.747090E-001, -1.485095E-001, 8.324605E-001
9.564000E-002, 8.068223E-001, 2.645124E+000, 6.334008E+000, 2.307640E-001, -3.809203E-001, -1.415389E-001, 8.185469E-001
9.564800E-002, 9.761341E-001, 2.679081E+000, 6.137492E+000, 1.688517E-001, -4.080350E-001, -1.441381E-001, 8.033362E-001
9.565600E-002, 1.252561E+000, 2.552187E+000, 6.338881E+000, 6.416364E-002, -4.292968E-001, -1.577249E-001, 7.964973E-001
9.566400E-002, 1.169633E+000, 2.464612E+000, 6.415214E+000, 6.866635E-002, -4.320441E-001, -1.635140E-001, 7.868285E-001
9.567200E-002, 9.847724E-001, 2.477123E+000, 6.291781E+000, 2.138788E-001, -4.338358E-001, -1.755649E-001, 7.893047E-001
9.568000E-002, 9.312146E-001, 2.593294E+000, 6.351873E+000, 2.555289E-001, -4.506780E-001, -1.913965E-001, 8.085244E-001
9.568800E-002, 8.310097E-001, 2.782742E+000, 6.389228E+000, 1.429611E-001, -4.593977E-001, -1.892699E-001, 8.209051E-001
9.569600E-002, 6.496043E-001, 2.725550E+000, 6.088768E+000, -7.879745E-003, -4.347914E-001, -1.838351E-001, 8.237351E-001
9.570400E-002, 6.634256E-001, 2.444952E+000, 5.877635E+000, -1.317043E-001, -4.018237E-001, -1.885610E-001, 8.212589E-001
9.571200E-002, 8.413757E-001, 2.453888E+000, 5.984826E+000, -9.793398E-002, -4.005098E-001, -1.938775E-001, 8.124155E-001
9.572000E-002, 8.361927E-001, 2.693379E+000, 6.043293E+000, 8.780287E-002, -4.286996E-001, -1.970675E-001, 8.054587E-001
9.572800E-002, 7.394431E-001, 2.671932E+000, 6.048166E+000, 9.230559E-002, -4.527086E-001, -1.877339E-001, 8.015676E-001
9.573600E-002, 7.066174E-001, 2.475335E+000, 6.077400E+000, -1.125678E-001, -4.523503E-001, -1.619781E-001, 8.013317E-001
9.574400E-002, 6.098678E-001, 2.502144E+000, 6.061159E+000, -8.892855E-002, -4.398082E-001, -1.456740E-001, 8.089960E-001
9.575200E-002, 6.340552E-001, 2.636188E+000, 6.139116E+000, 1.666003E-001, -4.298940E-001, -1.475643E-001, 8.165424E-001
9.576000E-002, 8.569248E-001, 2.713039E+000, 6.171598E+000, 2.318897E-001, -4.205771E-001, -1.492184E-001, 8.104110E-001
9.576800E-002, 9.934108E-001, 2.857806E+000, 5.958840E+000, 1.508408E-001, -4.199798E-001, -1.519357E-001, 7.946107E-001
9.577600E-002, 8.690184E-001, 2.952530E+000, 5.778564E+000, 1.046880E-001, -4.396888E-001, -1.563071E-001, 7.818762E-001
9.578400E-002, 5.200289E-001, 2.891764E+000, 5.737962E+000, 4.390144E-002, -4.616673E-001, -1.494547E-001, 7.759806E-001
9.579200E-002, 2.574230E-001, 2.882827E+000, 5.616154E+000, 1.452124E-001, -4.579644E-001, -1.440199E-001, 7.737402E-001
9.580000E-002, 3.697216E-001, 2.882827E+000, 5.567431E+000, 3.590913E-001, -4.324025E-001, -1.508724E-001, 7.660760E-001
9.580800E-002, 6.565149E-001, 2.782742E+000, 5.798054E+000, 3.512115E-001, -4.109018E-001, -1.501635E-001, 7.594728E-001
9.581600E-002, 7.636305E-001, 2.816699E+000, 5.929606E+000, 2.577802E-001, -4.068405E-001, -1.375219E-001, 7.707924E-001
9.582400E-002, 7.584475E-001, 2.900700E+000, 5.715224E+000, 2.892992E-001, -4.150825E-001, -1.377582E-001, 7.830553E-001
9.583200E-002, 8.983889E-001, 2.804188E+000, 5.500843E+000, 3.286979E-001, -4.240411E-001, -1.540623E-001, 7.756268E-001
9.584000E-002, 1.050424E+000, 2.797040E+000, 5.416389E+000, 3.512115E-001, -4.278634E-001, -1.682399E-001, 7.651327E-001
9.584800E-002, 1.002049E+000, 2.995424E+000, 5.445623E+000, 3.996156E-001, -4.351498E-001, -1.808815E-001, 7.674909E-001
9.585600E-002, 9.657680E-001, 3.108020E+000, 5.625899E+000, 3.624683E-001, -4.533059E-001, -1.859618E-001, 7.650147E-001
9.586400E-002, 9.865001E-001, 3.106233E+000, 5.658381E+000, 2.397694E-001, -4.658479E-001, -1.766282E-001, 7.501578E-001
9.587200E-002, 7.584475E-001, 3.099084E+000, 5.494346E+000, 1.643490E-001, -4.646535E-001, -1.802908E-001, 7.466204E-001
9.588000E-002, 5.666760E-001, 3.020445E+000, 5.379035E+000, 8.442584E-002, -4.635784E-001, -2.053377E-001, 7.544026E-001
9.588800E-002, 8.016393E-001, 2.952530E+000, 5.320567E+000, -4.052440E-002, -4.561726E-001, -2.191608E-001, 7.483891E-001
9.589600E-002, 9.052995E-001, 2.990062E+000, 5.390403E+000, -7.879745E-002, -4.383749E-001, -2.115994E-001, 7.336501E-001
9.590400E-002, 6.012295E-001, 3.015084E+000, 5.582048E+000, 3.827305E-002, -4.309691E-001, -2.025022E-001, 7.231559E-001
9.591200E-002, 5.355780E-001, 3.006147E+000, 5.491098E+000, 2.363923E-001, -4.390916E-001, -2.027385E-001, 7.084169E-001
9.592000E-002, 7.653582E-001, 3.057977E+000, 5.153284E+000, 2.960533E-001, -4.510364E-001, -2.100635E-001, 6.932062E-001
9.592800E-002, 8.240990E-001, 3.149127E+000, 5.086696E+000, 1.677260E-001, -4.663257E-001, -2.171523E-001, 6.824762E-001
9.593600E-002, 7.428985E-001, 3.283170E+000, 5.234489E+000, 1.260759E-001, -4.832874E-001, -2.106543E-001, 6.702133E-001
9.594400E-002, 6.979790E-001, 3.449384E+000, 5.219872E+000, 2.307640E-001, -4.936794E-001, -1.934050E-001, 6.669117E-001
9.595200E-002, 6.841577E-001, 3.361809E+000, 5.080200E+000, 2.262613E-001, -4.952322E-001, -1.834807E-001, 6.711566E-001
9.596000E-002, 7.912732E-001, 2.952530E+000, 5.102937E+000, 1.136935E-001, -4.911710E-001, -1.787549E-001, 6.657326E-001
9.596800E-002, 9.968661E-001, 2.695167E+000, 5.283213E+000, 9.117991E-002, -4.848402E-001, -1.716661E-001, 6.611341E-001
9.597600E-002, 9.744064E-001, 2.948956E+000, 5.312447E+000, 8.667719E-002, -4.733732E-001, -1.610330E-001, 6.706849E-001
9.598400E-002, 7.515368E-001, 3.315341E+000, 5.179270E+000, -2.026220E-002, -4.516336E-001, -1.405937E-001, 6.785851E-001
9.599200E-002, 7.325324E-001, 3.165212E+000, 5.122426E+000, -5.740957E-002, -4.295357E-001, -1.207452E-001, 6.675013E-001
9.600000E-002, 8.275543E-001, 2.873891E+000, 5.143539E+000, 1.350813E-002, -4.234438E-001, -1.209815E-001, 6.404994E-001
9.600800E-002, 7.826349E-001, 3.109807E+000, 5.072079E+000, -3.602169E-002, -4.259523E-001, -1.245259E-001, 6.139691E-001
9.601600E-002, 8.327374E-001, 3.411852E+000, 4.904796E+000, -1.587206E-001, -4.209354E-001, -1.109391E-001, 5.935703E-001
9.602400E-002, 1.036602E+000, 3.290319E+000, 4.890179E+000, -8.555152E-002, -4.177103E-001, -9.628897E-002, 5.741148E-001
9.603200E-002, 1.141990E+000, 3.217042E+000, 5.068831E+000, 1.069394E-001, -4.196215E-001, -8.660100E-002, 5.559563E-001
9.604000E-002, 1.090160E+000, 3.422575E+000, 5.034725E+000, 1.260759E-001, -4.114990E-001, -7.726747E-002, 5.402740E-001
9.604800E-002, 8.828398E-001, 3.619173E+000, 4.774868E+000, 1.125678E-002, -4.014654E-001, -7.395938E-002, 5.335529E-001
9.605600E-002, 7.411708E-001, 3.719258E+000, 4.763499E+000, 2.701627E-002, -4.008681E-001, -7.242348E-002, 5.353217E-001
9.606400E-002, 8.534694E-001, 3.629896E+000, 5.007115E+000, 8.217449E-002, -4.006292E-001, -7.265978E-002, 5.293081E-001
9.607200E-002, 9.778617E-001, 3.326064E+000, 5.093193E+000, -4.615279E-002, -3.987181E-001, -7.927595E-002, 5.201110E-001
9.608000E-002, 9.899554E-001, 3.177723E+000, 4.971385E+000, -2.003707E-001, -3.969263E-001, -8.754617E-002, 5.169274E-001
9.608800E-002, 9.070272E-001, 3.308192E+000, 4.979505E+000, -2.003707E-001, -3.988375E-001, -9.286273E-002, 5.090272E-001
9.609600E-002, 8.154606E-001, 3.460108E+000, 5.117554E+000, -1.362070E-001, -4.167548E-001, -9.617082E-002, 5.038391E-001
9.610400E-002, 8.949335E-001, 3.545896E+000, 5.021732E+000, -5.740957E-002, -4.315663E-001, -1.024326E-001, 5.106780E-001
9.611200E-002, 9.899554E-001, 3.572704E+000, 4.862569E+000, 2.814195E-002, -4.149630E-001, -1.120024E-001, 5.118571E-001
9.612000E-002, 9.346699E-001, 3.486917E+000, 4.989250E+000, 3.264466E-002, -3.952541E-001, -1.144834E-001, 5.046645E-001
9.612800E-002, 8.914782E-001, 3.351086E+000, 5.024980E+000, -2.138788E-002, -4.024210E-001, -1.083399E-001, 5.004196E-001
9.613600E-002, 9.312146E-001, 3.276021E+000, 4.708280E+000, -7.879745E-003, -4.179492E-001, -1.092850E-001, 4.997121E-001
9.614400E-002, 9.277592E-001, 3.284958E+000, 4.515011E+000, 9.905966E-002, -4.254745E-001, -1.144834E-001, 5.027779E-001
9.615200E-002, 8.482864E-001, 3.351086E+000, 4.623826E+000, 2.014963E-001, -4.216521E-001, -1.057406E-001, 5.024241E-001
9.616000E-002, 8.189160E-001, 3.377894E+000, 4.641691E+000, 2.071247E-001, -3.971652E-001, -1.017237E-001, 4.907508E-001
9.616800E-002, 9.381253E-001, 3.388618E+000, 4.518259E+000, 1.666003E-001, -3.675421E-001, -1.194456E-001, 4.837940E-001
9.617600E-002, 1.026237E+000, 3.628109E+000, 4.495522E+000, 1.778571E-001, -3.604946E-001, -1.278339E-001, 4.928733E-001
9.618400E-002, 9.122102E-001, 3.865813E+000, 4.482529E+000, 1.677260E-001, -3.632419E-001, -1.190911E-001, 4.939345E-001
9.619200E-002, 9.294869E-001, 3.706748E+000, 4.445175E+000, 7.879745E-002, -3.487887E-001, -1.190911E-001, 4.705878E-001
9.620000E-002, 1.155812E+000, 3.504789E+000, 4.503643E+000, 7.654610E-002, -3.237046E-001, -1.220448E-001, 4.458263E-001
9.620800E-002, 1.150629E+000, 3.578066E+000, 4.518259E+000, 2.161302E-001, -3.103264E-001, -1.094032E-001, 4.374545E-001
9.621600E-002, 1.135080E+000, 3.620960E+000, 4.477657E+000, 2.836708E-001, -3.124765E-001, -8.955465E-002, 4.334455E-001
9.622400E-002, 1.373498E+000, 3.536959E+000, 4.579975E+000, 2.307640E-001, -3.201211E-001, -8.246589E-002, 4.251916E-001
9.623200E-002, 1.323396E+000, 3.612024E+000, 4.721272E+000, 2.971790E-001, -3.287214E-001, -8.719173E-002, 4.204751E-001
9.624000E-002, 9.951384E-001, 3.765727E+000, 4.742386E+000, 5.121834E-001, -3.362467E-001, -8.660100E-002, 4.176452E-001
9.624800E-002, 1.012415E+000, 3.715684E+000, 4.735889E+000, 6.292539E-001, -3.392329E-001, -7.951224E-002, 4.117496E-001
9.625600E-002, 1.306119E+000, 3.547683E+000, 4.727769E+000, 6.224999E-001, -3.289603E-001, -7.313236E-002, 4.175273E-001
9.626400E-002, 1.420146E+000, 3.452959E+000, 4.672549E+000, 5.853525E-001, -3.072208E-001, -6.958798E-002, 4.306156E-001
9.627200E-002, 1.264655E+000, 3.476193E+000, 4.575103E+000, 5.245659E-001, -2.914536E-001, -7.443196E-002, 4.277857E-001
9.628000E-002, 1.055607E+000, 3.549470E+000, 4.495522E+000, 5.290686E-001, -2.834505E-001, -8.222960E-002, 4.187064E-001
9.628800E-002, 1.055607E+000, 3.590577E+000, 4.492274E+000, 6.168715E-001, -2.743725E-001, -8.352920E-002, 4.231871E-001
9.629600E-002, 1.121258E+000, 3.617385E+000, 4.466288E+000, 6.821608E-001, -2.558580E-001, -9.156313E-002, 4.373366E-001
9.630400E-002, 9.795894E-001, 3.633471E+000, 4.492274E+000, 7.294393E-001, -2.281460E-001, -1.033777E-001, 4.445292E-001
9.631200E-002, 8.759291E-001, 3.638832E+000, 4.696911E+000, 7.193081E-001, -2.199041E-001, -9.841560E-002, 4.366291E-001
9.632000E-002, 1.017598E+000, 3.622747E+000, 4.675797E+000, 6.078660E-001, -2.363880E-001, -9.593453E-002, 4.263707E-001
9.632800E-002, 1.117803E+000, 3.535172E+000, 4.381835E+000, 5.684673E-001, -2.471383E-001, -1.174371E-001, 4.213005E-001
9.633600E-002, 1.022781E+000, 3.522661E+000, 4.401324E+000, 6.844122E-001, -2.534690E-001, -1.414207E-001, 4.134004E-001
9.634400E-002, 1.053879E+000, 3.572704E+000, 4.661180E+000, 7.924773E-001, -2.694751E-001, -1.513450E-001, 4.090376E-001
9.635200E-002, 1.292298E+000, 3.456533E+000, 4.727769E+000, 7.834718E-001, -2.927675E-001, -1.597334E-001, 4.176452E-001
9.636000E-002, 1.224919E+000, 3.345724E+000, 4.653060E+000, 6.754068E-001, -3.237046E-001, -1.700121E-001, 4.277857E-001
9.636800E-002, 9.208485E-001, 3.342149E+000, 4.635195E+000, 5.268173E-001, -3.514166E-001, -1.774552E-001, 4.260170E-001
9.637600E-002, 1.027964E+000, 3.365384E+000, 4.709904E+000, 4.367630E-001, -3.608530E-001, -1.882065E-001, 4.181169E-001
9.638400E-002, 1.349311E+000, 3.490491E+000, 4.758627E+000, 4.480198E-001, -3.588224E-001, -1.999030E-001, 4.194139E-001
9.639200E-002, 1.371771E+000, 3.590577E+000, 4.677422E+000, 5.009267E-001, -3.593002E-001, -2.038018E-001, 4.294364E-001
9.640000E-002, 1.433967E+000, 3.570917E+000, 4.528004E+000, 5.605876E-001, -3.690949E-001, -2.029748E-001, 4.314409E-001
9.640800E-002, 1.703483E+000, 3.483342E+000, 4.331487E+000, 6.157458E-001, -3.841454E-001, -2.001393E-001, 4.247200E-001
9.641600E-002, 1.644743E+000, 3.326064E+000, 4.177197E+000, 6.146201E-001, -3.825926E-001, -1.884428E-001, 4.256633E-001
9.642400E-002, 1.252561E+000, 3.236702E+000, 4.339608E+000, 6.056147E-001, -3.594196E-001, -1.642229E-001, 4.361574E-001
9.643200E-002, 1.076339E+000, 3.347511E+000, 4.633571E+000, 6.765324E-001, -3.450858E-001, -1.290154E-001, 4.512502E-001
9.644000E-002, 1.211097E+000, 3.477980E+000, 4.553989E+000, 6.900405E-001, -3.448469E-001, -8.849134E-002, 4.655176E-001
9.644800E-002, 1.321668E+000, 3.467257E+000, 4.328239E+000, 5.031780E-001, -3.326632E-001, -5.895484E-002, 4.655176E-001
9.645600E-002, 1.285387E+000, 3.467257E+000, 4.453295E+000, 3.444574E-001, -3.072208E-001, -4.678581E-002, 4.566742E-001
9.646400E-002, 1.195548E+000, 3.479767E+000, 4.685542E+000, 4.176265E-001, -2.841673E-001, -3.638896E-002, 4.543159E-001
9.647200E-002, 1.157539E+000, 3.329639E+000, 4.636819E+000, 5.211889E-001, -2.688779E-001, -1.819448E-002, 4.455904E-001
9.648000E-002, 1.212825E+000, 3.188446E+000, 4.487401E+000, 5.031780E-001, -2.545441E-001, 6.379883E-003, 4.165840E-001
9.648800E-002, 1.219736E+000, 3.274234E+000, 4.562110E+000, 5.313200E-001, -2.397325E-001, 3.249014E-002, 3.859268E-001
9.649600E-002, 1.183455E+000, 3.377894E+000, 4.771620E+000, 6.844122E-001, -2.324462E-001, 4.666766E-002, 3.731923E-001
9.650400E-002, 1.278476E+000, 3.302830E+000, 4.791109E+000, 7.350677E-001, -2.335212E-001, 4.087851E-002, 3.641131E-001
9.651200E-002, 1.345856E+000, 3.256362E+000, 4.696911E+000, 5.617133E-001, -2.365074E-001, 3.367160E-002, 3.399411E-001
9.652000E-002, 1.205914E+000, 3.318915E+000, 4.807350E+000, 4.165008E-001, -2.348351E-001, 4.146924E-002, 3.183631E-001
9.652800E-002, 1.083250E+000, 3.358235E+000, 4.986001E+000, 5.504565E-001, -2.287433E-001, 4.950316E-002, 3.183631E-001
9.653600E-002, 1.247378E+000, 3.433299E+000, 4.932406E+000, 8.138651E-001, -2.268321E-001, 4.749468E-002, 3.217826E-001
9.654400E-002, 1.508257E+000, 3.367171E+000, 4.765123E+000, 8.487611E-001, -2.357907E-001, 3.875188E-002, 3.149436E-001
9.655200E-002, 1.468520E+000, 2.998998E+000, 4.745634E+000, 6.360080E-001, -2.543052E-001, 3.178127E-002, 3.147078E-001
9.656000E-002, 1.262927E+000, 2.770231E+000, 4.843080E+000, 5.695930E-001, -2.673250E-001, 3.934261E-002, 3.210751E-001
9.656800E-002, 1.136807E+000, 2.909636E+000, 4.833335E+000, 7.260622E-001, -2.615916E-001, 4.619507E-002, 3.188348E-001
9.657600E-002, 1.031420E+000, 3.079424E+000, 4.735889E+000, 7.789691E-001, -2.543052E-001, 3.757042E-002, 3.182452E-001
9.658400E-002, 1.169633E+000, 3.070488E+000, 4.779740E+000, 7.497015E-001, -2.668473E-001, 3.308087E-002, 3.266169E-001
9.659200E-002, 1.553176E+000, 2.957892E+000, 4.922661E+000, 8.082367E-001, -2.833311E-001, 3.331716E-002, 3.292110E-001
9.660000E-002, 1.693117E+000, 2.873891E+000, 4.888555E+000, 8.532639E-001, -2.875118E-001, 2.221144E-002, 3.230796E-001
9.660800E-002, 1.537627E+000, 2.934658E+000, 4.729393E+000, 8.037340E-001, -2.976649E-001, 1.535898E-002, 3.147078E-001
9.661600E-002, 1.401141E+000, 3.093722E+000, 4.748882E+000, 7.418217E-001, -3.176127E-001, 2.398363E-002, 3.056286E-001
9.662400E-002, 1.411507E+000, 3.150914E+000, 4.909668E+000, 7.587069E-001, -3.299159E-001, 3.319902E-002, 3.031524E-001
9.663200E-002, 1.591185E+000, 3.061552E+000, 4.971385E+000, 8.420070E-001, -3.323049E-001, 3.095425E-002, 3.078689E-001
9.664000E-002, 1.824420E+000, 2.932870E+000, 4.891803E+000, 9.072964E-001, -3.327827E-001, 1.677673E-002, 3.112884E-001
9.664800E-002, 1.843425E+000, 2.847082E+000, 4.821967E+000, 8.712747E-001, -3.412635E-001, 8.506510E-003, 3.194243E-001
9.665600E-002, 1.592913E+000, 2.900700E+000, 4.964888E+000, 7.722150E-001, -3.542833E-001, 1.866706E-002, 3.333380E-001
9.666400E-002, 1.323396E+000, 2.973977E+000, 5.104561E+000, 7.755921E-001, -3.496248E-001, 2.705543E-002, 3.353425E-001
9.667200E-002, 1.247378E+000, 2.863168E+000, 4.945399E+000, 8.386300E-001, -3.374411E-001, 2.185700E-002, 3.185989E-001
9.668000E-002, 1.345856E+000, 2.763082E+000, 4.860945E+000, 8.262476E-001, -3.486693E-001, 2.079369E-002, 3.065719E-001
9.668800E-002, 1.418418E+000, 2.850657E+000, 4.974633E+000, 8.510125E-001, -3.643170E-001, 3.319902E-002, 3.247304E-001
9.669600E-002, 1.318213E+000, 2.870317E+000, 4.841456E+000, 8.892855E-001, -3.564334E-001, 4.843985E-002, 3.538547E-001
9.670400E-002, 1.243923E+000, 2.773805E+000, 4.687166E+000, 8.262476E-001, -3.504610E-001, 5.777338E-002, 3.517323E-001
9.671200E-002, 1.466793E+000, 2.725550E+000, 4.968136E+000, 8.386300E-001, -3.655115E-001, 6.687062E-002, 3.252020E-001
9.672000E-002, 1.705211E+000, 2.645124E+000, 5.255603E+000, 9.027936E-001, -3.727978E-001, 7.738561E-002, 3.163586E-001
9.672800E-002, 1.603279E+000, 2.503931E+000, 5.146788E+000, 8.330016E-001, -3.600169E-001, 8.719173E-002, 3.329842E-001
9.673600E-002, 1.465065E+000, 2.436016E+000, 5.010363E+000, 7.845975E-001, -3.504610E-001, 1.058588E-001, 3.439501E-001
9.674400E-002, 1.568725E+000, 2.480697E+000, 5.089944E+000, 8.239962E-001, -3.498637E-001, 1.257073E-001, 3.385261E-001
9.675200E-002, 1.610189E+000, 2.552187E+000, 5.140291E+000, 7.969800E-001, -3.448469E-001, 1.336231E-001, 3.346350E-001
9.676000E-002, 1.490980E+000, 2.566485E+000, 5.072079E+000, 7.789691E-001, -3.395912E-001, 1.442562E-001, 3.336917E-001
9.676800E-002, 1.437422E+000, 2.546825E+000, 5.010363E+000, 8.206192E-001, -3.422191E-001, 1.610330E-001, 3.234333E-001
9.677600E-002, 1.487525E+000, 2.561123E+000, 5.042845E+000, 8.251219E-001, -3.442497E-001, 1.713117E-001, 3.035062E-001
9.678400E-002, 1.553176E+000, 2.618315E+000, 5.198759E+000, 8.510125E-001, -3.415024E-001, 1.781641E-001, 2.877059E-001
9.679200E-002, 1.592913E+000, 2.621890E+000, 5.270220E+000, 9.072964E-001, -3.459220E-001, 1.831263E-001, 2.895925E-001
9.680000E-002, 1.591185E+000, 2.545038E+000, 5.115930E+000, 8.442584E-001, -3.582251E-001, 1.857255E-001, 2.997330E-001
9.680800E-002, 1.494435E+000, 2.494995E+000, 5.047718E+000, 6.697783E-001, -3.694533E-001, 1.926961E-001, 3.007942E-001
9.681600E-002, 1.399413E+000, 2.391335E+000, 5.234489E+000, 6.146201E-001, -3.800842E-001, 2.047470E-001, 2.977284E-001
9.682400E-002, 1.440878E+000, 2.296611E+000, 5.309198E+000, 7.463244E-001, -3.854593E-001, 2.162071E-001, 3.006763E-001
9.683200E-002, 1.471976E+000, 2.469974E+000, 5.101313E+000, 8.071110E-001, -3.940596E-001, 2.153801E-001, 3.072793E-001
9.684000E-002, 1.477159E+000, 2.662996E+000, 4.987626E+000, 7.339420E-001, -4.114990E-001, 1.974219E-001, 3.165944E-001
9.684800E-002, 1.599823E+000, 2.652273E+000, 5.184142E+000, 7.429474E-001, -4.083934E-001, 1.831263E-001, 3.281498E-001
9.685600E-002, 1.746675E+000, 2.637975E+000, 5.395276E+000, 8.476354E-001, -3.797258E-001, 1.873795E-001, 3.393515E-001
9.686400E-002, 1.755314E+000, 2.528953E+000, 5.393651E+000, 8.431327E-001, -3.626447E-001, 1.991941E-001, 3.498457E-001
9.687200E-002, 1.670658E+000, 2.298398E+000, 5.393651E+000, 7.260622E-001, -3.743506E-001, 2.073462E-001, 3.585712E-001
9.688000E-002, 1.573908E+000, 2.241206E+000, 5.453743E+000, 6.540189E-001, -3.934623E-001, 2.090002E-001, 3.672967E-001
9.688800E-002, 1.454699E+000, 2.198312E+000, 5.362794E+000, 6.348823E-001, -3.997931E-001, 2.032111E-001, 3.833328E-001
9.689600E-002, 1.456427E+000, 2.069631E+000, 5.258851E+000, 6.866635E-001, -4.000320E-001, 1.956497E-001, 4.011375E-001
9.690400E-002, 1.613645E+000, 2.287674E+000, 5.388779E+000, 7.789691E-001, -3.963291E-001, 1.932868E-001, 4.105705E-001
9.691200E-002, 1.603279E+000, 2.634400E+000, 5.593417E+000, 6.506418E-001, -3.780535E-001, 1.915146E-001, 4.244841E-001
9.692000E-002, 1.383864E+000, 2.612953E+000, 5.588544E+000, 3.692223E-001, -3.569112E-001, 1.827718E-001, 4.379261E-001
9.692800E-002, 1.218008E+000, 2.484272E+000, 5.370914E+000, 3.579656E-001, -3.553584E-001, 1.733201E-001, 4.288469E-001
9.693600E-002, 1.122986E+000, 2.487846E+000, 5.252355E+000, 5.358227E-001, -3.695727E-001, 1.700121E-001, 4.203572E-001
9.694400E-002, 1.065973E+000, 2.430654E+000, 5.369290E+000, 4.817901E-001, -3.883261E-001, 1.593789E-001, 4.316768E-001
9.695200E-002, 1.226646E+000, 2.216185E+000, 5.497594E+000, 3.748507E-001, -4.103045E-001, 1.325598E-001, 4.400485E-001
9.696000E-002, 1.527261E+000, 2.137546E+000, 5.619402E+000, 5.380740E-001, -4.197409E-001, 1.086943E-001, 4.438217E-001
9.696800E-002, 1.668930E+000, 2.314483E+000, 5.794806E+000, 6.889148E-001, -4.149630E-001, 9.853374E-002, 4.559667E-001
9.697600E-002, 1.684479E+000, 2.210823E+000, 5.762323E+000, 6.224999E-001, -4.226077E-001, 8.459251E-002, 4.644564E-001
9.698400E-002, 1.672385E+000, 1.858736E+000, 5.661629E+000, 4.941726E-001, -4.404055E-001, 6.828837E-002, 4.650460E-001
9.699200E-002, 1.599823E+000, 1.926651E+000, 5.809422E+000, 4.255062E-001, -4.479307E-001, 7.017871E-002, 4.701162E-001
9.700000E-002, 1.496163E+000, 2.189376E+000, 5.887380E+000, 4.874185E-001, -4.479307E-001, 7.336865E-002, 4.756581E-001
9.700800E-002, 1.351039E+000, 2.209036E+000, 5.750955E+000, 5.853525E-001, -4.525892E-001, 5.836411E-002, 4.755401E-001
9.701600E-002, 1.230102E+000, 2.126822E+000, 5.703856E+000, 5.819755E-001, -4.658479E-001, 4.891243E-002, 4.811999E-001
9.702400E-002, 1.238740E+000, 2.135759E+000, 5.711976E+000, 5.324456E-001, -4.775539E-001, 5.316569E-002, 5.005375E-001
9.703200E-002, 1.332034E+000, 2.269802E+000, 5.661629E+000, 5.009267E-001, -4.757622E-001, 5.942743E-002, 5.230588E-001
9.704000E-002, 1.446061E+000, 2.280525E+000, 5.690863E+000, 4.491455E-001, -4.654896E-001, 6.935169E-002, 5.336709E-001
9.704800E-002, 1.487525E+000, 2.189376E+000, 5.775316E+000, 4.052441E-001, -4.561726E-001, 7.065129E-002, 5.301335E-001
9.705600E-002, 1.473703E+000, 2.268015E+000, 5.796430E+000, 4.952983E-001, -4.445862E-001, 5.706451E-002, 5.198752E-001
9.706400E-002, 1.528989E+000, 2.207248E+000, 5.804550E+000, 6.427621E-001, -4.314469E-001, 4.973945E-002, 5.170453E-001
9.707200E-002, 1.573908E+000, 1.878395E+000, 5.830536E+000, 5.628389E-001, -4.368220E-001, 5.647378E-002, 5.271857E-001
9.708000E-002, 1.494435E+000, 1.846225E+000, 5.794806E+000, 3.545885E-001, -4.599950E-001, 5.990001E-002, 5.333171E-001
9.708800E-002, 1.321668E+000, 2.144695E+000, 5.759075E+000, 3.602169E-001, -4.675202E-001, 5.080277E-002, 5.301335E-001
9.709600E-002, 1.160995E+000, 2.121461E+000, 5.793181E+000, 4.907956E-001, -4.632201E-001, 3.839744E-002, 5.379157E-001
9.710400E-002, 1.079794E+000, 1.817629E+000, 5.785061E+000, 5.369483E-001, -4.712231E-001, 2.280217E-002, 5.578429E-001
9.711200E-002, 1.002049E+000, 1.737203E+000, 5.846777E+000, 5.234402E-001, -4.740899E-001, 6.261737E-003, 5.668042E-001
9.712000E-002, 9.795894E-001, 1.756863E+000, 6.025428E+000, 5.572106E-001, -4.695508E-001, 4.135109E-003, 5.616161E-001
9.712800E-002, 1.003777E+000, 1.613883E+000, 5.979953E+000, 7.058001E-001, -4.816151E-001, 1.228718E-002, 5.603191E-001
9.713600E-002, 9.312146E-001, 1.545968E+000, 5.718472E+000, 8.206192E-001, -4.886625E-001, 1.677673E-002, 5.701058E-001
9.714400E-002, 9.070272E-001, 1.738990E+000, 5.569055E+000, 8.026083E-001, -4.715815E-001, 1.311420E-002, 5.862597E-001
9.715200E-002, 1.027964E+000, 1.935587E+000, 5.528452E+000, 7.035487E-001, -4.604728E-001, 2.362920E-003, 5.993480E-001
9.716000E-002, 1.131624E+000, 1.978481E+000, 5.588544E+000, 5.966093E-001, -4.620256E-001, -2.244774E-003, 6.001734E-001
9.716800E-002, 1.112620E+000, 1.992779E+000, 5.801302E+000, 6.517675E-001, -4.547393E-001, 8.033927E-003, 5.974614E-001
9.717600E-002, 1.022781E+000, 2.053545E+000, 5.949096E+000, 7.969800E-001, -4.521114E-001, 1.606785E-002, 6.014704E-001
9.718400E-002, 9.605850E-001, 2.126822E+000, 6.022180E+000, 7.868488E-001, -4.757622E-001, 1.134201E-002, 6.051257E-001
9.719200E-002, 9.122102E-001, 2.107163E+000, 6.150485E+000, 7.069257E-001, -4.996518E-001, 1.429566E-002, 6.054794E-001
9.720000E-002, 8.638355E-001, 1.978481E+000, 6.171598E+000, 6.754068E-001, -5.021602E-001, 3.579823E-002, 6.100780E-001
9.720800E-002, 9.502190E-001, 1.858736E+000, 6.001067E+000, 6.551445E-001, -5.080131E-001, 5.162979E-002, 6.164453E-001
9.721600E-002, 1.164450E+000, 1.808693E+000, 5.856522E+000, 7.215595E-001, -5.264082E-001, 4.950316E-002, 6.198648E-001
9.722400E-002, 1.226646E+000, 1.851587E+000, 5.916614E+000, 8.656463E-001, -5.424142E-001, 5.103906E-002, 6.245812E-001
9.723200E-002, 9.916831E-001, 1.851587E+000, 6.072527E+000, 8.949139E-001, -5.529257E-001, 6.817023E-002, 6.270574E-001
9.724000E-002, 7.498091E-001, 1.780097E+000, 6.041669E+000, 8.284989E-001, -5.494617E-001, 9.239015E-002, 6.243454E-001
9.724800E-002, 7.981839E-001, 1.946311E+000, 5.864642E+000, 7.958543E-001, -5.277221E-001, 1.228718E-001, 6.255245E-001
9.725600E-002, 9.243039E-001, 2.226908E+000, 5.929606E+000, 7.587069E-001, -5.126716E-001, 1.533535E-001, 6.281186E-001
9.726400E-002, 8.482864E-001, 2.201887E+000, 6.194335E+000, 6.405107E-001, -5.152995E-001, 1.645773E-001, 6.285902E-001
9.727200E-002, 7.653582E-001, 1.887331E+000, 6.272292E+000, 4.446428E-001, -5.164940E-001, 1.708391E-001, 6.363724E-001
9.728000E-002, 8.724738E-001, 1.558478E+000, 6.220321E+000, 3.399547E-001, -5.094466E-001, 2.008482E-001, 6.440368E-001
9.728800E-002, 1.002049E+000, 1.513797E+000, 6.083896E+000, 4.412657E-001, -4.880653E-001, 2.371190E-001, 6.387307E-001
9.729600E-002, 1.036602E+000, 1.785458E+000, 5.848401E+000, 5.718443E-001, -4.554560E-001, 2.534231E-001, 6.342500E-001
9.730400E-002, 9.398530E-001, 2.024949E+000, 5.932855E+000, 5.921066E-001, -4.450639E-001, 2.582671E-001, 6.368441E-001
9.731200E-002, 6.720639E-001, 1.917715E+000, 6.230066E+000, 5.808498E-001, -4.510364E-001, 2.698454E-001, 6.297694E-001
9.732000E-002, 5.113906E-001, 1.676437E+000, 6.221945E+000, 5.898552E-001, -4.421972E-001, 2.881580E-001, 6.144408E-001
9.732800E-002, 6.375105E-001, 1.755075E+000, 6.070903E+000, 6.146201E-001, -4.364637E-001, 3.042259E-001, 6.048899E-001
9.733600E-002, 7.532645E-001, 1.978481E+000, 6.049790E+000, 6.945432E-001, -4.406444E-001, 3.169856E-001, 6.048899E-001
9.734400E-002, 6.703363E-001, 1.867672E+000, 6.121251E+000, 7.215595E-001, -4.259523E-001, 3.224204E-001, 6.165632E-001
9.735200E-002, 5.753144E-001, 1.621032E+000, 6.134243E+000, 6.573959E-001, -4.007487E-001, 3.166312E-001, 6.313022E-001
9.736000E-002, 7.083451E-001, 1.621032E+000, 6.018932E+000, 7.136798E-001, -4.079156E-001, 3.110783E-001, 6.338963E-001
9.736800E-002, 8.621078E-001, 1.722905E+000, 5.932855E+000, 7.744664E-001, -4.436306E-001, 3.102513E-001, 6.323634E-001
9.737600E-002, 5.891358E-001, 1.822991E+000, 5.957216E+000, 6.360080E-001, -4.596366E-001, 2.997364E-001, 6.417964E-001
9.738400E-002, 2.971594E-001, 1.808693E+000, 6.061159E+000, 5.223145E-001, -4.494835E-001, 2.837866E-001, 6.547668E-001
9.739200E-002, 5.407610E-001, 1.596010E+000, 6.155357E+000, 5.605876E-001, -4.435111E-001, 2.792971E-001, 6.599549E-001
9.740000E-002, 7.308048E-001, 1.663926E+000, 6.053038E+000, 5.831012E-001, -4.481696E-001, 2.762253E-001, 6.647893E-001
9.740800E-002, 5.632207E-001, 2.007077E+000, 5.861394E+000, 5.043037E-001, -4.570088E-001, 2.658284E-001, 6.746939E-001
9.741600E-002, 6.271445E-001, 2.024949E+000, 5.876011E+000, 4.221292E-001, -4.679980E-001, 2.528324E-001, 6.791746E-001
9.742400E-002, 7.895456E-001, 1.921289E+000, 6.036797E+000, 4.288833E-001, -4.774344E-001, 2.345198E-001, 6.836553E-001
9.743200E-002, 6.496043E-001, 2.055333E+000, 6.176470E+000, 4.288833E-001, -4.862736E-001, 2.180975E-001, 7.039362E-001
9.744000E-002, 5.183012E-001, 2.114312E+000, 6.202456E+000, 4.390144E-001, -4.930821E-001, 2.166797E-001, 7.245708E-001
9.744800E-002, 5.442163E-001, 2.008864E+000, 6.046542E+000, 5.684673E-001, -4.898570E-001, 2.222326E-001, 7.355367E-001
9.745600E-002, 5.787697E-001, 2.016013E+000, 5.916614E+000, 6.292539E-001, -4.881848E-001, 2.212874E-001, 7.509832E-001
9.746400E-002, 5.908635E-001, 2.005290E+000, 5.999443E+000, 5.346970E-001, -5.123133E-001, 2.163253E-001, 7.628923E-001
9.747200E-002, 5.390333E-001, 1.747926E+000, 6.106634E+000, 5.391997E-001, -5.425337E-001, 2.165616E-001, 7.633640E-001
9.748000E-002, 4.872032E-001, 1.642479E+000, 6.113130E+000, 7.294393E-001, -5.408614E-001, 2.201059E-001, 7.679625E-001
9.748800E-002, 4.889309E-001, 1.910566E+000, 6.085520E+000, 8.206192E-001, -5.225858E-001, 2.158527E-001, 7.786925E-001
9.749600E-002, 4.733818E-001, 2.017800E+000, 5.966961E+000, 5.943579E-001, -5.154189E-001, 2.068736E-001, 7.900121E-001
9.750400E-002, 4.526498E-001, 1.864097E+000, 5.822415E+000, 3.129385E-001, -5.125522E-001, 2.102998E-001, 8.066378E-001
9.751200E-002, 4.664711E-001, 1.937374E+000, 5.791557E+000, 3.129385E-001, -5.101632E-001, 2.295576E-001, 8.213768E-001
9.752000E-002, 5.010245E-001, 2.162567E+000, 5.781813E+000, 4.401400E-001, -5.109994E-001, 2.473977E-001, 8.286874E-001
9.752800E-002, 5.804974E-001, 2.185802E+000, 5.767196E+000, 4.784131E-001, -5.149412E-001, 2.515328E-001, 8.351725E-001
9.753600E-002, 7.066174E-001, 2.082141E+000, 5.851649E+000, 5.707187E-001, -5.218691E-001, 2.549590E-001, 8.462563E-001
9.754400E-002, 6.876130E-001, 2.021375E+000, 5.916614E+000, 7.485758E-001, -5.175690E-001, 2.737442E-001, 8.615849E-001
9.755200E-002, 5.200289E-001, 2.014226E+000, 5.778564E+000, 8.307503E-001, -5.049075E-001, 3.006815E-001, 8.726686E-001
9.756000E-002, 6.150509E-001, 2.096439E+000, 5.634019E+000, 8.048597E-001, -5.006074E-001, 3.204119E-001, 8.729045E-001
9.756800E-002, 9.813170E-001, 2.273376E+000, 5.822415E+000, 7.339420E-001, -5.002490E-001, 3.369523E-001, 8.688954E-001
9.757600E-002, 1.136807E+000, 2.298398E+000, 6.118002E+000, 6.506418E-001, -4.985768E-001, 3.604634E-001, 8.743194E-001
9.758400E-002, 9.968661E-001, 2.100014E+000, 6.012435E+000, 6.056147E-001, -4.894987E-001, 3.820841E-001, 8.917704E-001
9.759200E-002, 7.999116E-001, 2.007077E+000, 5.656757E+000, 5.898552E-001, -4.626229E-001, 4.000423E-001, 9.017929E-001
9.760000E-002, 6.530596E-001, 2.176865E+000, 5.551190E+000, 6.022376E-001, -4.338358E-001, 4.304058E-001, 8.983735E-001
9.760800E-002, 6.720639E-001, 2.344867E+000, 5.690863E+000, 6.112431E-001, -4.184270E-001, 4.625415E-001, 8.988451E-001
9.761600E-002, 7.688136E-001, 2.216185E+000, 5.765572E+000, 5.707187E-001, -4.091101E-001, 4.789638E-001, 9.009676E-001
9.762400E-002, 7.549922E-001, 1.914140E+000, 5.763947E+000, 5.966093E-001, -4.013459E-001, 4.893606E-001, 9.000243E-001
9.763200E-002, 7.204388E-001, 1.790820E+000, 5.911741E+000, 7.992313E-001, -4.034960E-001, 5.016478E-001, 9.075707E-001
9.764000E-002, 6.392382E-001, 1.901629E+000, 6.067655E+000, 1.041252E+000, -4.202187E-001, 5.112177E-001, 9.168857E-001
9.764800E-002, 5.079352E-001, 2.032098E+000, 5.869514E+000, 1.105416E+000, -4.405249E-001, 5.224415E-001, 9.162962E-001
9.765600E-002, 5.856804E-001, 2.032098E+000, 5.570679E+000, 9.725857E-001, -4.536642E-001, 5.381549E-001, 9.184186E-001
9.766400E-002, 7.843626E-001, 1.962396E+000, 5.570679E+000, 8.746517E-001, -4.577255E-001, 5.467796E-001, 9.253754E-001
9.767200E-002, 8.240990E-001, 1.965970E+000, 5.690863E+000, 9.793398E-001, -4.460196E-001, 5.437078E-001, 9.295023E-001
9.768000E-002, 7.826349E-001, 2.130397E+000, 5.692487E+000, 1.034498E+000, -4.181881E-001, 5.389819E-001, 9.468355E-001
9.768800E-002, 7.705412E-001, 2.441378E+000, 5.577176E+000, 7.339420E-001, -3.948957E-001, 5.448892E-001, 9.760777E-001
9.769600E-002, 7.083451E-001, 2.604017E+000, 5.523580E+000, 3.838561E-001, -3.926262E-001, 5.629656E-001, 9.891660E-001
9.770400E-002, 6.599703E-001, 2.493208E+000, 5.629147E+000, 4.604023E-001, -4.030182E-001, 5.763161E-001, 9.950616E-001
9.771200E-002, 8.102776E-001, 2.494995E+000, 5.655133E+000, 7.046744E-001, -4.106629E-001, 5.740713E-001, 1.014399E+000
9.772000E-002, 1.040058E+000, 2.668358E+000, 5.562559E+000, 6.607729E-001, -4.206965E-001, 5.751346E-001, 1.030907E+000
9.772800E-002, 1.069428E+000, 2.645124E+000, 5.569055E+000, 5.605876E-001, -4.370609E-001, 5.904936E-001, 1.037038E+000
9.773600E-002, 9.381253E-001, 2.596868E+000, 5.539821E+000, 7.181825E-001, -4.374193E-001, 5.987638E-001, 1.046471E+000
9.774400E-002, 9.156656E-001, 2.752358E+000, 5.341681E+000, 8.859085E-001, -4.283412E-001, 5.942742E-001, 1.057437E+000
9.775200E-002, 1.017598E+000, 2.691592E+000, 5.226369E+000, 7.845975E-001, -4.401666E-001, 5.968735E-001, 1.062743E+000
9.776000E-002, 1.024509E+000, 2.377037E+000, 5.215000E+000, 5.628389E-001, -4.482891E-001, 6.038440E-001, 1.062861E+000
9.776800E-002, 9.433083E-001, 2.380611E+000, 5.247482E+000, 4.682820E-001, -4.282218E-001, 6.043167E-001, 1.070172E+000
9.777600E-002, 9.139379E-001, 2.612953E+000, 5.471609E+000, 4.255062E-001, -4.027793E-001, 6.091607E-001, 1.090688E+000
9.778400E-002, 9.985937E-001, 2.625464E+000, 5.681118E+000, 3.028074E-001, -3.829509E-001, 6.182579E-001, 1.098588E+000
9.779200E-002, 1.230102E+000, 2.566485E+000, 5.601537E+000, 2.690370E-001, -3.779341E-001, 6.174309E-001, 1.090570E+000
9.780000E-002, 1.351039E+000, 2.471761E+000, 5.448871E+000, 4.446428E-001, -3.966874E-001, 6.076248E-001, 1.101183E+000
9.780800E-002, 1.060790E+000, 2.232270E+000, 5.403396E+000, 6.067404E-001, -4.091101E-001, 5.987638E-001, 1.120402E+000
9.781600E-002, 7.152557E-001, 2.303760E+000, 5.393651E+000, 5.729700E-001, -3.999125E-001, 5.917932E-001, 1.118398E+000
9.782400E-002, 8.500141E-001, 2.695167E+000, 5.385531E+000, 5.144348E-001, -4.045710E-001, 5.832867E-001, 1.115804E+000
9.783200E-002, 1.262927E+000, 2.704103E+000, 5.299454E+000, 5.729700E-001, -4.381360E-001, 5.724173E-001, 1.130543E+000
9.784000E-002, 1.340673E+000, 2.242993E+000, 5.130547E+000, 6.044890E-001, -4.765983E-001, 5.585942E-001, 1.140919E+000
9.784800E-002, 1.045241E+000, 1.967758E+000, 5.125674E+000, 5.752214E-001, -5.041908E-001, 5.477247E-001, 1.138914E+000
9.785600E-002, 8.448310E-001, 2.223334E+000, 5.338432E+000, 5.358227E-001, -5.145828E-001, 5.471340E-001, 1.136674E+000
9.786400E-002, 8.551971E-001, 2.600443E+000, 5.502467E+000, 4.232549E-001, -5.026380E-001, 5.457162E-001, 1.144456E+000
9.787200E-002, 8.534694E-001, 2.621890E+000, 5.452119E+000, 3.500858E-001, -4.841235E-001, 5.378005E-001, 1.158488E+000
9.788000E-002, 8.033670E-001, 2.389548E+000, 5.356297E+000, 3.557142E-001, -4.824512E-001, 5.346105E-001, 1.161907E+000
9.788800E-002, 9.018442E-001, 2.366313E+000, 5.380659E+000, 2.566546E-001, -4.936794E-001, 5.369735E-001, 1.159785E+000
9.789600E-002, 1.154084E+000, 2.612953E+000, 5.268596E+000, 1.891139E-001, -4.992934E-001, 5.454800E-001, 1.161436E+000
9.790400E-002, 1.292298E+000, 2.793465E+000, 4.984377E+000, 2.994303E-001, -5.014435E-001, 5.633200E-001, 1.165091E+000
9.791200E-002, 1.205914E+000, 2.802401E+000, 4.969760E+000, 3.838561E-001, -5.047880E-001, 5.843500E-001, 1.177590E+000
9.792000E-002, 1.019326E+000, 2.704103E+000, 5.156532E+000, 4.187522E-001, -4.983379E-001, 6.046711E-001, 1.195630E+000
9.792800E-002, 8.983889E-001, 2.582570E+000, 5.135419E+000, 5.391997E-001, -4.848402E-001, 6.177853E-001, 1.202705E+000
9.793600E-002, 9.104825E-001, 2.582570E+000, 5.070455E+000, 6.382594E-001, -4.812568E-001, 6.221567E-001, 1.191268E+000
9.794400E-002, 9.761341E-001, 2.679081E+000, 5.146788E+000, 5.763471E-001, -4.795845E-001, 6.303087E-001, 1.175821E+000
9.795200E-002, 1.010687E+000, 2.586145E+000, 5.093193E+000, 4.604023E-001, -4.614284E-001, 6.457859E-001, 1.173463E+000
9.796000E-002, 9.329423E-001, 2.353803E+000, 4.813846E+000, 4.119981E-001, -4.449445E-001, 6.618537E-001, 1.180655E+000
9.796800E-002, 7.895456E-001, 2.525378E+000, 4.714776E+000, 3.669710E-001, -4.511558E-001, 6.838289E-001, 1.188673E+000
9.797600E-002, 8.292820E-001, 2.936445E+000, 4.966512E+000, 3.534628E-001, -4.641757E-001, 7.074581E-001, 1.185961E+000
9.798400E-002, 9.623127E-001, 2.866742E+000, 5.101313E+000, 4.491455E-001, -4.702675E-001, 7.190364E-001, 1.176175E+000
9.799200E-002, 1.027964E+000, 2.566485E+000, 4.982753E+000, 4.581509E-001, -4.603533E-001, 7.283700E-001, 1.179830E+000
9.800000E-002, 1.159267E+000, 2.561123E+000, 4.968136E+000, 3.230695E-001, -4.454223E-001, 7.423112E-001, 1.183721E+000
9.800800E-002, 1.171361E+000, 2.625464E+000, 5.042845E+000, 3.028074E-001, -4.596366E-001, 7.473914E-001, 1.174052E+000
9.801600E-002, 9.329423E-001, 2.648698E+000, 4.974633E+000, 3.973643E-001, -4.733732E-001, 7.486910E-001, 1.170279E+000
9.802400E-002, 8.586524E-001, 2.671932E+000, 4.843080E+000, 4.288833E-001, -4.536642E-001, 7.664129E-001, 1.173934E+000
9.803200E-002, 1.072884E+000, 2.537889E+000, 4.818718E+000, 4.097467E-001, -4.401666E-001, 8.048103E-001, 1.170751E+000
9.804000E-002, 1.254289E+000, 2.491421E+000, 4.843080E+000, 3.973643E-001, -4.395694E-001, 8.395453E-001, 1.167685E+000
9.804800E-002, 1.275021E+000, 2.723763E+000, 4.765123E+000, 3.939873E-001, -4.308496E-001, 8.486425E-001, 1.173817E+000
9.805600E-002, 1.147173E+000, 2.800614E+000, 4.576727E+000, 4.367630E-001, -4.291773E-001, 8.544317E-001, 1.179594E+000
9.806400E-002, 9.795894E-001, 2.693379E+000, 4.479281E+000, 4.772874E-001, -4.396888E-001, 8.788879E-001, 1.183721E+000
9.807200E-002, 9.623127E-001, 2.825635E+000, 4.623826E+000, 4.243806E-001, -4.492446E-001, 9.079518E-001, 1.184664E+000
9.808000E-002, 9.519467E-001, 3.111595E+000, 4.836584E+000, 3.917359E-001, -4.450639E-001, 9.268551E-001, 1.166152E+000
9.808800E-002, 7.999116E-001, 3.202744E+000, 4.843080E+000, 4.288833E-001, -4.266689E-001, 9.378427E-001, 1.143631E+000
9.809600E-002, 6.997067E-001, 2.990062E+000, 4.739138E+000, 3.647196E-001, -4.116185E-001, 9.552102E-001, 1.141391E+000
9.810400E-002, 7.584475E-001, 2.739848E+000, 4.865818E+000, 2.555289E-001, -3.958513E-001, 9.826201E-001, 1.144928E+000
9.811200E-002, 9.260316E-001, 2.696954E+000, 5.072079E+000, 2.746654E-001, -3.693338E-001, 1.007076E+000, 1.145400E+000
9.812000E-002, 1.062518E+000, 2.621890E+000, 4.940526E+000, 3.737251E-001, -3.508193E-001, 1.021136E+000, 1.146815E+000
9.812800E-002, 1.021053E+000, 2.489633E+000, 4.664429E+000, 4.142494E-001, -3.467581E-001, 1.027870E+000, 1.137971E+000
9.813600E-002, 8.638355E-001, 2.616528E+000, 4.688790E+000, 3.635940E-001, -3.497443E-001, 1.039094E+000, 1.123114E+000
9.814400E-002, 7.601752E-001, 2.845295E+000, 4.903172E+000, 4.108724E-001, -3.544028E-001, 1.057052E+000, 1.120049E+000
9.815200E-002, 8.189160E-001, 2.825635E+000, 4.942151E+000, 5.707187E-001, -3.501027E-001, 1.074065E+000, 1.123586E+000
9.816000E-002, 8.690184E-001, 2.727337E+000, 4.771620E+000, 5.268173E-001, -3.382773E-001, 1.089070E+000, 1.120874E+000
9.816800E-002, 7.549922E-001, 2.848870E+000, 4.584847E+000, 3.286979E-001, -3.306326E-001, 1.094504E+000, 1.113092E+000
9.817600E-002, 7.947286E-001, 2.975764E+000, 4.576727E+000, 3.151898E-001, -3.290798E-001, 1.091432E+000, 1.114625E+000
9.818400E-002, 1.098799E+000, 2.857806E+000, 4.763499E+000, 3.590913E-001, -3.254963E-001, 1.089778E+000, 1.132901E+000
9.819200E-002, 1.150629E+000, 2.686230E+000, 4.873938E+000, 2.397694E-001, -3.215545E-001, 1.088715E+000, 1.147286E+000
9.820000E-002, 8.137330E-001, 2.600443E+000, 4.825215E+000, 2.161302E-001, -3.286020E-001, 1.091196E+000, 1.139386E+000
9.820800E-002, 7.308048E-001, 2.514655E+000, 4.768372E+000, 3.782278E-001, -3.373217E-001, 1.094622E+000, 1.125590E+000
9.821600E-002, 1.086705E+000, 2.407420E+000, 4.685542E+000, 4.356374E-001, -3.301548E-001, 1.095804E+000, 1.124529E+000
9.822400E-002, 1.366588E+000, 2.421718E+000, 4.627074E+000, 3.872332E-001, -3.087736E-001, 1.101475E+000, 1.126298E+000
9.823200E-002, 1.351039E+000, 2.686230E+000, 4.703407E+000, 3.602169E-001, -2.876312E-001, 1.109627E+000, 1.115568E+000
9.824000E-002, 1.204187E+000, 2.982913E+000, 4.830087E+000, 2.408951E-001, -2.809421E-001, 1.120378E+000, 1.100357E+000
9.824800E-002, 1.083250E+000, 2.988275E+000, 4.878810E+000, 1.249502E-001, -2.847645E-001, 1.130775E+000, 1.097056E+000
9.825600E-002, 1.097071E+000, 2.856019E+000, 4.792733E+000, 1.868625E-001, -2.815394E-001, 1.134674E+000, 1.100475E+000
9.826400E-002, 1.304392E+000, 2.947168E+000, 4.664429E+000, 2.521518E-001, -2.698335E-001, 1.137509E+000, 1.095287E+000
9.827200E-002, 1.475431E+000, 3.066914E+000, 4.698535E+000, 2.262613E-001, -2.601582E-001, 1.138927E+000, 1.081138E+000
9.828000E-002, 1.321668E+000, 2.934658E+000, 4.747258E+000, 2.915506E-001, -2.571720E-001, 1.135619E+000, 1.066399E+000
9.828800E-002, 1.152357E+000, 2.800614E+000, 4.521507E+000, 4.649050E-001, -2.583664E-001, 1.131720E+000, 1.058380E+000
9.829600E-002, 1.297481E+000, 2.739848E+000, 4.260026E+000, 5.335713E-001, -2.601582E-001, 1.130184E+000, 1.056730E+000
9.830400E-002, 1.465065E+000, 2.666571E+000, 4.331487E+000, 4.671563E-001, -2.611137E-001, 1.130066E+000, 1.056494E+000
9.831200E-002, 1.409779E+000, 2.696954E+000, 4.540997E+000, 4.727847E-001, -2.544247E-001, 1.134438E+000, 1.056376E+000
9.832000E-002, 1.288842E+000, 2.668358E+000, 4.555614E+000, 5.605876E-001, -2.345963E-001, 1.140936E+000, 1.051070E+000
9.832800E-002, 1.235285E+000, 2.484272E+000, 4.404572E+000, 5.335713E-001, -2.189485E-001, 1.137155E+000, 1.044467E+000
9.833600E-002, 1.235285E+000, 2.552187E+000, 4.320118E+000, 3.827305E-001, -2.238459E-001, 1.138809E+000, 1.041165E+000
9.834400E-002, 1.335490E+000, 2.895338E+000, 4.450047E+000, 3.095614E-001, -2.338796E-001, 1.160075E+000, 1.033265E+000
9.835200E-002, 1.395958E+000, 2.982913E+000, 4.628698E+000, 3.534628E-001, -2.328045E-001, 1.170827E+000, 1.025837E+000
9.836000E-002, 1.268110E+000, 2.730911E+000, 4.571855E+000, 3.309493E-001, -2.332823E-001, 1.155940E+000, 1.023950E+000
9.836800E-002, 1.226646E+000, 2.611166E+000, 4.344480E+000, 2.611573E-001, -2.398520E-001, 1.144007E+000, 1.015225E+000
9.837600E-002, 1.364860E+000, 2.839933E+000, 4.248658E+000, 2.634086E-001, -2.314906E-001, 1.154641E+000, 1.001665E+000
9.838400E-002, 1.414962E+000, 3.059765E+000, 4.402948E+000, 1.913652E-001, -2.087954E-001, 1.170472E+000, 9.935287E-001
9.839200E-002, 1.309574E+000, 2.956105E+000, 4.584847E+000, 5.403254E-002, -1.970895E-001, 1.172953E+000, 9.846853E-001
9.840000E-002, 1.209370E+000, 2.763082E+000, 4.566982E+000, 8.104881E-002, -1.923116E-001, 1.168700E+000, 9.715970E-001
9.840800E-002, 1.275021E+000, 2.650486E+000, 4.424061E+000, 1.981193E-001, -1.773806E-001, 1.171654E+000, 9.641685E-001
9.841600E-002, 1.446061E+000, 2.512867E+000, 4.300629E+000, 1.913652E-001, -1.630468E-001, 1.183586E+000, 9.611028E-001
9.842400E-002, 1.591185E+000, 2.452101E+000, 4.328239E+000, 1.801085E-001, -1.540882E-001, 1.192447E+000, 9.520236E-001
9.843200E-002, 1.608462E+000, 2.561123E+000, 4.576727E+000, 3.534628E-001, -1.361709E-001, 1.189376E+000, 9.415294E-001
9.844000E-002, 1.399413E+000, 2.713039E+000, 4.768372E+000, 5.482051E-001, -1.178954E-001, 1.187958E+000, 9.325681E-001
9.844800E-002, 1.285387E+000, 2.791678E+000, 4.705031E+000, 6.191229E-001, -1.155064E-001, 1.201663E+000, 9.221918E-001
9.845600E-002, 1.508257E+000, 2.820274E+000, 4.667677E+000, 6.472648E-001, -1.224344E-001, 1.215840E+000, 9.161782E-001
9.846400E-002, 1.618828E+000, 2.882827E+000, 4.802478E+000, 5.932323E-001, -1.281679E-001, 1.212178E+000, 9.140558E-001
9.847200E-002, 1.420146E+000, 2.898913E+000, 4.808974E+000, 4.885442E-001, -1.249428E-001, 1.200127E+000, 9.050945E-001
9.848000E-002, 1.351039E+000, 2.754146E+000, 4.662805E+000, 5.358227E-001, -1.058311E-001, 1.197409E+000, 8.946003E-001
9.848800E-002, 1.501346E+000, 2.639762E+000, 4.718024E+000, 6.506418E-001, -7.895526E-002, 1.202844E+000, 8.950720E-001
9.849600E-002, 1.515167E+000, 2.698741E+000, 4.849576E+000, 6.033633E-001, -6.581596E-002, 1.207924E+000, 8.954257E-001
9.850400E-002, 1.447788E+000, 2.652273E+000, 4.757003E+000, 4.637793E-001, -7.166892E-002, 1.209815E+000, 8.805687E-001
9.851200E-002, 1.509984E+000, 2.425292E+000, 4.664429E+000, 4.378887E-001, -7.859691E-002, 1.210878E+000, 8.574579E-001
9.852000E-002, 1.458154E+000, 2.405633E+000, 4.757003E+000, 5.482051E-001, -7.668574E-002, 1.213832E+000, 8.369412E-001
9.852800E-002, 1.237012E+000, 2.632613E+000, 4.825215E+000, 6.382594E-001, -7.095223E-002, 1.218676E+000, 8.232634E-001
9.853600E-002, 1.214553E+000, 2.609379E+000, 4.739138E+000, 5.932323E-001, -6.330754E-002, 1.225883E+000, 8.198439E-001
9.854400E-002, 1.418418E+000, 2.393122E+000, 4.631947E+000, 5.020523E-001, -5.052659E-002, 1.235098E+000, 8.171319E-001
9.855200E-002, 1.591185E+000, 2.452101E+000, 4.693663E+000, 5.099321E-001, -4.300135E-002, 1.240533E+000, 8.018034E-001
9.856000E-002, 1.703483E+000, 2.587932E+000, 4.825215E+000, 6.134945E-001, -5.327389E-002, 1.238170E+000, 7.873002E-001
9.856800E-002, 1.743220E+000, 2.498569E+000, 4.781364E+000, 6.832865E-001, -6.939940E-002, 1.235452E+000, 7.901300E-001
9.857600E-002, 1.589457E+000, 2.305547E+000, 4.570230E+000, 6.101174E-001, -7.704408E-002, 1.236752E+000, 7.902480E-001
9.858400E-002, 1.408052E+000, 2.080354E+000, 4.393203E+000, 4.907956E-001, -7.298285E-002, 1.236634E+000, 7.658401E-001
9.859200E-002, 1.556631E+000, 2.028524E+000, 4.450047E+000, 4.525225E-001, -5.852962E-002, 1.237343E+000, 7.358904E-001
9.860000E-002, 1.884889E+000, 2.260866E+000, 4.713152E+000, 4.637793E-001, -4.574866E-002, 1.246204E+000, 7.235096E-001
9.860800E-002, 1.971272E+000, 2.346654E+000, 4.896676E+000, 5.178118E-001, -4.383749E-002, 1.256601E+000, 7.204439E-001
9.861600E-002, 1.795050E+000, 2.230483E+000, 4.847952E+000, 5.887296E-001, -5.148217E-002, 1.263217E+000, 7.123079E-001
9.862400E-002, 1.634377E+000, 2.273376E+000, 4.774868E+000, 5.819755E-001, -5.673789E-002, 1.276449E+000, 6.970973E-001
9.863200E-002, 1.667202E+000, 2.341292E+000, 4.859321E+000, 5.437024E-001, -3.977625E-002, 1.290627E+000, 6.823583E-001
9.864000E-002, 1.710394E+000, 2.210823E+000, 4.895051E+000, 5.639646E-001, -1.313930E-002, 1.288500E+000, 6.724536E-001
9.864800E-002, 1.580819E+000, 2.107163E+000, 4.737514E+000, 6.236256E-001, -7.286340E-003, 1.281529E+000, 6.577146E-001
9.865600E-002, 1.471976E+000, 2.259079E+000, 4.575103E+000, 6.551445E-001, -1.588661E-002, 1.284956E+000, 6.387307E-001
9.866400E-002, 1.566998E+000, 2.452101E+000, 4.636819E+000, 5.887296E-001, -1.791723E-002, 1.294644E+000, 6.263499E-001
9.867200E-002, 1.776046E+000, 2.432441E+000, 4.912917E+000, 4.288833E-001, -1.290040E-002, 1.305395E+000, 6.152661E-001
9.868000E-002, 1.846880E+000, 2.296611E+000, 5.036349E+000, 3.185668E-001, -1.086979E-002, 1.311775E+000, 5.952211E-001
9.868800E-002, 1.706939E+000, 2.155418E+000, 4.937278E+000, 3.332007E-001, -1.457268E-002, 1.310593E+000, 5.681013E-001
9.869600E-002, 1.577363E+000, 2.071418E+000, 4.883683E+000, 3.725994E-001, -1.301985E-002, 1.302914E+000, 5.461696E-001
9.870400E-002, 1.603279E+000, 2.155418E+000, 4.846328E+000, 4.266319E-001, -2.627860E-003, 1.291335E+000, 5.398023E-001
9.871200E-002, 1.798505E+000, 2.289462E+000, 4.825215E+000, 5.324456E-001, 5.972410E-003, 1.288264E+000, 5.400382E-001
9.872000E-002, 2.000643E+000, 2.268015E+000, 4.885307E+000, 5.977349E-001, 5.375169E-003, 1.294525E+000, 5.306051E-001
9.872800E-002, 1.914259E+000, 2.184014E+000, 4.893427E+000, 5.628389E-001, -2.627860E-003, 1.293698E+000, 5.132720E-001
9.873600E-002, 1.717305E+000, 2.078567E+000, 4.912917E+000, 5.144348E-001, -1.337820E-002, 1.287082E+000, 4.982972E-001
9.874400E-002, 1.772590E+000, 1.957034E+000, 4.997370E+000, 5.403254E-001, -2.747308E-002, 1.284719E+000, 4.873314E-001
9.875200E-002, 1.872795E+000, 1.994566E+000, 5.067207E+000, 5.684673E-001, -3.822342E-002, 1.279639E+000, 4.787238E-001
9.876000E-002, 1.744948E+000, 2.073205E+000, 5.229617E+000, 5.335713E-001, -3.463998E-002, 1.268533E+000, 4.771909E-001
9.876800E-002, 1.547993E+000, 2.007077E+000, 5.291333E+000, 5.369483E-001, -2.377019E-002, 1.261445E+000, 4.781342E-001
9.877600E-002, 1.435694E+000, 1.965970E+000, 5.125674E+000, 6.022376E-001, -2.090343E-002, 1.263335E+000, 4.653997E-001
9.878400E-002, 1.440878E+000, 2.067843E+000, 5.167901E+000, 6.224999E-001, -2.866757E-002, 1.265580E+000, 4.432322E-001
9.879200E-002, 1.527261E+000, 2.135759E+000, 5.356297E+000, 6.168715E-001, -3.165377E-002, 1.260499E+000, 4.325022E-001
9.880000E-002, 1.589457E+000, 2.024949E+000, 5.262099E+000, 6.179972E-001, -2.066454E-002, 1.252347E+000, 4.337992E-001
9.880800E-002, 1.662019E+000, 1.964183E+000, 5.111057E+000, 5.999863E-001, -1.481158E-002, 1.250339E+000, 4.323843E-001
9.881600E-002, 1.706939E+000, 2.160780E+000, 5.158156E+000, 6.179972E-001, -2.651750E-002, 1.251875E+000, 4.288469E-001
9.882400E-002, 1.682751E+000, 2.412782E+000, 5.176022E+000, 6.528932E-001, -4.144852E-002, 1.250457E+000, 4.270782E-001
9.883200E-002, 1.674113E+000, 2.375250E+000, 4.976257E+000, 5.752214E-001, -4.598755E-002, 1.246440E+000, 4.215363E-001
9.884000E-002, 1.587730E+000, 2.008864E+000, 4.706656E+000, 4.412657E-001, -5.016824E-002, 1.237106E+000, 4.128108E-001
9.884800E-002, 1.432239E+000, 1.799756E+000, 4.744010E+000, 5.133091E-001, -6.163527E-002, 1.225292E+000, 4.071510E-001
9.885600E-002, 1.485797E+000, 1.982056E+000, 5.114305E+000, 7.294393E-001, -6.402423E-002, 1.220802E+000, 4.043211E-001
9.886400E-002, 1.744948E+000, 2.062482E+000, 5.439126E+000, 7.361934E-001, -5.673789E-002, 1.227064E+000, 3.987793E-001
9.887200E-002, 1.962634E+000, 1.915927E+000, 5.565807E+000, 5.853525E-001, -5.195996E-002, 1.239942E+000, 3.927657E-001
9.888000E-002, 2.045562E+000, 1.810480E+000, 5.495970E+000, 4.840415E-001, -4.037349E-002, 1.248921E+000, 3.946523E-001
9.888800E-002, 1.888344E+000, 1.728267E+000, 5.263723E+000, 4.119981E-001, -2.974260E-002, 1.250575E+000, 3.985434E-001
9.889600E-002, 1.637832E+000, 1.726479E+000, 5.037973E+000, 4.097467E-001, -3.404273E-002, 1.253529E+000, 3.915866E-001
9.890400E-002, 1.679296E+000, 1.824778E+000, 5.005491E+000, 4.817901E-001, -3.045929E-002, 1.260381E+000, 3.797954E-001
9.891200E-002, 1.969545E+000, 1.758650E+000, 5.179270E+000, 4.716590E-001, -1.481158E-002, 1.268415E+000, 3.755505E-001
9.892000E-002, 2.104303E+000, 1.563840E+000, 5.268596E+000, 4.243806E-001, -1.134758E-002, 1.280112E+000, 3.695370E-001
9.892800E-002, 1.834786E+000, 1.619245E+000, 5.226369E+000, 4.333860E-001, -1.194482E-002, 1.289918E+000, 3.562129E-001
9.893600E-002, 1.501346E+000, 1.783671E+000, 5.344929E+000, 3.838561E-001, -3.463998E-003, 1.287082E+000, 3.498457E-001
9.894400E-002, 1.541082E+000, 1.631755E+000, 5.432630E+000, 4.007413E-001, 4.300135E-003, 1.284837E+000, 3.494919E-001
9.895200E-002, 1.758769E+000, 1.445882E+000, 5.310822E+000, 5.583363E-001, 6.808547E-003, 1.301142E+000, 3.474874E-001
9.896000E-002, 1.867612E+000, 1.612096E+000, 5.318943E+000, 5.932323E-001, 4.539031E-003, 1.325598E+000, 3.452471E-001
9.896800E-002, 1.839970E+000, 1.769373E+000, 5.461864E+000, 5.234402E-001, 4.180687E-003, 1.337412E+000, 3.381723E-001
9.897600E-002, 1.777773E+000, 1.640692E+000, 5.508963E+000, 4.851672E-001, 1.684220E-002, 1.335640E+000, 3.329842E-001
9.898400E-002, 1.867612E+000, 1.608521E+000, 5.492722E+000, 4.694077E-001, 3.834287E-002, 1.339657E+000, 3.354604E-001
9.899200E-002, 2.021375E+000, 1.735416E+000, 5.497594E+000, 5.538335E-001, 5.578231E-002, 1.355016E+000, 3.303902E-001
9.900000E-002, 1.959179E+000, 1.642479E+000, 5.495970E+000, 7.136798E-001, 6.450202E-002, 1.366949E+000, 3.252020E-001
9.900800E-002, 1.682751E+000, 1.542393E+000, 5.370914E+000, 7.620839E-001, 6.438258E-002, 1.373447E+000, 3.325126E-001
9.901600E-002, 1.534172E+000, 1.717543E+000, 5.156532E+000, 6.528932E-001, 6.067968E-002, 1.378645E+000, 3.336917E-001
9.902400E-002, 1.655109E+000, 1.831927E+000, 5.062335E+000, 5.256916E-001, 6.748823E-002, 1.375219E+000, 3.281498E-001
9.903200E-002, 1.782956E+000, 1.853374E+000, 5.132171E+000, 4.502712E-001, 8.433042E-002, 1.370257E+000, 3.276782E-001
9.904000E-002, 1.769135E+000, 1.903417E+000, 5.234489E+000, 3.984900E-001, 9.316959E-002, 1.380654E+000, 3.233154E-001
9.904800E-002, 1.629194E+000, 1.753288E+000, 5.343305E+000, 4.255062E-001, 9.149732E-002, 1.393650E+000, 3.173019E-001
9.905600E-002, 1.515167E+000, 1.540606E+000, 5.411517E+000, 5.133091E-001, 8.636104E-002, 1.399439E+000, 3.157690E-001
9.906400E-002, 1.608462E+000, 1.562053E+000, 5.301078E+000, 4.795388E-001, 8.982504E-002, 1.410427E+000, 3.164765E-001
9.907200E-002, 1.786412E+000, 1.672862E+000, 5.221497E+000, 3.095614E-001, 1.202843E-001, 1.423659E+000, 3.257916E-001
9.908000E-002, 1.917715E+000, 1.701458E+000, 5.328688E+000, 2.172558E-001, 1.569549E-001, 1.433347E+000, 3.381723E-001
9.908800E-002, 1.931536E+000, 1.699671E+000, 5.338432E+000, 2.071247E-001, 1.659135E-001, 1.440790E+000, 3.380544E-001
9.909600E-002, 1.781229E+000, 1.726479E+000, 5.273468E+000, 1.902396E-001, 1.671080E-001, 1.441381E+000, 3.270886E-001
9.910400E-002, 1.762224E+000, 1.672862E+000, 5.268596E+000, 2.420207E-001, 1.794112E-001, 1.436064E+000, 3.207214E-001
9.911200E-002, 1.864157E+000, 1.490563E+000, 5.223121E+000, 2.453978E-001, 1.816807E-001, 1.426494E+000, 3.274423E-001
9.912000E-002, 1.826148E+000, 1.465541E+000, 5.236114E+000, 1.181962E-001, 1.708109E-001, 1.418933E+000, 3.332200E-001
9.912800E-002, 1.893527E+000, 1.703245E+000, 5.322191E+000, 8.555152E-002, 1.635246E-001, 1.417988E+000, 3.216646E-001
9.913600E-002, 1.945357E+000, 1.846225E+000, 5.281589E+000, 1.395841E-001, 1.648385E-001, 1.413617E+000, 3.005584E-001
9.914400E-002, 1.620555E+000, 1.708607E+000, 5.247482E+000, 8.442584E-002, 1.775000E-001, 1.403692E+000, 2.947806E-001
9.915200E-002, 1.470248E+000, 1.587074E+000, 5.401772E+000, -5.628389E-003, 1.932672E-001, 1.393886E+000, 3.161228E-001
9.916000E-002, 1.855518E+000, 1.672862E+000, 5.569055E+000, 1.688517E-002, 1.985229E-001, 1.387506E+000, 3.348708E-001
9.916800E-002, 2.074933E+000, 1.699671E+000, 5.551190E+000, 6.979203E-002, 2.022258E-001, 1.383608E+000, 3.228438E-001
9.917600E-002, 1.824420E+000, 1.572776E+000, 5.367666E+000, 6.078660E-002, 2.043758E-001, 1.379591E+000, 3.082227E-001
9.918400E-002, 1.641287E+000, 1.604947E+000, 5.244234E+000, 3.377034E-002, 1.898032E-001, 1.381717E+000, 3.237871E-001
9.919200E-002, 1.634377E+000, 1.771160E+000, 5.302702E+000, 3.264466E-002, 1.679442E-001, 1.379591E+000, 3.451292E-001
9.920000E-002, 1.471976E+000, 1.758650E+000, 5.440751E+000, 7.654610E-002, 1.550438E-001, 1.356316E+000, 3.454829E-001
9.920800E-002, 1.392503E+000, 1.588861E+000, 5.544693E+000, 1.159448E-001, 1.495491E-001, 1.335522E+000, 3.395873E-001
9.921600E-002, 1.734582E+000, 1.481627E+000, 5.551190E+000, 9.230559E-002, 1.484741E-001, 1.335758E+000, 3.365216E-001
9.922400E-002, 2.128490E+000, 1.656777E+000, 5.479729E+000, 9.568262E-002, 1.569549E-001, 1.338948E+000, 3.320409E-001
9.923200E-002, 2.031741E+000, 1.994566E+000, 5.338432E+000, 2.318897E-001, 1.749916E-001, 1.340721E+000, 3.255557E-001
9.924000E-002, 1.622283E+000, 1.933800E+000, 5.187390E+000, 3.737251E-001, 1.925505E-001, 1.352890E+000, 3.204855E-001
9.924800E-002, 1.482342E+000, 1.495925E+000, 5.271844E+000, 3.590913E-001, 1.984034E-001, 1.365886E+000, 3.252020E-001
9.925600E-002, 1.579091E+000, 1.306477E+000, 5.491098E+000, 3.106871E-001, 1.948200E-001, 1.365059E+000, 3.334559E-001
9.926400E-002, 1.573908E+000, 1.404775E+000, 5.413141E+000, 2.510262E-001, 1.973284E-001, 1.363286E+000, 3.322767E-001
9.927200E-002, 1.584274E+000, 1.451244E+000, 5.119178E+000, 1.260759E-001, 2.079593E-001, 1.371439E+000, 3.247304E-001
9.928000E-002, 1.781229E+000, 1.520946E+000, 5.115930E+000, 1.181962E-001, 2.200236E-001, 1.379236E+000, 3.154153E-001
9.928800E-002, 1.902166E+000, 1.624606E+000, 5.431006E+000, 2.105018E-001, 2.322073E-001, 1.380418E+000, 3.063360E-001
9.929600E-002, 1.701756E+000, 1.594223E+000, 5.606410E+000, 2.296383E-001, 2.451077E-001, 1.377582E+000, 3.018554E-001
9.930400E-002, 1.416690E+000, 1.660351E+000, 5.549566E+000, 1.891139E-001, 2.612332E-001, 1.378409E+000, 3.000867E-001
9.931200E-002, 1.330307E+000, 1.797969E+000, 5.431006E+000, 1.575949E-001, 2.784337E-001, 1.385970E+000, 2.918328E-001
9.932000E-002, 1.471976E+000, 1.549542E+000, 5.325439E+000, 1.418354E-001, 2.836895E-001, 1.392587E+000, 2.766221E-001
9.932800E-002, 1.675841E+000, 1.252859E+000, 5.349801E+000, 1.001853E-001, 2.816588E-001, 1.393768E+000, 2.696653E-001
9.933600E-002, 1.712122E+000, 1.363668E+000, 5.421261E+000, 5.515822E-002, 2.912147E-001, 1.390224E+000, 2.709624E-001
9.934400E-002, 1.637832E+000, 1.372605E+000, 5.336808E+000, 1.001853E-001, 2.981427E-001, 1.388806E+000, 2.616473E-001
9.935200E-002, 1.522078E+000, 1.145625E+000, 5.294581E+000, 1.778571E-001, 2.836895E-001, 1.398612E+000, 2.497382E-001
9.936000E-002, 1.300936E+000, 1.260008E+000, 5.456992E+000, 1.384584E-001, 2.694751E-001, 1.410427E+000, 2.550442E-001
9.936800E-002, 1.287115E+000, 1.619245E+000, 5.534949E+000, 2.701627E-002, 2.735364E-001, 1.409718E+000, 2.632981E-001
9.937600E-002, 1.570453E+000, 1.753288E+000, 5.392027E+000, 5.515822E-002, 2.896619E-001, 1.399912E+000, 2.562234E-001
9.938400E-002, 1.601551E+000, 1.694309E+000, 5.232865E+000, 1.632233E-001, 3.117598E-001, 1.392705E+000, 2.434888E-001
9.939200E-002, 1.349311E+000, 1.633543E+000, 5.158156E+000, 9.455694E-002, 3.247796E-001, 1.393768E+000, 2.403052E-001
9.940000E-002, 1.344128E+000, 1.588861E+000, 5.192263E+000, -6.754068E-002, 3.165377E-001, 1.398494E+000, 2.439605E-001
9.940800E-002, 1.561814E+000, 1.545968E+000, 5.286461E+000, -7.542042E-002, 3.048318E-001, 1.392823E+000, 2.375932E-001
9.941600E-002, 1.649926E+000, 1.470903E+000, 5.213376E+000, 4.052440E-002, 2.983816E-001, 1.377110E+000, 2.194347E-001
9.942400E-002, 1.579091E+000, 1.349370E+000, 5.024980E+000, 1.215732E-001, 2.817783E-001, 1.366240E+000, 2.107092E-001
9.943200E-002, 1.414962E+000, 1.377966E+000, 5.111057E+000, 2.116274E-001, 2.644583E-001, 1.361514E+000, 2.210855E-001
9.944000E-002, 1.259472E+000, 1.588861E+000, 5.479729E+000, 3.613426E-001, 2.676834E-001, 1.358797E+000, 2.292214E-001
9.944800E-002, 1.249106E+000, 1.597798E+000, 5.648636E+000, 3.635940E-001, 2.858395E-001, 1.360924E+000, 2.240333E-001
9.945600E-002, 1.349311E+000, 1.438733E+000, 5.495970E+000, 1.958680E-001, 2.914536E-001, 1.373801E+000, 2.217930E-001
9.946400E-002, 1.511712E+000, 1.476265E+000, 5.380659E+000, 1.046880E-001, 2.761642E-001, 1.385852E+000, 2.281602E-001
9.947200E-002, 1.547993E+000, 1.642479E+000, 5.369290E+000, 1.317043E-001, 2.711474E-001, 1.371911E+000, 2.351170E-001
9.948000E-002, 1.335490E+000, 1.621032E+000, 5.232865E+000, 1.947423E-001, 2.795088E-001, 1.349109E+000, 2.367678E-001
9.948800E-002, 1.179999E+000, 1.397626E+000, 5.047718E+000, 2.465235E-001, 2.695946E-001, 1.351472E+000, 2.341737E-001
9.949600E-002, 1.264655E+000, 1.406562E+000, 5.085072E+000, 2.420207E-001, 2.520357E-001, 1.364704E+000, 2.338200E-001
9.950400E-002, 1.428784E+000, 1.681798E+000, 5.284837E+000, 2.217585E-001, 2.562164E-001, 1.364350E+000, 2.321692E-001
9.951200E-002, 1.520350E+000, 1.656777E+000, 5.346553E+000, 2.059990E-001, 2.717446E-001, 1.357143E+000, 2.305185E-001
9.952000E-002, 1.456427E+000, 1.379754E+000, 5.325439E+000, 2.037477E-001, 2.838089E-001, 1.361396E+000, 2.314618E-001
9.952800E-002, 1.238740E+000, 1.342221E+000, 5.419637E+000, 2.352667E-001, 2.995761E-001, 1.374038E+000, 2.200243E-001
9.953600E-002, 1.133352E+000, 1.538819E+000, 5.473233E+000, 1.778571E-001, 3.131932E-001, 1.379118E+000, 2.039882E-001
9.954400E-002, 1.235285E+000, 1.747926E+000, 5.427758E+000, -2.589059E-002, 3.145071E-001, 1.382544E+000, 2.035166E-001
9.955200E-002, 1.205914E+000, 1.855161E+000, 5.392027E+000, -1.249502E-001, 3.119987E-001, 1.388570E+000, 2.107092E-001
9.956000E-002, 1.041785E+000, 1.764012E+000, 5.297830E+000, -6.754067E-003, 3.154627E-001, 1.388451E+000, 2.190810E-001
9.956800E-002, 1.067701E+000, 1.592436E+000, 5.119178E+000, 5.740957E-002, 3.186878E-001, 1.390814E+000, 2.241512E-001
9.957600E-002, 1.186910E+000, 1.565627E+000, 5.093193E+000, -4.502711E-003, 3.148654E-001, 1.398021E+000, 2.163690E-001
9.958400E-002, 1.173089E+000, 1.621032E+000, 5.336808E+000, -1.801085E-002, 3.117598E-001, 1.402747E+000, 2.096480E-001
9.959200E-002, 1.135080E+000, 1.515584E+000, 5.406644E+000, -4.502711E-003, 3.145071E-001, 1.410781E+000, 2.144824E-001
9.960000E-002, 1.107437E+000, 1.383328E+000, 5.133795E+000, 4.052440E-002, 3.180905E-001, 1.413853E+000, 2.179019E-001
9.960800E-002, 1.003777E+000, 1.615670E+000, 5.133795E+000, 1.125678E-001, 3.176127E-001, 1.392941E+000, 2.154257E-001
9.961600E-002, 9.433083E-001, 2.021375E+000, 5.450495E+000, 7.879745E-002, 3.118792E-001, 1.360687E+000, 2.041061E-001
9.962400E-002, 1.041785E+000, 2.067843E+000, 5.422885E+000, 3.489602E-002, 3.055485E-001, 1.345564E+000, 1.930224E-001
9.963200E-002, 1.204187E+000, 1.869459E+000, 5.104561E+000, 1.159448E-001, 3.026817E-001, 1.338594E+000, 2.033986E-001
9.964000E-002, 1.233557E+000, 1.810480E+000, 4.958392E+000, 2.082504E-001, 3.041151E-001, 1.315910E+000, 2.186093E-001
9.964800E-002, 1.141990E+000, 1.864097E+000, 4.951895E+000, 1.238246E-001, 3.053096E-001, 1.290154E+000, 2.242691E-001
9.965600E-002, 1.098799E+000, 1.865885E+000, 5.041221E+000, -8.667719E-002, 2.931259E-001, 1.273259E+000, 2.391261E-001
9.966400E-002, 1.003777E+000, 1.856948E+000, 5.270220E+000, -1.654747E-001, 2.686390E-001, 1.251757E+000, 2.568129E-001
9.967200E-002, 8.154606E-001, 1.932013E+000, 5.382283E+000, -9.793398E-002, 2.447493E-001, 1.229427E+000, 2.607040E-001
9.968000E-002, 7.601752E-001, 1.928438E+000, 5.265347E+000, -4.615279E-002, 2.242043E-001, 1.217967E+000, 2.673071E-001
9.968800E-002, 8.431034E-001, 1.758650E+000, 5.150036E+000, -4.165008E-002, 2.064065E-001, 1.200954E+000, 2.892388E-001
9.969600E-002, 9.467636E-001, 1.674649E+000, 5.218248E+000, -8.667719E-002, 1.929088E-001, 1.171890E+000, 3.099913E-001
9.970400E-002, 1.057335E+000, 1.772948E+000, 5.416389E+000, -1.575949E-001, 1.802473E-001, 1.151569E+000, 3.257916E-001
9.971200E-002, 1.057335E+000, 1.837289E+000, 5.476481E+000, -1.857368E-001, 1.620912E-001, 1.143535E+000, 3.498457E-001
9.972000E-002, 1.003777E+000, 1.767586E+000, 5.195511E+000, -1.249502E-001, 1.448907E-001, 1.133492E+000, 3.726027E-001
9.972800E-002, 1.012415E+000, 1.710394E+000, 4.753755E+000, 3.264466E-002, 1.300791E-001, 1.115416E+000, 3.828611E-001
9.973600E-002, 9.519467E-001, 1.783671E+000, 4.568606E+000, 1.384584E-001, 1.088173E-001, 1.092968E+000, 3.893463E-001
9.974400E-002, 9.191209E-001, 1.905204E+000, 4.757003E+000, 7.429474E-002, 9.125842E-002, 1.074183E+000, 4.011375E-001
9.975200E-002, 1.005504E+000, 1.987417E+000, 5.029852E+000, 4.615279E-002, 7.967194E-002, 1.060596E+000, 4.220080E-001
9.976000E-002, 9.778617E-001, 2.092865E+000, 5.143539E+000, 2.037477E-001, 5.888796E-002, 1.046064E+000, 4.408739E-001
9.976800E-002, 8.621078E-001, 2.126822E+000, 5.091568E+000, 3.298236E-001, 3.201212E-002, 1.028579E+000, 4.437038E-001
9.977600E-002, 9.588574E-001, 2.014226E+000, 4.877186E+000, 3.061844E-001, 1.098923E-002, 1.010857E+000, 4.505427E-001
9.978400E-002, 1.062518E+000, 1.996354E+000, 4.666053E+000, 2.048734E-001, 4.777928E-004, 9.975064E-001, 4.803745E-001
9.979200E-002, 7.878179E-001, 2.021375E+000, 4.679046E+000, 3.489602E-002, -3.822342E-003, 9.853374E-001, 5.120929E-001
9.980000E-002, 5.874081E-001, 1.873034E+000, 4.794357E+000, -2.476491E-002, -1.325875E-002, 9.621808E-001, 5.223513E-001
9.980800E-002, 8.569248E-001, 1.805118E+000, 4.922661E+000, 1.553435E-001, -3.296770E-002, 9.386697E-001, 5.164557E-001
9.981600E-002, 1.007232E+000, 2.058907E+000, 5.102937E+000, 2.881735E-001, -5.960465E-002, 9.338258E-001, 5.243558E-001
9.982400E-002, 8.050946E-001, 2.409207E+000, 5.124050E+000, 2.172558E-001, -8.624160E-002, 9.283910E-001, 5.550130E-001
9.983200E-002, 7.325324E-001, 2.489633E+000, 4.997370E+000, 1.553435E-001, -1.076228E-001, 9.072430E-001, 5.741148E-001
9.984000E-002, 7.809072E-001, 2.164355E+000, 5.003867E+000, 1.722287E-001, -1.261373E-001, 8.963735E-001, 5.743506E-001
9.984800E-002, 7.031620E-001, 1.764012E+000, 5.080200E+000, 1.418354E-001, -1.479963E-001, 9.014538E-001, 5.850806E-001
9.985600E-002, 6.841577E-001, 1.814054E+000, 5.050966E+000, 1.024367E-001, -1.754694E-001, 9.049982E-001, 6.090168E-001
9.986400E-002, 7.860903E-001, 2.100014E+000, 5.042845E+000, 1.463381E-001, -1.995979E-001, 9.117325E-001, 6.313022E-001
9.987200E-002, 8.085499E-001, 2.146482E+000, 5.081824E+000, 2.206329E-001, -2.114233E-001, 9.192938E-001, 6.454517E-001
9.988000E-002, 8.413757E-001, 2.219759E+000, 4.981129E+000, 2.285126E-001, -2.224125E-001, 9.164583E-001, 6.502861E-001
9.988800E-002, 9.709510E-001, 2.375250E+000, 4.875562E+000, 1.485895E-001, -2.431965E-001, 9.139773E-001, 6.526443E-001
9.989600E-002, 9.813170E-001, 2.205461E+000, 4.986001E+000, 9.005423E-002, -2.595609E-001, 9.177579E-001, 6.647893E-001
9.990400E-002, 8.603801E-001, 1.926651E+000, 5.098064E+000, 1.530922E-001, -2.660111E-001, 9.223656E-001, 6.838911E-001
9.991200E-002, 8.465587E-001, 1.930225E+000, 5.080200E+000, 2.195072E-001, -2.704307E-001, 9.324080E-001, 6.907300E-001
9.992000E-002, 9.104825E-001, 2.021375E+000, 5.109433E+000, 1.711030E-001, -2.646972E-001, 9.461129E-001, 6.880180E-001
9.992800E-002, 9.087549E-001, 2.014226E+000, 5.060710E+000, 1.046880E-001, -2.459438E-001, 9.514295E-001, 6.912017E-001
9.993600E-002, 8.862951E-001, 2.041035E+000, 4.831711E+000, 1.812341E-001, -2.356713E-001, 9.528473E-001, 6.952107E-001
9.994400E-002, 8.983889E-001, 2.133971E+000, 4.771620E+000, 3.253209E-001, -2.454660E-001, 9.602905E-001, 6.912017E-001
9.995200E-002, 9.035718E-001, 2.214397E+000, 4.951895E+000, 3.467088E-001, -2.611137E-001, 9.653708E-001, 6.779955E-001
9.996000E-002, 8.396481E-001, 2.253717E+000, 5.034725E+000, 2.487748E-001, -2.735364E-001, 9.631260E-001, 6.610161E-001
9.996800E-002, 7.100728E-001, 2.167929E+000, 4.893427E+000, 1.530922E-001, -2.840478E-001, 9.669067E-001, 6.574787E-001
9.997600E-002, 6.202338E-001, 2.048184E+000, 4.734265E+000, 2.105018E-001, -2.877507E-001, 9.762402E-001, 6.690342E-001
9.998400E-002, 6.098678E-001, 2.191163E+000, 4.771620E+000, 4.401400E-001, -2.864368E-001, 9.755313E-001, 6.713924E-001
9.999200E-002, 5.666760E-001, 2.325207E+000, 4.984377E+000, 5.482051E-001, -2.821366E-001, 9.702147E-001, 6.555921E-001
1.000000E-001, 4.802925E-001, 2.225121E+000, 5.192263E+000, 3.230695E-001, -2.773587E-001, 9.748224E-001, 6.361367E-001
1.000080E-001, 5.183012E-001, 2.394909E+000, 5.176022E+000, 4.615279E-002, -2.897813E-001, 9.859282E-001, 6.288261E-001
1.000160E-001, 7.187111E-001, 2.746997E+000, 4.877186E+000, 6.078660E-002, -3.153432E-001, 9.894725E-001, 6.375516E-001
1.000240E-001, 8.845675E-001, 2.723763E+000, 4.687166E+000, 2.138788E-001, -3.271686E-001, 9.742317E-001, 6.480458E-001
1.000320E-001, 8.206437E-001, 2.516442E+000, 4.841456E+000, 1.913652E-001, -3.269297E-001, 9.496573E-001, 6.443905E-001
1.000400E-001, 6.219615E-001, 2.389548E+000, 4.953519E+000, 2.363924E-002, -3.381578E-001, 9.397331E-001, 6.338963E-001
1.000480E-001, 4.906585E-001, 2.264440E+000, 4.841456E+000, -6.191228E-002, -3.643170E-001, 9.403238E-001, 6.295335E-001
1.000560E-001, 5.666760E-001, 2.214397E+000, 4.815470E+000, 6.528932E-002, -3.790091E-001, 9.338258E-001, 6.235200E-001
1.000640E-001, 8.033670E-001, 2.264440E+000, 4.927534E+000, 2.802938E-001, -3.713644E-001, 9.269733E-001, 6.079556E-001
1.000720E-001, 8.448310E-001, 2.344867E+000, 4.899924E+000, 3.196925E-001, -3.627641E-001, 9.281548E-001, 5.973435E-001
1.000800E-001, 6.565149E-001, 2.559336E+000, 4.826839E+000, 2.431464E-001, -3.584640E-001, 9.301633E-001, 6.004092E-001
1.000880E-001, 5.493993E-001, 2.675507E+000, 4.908044E+000, 2.014963E-001, -3.589418E-001, 9.268551E-001, 5.998197E-001
1.000960E-001, 5.960464E-001, 2.468186E+000, 4.937278E+000, 9.005423E-002, -3.818759E-001, 9.214205E-001, 5.907404E-001
1.001040E-001, 7.238941E-001, 2.362739E+000, 4.833335E+000, -5.628389E-003, -4.082739E-001, 9.184668E-001, 5.830761E-001
1.001120E-001, 7.739965E-001, 2.536102E+000, 4.817094E+000, 2.926763E-002, -4.113796E-001, 9.135047E-001, 5.762372E-001
1.001200E-001, 6.772470E-001, 2.636188E+000, 4.937278E+000, 4.277576E-002, -4.117379E-001, 9.052345E-001, 5.708132E-001
1.001280E-001, 6.375105E-001, 2.611166E+000, 5.073703E+000, 3.939873E-002, -4.211743E-001, 8.986183E-001, 5.627952E-001
1.001360E-001, 6.599703E-001, 2.695167E+000, 5.156532E+000, 3.827305E-002, -4.306107E-001, 8.922384E-001, 5.473487E-001
1.001440E-001, 6.115955E-001, 2.900700E+000, 5.132171E+000, -4.840415E-002, -4.437500E-001, 8.869218E-001, 5.399202E-001
1.001520E-001, 6.219615E-001, 2.981126E+000, 4.950271E+000, -1.181962E-001, -4.496030E-001, 8.863311E-001, 5.468770E-001
1.001600E-001, 6.496043E-001, 2.902487E+000, 4.808974E+000, -6.866635E-002, -4.376582E-001, 8.897573E-001, 5.485278E-001
1.001680E-001, 5.804974E-001, 2.848870E+000, 4.885307E+000, -3.377034E-003, -4.343136E-001, 8.966098E-001, 5.442830E-001
1.001760E-001, 6.444212E-001, 2.784529E+000, 5.018484E+000, -1.350813E-002, -4.521114E-001, 9.057071E-001, 5.501786E-001
1.001840E-001, 8.569248E-001, 2.716614E+000, 5.102937E+000, -2.251356E-003, -4.586810E-001, 9.112599E-001, 5.578429E-001
1.001920E-001, 9.070272E-001, 2.772018E+000, 5.166277E+000, 3.151898E-002, -4.413611E-001, 9.159858E-001, 5.558384E-001
1.002000E-001, 7.377155E-001, 2.755933E+000, 5.041221E+000, -9.005423E-003, -4.255939E-001, 9.260281E-001, 5.469950E-001
1.002080E-001, 5.701314E-001, 2.491421E+000, 4.800854E+000, 1.350813E-002, -4.284607E-001, 9.334713E-001, 5.369724E-001
1.002160E-001, 4.872032E-001, 2.262653E+000, 4.826839E+000, 1.452124E-001, -4.358664E-001, 9.396150E-001, 5.329634E-001
1.002240E-001, 4.647435E-001, 2.369888E+000, 4.995746E+000, 1.598463E-001, -4.259523E-001, 9.547376E-001, 5.274215E-001
1.002320E-001, 5.666760E-001, 2.593294E+000, 4.955143E+000, 1.125678E-001, -4.131713E-001, 9.689151E-001, 5.125646E-001
1.002400E-001, 6.530596E-001, 2.629039E+000, 4.929158E+000, 2.206329E-001, -4.132907E-001, 9.738773E-001, 5.071406E-001
1.002480E-001, 5.891358E-001, 2.607592E+000, 5.135419E+000, 3.028074E-001, -4.054072E-001, 9.755313E-001, 5.172811E-001
1.002560E-001, 5.666760E-001, 2.637975E+000, 5.328688E+000, 1.981193E-001, -3.855788E-001, 9.789575E-001, 5.192856E-001
1.002640E-001, 6.444212E-001, 2.641549E+000, 5.318943E+000, 1.530922E-001, -3.711255E-001, 9.895907E-001, 5.032495E-001
1.002720E-001, 6.651533E-001, 2.625464E+000, 5.218248E+000, 2.566546E-001, -3.575085E-001, 1.002350E+000, 4.811999E-001
1.002800E-001, 5.528547E-001, 2.582570E+000, 5.122426E+000, 3.039330E-001, -3.419802E-001, 1.008258E+000, 4.712953E-001
1.002880E-001, 4.025473E-001, 2.500357E+000, 5.007115E+000, 3.039330E-001, -3.397107E-001, 1.011802E+000, 4.777805E-001
1.002960E-001, 4.405561E-001, 2.466399E+000, 4.989250E+000, 3.872332E-001, -3.528500E-001, 1.013929E+000, 4.796671E-001
1.003040E-001, 6.547872E-001, 2.596868E+000, 5.159781E+000, 4.806645E-001, -3.657504E-001, 1.014283E+000, 4.671684E-001
1.003120E-001, 8.137330E-001, 2.805976E+000, 5.210128E+000, 5.043037E-001, -3.645559E-001, 1.016292E+000, 4.590324E-001
1.003200E-001, 8.828398E-001, 2.668358E+000, 4.984377E+000, 4.705333E-001, -3.558362E-001, 1.015583E+000, 4.638668E-001
1.003280E-001, 8.413757E-001, 2.325207E+000, 4.927534E+000, 4.356374E-001, -3.545222E-001, 1.014283E+000, 4.665788E-001
1.003360E-001, 6.133232E-001, 2.500357E+000, 5.111057E+000, 4.727847E-001, -3.589418E-001, 1.022081E+000, 4.593862E-001
1.003440E-001, 4.681988E-001, 3.013296E+000, 5.124050E+000, 5.043037E-001, -3.604946E-001, 1.031533E+000, 4.523114E-001
1.003520E-001, 5.493993E-001, 3.133042E+000, 5.010363E+000, 4.660307E-001, -3.602557E-001, 1.029760E+000, 4.500711E-001
1.003600E-001, 5.804974E-001, 2.906062E+000, 5.052590E+000, 4.277576E-001, -3.582251E-001, 1.027870E+000, 4.472412E-001
1.003680E-001, 5.787697E-001, 2.820274E+000, 5.169525E+000, 3.039330E-001, -3.497443E-001, 1.034841E+000, 4.454725E-001
1.003760E-001, 6.841577E-001, 2.897125E+000, 5.104561E+000, 1.013110E-001, -3.389940E-001, 1.037794E+000, 4.441755E-001
1.003840E-001, 7.567198E-001, 2.825635E+000, 4.973009E+000, 7.542042E-002, -3.319465E-001, 1.039212E+000, 4.356858E-001
1.003920E-001, 7.826349E-001, 2.632613E+000, 5.088320E+000, 2.228842E-001, -3.266908E-001, 1.045946E+000, 4.251916E-001
1.004000E-001, 8.655631E-001, 2.525378E+000, 5.247482E+000, 2.938019E-001, -3.232268E-001, 1.051027E+000, 4.300260E-001
1.004080E-001, 9.934108E-001, 2.578996E+000, 5.164653E+000, 2.667857E-001, -3.231074E-001, 1.053744E+000, 4.455904E-001
1.004160E-001, 1.062518E+000, 2.627251E+000, 5.099689E+000, 2.825451E-001, -3.219129E-001, 1.054335E+000, 4.467695E-001
1.004240E-001, 9.052995E-001, 2.382399E+000, 5.281589E+000, 3.151898E-001, -3.195239E-001, 1.056698E+000, 4.353321E-001
1.004320E-001, 6.426936E-001, 2.250142E+000, 5.468360E+000, 2.859222E-001, -3.231074E-001, 1.070403E+000, 4.271961E-001
1.004400E-001, 5.390333E-001, 2.616528E+000, 5.453743E+000, 2.791681E-001, -3.203600E-001, 1.079145E+000, 4.198855E-001
1.004480E-001, 5.027522E-001, 2.839933E+000, 5.418013E+000, 3.151898E-001, -2.946787E-001, 1.065913E+000, 4.113959E-001
1.004560E-001, 4.975692E-001, 2.671932E+000, 5.468360E+000, 2.656600E-001, -2.674445E-001, 1.052444E+000, 3.984255E-001
1.004640E-001, 6.599703E-001, 2.707677E+000, 5.434254E+000, 1.632233E-001, -2.700724E-001, 1.050200E+000, 3.822715E-001
1.004720E-001, 8.396481E-001, 2.986488E+000, 5.361170E+000, 1.688517E-001, -2.928870E-001, 1.040157E+000, 3.781446E-001
1.004800E-001, 8.344650E-001, 3.040105E+000, 5.447247E+000, 2.622829E-001, -3.054290E-001, 1.022672E+000, 3.852193E-001
1.004880E-001, 7.705412E-001, 2.847082E+000, 5.515460E+000, 2.904249E-001, -3.001733E-001, 1.011330E+000, 3.813283E-001
1.004960E-001, 7.947286E-001, 2.848870E+000, 5.442375E+000, 2.330153E-001, -2.967093E-001, 1.000460E+000, 3.635235E-001
1.005040E-001, 7.480815E-001, 3.086573E+000, 5.468360E+000, 2.802938E-001, -3.060263E-001, 9.905359E-001, 3.562129E-001
1.005120E-001, 6.807023E-001, 3.118744E+000, 5.492722E+000, 4.975496E-001, -3.154627E-001, 9.868733E-001, 3.642310E-001
1.005200E-001, 8.240990E-001, 2.857806E+000, 5.379035E+000, 5.921066E-001, -3.203600E-001, 9.784849E-001, 3.644668E-001
1.005280E-001, 9.225762E-001, 2.568272E+000, 5.418013E+000, 4.412657E-001, -3.306326E-001, 9.625353E-001, 3.501994E-001
1.005360E-001, 8.292820E-001, 2.484272E+000, 5.578800E+000, 3.253209E-001, -3.432941E-001, 9.470581E-001, 3.472516E-001
1.005440E-001, 8.776568E-001, 2.561123E+000, 5.612906E+000, 3.534628E-001, -3.466386E-001, 9.313447E-001, 3.545622E-001
1.005520E-001, 1.091888E+000, 2.528953E+000, 5.601537E+000, 3.703480E-001, -3.498637E-001, 9.174035E-001, 3.417097E-001
1.005600E-001, 1.192093E+000, 2.509293E+000, 5.614530E+000, 3.827305E-001, -3.628836E-001, 9.079518E-001, 3.257916E-001
1.005680E-001, 1.128169E+000, 2.755933E+000, 5.671374E+000, 4.311346E-001, -3.674226E-001, 8.949558E-001, 3.250841E-001
1.005760E-001, 9.951384E-001, 2.959679E+000, 5.793181E+000, 3.804791E-001, -3.517749E-001, 8.795968E-001, 3.119958E-001
1.005840E-001, 9.208485E-001, 2.807763E+000, 5.879259E+000, 3.140641E-001, -3.435330E-001, 8.640015E-001, 2.895925E-001
1.005920E-001, 1.031420E+000, 2.618315E+000, 5.785061E+000, 3.635940E-001, -3.603752E-001, 8.441530E-001, 2.826357E-001
1.006000E-001, 1.160995E+000, 2.593294E+000, 5.619402E+000, 3.714737E-001, -3.837870E-001, 8.305662E-001, 2.849939E-001
1.006080E-001, 1.105709E+000, 2.486059E+000, 5.700607E+000, 2.926762E-001, -3.976430E-001, 8.252496E-001, 2.786267E-001
1.006160E-001, 1.078067E+000, 2.380611E+000, 5.903621E+000, 2.487748E-001, -4.014654E-001, 8.139076E-001, 2.569308E-001
1.006240E-001, 1.121258E+000, 2.453888E+000, 5.950720E+000, 2.847965E-001, -3.991958E-001, 8.037471E-001, 2.355887E-001
1.006320E-001, 1.017598E+000, 2.578996E+000, 6.001067E+000, 3.714737E-001, -3.953735E-001, 7.990212E-001, 2.243870E-001
1.006400E-001, 9.726787E-001, 2.600443E+000, 6.014060E+000, 4.029927E-001, -3.970458E-001, 7.851982E-001, 2.163690E-001
1.006480E-001, 1.107437E+000, 2.453888E+000, 5.715224E+000, 3.996156E-001, -4.070794E-001, 7.661766E-001, 2.164869E-001
1.006560E-001, 1.091888E+000, 2.300185E+000, 5.418013E+000, 5.031780E-001, -4.171131E-001, 7.553072E-001, 2.167227E-001
1.006640E-001, 1.021053E+000, 2.334143E+000, 5.508963E+000, 5.617133E-001, -4.223688E-001, 7.462100E-001, 2.012762E-001
1.006720E-001, 1.112620E+000, 2.437803E+000, 5.744458E+000, 4.322603E-001, -4.285801E-001, 7.269522E-001, 1.868909E-001
1.006800E-001, 1.114348E+000, 2.480697E+000, 5.885756E+000, 4.007413E-001, -4.416000E-001, 7.032048E-001, 1.796983E-001
1.006880E-001, 1.090160E+000, 2.523591E+000, 5.874387E+000, 5.020523E-001, -4.561726E-001, 6.919810E-001, 1.705011E-001
1.006960E-001, 1.221463E+000, 2.604017E+000, 5.707104E+000, 4.333860E-001, -4.634590E-001, 6.958798E-001, 1.735668E-001
1.007040E-001, 1.256017E+000, 2.682656E+000, 5.703856E+000, 3.309493E-001, -4.621451E-001, 7.022597E-001, 1.805237E-001
1.007120E-001, 1.135080E+000, 2.702316E+000, 5.906869E+000, 4.311346E-001, -4.621451E-001, 7.029685E-001, 1.657846E-001
1.007200E-001, 1.095343E+000, 2.643337E+000, 5.944223E+000, 5.628389E-001, -4.762399E-001, 6.985971E-001, 1.473903E-001
1.007280E-001, 1.242195E+000, 2.602230E+000, 5.765572E+000, 5.740957E-001, -4.910515E-001, 6.956435E-001, 1.484515E-001
1.007360E-001, 1.414962E+000, 2.650486E+000, 5.619402E+000, 5.617133E-001, -4.924849E-001, 6.994241E-001, 1.496307E-001
1.007440E-001, 1.380409E+000, 2.696954E+000, 5.648636E+000, 6.731554E-001, -4.978601E-001, 7.091121E-001, 1.360707E-001
1.007520E-001, 1.121258E+000, 2.580783E+000, 5.798054E+000, 8.284989E-001, -5.057436E-001, 7.211630E-001, 1.260482E-001
1.007600E-001, 8.621078E-001, 2.380611E+000, 5.958840E+000, 7.609583E-001, -4.992934E-001, 7.334502E-001, 1.275811E-001
1.007680E-001, 9.398530E-001, 2.360952E+000, 6.002691E+000, 5.549592E-001, -4.933210E-001, 7.462100E-001, 1.265199E-001
1.007760E-001, 1.313030E+000, 2.409207E+000, 5.911741E+000, 5.459538E-001, -4.978601E-001, 7.540076E-001, 1.126062E-001
1.007840E-001, 1.509984E+000, 2.225121E+000, 5.845153E+000, 6.641499E-001, -4.976212E-001, 7.601512E-001, 8.973123E-002
1.007920E-001, 1.325124E+000, 2.069631E+000, 5.908493E+000, 6.844122E-001, -4.918877E-001, 7.759827E-001, 7.569967E-002
1.008000E-001, 1.088433E+000, 2.203674E+000, 6.036797E+000, 6.281282E-001, -4.933210E-001, 7.867340E-001, 8.171319E-002
1.008080E-001, 1.181727E+000, 2.305547E+000, 6.158605E+000, 5.594619E-001, -4.952322E-001, 7.836623E-001, 9.586266E-002
1.008160E-001, 1.437422E+000, 2.248355E+000, 6.221945E+000, 5.166861E-001, -4.878264E-001, 7.887425E-001, 1.009329E-001
1.008240E-001, 1.504801E+000, 2.203674E+000, 6.254427E+000, 5.504565E-001, -4.812568E-001, 8.037471E-001, 9.444772E-002
1.008320E-001, 1.363132E+000, 2.189376E+000, 6.290157E+000, 6.236256E-001, -4.782706E-001, 8.123717E-001, 8.666551E-002
1.008400E-001, 1.174816E+000, 2.135759E+000, 6.199208E+000, 6.281282E-001, -4.689536E-001, 8.148528E-001, 8.937749E-002
1.008480E-001, 1.205914E+000, 2.010651E+000, 6.114754E+000, 5.628389E-001, -4.540226E-001, 8.172157E-001, 9.539102E-002
1.008560E-001, 1.392503E+000, 1.898055E+000, 6.155357E+000, 5.459538E-001, -4.416000E-001, 8.183972E-001, 9.079244E-002
1.008640E-001, 1.401141E+000, 1.844438E+000, 6.090393E+000, 6.258769E-001, -4.335969E-001, 8.194605E-001, 8.371770E-002
1.008720E-001, 1.318213E+000, 1.883757E+000, 6.043293E+000, 6.799095E-001, -4.325219E-001, 8.202875E-001, 8.277441E-002
1.008800E-001, 1.275021E+000, 2.078567E+000, 6.218697E+000, 5.594619E-001, -4.387332E-001, 8.096544E-001, 8.914167E-002
1.008880E-001, 1.221463E+000, 2.185802E+000, 6.366490E+000, 3.658453E-001, -4.399277E-001, 7.928776E-001, 1.042344E-001
1.008960E-001, 1.257744E+000, 2.019588E+000, 6.363242E+000, 3.557142E-001, -4.386138E-001, 7.856707E-001, 1.098942E-001
1.009040E-001, 1.338945E+000, 1.756863E+000, 6.270668E+000, 4.840415E-001, -4.558143E-001, 7.823626E-001, 1.035270E-001
1.009120E-001, 1.373498E+000, 1.680011E+000, 6.189463E+000, 4.581509E-001, -4.811373E-001, 7.746832E-001, 1.106017E-001
1.009200E-001, 1.359677E+000, 1.912353E+000, 6.192711E+000, 2.667857E-001, -4.906932E-001, 7.628686E-001, 1.253407E-001
1.009280E-001, 1.200731E+000, 2.153631E+000, 6.210577E+000, 1.846112E-001, -4.957100E-001, 7.452648E-001, 1.310005E-001
1.009360E-001, 1.081522E+000, 2.209036E+000, 6.343753E+000, 2.375180E-001, -5.127911E-001, 7.260070E-001, 1.436171E-001
1.009440E-001, 1.157539E+000, 2.217972E+000, 6.564631E+000, 2.589059E-001, -5.325000E-001, 7.117113E-001, 1.651951E-001
1.009520E-001, 1.152357E+000, 2.133971E+000, 6.559759E+000, 2.307640E-001, -5.402642E-001, 7.042682E-001, 1.750997E-001
1.009600E-001, 1.081522E+000, 1.921289E+000, 6.459064E+000, 2.059990E-001, -5.373974E-001, 6.968250E-001, 1.874805E-001
1.009680E-001, 1.131624E+000, 1.762224E+000, 6.566255E+000, 2.071247E-001, -5.384725E-001, 6.765038E-001, 2.225004E-001
1.009760E-001, 1.121258E+000, 1.728267E+000, 6.582496E+000, 1.711030E-001, -5.519701E-001, 6.548831E-001, 2.510352E-001
1.009840E-001, 1.038330E+000, 1.753288E+000, 6.295030E+000, 2.926763E-002, -5.723957E-001, 6.467311E-001, 2.543367E-001
1.009920E-001, 1.029692E+000, 1.883757E+000, 6.194335E+000, -1.114421E-001, -5.919852E-001, 6.353890E-001, 2.621190E-001
1.010000E-001, 1.124714E+000, 2.008864E+000, 6.376235E+000, -1.215732E-001, -6.023772E-001, 6.205027E-001, 2.910075E-001
1.010080E-001, 1.297481E+000, 1.953460E+000, 6.290157E+000, -4.727847E-002, -6.007050E-001, 6.168401E-001, 3.188348E-001
1.010160E-001, 1.254289E+000, 1.880183E+000, 5.960464E+000, 4.727847E-002, -5.978382E-001, 6.142409E-001, 3.289752E-001
1.010240E-001, 9.761341E-001, 1.876608E+000, 5.984826E+000, 1.463381E-001, -6.065579E-001, 6.124687E-001, 3.375828E-001
1.010320E-001, 8.396481E-001, 1.796182E+000, 6.385980E+000, 1.440868E-001, -6.247140E-001, 6.193212E-001, 3.583353E-001
1.010400E-001, 8.465587E-001, 1.728267E+000, 6.566255E+000, 6.754067E-003, -6.342699E-001, 6.176671E-001, 3.779088E-001
1.010480E-001, 9.346699E-001, 1.792607E+000, 6.415214E+000, -1.204475E-001, -6.355838E-001, 6.079792E-001, 3.911150E-001
1.010560E-001, 1.181727E+000, 1.826565E+000, 6.353498E+000, -1.384584E-001, -6.421535E-001, 6.174309E-001, 4.011375E-001
1.010640E-001, 1.347583E+000, 1.771160E+000, 6.468809E+000, -7.542042E-002, -6.497982E-001, 6.429504E-001, 4.058540E-001
1.010720E-001, 1.275021E+000, 1.715756E+000, 6.507788E+000, -9.005423E-003, -6.537399E-001, 6.519295E-001, 4.139899E-001
1.010800E-001, 1.231829E+000, 1.656777E+000, 6.400597E+000, 7.879745E-003, -6.463342E-001, 6.378701E-001, 4.329738E-001
1.010880E-001, 1.394230E+000, 1.615670E+000, 6.247931E+000, 7.879745E-003, -6.288947E-001, 6.310176E-001, 4.560846E-001
1.010960E-001, 1.449516E+000, 1.651415E+000, 6.145612E+000, 1.575949E-002, -6.212500E-001, 6.440137E-001, 4.707057E-001
1.011040E-001, 1.181727E+000, 1.724692E+000, 6.192711E+000, 6.191228E-002, -6.235195E-001, 6.538198E-001, 4.757760E-001
1.011120E-001, 1.012415E+000, 1.719330E+000, 6.347001E+000, 2.093761E-001, -6.244751E-001, 6.492121E-001, 4.924016E-001
1.011200E-001, 1.119531E+000, 1.696096E+000, 6.363242E+000, 3.028074E-001, -6.228029E-001, 6.462585E-001, 5.221155E-001
1.011280E-001, 1.128169E+000, 1.799756E+000, 6.130995E+000, 1.711030E-001, -6.234001E-001, 6.561828E-001, 5.335529E-001
1.011360E-001, 1.019326E+000, 1.949885E+000, 6.010811E+000, -2.138788E-002, -6.341504E-001, 6.653981E-001, 5.291902E-001
1.011440E-001, 9.294869E-001, 2.014226E+000, 6.243059E+000, -4.502711E-002, -6.470509E-001, 6.606723E-001, 5.387411E-001
1.011520E-001, 8.120053E-001, 1.994566E+000, 6.343753E+000, 1.913652E-002, -6.453786E-001, 6.519295E-001, 5.544235E-001
1.011600E-001, 8.085499E-001, 1.924864E+000, 6.135868E+000, -5.628389E-003, -6.394061E-001, 6.548831E-001, 5.585504E-001
1.011680E-001, 9.778617E-001, 1.808693E+000, 6.070903E+000, 3.039330E-002, -6.478870E-001, 6.655163E-001, 5.618519E-001
1.011760E-001, 1.128169E+000, 1.737203E+000, 6.194335E+000, 1.789828E-001, -6.558900E-001, 6.610267E-001, 5.770626E-001
1.011840E-001, 1.159267E+000, 1.810480E+000, 6.322639E+000, 2.296383E-001, -6.521871E-001, 6.391697E-001, 5.959285E-001
1.011920E-001, 1.055607E+000, 1.910566E+000, 6.347001E+000, 2.150045E-001, -6.552927E-001, 6.261737E-001, 6.085452E-001
1.012000E-001, 9.346699E-001, 1.906991E+000, 6.109882E+000, 2.161302E-001, -6.693876E-001, 6.278277E-001, 6.147945E-001
1.012080E-001, 1.024509E+000, 1.831927E+000, 5.884131E+000, 1.913652E-001, -6.839603E-001, 6.286547E-001, 6.150303E-001
1.012160E-001, 1.154084E+000, 1.724692E+000, 6.025428E+000, 1.767314E-001, -6.950690E-001, 6.305451E-001, 6.196289E-001
1.012240E-001, 9.605850E-001, 1.592436E+000, 6.184591E+000, 2.532775E-001, -6.975774E-001, 6.390516E-001, 6.394382E-001
1.012320E-001, 7.446262E-001, 1.551329E+000, 6.054662E+000, 4.029927E-001, -6.959051E-001, 6.467311E-001, 6.620773E-001
1.012400E-001, 8.379204E-001, 1.708607E+000, 6.004315E+000, 4.288833E-001, -6.970996E-001, 6.492121E-001, 6.752835E-001
1.012480E-001, 9.865001E-001, 1.840863E+000, 6.173222E+000, 2.487748E-001, -6.953079E-001, 6.444863E-001, 6.862494E-001
1.012560E-001, 1.109165E+000, 1.742565E+000, 6.239810E+000, 7.316906E-002, -6.880216E-001, 6.379883E-001, 6.963898E-001
1.012640E-001, 1.183455E+000, 1.603159E+000, 6.189463E+000, 3.377034E-002, -6.777490E-001, 6.469674E-001, 7.015780E-001
1.012720E-001, 1.067701E+000, 1.520946E+000, 6.135868E+000, 9.905966E-002, -6.710600E-001, 6.685880E-001, 7.118363E-001
1.012800E-001, 9.968661E-001, 1.440520E+000, 6.088768E+000, 2.352667E-001, -6.746434E-001, 6.739047E-001, 7.305844E-001
1.012880E-001, 1.122986E+000, 1.440520E+000, 6.134243E+000, 3.241952E-001, -6.822881E-001, 6.561828E-001, 7.422577E-001
1.012960E-001, 1.192093E+000, 1.537031E+000, 6.179718E+000, 2.881735E-001, -6.978163E-001, 6.427141E-001, 7.452055E-001
1.013040E-001, 1.126441E+000, 1.681798E+000, 6.080648E+000, 2.499005E-001, -7.151363E-001, 6.427141E-001, 7.581758E-001
1.013120E-001, 1.148901E+000, 1.803331E+000, 5.937727E+000, 2.577802E-001, -7.088056E-001, 6.347983E-001, 7.810508E-001
1.013200E-001, 1.164450E+000, 1.824778E+000, 5.916614E+000, 2.161302E-001, -6.961440E-001, 6.262918E-001, 7.885972E-001
1.013280E-001, 9.726787E-001, 1.774735E+000, 6.054662E+000, 1.969936E-001, -7.070138E-001, 6.359798E-001, 7.797537E-001
1.013360E-001, 8.033670E-001, 1.667500E+000, 6.189463E+000, 2.814195E-001, -7.164503E-001, 6.372794E-001, 7.831732E-001
1.013440E-001, 6.496043E-001, 1.631755E+000, 6.130995E+000, 2.971790E-001, -7.045054E-001, 6.193212E-001, 7.997988E-001
1.013520E-001, 5.079352E-001, 1.746139E+000, 5.944223E+000, 1.722287E-001, -7.031915E-001, 6.102239E-001, 8.098214E-001
1.013600E-001, 6.651533E-001, 1.776522E+000, 5.851649E+000, 9.117991E-002, -7.190781E-001, 6.084518E-001, 8.122975E-001
1.013680E-001, 7.981839E-001, 1.628181E+000, 5.887380E+000, 1.575949E-001, -7.246922E-001, 6.032534E-001, 8.177215E-001
1.013760E-001, 5.995018E-001, 1.435158E+000, 5.876011E+000, 2.352667E-001, -7.295896E-001, 6.086881E-001, 8.262112E-001
1.013840E-001, 4.716541E-001, 1.456605E+000, 5.759075E+000, 1.981193E-001, -7.415344E-001, 6.234563E-001, 8.304560E-001
1.013920E-001, 6.236892E-001, 1.735416E+000, 5.775316E+000, 1.485895E-001, -7.424899E-001, 6.235744E-001, 8.364696E-001
1.014000E-001, 8.569248E-001, 1.771160E+000, 5.947472E+000, 9.568262E-002, -7.404593E-001, 6.103421E-001, 8.495578E-001
1.014080E-001, 1.010687E+000, 1.503074E+000, 5.906869E+000, -2.138788E-002, -7.470290E-001, 6.052618E-001, 8.592266E-001
1.014160E-001, 1.103982E+000, 1.456605E+000, 5.666502E+000, -2.476491E-002, -7.496569E-001, 6.041985E-001, 8.632357E-001
1.014240E-001, 1.140263E+000, 1.651415E+000, 5.596665E+000, 1.272016E-001, -7.432066E-001, 5.984094E-001, 8.697208E-001
1.014320E-001, 1.040058E+000, 1.817629E+000, 5.672998E+000, 2.228842E-001, -7.451178E-001, 5.979367E-001, 8.739657E-001
1.014400E-001, 8.983889E-001, 1.933800E+000, 5.638892E+000, 1.812341E-001, -7.589738E-001, 5.972279E-001, 8.694850E-001
1.014480E-001, 8.500141E-001, 1.974907E+000, 5.560935E+000, 8.780287E-002, -7.662601E-001, 5.848226E-001, 8.704283E-001
1.014560E-001, 8.068223E-001, 1.837289E+000, 5.674622E+000, 9.117991E-002, -7.696047E-001, 5.689910E-001, 8.819837E-001
1.014640E-001, 7.463538E-001, 1.671075E+000, 5.889004E+000, 2.544032E-001, -7.736660E-001, 5.604845E-001, 8.865823E-001
1.014720E-001, 7.169834E-001, 1.801544E+000, 5.843529E+000, 4.119981E-001, -7.641101E-001, 5.575309E-001, 8.813941E-001
1.014800E-001, 6.686086E-001, 1.971332E+000, 5.606410E+000, 4.592766E-001, -7.584960E-001, 5.535139E-001, 8.811583E-001
1.014880E-001, 7.135281E-001, 1.855161E+000, 5.650260E+000, 4.626536E-001, -7.687685E-001, 5.485517E-001, 8.933033E-001
1.014960E-001, 8.551971E-001, 1.817629E+000, 5.863018E+000, 4.018670E-001, -7.669768E-001, 5.376824E-001, 9.091035E-001
1.015040E-001, 8.327374E-001, 1.915927E+000, 5.804550E+000, 2.577802E-001, -7.660213E-001, 5.190153E-001, 9.065095E-001
1.015120E-001, 6.910684E-001, 1.903417E+000, 5.647012E+000, 1.564692E-001, -7.847746E-001, 5.148802E-001, 8.870539E-001
1.015200E-001, 7.204388E-001, 1.974907E+000, 5.582048E+000, 1.395841E-001, -7.902693E-001, 5.268129E-001, 8.878793E-001
1.015280E-001, 8.500141E-001, 2.048184E+000, 5.461864E+000, 1.699774E-001, -7.802356E-001, 5.279943E-001, 9.132304E-001
1.015360E-001, 8.120053E-001, 1.856948E+000, 5.369290E+000, 2.532775E-001, -7.841774E-001, 5.210238E-001, 9.260829E-001
1.015440E-001, 7.411708E-001, 1.624606E+000, 5.383907E+000, 4.198779E-001, -7.942110E-001, 5.157072E-001, 9.238425E-001
1.015520E-001, 7.964563E-001, 1.576351E+000, 5.453743E+000, 5.572106E-001, -7.976750E-001, 5.007026E-001, 9.282053E-001
1.015600E-001, 7.584475E-001, 1.638904E+000, 5.617778E+000, 4.682820E-001, -7.945694E-001, 4.866433E-001, 9.305636E-001
1.015680E-001, 7.048897E-001, 1.738990E+000, 5.694111E+000, 2.712884E-001, -7.805939E-001, 4.872340E-001, 9.267904E-001
1.015760E-001, 9.191209E-001, 1.965970E+000, 5.473233E+000, 2.206329E-001, -7.740243E-001, 4.846348E-001, 9.326860E-001
1.015840E-001, 1.147173E+000, 2.273376E+000, 5.218248E+000, 3.241952E-001, -7.960027E-001, 4.809723E-001, 9.486041E-001
1.015920E-001, 1.091888E+000, 2.271589E+000, 5.205256E+000, 4.513968E-001, -8.164284E-001, 4.847529E-001, 9.632252E-001
1.016000E-001, 9.865001E-001, 1.998141E+000, 5.242610E+000, 4.806645E-001, -8.096198E-001, 4.767190E-001, 9.712433E-001
1.016080E-001, 9.674957E-001, 2.019588E+000, 5.184142E+000, 4.907956E-001, -8.000640E-001, 4.636048E-001, 9.721866E-001
1.016160E-001, 9.052995E-001, 2.284100E+000, 5.153284E+000, 6.089917E-001, -8.055586E-001, 4.685669E-001, 9.694746E-001
1.016240E-001, 8.759291E-001, 2.337718E+000, 5.237738E+000, 6.573959E-001, -8.142783E-001, 4.766009E-001, 9.759598E-001
1.016320E-001, 1.005504E+000, 2.083929E+000, 5.340056E+000, 5.831012E-001, -8.109338E-001, 4.731746E-001, 9.936466E-001
1.016400E-001, 1.084977E+000, 1.787246E+000, 5.369290E+000, 6.776581E-001, -7.969583E-001, 4.656133E-001, 9.983631E-001
1.016480E-001, 9.070272E-001, 1.855161E+000, 5.478105E+000, 8.836572E-001, -7.860885E-001, 4.634866E-001, 9.909346E-001
1.016560E-001, 7.238941E-001, 2.173291E+000, 5.599913E+000, 8.352530E-001, -7.797578E-001, 4.735291E-001, 9.973019E-001
1.016640E-001, 8.137330E-001, 2.260866E+000, 5.418013E+000, 7.226852E-001, -7.819079E-001, 4.828626E-001, 1.012159E+000
1.016720E-001, 8.880228E-001, 2.128610E+000, 5.150036E+000, 8.217449E-001, -8.009001E-001, 4.774279E-001, 1.026780E+000
1.016800E-001, 7.878179E-001, 2.108950E+000, 5.135419E+000, 8.239962E-001, -8.161895E-001, 4.753013E-001, 1.041637E+000
1.016880E-001, 8.742015E-001, 2.230483E+000, 5.166277E+000, 6.337566E-001, -8.081865E-001, 4.957405E-001, 1.040812E+000
1.016960E-001, 1.110892E+000, 2.210823E+000, 5.086696E+000, 5.448281E-001, -7.940916E-001, 5.231504E-001, 1.035859E+000
1.017040E-001, 1.190365E+000, 1.964183E+000, 5.143539E+000, 5.594619E-001, -7.834607E-001, 5.277581E-001, 1.055433E+000
1.017120E-001, 1.169633E+000, 1.778309E+000, 5.377411E+000, 5.482051E-001, -7.630351E-001, 5.178338E-001, 1.080076E+000
1.017200E-001, 1.167905E+000, 1.840863E+000, 5.453743E+000, 5.831012E-001, -7.416538E-001, 5.231504E-001, 1.081845E+000
1.017280E-001, 1.183455E+000, 1.982056E+000, 5.320567E+000, 6.664013E-001, -7.383093E-001, 5.366190E-001, 1.077364E+000
1.017360E-001, 1.199004E+000, 2.032098E+000, 5.200383E+000, 6.562702E-001, -7.377120E-001, 5.444167E-001, 1.089981E+000
1.017440E-001, 1.214553E+000, 2.114312E+000, 5.132171E+000, 5.493308E-001, -7.176448E-001, 5.578853E-001, 1.108729E+000
1.017520E-001, 1.283659E+000, 2.337718E+000, 5.150036E+000, 5.313200E-001, -6.898133E-001, 5.737169E-001, 1.104012E+000
1.017600E-001, 1.313030E+000, 2.393122E+000, 5.240986E+000, 5.943579E-001, -6.721350E-001, 5.713539E-001, 1.083378E+000
1.017680E-001, 1.257744E+000, 2.196525E+000, 5.161405E+000, 4.896699E-001, -6.629375E-001, 5.544590E-001, 1.078426E+000
1.017760E-001, 1.264655E+000, 2.210823E+000, 5.049342E+000, 2.814195E-001, -6.536205E-001, 5.472522E-001, 1.079487E+000
1.017840E-001, 1.245651E+000, 2.498569E+000, 5.185766E+000, 2.712884E-001, -6.384506E-001, 5.510328E-001, 1.074299E+000
1.017920E-001, 1.140263E+000, 2.596868E+000, 5.249106E+000, 3.816048E-001, -6.268641E-001, 5.452437E-001, 1.082670E+000
1.018000E-001, 1.109165E+000, 2.405633E+000, 5.091568E+000, 2.938019E-001, -6.287753E-001, 5.320113E-001, 1.099886E+000
1.018080E-001, 1.110892E+000, 2.282313E+000, 4.976257E+000, 1.632233E-001, -6.324782E-001, 5.297666E-001, 1.101300E+000
1.018160E-001, 1.040058E+000, 2.375250E+000, 4.961640E+000, 3.613426E-001, -6.318809E-001, 5.318932E-001, 1.094815E+000
1.018240E-001, 9.882277E-001, 2.461037E+000, 5.015235E+000, 6.664013E-001, -6.331949E-001, 5.232685E-001, 1.098588E+000
1.018320E-001, 1.128169E+000, 2.391335E+000, 4.950271E+000, 6.889148E-001, -6.268641E-001, 5.085003E-001, 1.105663E+000
1.018400E-001, 1.344128E+000, 2.171504E+000, 4.805726E+000, 5.335713E-001, -6.153971E-001, 4.942046E-001, 1.113328E+000
1.018480E-001, 1.300936E+000, 1.953460E+000, 4.908044E+000, 4.131238E-001, -6.208917E-001, 4.808541E-001, 1.124647E+000
1.018560E-001, 1.100526E+000, 2.016013E+000, 5.034725E+000, 3.602169E-001, -6.329560E-001, 4.692758E-001, 1.132901E+000
1.018640E-001, 1.033147E+000, 2.318058E+000, 4.906420E+000, 3.320750E-001, -6.311643E-001, 4.567523E-001, 1.143277E+000
1.018720E-001, 1.072884E+000, 2.595081E+000, 4.745634E+000, 2.431464E-001, -6.318809E-001, 4.419841E-001, 1.155658E+000
1.018800E-001, 1.159267E+000, 2.704103E+000, 4.698535E+000, 1.305786E-001, -6.438258E-001, 4.291062E-001, 1.161672E+000
1.018880E-001, 1.238740E+000, 2.604017E+000, 4.734265E+000, 1.666003E-001, -6.444230E-001, 4.181186E-001, 1.170279E+000
1.018960E-001, 1.249106E+000, 2.444952E+000, 4.890179E+000, 3.185668E-001, -6.336727E-001, 4.092577E-001, 1.181481E+000
1.019040E-001, 1.252561E+000, 2.434229E+000, 5.137043E+000, 3.782278E-001, -6.315226E-001, 4.019326E-001, 1.189263E+000
1.019120E-001, 1.167905E+000, 2.466399E+000, 5.216624E+000, 3.500858E-001, -6.382117E-001, 3.874007E-001, 1.197753E+000
1.019200E-001, 9.968661E-001, 2.425292E+000, 5.088320E+000, 3.500858E-001, -6.489620E-001, 3.667251E-001, 1.197281E+000
1.019280E-001, 9.968661E-001, 2.469974E+000, 5.115930E+000, 3.917359E-001, -6.581596E-001, 3.562101E-001, 1.188673E+000
1.019360E-001, 1.005504E+000, 2.611166E+000, 5.281589E+000, 5.076807E-001, -6.552927E-001, 3.524294E-001, 1.191621E+000
1.019440E-001, 8.361927E-001, 2.705890E+000, 5.276716E+000, 6.596472E-001, -6.495593E-001, 3.428596E-001, 1.202469E+000
1.019520E-001, 7.532645E-001, 2.766656E+000, 5.060710E+000, 7.103028E-001, -6.490815E-001, 3.376612E-001, 1.201172E+000
1.019600E-001, 7.688136E-001, 2.729124E+000, 4.597840E+000, 6.315053E-001, -6.429896E-001, 3.341168E-001, 1.189499E+000
1.019680E-001, 8.206437E-001, 2.553974E+000, 4.235665E+000, 4.829158E-001, -6.271030E-001, 3.137957E-001, 1.185018E+000
1.019760E-001, 1.143718E+000, 2.446739E+000, 4.406196E+000, 3.534628E-001, -6.127692E-001, 2.915843E-001, 1.186669E+000
1.019840E-001, 1.625738E+000, 2.452101E+000, 4.659556E+000, 3.208182E-001, -6.088274E-001, 2.888669E-001, 1.188320E+000
1.019920E-001, 1.719033E+000, 2.511080E+000, 4.617330E+000, 3.309493E-001, -6.091858E-001, 2.943016E-001, 1.199168E+000
1.020000E-001, 1.444333E+000, 2.657634E+000, 4.643315E+000, 3.354520E-001, -6.026161E-001, 2.943016E-001, 1.212138E+000
1.020080E-001, 1.349311E+000, 2.695167E+000, 4.930782E+000, 3.084357E-001, -5.922241E-001, 2.930020E-001, 1.210487E+000
1.020160E-001, 1.451244E+000, 2.550400E+000, 5.240986E+000, 2.037477E-001, -5.886407E-001, 2.950105E-001, 1.199639E+000
1.020240E-001, 1.513440E+000, 2.520016E+000, 5.401772E+000, 1.981193E-001, -5.955687E-001, 2.991456E-001, 1.192918E+000
1.020320E-001, 1.560087E+000, 2.559336E+000, 5.471609E+000, 3.917359E-001, -5.978382E-001, 3.045803E-001, 1.195159E+000
1.020400E-001, 1.541082E+000, 2.450314E+000, 5.362794E+000, 5.099321E-001, -5.737097E-001, 3.175764E-001, 1.202941E+000
1.020480E-001, 1.328579E+000, 2.291249E+000, 5.088320E+000, 5.313200E-001, -5.360835E-001, 3.368342E-001, 1.207422E+000
1.020560E-001, 1.053879E+000, 2.209036E+000, 4.974633E+000, 5.774727E-001, -5.219886E-001, 3.534928E-001, 1.201054E+000
1.020640E-001, 1.024509E+000, 2.318058E+000, 4.865818E+000, 5.110577E-001, -5.281999E-001, 3.654255E-001, 1.185608E+000
1.020720E-001, 1.174816E+000, 2.605804E+000, 4.513387E+000, 4.468941E-001, -5.244970E-001, 3.668433E-001, 1.174288E+000
1.020800E-001, 1.269838E+000, 2.714826E+000, 4.299005E+000, 5.189375E-001, -5.150606E-001, 3.624718E-001, 1.175349E+000
1.020880E-001, 1.364860E+000, 2.511080E+000, 4.399700E+000, 4.727847E-001, -5.143439E-001, 3.709784E-001, 1.173227E+000
1.020960E-001, 1.345856E+000, 2.319845E+000, 4.472785E+000, 2.859222E-001, -5.058631E-001, 3.833837E-001, 1.157663E+000
1.021040E-001, 1.173089E+000, 2.360952E+000, 4.360721E+000, 1.654747E-001, -4.896181E-001, 3.905906E-001, 1.145635E+000
1.021120E-001, 1.131624E+000, 2.577208E+000, 4.354225E+000, 1.553435E-001, -4.831679E-001, 4.090213E-001, 1.141980E+000
1.021200E-001, 1.249106E+000, 2.809550E+000, 4.618954E+000, 2.352667E-001, -4.657285E-001, 4.270977E-001, 1.137735E+000
1.021280E-001, 1.332034E+000, 2.916785E+000, 4.807350E+000, 3.129385E-001, -4.295357E-001, 4.220174E-001, 1.134905E+000
1.021360E-001, 1.259472E+000, 2.825635E+000, 4.774868E+000, 3.512115E-001, -4.082739E-001, 4.128020E-001, 1.128184E+000
1.021440E-001, 1.121258E+000, 2.616528E+000, 4.870690E+000, 4.322603E-001, -3.996736E-001, 4.168190E-001, 1.117808E+000
1.021520E-001, 1.148901E+000, 2.586145E+000, 5.067207E+000, 5.380740E-001, -3.805619E-001, 4.253255E-001, 1.114035E+000
1.021600E-001, 1.376954E+000, 2.689805E+000, 5.000618E+000, 6.900405E-001, -3.613308E-001, 4.369038E-001, 1.107550E+000
1.021680E-001, 1.579091E+000, 2.496782E+000, 4.768372E+000, 8.228706E-001, -3.472359E-001, 4.436381E-001, 1.093165E+000
1.021760E-001, 1.551448E+000, 2.214397E+000, 4.761875E+000, 7.654610E-001, -3.313493E-001, 4.289880E-001, 1.087033E+000
1.021840E-001, 1.542810E+000, 2.437803E+000, 5.034725E+000, 6.247512E-001, -3.257352E-001, 4.102028E-001, 1.094815E+000
1.021920E-001, 1.867612E+000, 2.820274E+000, 5.244234E+000, 5.594619E-001, -3.247796E-001, 4.106754E-001, 1.100829E+000
1.022000E-001, 2.068022E+000, 2.730911E+000, 5.176022E+000, 5.099321E-001, -3.164183E-001, 4.116206E-001, 1.095169E+000
1.022080E-001, 1.807144E+000, 2.462825E+000, 5.128922E+000, 4.232549E-001, -3.173738E-001, 3.954346E-001, 1.093636E+000
1.022160E-001, 1.634377E+000, 2.384186E+000, 5.221497E+000, 3.309493E-001, -3.222712E-001, 3.772401E-001, 1.099532E+000
1.022240E-001, 1.738037E+000, 2.319845E+000, 5.072079E+000, 3.545885E-001, -3.050707E-001, 3.703876E-001, 1.093636E+000
1.022320E-001, 1.706939E+000, 2.291249E+000, 4.769996E+000, 5.256916E-001, -2.865562E-001, 3.794849E-001, 1.084675E+000
1.022400E-001, 1.473703E+000, 2.387760E+000, 4.760251E+000, 6.922919E-001, -3.039956E-001, 3.940168E-001, 1.090806E+000
1.022480E-001, 1.314758E+000, 2.457463E+000, 4.833335E+000, 7.091771E-001, -3.338577E-001, 3.887002E-001, 1.093636E+000
1.022560E-001, 1.411507E+000, 2.500357E+000, 4.636819E+000, 5.515822E-001, -3.287214E-001, 3.669614E-001, 1.079133E+000
1.022640E-001, 1.573908E+000, 2.577208E+000, 4.399700E+000, 4.378887E-001, -2.936037E-001, 3.549105E-001, 1.073237E+000
1.022720E-001, 1.682751E+000, 2.632613E+000, 4.406196E+000, 5.369483E-001, -2.657722E-001, 3.525476E-001, 1.091514E+000
1.022800E-001, 1.846880E+000, 2.557549E+000, 4.500394E+000, 5.932323E-001, -2.559775E-001, 3.454588E-001, 1.098471E+000
1.022880E-001, 1.805416E+000, 2.441378E+000, 4.435430E+000, 4.806645E-001, -2.490495E-001, 3.370705E-001, 1.070172E+000
1.022960E-001, 1.468520E+000, 2.487846E+000, 4.320118E+000, 3.827305E-001, -2.409270E-001, 3.291547E-001, 1.047533E+000
1.023040E-001, 1.245651E+000, 2.602230E+000, 4.407820E+000, 3.343263E-001, -2.415242E-001, 3.175764E-001, 1.055433E+000
1.023120E-001, 1.116075E+000, 2.727337E+000, 4.596216E+000, 2.825451E-001, -2.510801E-001, 3.120235E-001, 1.057791E+000
1.023200E-001, 8.638355E-001, 2.947168E+000, 4.573479E+000, 2.679113E-001, -2.608748E-001, 3.155679E-001, 1.037746E+000
1.023280E-001, 7.428985E-001, 3.007935E+000, 4.402948E+000, 3.906102E-001, -2.644583E-001, 3.179308E-001, 1.023832E+000
1.023360E-001, 8.724738E-001, 2.823848E+000, 4.350976E+000, 5.403254E-001, -2.549025E-001, 3.200575E-001, 1.024422E+000
1.023440E-001, 1.007232E+000, 2.725550E+000, 4.349352E+000, 4.581509E-001, -2.249209E-001, 3.168675E-001, 1.019469E+000
1.023520E-001, 1.095343E+000, 2.745209E+000, 4.339608E+000, 2.318897E-001, -1.821585E-001, 3.046985E-001, 1.008857E+000
1.023600E-001, 1.230102E+000, 2.788103E+000, 4.414317E+000, 1.587206E-001, -1.534909E-001, 3.063525E-001, 1.001311E+000
1.023680E-001, 1.283659E+000, 2.847082E+000, 4.445175E+000, 3.219439E-001, -1.509825E-001, 3.266736E-001, 9.927033E-001
1.023760E-001, 1.228374E+000, 2.868529E+000, 4.497146E+000, 5.504565E-001, -1.635246E-001, 3.378975E-001, 9.862182E-001
1.023840E-001, 1.273293E+000, 2.881040E+000, 4.708280E+000, 5.988606E-001, -1.753500E-001, 3.368342E-001, 9.773747E-001
1.023920E-001, 1.449516E+000, 2.830997E+000, 4.745634E+000, 4.367630E-001, -1.641218E-001, 3.449862E-001, 9.563863E-001
1.024000E-001, 1.627466E+000, 2.721975E+000, 4.602713E+000, 3.962386E-001, -1.292429E-001, 3.631807E-001, 9.395249E-001
1.024080E-001, 1.682751E+000, 2.788103E+000, 4.747258E+000, 6.585215E-001, -9.663358E-002, 3.744046E-001, 9.355159E-001
1.024160E-001, 1.670658E+000, 2.947168E+000, 5.037973E+000, 8.510125E-001, -6.641319E-002, 3.804300E-001, 9.284411E-001
1.024240E-001, 1.693117E+000, 2.829210E+000, 5.083448E+000, 7.643353E-001, -3.117598E-002, 3.925991E-001, 9.124051E-001
1.024320E-001, 1.605006E+000, 2.528953E+000, 5.089944E+000, 6.630242E-001, -1.098923E-002, 4.029959E-001, 8.929495E-001
1.024400E-001, 1.395958E+000, 2.441378E+000, 5.161405E+000, 6.044890E-001, -9.436407E-003, 4.072492E-001, 8.789180E-001
1.024480E-001, 1.318213E+000, 2.496782E+000, 5.037973E+000, 5.448281E-001, -2.747308E-003, 4.131565E-001, 8.742015E-001
1.024560E-001, 1.411507E+000, 2.419931E+000, 4.830087E+000, 5.718443E-001, 1.242261E-002, 4.169371E-001, 8.743194E-001
1.024640E-001, 1.433967E+000, 2.341292E+000, 4.859321E+000, 6.112431E-001, 2.388964E-002, 4.172916E-001, 8.690134E-001
1.024720E-001, 1.306119E+000, 2.391335E+000, 5.052590E+000, 5.639646E-001, 3.595391E-002, 4.222537E-001, 8.512086E-001
1.024800E-001, 1.328579E+000, 2.423505E+000, 5.015235E+000, 5.009267E-001, 5.351279E-002, 4.239078E-001, 8.313993E-001
1.024880E-001, 1.682751E+000, 2.436016E+000, 4.666053E+000, 5.043037E-001, 7.202726E-002, 4.170553E-001, 8.193723E-001
1.024960E-001, 2.042107E+000, 2.478910E+000, 4.485777E+000, 6.382594E-001, 7.847746E-002, 4.157557E-001, 8.147737E-001
1.025040E-001, 2.016192E+000, 2.459250E+000, 4.610833E+000, 8.465098E-001, 7.083277E-002, 4.171734E-001, 8.154812E-001
1.025120E-001, 1.815782E+000, 2.562910E+000, 4.610833E+000, 9.072964E-001, 6.724934E-002, 4.078399E-001, 8.158349E-001
1.025200E-001, 1.907349E+000, 2.823848E+000, 4.510139E+000, 7.665867E-001, 7.226615E-002, 4.024052E-001, 8.049870E-001
1.025280E-001, 2.055928E+000, 2.807763E+000, 4.537748E+000, 6.067404E-001, 8.373318E-002, 4.113843E-001, 7.829374E-001
1.025360E-001, 1.884889E+000, 2.578996E+000, 4.591344E+000, 6.236256E-001, 1.071450E-001, 4.122113E-001, 7.752731E-001
1.025440E-001, 1.653381E+000, 2.545038E+000, 4.701783E+000, 7.868488E-001, 1.282874E-001, 4.029959E-001, 7.949644E-001
1.025520E-001, 1.560087E+000, 2.568272E+000, 4.826839E+000, 8.487611E-001, 1.347376E-001, 4.096121E-001, 8.075811E-001
1.025600E-001, 1.420146E+000, 2.511080E+000, 4.765123E+000, 7.643353E-001, 1.420239E-001, 4.254436E-001, 7.885972E-001
1.025680E-001, 1.316485E+000, 2.489633E+000, 4.617330E+000, 6.573959E-001, 1.597022E-001, 4.304058E-001, 7.614774E-001
1.025760E-001, 1.459882E+000, 2.357377E+000, 4.562110E+000, 5.324456E-001, 1.736777E-001, 4.341865E-001, 7.450876E-001
1.025840E-001, 1.551448E+000, 2.184014E+000, 4.573479E+000, 4.333860E-001, 1.723637E-001, 4.435200E-001, 7.360083E-001
1.025920E-001, 1.394230E+000, 2.321632E+000, 4.579975E+000, 4.772874E-001, 1.729610E-001, 4.534442E-001, 7.330605E-001
1.026000E-001, 1.356222E+000, 2.679081E+000, 4.550741E+000, 6.022376E-001, 1.950589E-001, 4.660859E-001, 7.330605E-001
1.026080E-001, 1.420146E+000, 2.786316E+000, 4.472785E+000, 6.416364E-001, 2.251598E-001, 4.704573E-001, 7.318814E-001
1.026160E-001, 1.307847E+000, 2.459250E+000, 4.344480E+000, 5.470794E-001, 2.494078E-001, 4.594697E-001, 7.296411E-001
1.026240E-001, 1.249106E+000, 2.219759E+000, 4.260026E+000, 3.298236E-001, 2.736558E-001, 4.572249E-001, 7.219768E-001
1.026320E-001, 1.349311E+000, 2.527165E+000, 4.318494E+000, 1.688517E-001, 2.927675E-001, 4.696302E-001, 7.047616E-001
1.026400E-001, 1.361405E+000, 2.900700E+000, 4.487401E+000, 2.904249E-001, 3.042345E-001, 4.748287E-001, 6.902584E-001
1.026480E-001, 1.309574E+000, 2.872104E+000, 4.644939E+000, 4.986753E-001, 3.244213E-001, 4.734109E-001, 6.910837E-001
1.026560E-001, 1.287115E+000, 2.587932E+000, 4.617330E+000, 5.448281E-001, 3.487887E-001, 4.704573E-001, 6.906121E-001
1.026640E-001, 1.143718E+000, 2.262653E+000, 4.422437E+000, 5.346970E-001, 3.539250E-001, 4.631322E-001, 6.733969E-001
1.026720E-001, 8.845675E-001, 2.225121E+000, 4.375338E+000, 5.369483E-001, 3.473553E-001, 4.611237E-001, 6.547668E-001
1.026800E-001, 7.584475E-001, 2.541463E+000, 4.477657E+000, 4.952983E-001, 3.518944E-001, 4.597060E-001, 6.468667E-001
1.026880E-001, 8.413757E-001, 2.707677E+000, 4.471160E+000, 5.515822E-001, 3.579862E-001, 4.529717E-001, 6.486353E-001
1.026960E-001, 9.692234E-001, 2.595081E+000, 4.407820E+000, 7.035487E-001, 3.557167E-001, 4.532080E-001, 6.546488E-001
1.027040E-001, 9.191209E-001, 2.536102E+000, 4.422437E+000, 6.754068E-001, 3.633614E-001, 4.576975E-001, 6.517010E-001
1.027120E-001, 7.325324E-001, 2.553974E+000, 4.503643E+000, 5.966093E-001, 3.796064E-001, 4.574612E-001, 6.515831E-001
1.027200E-001, 7.809072E-001, 2.543251E+000, 4.536124E+000, 6.821608E-001, 3.859371E-001, 4.565161E-001, 6.637281E-001
1.027280E-001, 1.083250E+000, 2.629039E+000, 4.454919E+000, 6.348823E-001, 3.888039E-001, 4.611237E-001, 6.625490E-001
1.027360E-001, 1.221463E+000, 2.873891E+000, 4.477657E+000, 3.793534E-001, 3.939401E-001, 4.675036E-001, 6.493428E-001
1.027440E-001, 1.252561E+000, 2.897125E+000, 4.682294E+000, 2.791681E-001, 4.000320E-001, 4.620689E-001, 6.488712E-001
1.027520E-001, 1.449516E+000, 2.491421E+000, 4.831711E+000, 3.759764E-001, 4.075572E-001, 4.468281E-001, 6.502861E-001
1.027600E-001, 1.636104E+000, 2.157206E+000, 4.955143E+000, 4.142494E-001, 4.080350E-001, 4.382034E-001, 6.400278E-001
1.027680E-001, 1.720760E+000, 2.175078E+000, 5.164653E+000, 3.827305E-001, 4.074378E-001, 4.348953E-001, 6.284723E-001
1.027760E-001, 1.729398E+000, 2.339505E+000, 5.299454E+000, 3.872332E-001, 4.155602E-001, 4.275703E-001, 6.210439E-001
1.027840E-001, 1.501346E+000, 2.537889E+000, 5.336808E+000, 3.793534E-001, 4.159186E-001, 4.194182E-001, 6.223409E-001
1.027920E-001, 1.230102E+000, 2.675507E+000, 5.357922E+000, 3.208182E-001, 4.069600E-001, 4.185912E-001, 6.334246E-001
1.028000E-001, 1.200731E+000, 2.757720E+000, 5.275092E+000, 3.118128E-001, 4.159186E-001, 4.221356E-001, 6.360188E-001
1.028080E-001, 1.231829E+000, 2.750571E+000, 5.057462E+000, 3.635940E-001, 4.361053E-001, 4.198908E-001, 6.287082E-001
1.028160E-001, 1.231829E+000, 2.471761E+000, 4.826839E+000, 4.041184E-001, 4.370609E-001, 4.103210E-001, 6.337784E-001
1.028240E-001, 1.326851E+000, 2.207248E+000, 4.718024E+000, 4.558995E-001, 4.308496E-001, 4.025233E-001, 6.471025E-001
1.028320E-001, 1.275021E+000, 2.248355E+000, 4.771620E+000, 5.346970E-001, 4.406444E-001, 4.008693E-001, 6.474562E-001
1.028400E-001, 9.865001E-001, 2.269802E+000, 4.786237E+000, 6.562702E-001, 4.487669E-001, 3.982701E-001, 6.366083E-001
1.028480E-001, 9.243039E-001, 2.171504E+000, 4.573479E+000, 8.104881E-001, 4.450639E-001, 3.863373E-001, 6.268216E-001
1.028560E-001, 1.102254E+000, 2.125035E+000, 4.435430E+000, 8.307503E-001, 4.536642E-001, 3.751135E-001, 6.180961E-001
1.028640E-001, 1.169633E+000, 2.130397E+000, 4.670925E+000, 6.900405E-001, 4.714620E-001, 3.827929E-001, 6.084272E-001
1.028720E-001, 1.097071E+000, 2.176865E+000, 4.817094E+000, 6.179972E-001, 4.709842E-001, 4.002786E-001, 6.032391E-001
1.028800E-001, 9.830447E-001, 2.248355E+000, 4.555614E+000, 7.553298E-001, 4.603533E-001, 3.993334E-001, 6.032391E-001
1.028880E-001, 1.090160E+000, 2.357377E+000, 4.459792E+000, 8.746517E-001, 4.580838E-001, 3.831474E-001, 5.980510E-001
1.028960E-001, 1.458154E+000, 2.568272E+000, 4.802478E+000, 7.812204E-001, 4.651313E-001, 3.862192E-001, 5.816612E-001
1.029040E-001, 1.542810E+000, 2.704103E+000, 4.969760E+000, 7.024230E-001, 4.838846E-001, 4.128020E-001, 5.683371E-001
1.029120E-001, 1.297481E+000, 2.587932E+000, 4.735889E+000, 7.069257E-001, 4.988157E-001, 4.320598E-001, 5.711670E-001
1.029200E-001, 1.375226E+000, 2.475335E+000, 4.714776E+000, 7.328163E-001, 4.940377E-001, 4.286336E-001, 5.783596E-001
1.029280E-001, 1.703483E+000, 2.570059E+000, 5.115930E+000, 8.420070E-001, 4.934405E-001, 4.139835E-001, 5.744686E-001
1.029360E-001, 1.629194E+000, 2.609379E+000, 5.263723E+000, 8.926626E-001, 5.094466E-001, 4.074855E-001, 5.596116E-001
1.029440E-001, 1.266383E+000, 2.521804E+000, 4.836584E+000, 8.375043E-001, 5.316639E-001, 4.161101E-001, 5.439293E-001
1.029520E-001, 1.136807E+000, 2.646911E+000, 4.463040E+000, 8.330016E-001, 5.611676E-001, 4.267433E-001, 5.383874E-001
1.029600E-001, 1.259472E+000, 2.920360E+000, 4.552365E+000, 8.847828E-001, 5.841017E-001, 4.261525E-001, 5.372083E-001
1.029680E-001, 1.287115E+000, 2.922147E+000, 4.734265E+000, 9.174275E-001, 5.922241E-001, 4.235533E-001, 5.275394E-001
1.029760E-001, 1.157539E+000, 2.720188E+000, 4.729393E+000, 8.622693E-001, 6.125304E-001, 4.307602E-001, 5.198752E-001
1.029840E-001, 1.162722E+000, 2.645124E+000, 4.703407E+000, 7.924773E-001, 6.378533E-001, 4.449377E-001, 5.189319E-001
1.029920E-001, 1.257744E+000, 2.711252E+000, 4.810598E+000, 8.251219E-001, 6.302087E-001, 4.597060E-001, 5.053719E-001
1.030000E-001, 1.276749E+000, 2.797040E+000, 4.940526E+000, 8.363787E-001, 6.052440E-001, 4.665585E-001, 4.833224E-001
1.030080E-001, 1.413235E+000, 2.730911E+000, 4.820343E+000, 7.159311E-001, 6.061996E-001, 4.664403E-001, 4.764834E-001
1.030160E-001, 1.516895E+000, 2.546825E+000, 4.402948E+000, 6.011120E-001, 6.286559E-001, 4.653770E-001, 4.751864E-001
1.030240E-001, 1.271566E+000, 2.623677E+000, 4.099240E+000, 6.382594E-001, 6.404812E-001, 4.645500E-001, 4.642206E-001
1.030320E-001, 1.105709E+000, 2.945381E+000, 4.139843E+000, 6.855378E-001, 6.378533E-001, 4.699847E-001, 4.574996E-001
1.030400E-001, 1.319941E+000, 3.022233E+000, 4.199935E+000, 5.966093E-001, 6.417952E-001, 4.768372E-001, 4.613907E-001
1.030480E-001, 1.425328E+000, 2.675507E+000, 4.164205E+000, 5.718443E-001, 6.586373E-001, 4.761283E-001, 4.632773E-001
1.030560E-001, 1.275021E+000, 2.357377E+000, 4.347728E+000, 7.136798E-001, 6.793019E-001, 4.760101E-001, 4.559667E-001
1.030640E-001, 1.281932E+000, 2.498569E+000, 4.667677E+000, 7.947286E-001, 7.005637E-001, 4.816811E-001, 4.492457E-001
1.030720E-001, 1.470248E+000, 2.745209E+000, 4.761875E+000, 7.136798E-001, 7.163308E-001, 4.806178E-001, 4.527831E-001
1.030800E-001, 1.546265E+000, 2.689805E+000, 4.649812E+000, 5.999863E-001, 7.283950E-001, 4.680943E-001, 4.591503E-001
1.030880E-001, 1.468520E+000, 2.621890E+000, 4.555614E+000, 5.470794E-001, 7.551515E-001, 4.598241E-001, 4.622160E-001
1.030960E-001, 1.408052E+000, 2.702316E+000, 4.657932E+000, 5.301943E-001, 7.820273E-001, 4.543894E-001, 4.622160E-001
1.031040E-001, 1.326851E+000, 2.677294E+000, 4.838208E+000, 5.369483E-001, 7.826245E-001, 4.417478E-001, 4.569100E-001
1.031120E-001, 1.223191E+000, 2.571847E+000, 4.750506E+000, 6.540189E-001, 7.780855E-001, 4.385579E-001, 4.585608E-001
1.031200E-001, 1.357949E+000, 2.523591E+000, 4.518259E+000, 7.891002E-001, 7.848940E-001, 4.451740E-001, 4.727103E-001
1.031280E-001, 1.601551E+000, 2.509293E+000, 4.575103E+000, 7.226852E-001, 7.828634E-001, 4.345409E-001, 4.801387E-001
1.031360E-001, 1.658564E+000, 2.419931E+000, 4.800854E+000, 5.358227E-001, 7.740243E-001, 4.123294E-001, 4.732998E-001
1.031440E-001, 1.544538E+000, 2.214397E+000, 4.891803E+000, 4.829158E-001, 7.680519E-001, 4.061859E-001, 4.679938E-001
1.031520E-001, 1.209370E+000, 2.155418E+000, 4.981129E+000, 6.022376E-001, 7.601683E-001, 4.084306E-001, 4.796671E-001
1.031600E-001, 8.189160E-001, 2.366313E+000, 5.127298E+000, 7.103028E-001, 7.657824E-001, 3.925991E-001, 5.018346E-001
1.031680E-001, 8.344650E-001, 2.500357E+000, 5.206880E+000, 6.821608E-001, 7.900304E-001, 3.719235E-001, 5.112675E-001
1.031760E-001, 1.109165E+000, 2.439590E+000, 5.273468E+000, 6.157458E-001, 8.087837E-001, 3.728687E-001, 5.115034E-001
1.031840E-001, 1.050424E+000, 2.362739E+000, 5.213376E+000, 6.652756E-001, 8.100976E-001, 3.735776E-001, 5.190498E-001
1.031920E-001, 7.688136E-001, 2.309121E+000, 5.021732E+000, 7.620839E-001, 8.032891E-001, 3.546742E-001, 5.179886E-001
1.032000E-001, 7.308048E-001, 2.294823E+000, 5.076952E+000, 7.012973E-001, 7.957639E-001, 3.421507E-001, 5.063152E-001
1.032080E-001, 7.912732E-001, 2.353803E+000, 5.161405E+000, 5.223145E-001, 7.905082E-001, 3.454588E-001, 5.083197E-001
1.032160E-001, 7.480815E-001, 2.494995E+000, 4.925910E+000, 5.031780E-001, 7.956444E-001, 3.449862E-001, 5.117392E-001
1.032240E-001, 7.670859E-001, 2.561123E+000, 4.732641E+000, 7.350677E-001, 8.136811E-001, 3.384882E-001, 4.991226E-001
1.032320E-001, 9.381253E-001, 2.448527E+000, 4.703407E+000, 9.444438E-001, 8.376902E-001, 3.326991E-001, 4.900433E-001
1.032400E-001, 1.086705E+000, 2.457463E+000, 4.735889E+000, 8.926626E-001, 8.550102E-001, 3.313995E-001, 4.968823E-001
1.032480E-001, 1.088433E+000, 2.596868E+000, 4.903172E+000, 7.024230E-001, 8.499933E-001, 3.347076E-001, 5.013629E-001
1.032560E-001, 1.084977E+000, 2.416356E+000, 5.003867E+000, 6.315053E-001, 8.406764E-001, 3.316357E-001, 4.900433E-001
1.032640E-001, 1.102254E+000, 2.176865E+000, 4.898300E+000, 6.956689E-001, 8.535768E-001, 3.218296E-001, 4.850910E-001
1.032720E-001, 1.010687E+000, 2.314483E+000, 4.753755E+000, 7.238109E-001, 8.673133E-001, 3.124961E-001, 4.985330E-001
1.032800E-001, 8.742015E-001, 2.525378E+000, 4.612457E+000, 6.664013E-001, 8.652827E-001, 3.010359E-001, 5.056078E-001
1.032880E-001, 8.586524E-001, 2.577208E+000, 4.555614E+000, 6.202485E-001, 8.649244E-001, 2.917024E-001, 4.959390E-001
1.032960E-001, 9.795894E-001, 2.448527E+000, 4.653060E+000, 6.056147E-001, 8.685078E-001, 2.843774E-001, 4.810820E-001
1.033040E-001, 9.813170E-001, 2.196525E+000, 4.662805E+000, 5.819755E-001, 8.639688E-001, 2.743349E-001, 4.736536E-001
1.033120E-001, 8.327374E-001, 2.242993E+000, 4.464664E+000, 5.628389E-001, 8.593103E-001, 2.694910E-001, 4.866239E-001
1.033200E-001, 9.001165E-001, 2.503931E+000, 4.292509E+000, 6.067404E-001, 8.707773E-001, 2.679551E-001, 5.069048E-001
1.033280E-001, 1.079794E+000, 2.462825E+000, 4.310374E+000, 7.058001E-001, 8.915613E-001, 2.664192E-001, 5.079660E-001
1.033360E-001, 9.536743E-001, 2.289462E+000, 4.414317E+000, 7.778434E-001, 9.119869E-001, 2.687821E-001, 4.949957E-001
1.033440E-001, 6.945237E-001, 2.291249E+000, 4.518259E+000, 8.566409E-001, 9.306208E-001, 2.645288E-001, 4.893359E-001
1.033520E-001, 5.839527E-001, 2.432441E+000, 4.618954E+000, 9.804654E-001, 9.402962E-001, 2.523598E-001, 4.967643E-001
1.033600E-001, 5.183012E-001, 2.545038E+000, 4.638443E+000, 1.008607E+000, 9.506882E-001, 2.450348E-001, 5.118571E-001
1.033680E-001, 5.148459E-001, 2.359164E+000, 4.562110E+000, 9.050450E-001, 9.702777E-001, 2.455073E-001, 5.263603E-001
1.033760E-001, 5.943188E-001, 2.123248E+000, 4.490650E+000, 8.262476E-001, 9.735028E-001, 2.481065E-001, 5.283648E-001
1.033840E-001, 6.236892E-001, 2.232270E+000, 4.510139E+000, 7.936029E-001, 9.560633E-001, 2.413722E-001, 5.168094E-001
1.033920E-001, 6.444212E-001, 2.316270E+000, 4.625450E+000, 7.451988E-001, 9.418490E-001, 2.216419E-001, 5.036033E-001
1.034000E-001, 7.722689E-001, 2.162567E+000, 4.705031E+000, 7.519528E-001, 9.351599E-001, 2.039199E-001, 4.945240E-001
1.034080E-001, 9.087549E-001, 2.083929E+000, 4.635195E+000, 7.789691E-001, 9.334876E-001, 1.984852E-001, 4.946419E-001
1.034160E-001, 8.862951E-001, 2.098227E+000, 4.560486E+000, 7.136798E-001, 9.418490E-001, 2.004937E-001, 5.010092E-001
1.034240E-001, 6.945237E-001, 2.226908E+000, 4.612457E+000, 7.181825E-001, 9.615579E-001, 1.987215E-001, 4.999480E-001
1.034320E-001, 5.874081E-001, 2.416356E+000, 4.670925E+000, 9.027936E-001, 9.854476E-001, 1.905695E-001, 4.988868E-001
1.034400E-001, 7.394431E-001, 2.319845E+000, 4.635195E+000, 1.013110E+000, 9.961979E-001, 1.879703E-001, 5.112675E-001
1.034480E-001, 9.312146E-001, 2.103588E+000, 4.675797E+000, 9.714600E-001, 9.969146E-001, 1.930505E-001, 5.231767E-001
1.034560E-001, 9.657680E-001, 2.135759E+000, 4.872314E+000, 1.009733E+000, 1.012562E+000, 1.951772E-001, 5.260066E-001
1.034640E-001, 8.465587E-001, 2.180440E+000, 4.969760E+000, 1.035624E+000, 1.028329E+000, 1.886791E-001, 5.352038E-001
1.034720E-001, 6.668810E-001, 2.074992E+000, 4.921037E+000, 8.622693E-001, 1.017699E+000, 1.734383E-001, 5.507681E-001
1.034800E-001, 6.547872E-001, 2.039247E+000, 4.935654E+000, 7.181825E-001, 1.003484E+000, 1.625689E-001, 5.551309E-001
1.034880E-001, 8.811122E-001, 2.026737E+000, 4.961640E+000, 6.517675E-001, 1.005754E+000, 1.656407E-001, 5.468770E-001
1.034960E-001, 9.381253E-001, 1.869459E+000, 4.927534E+000, 4.660307E-001, 1.018893E+000, 1.703665E-001, 5.381516E-001
1.035040E-001, 5.753144E-001, 1.755075E+000, 4.864193E+000, 3.500858E-001, 1.046486E+000, 1.681217E-001, 5.353217E-001
1.035120E-001, 4.180964E-001, 1.819416E+000, 4.779740E+000, 4.277576E-001, 1.072406E+000, 1.632777E-001, 5.348500E-001
1.035200E-001, 7.118004E-001, 1.890906E+000, 4.812222E+000, 4.525225E-001, 1.078617E+000, 1.589063E-001, 5.321380E-001
1.035280E-001, 7.187111E-001, 1.894480E+000, 4.950271E+000, 4.300089E-001, 1.085784E+000, 1.550075E-001, 5.286006E-001
1.035360E-001, 4.509221E-001, 1.940949E+000, 4.951895E+000, 5.572106E-001, 1.099043E+000, 1.488639E-001, 5.201110E-001
1.035440E-001, 5.044799E-001, 2.062482E+000, 4.792733E+000, 7.215595E-001, 1.103821E+000, 1.405937E-001, 5.093809E-001
1.035520E-001, 7.739965E-001, 2.139333E+000, 4.666053E+000, 7.271879E-001, 1.108121E+000, 1.327961E-001, 5.084376E-001
1.035600E-001, 8.914782E-001, 2.110737E+000, 4.605961E+000, 5.662160E-001, 1.113138E+000, 1.268888E-001, 5.092630E-001
1.035680E-001, 6.789746E-001, 1.974907E+000, 4.480905E+000, 3.512115E-001, 1.111704E+000, 1.292517E-001, 5.034853E-001
1.035760E-001, 3.489895E-001, 1.769373E+000, 4.362345E+000, 2.701627E-001, 1.116004E+000, 1.326779E-001, 4.998301E-001
1.035840E-001, 3.576279E-001, 1.815842E+000, 4.550741E+000, 3.275723E-001, 1.127949E+000, 1.164919E-001, 5.034853E-001
1.035920E-001, 6.616979E-001, 2.135759E+000, 4.964888E+000, 3.174412E-001, 1.136550E+000, 9.900633E-002, 5.093809E-001
1.036000E-001, 7.722689E-001, 2.178653E+000, 5.067207E+000, 2.127531E-001, 1.143478E+000, 1.060951E-001, 5.082018E-001
1.036080E-001, 5.580377E-001, 1.951672E+000, 4.765123E+000, 2.138788E-001, 1.148375E+000, 1.135383E-001, 4.995942E-001
1.036160E-001, 4.284624E-001, 1.906991E+000, 4.544245E+000, 3.343263E-001, 1.147419E+000, 1.068040E-001, 4.919299E-001
1.036240E-001, 5.459440E-001, 1.883757E+000, 4.609209E+000, 4.660307E-001, 1.143478E+000, 1.038503E-001, 4.913404E-001
1.036320E-001, 6.323276E-001, 1.848012E+000, 4.721272E+000, 6.213742E-001, 1.143597E+000, 9.971520E-002, 4.938166E-001
1.036400E-001, 6.219615E-001, 2.016013E+000, 4.667677E+000, 6.742811E-001, 1.155064E+000, 8.837319E-002, 4.879209E-001
1.036480E-001, 6.357829E-001, 2.049971E+000, 4.617330E+000, 5.043037E-001, 1.167248E+000, 8.896392E-002, 4.757760E-001
1.036560E-001, 5.874081E-001, 1.946311E+000, 4.768372E+000, 2.904249E-001, 1.171428E+000, 1.026689E-001, 4.773088E-001
1.036640E-001, 4.422837E-001, 2.048184E+000, 4.875562E+000, 1.542179E-001, 1.177162E+000, 1.040866E-001, 4.913404E-001
1.036720E-001, 4.526498E-001, 2.078567E+000, 4.813846E+000, 7.204338E-002, 1.173340E+000, 8.860948E-002, 4.940524E-001
1.036800E-001, 5.666760E-001, 1.971332E+000, 4.766747E+000, 1.103164E-001, 1.154586E+000, 7.265978E-002, 4.850910E-001
1.036880E-001, 4.612881E-001, 2.092865E+000, 4.713152E+000, 1.924909E-001, 1.170115E+000, 5.954557E-002, 4.835582E-001
1.036960E-001, 2.954317E-001, 2.237632E+000, 4.672549E+000, 1.812341E-001, 1.229241E+000, 4.465918E-002, 4.919299E-001
1.037040E-001, 3.766322E-001, 2.216185E+000, 4.713152E+000, 2.566546E-001, 1.263642E+000, 2.847318E-002, 4.995942E-001
1.037120E-001, 4.526498E-001, 2.293036E+000, 4.744010E+000, 4.457684E-001, 1.260656E+000, 1.264162E-002, 5.005375E-001
1.037200E-001, 2.798827E-001, 2.377037E+000, 4.747258E+000, 4.896699E-001, 1.254564E+000, 7.088758E-004, 4.964106E-001
1.037280E-001, 2.505123E-001, 2.278738E+000, 4.784613E+000, 4.795388E-001, 1.240469E+000, -1.016055E-002, 4.965285E-001
1.037360E-001, 5.580377E-001, 2.121461E+000, 4.834960E+000, 5.853525E-001, 1.230436E+000, -3.508935E-002, 5.008913E-001
1.037440E-001, 6.582426E-001, 2.032098E+000, 4.859321E+000, 6.191229E-001, 1.235333E+000, -7.443196E-002, 4.999480E-001
1.037520E-001, 3.835429E-001, 2.019588E+000, 4.768372E+000, 5.358227E-001, 1.217416E+000, -1.043229E-001, 4.995942E-001
1.037600E-001, 2.556953E-001, 1.930225E+000, 4.570230E+000, 5.256916E-001, 1.185404E+000, -1.297243E-001, 5.036033E-001
1.037680E-001, 4.111857E-001, 1.821203E+000, 4.583223E+000, 5.797241E-001, 1.182059E+000, -1.694213E-001, 5.017167E-001
1.037760E-001, 5.442163E-001, 1.921289E+000, 4.825215E+000, 5.740957E-001, 1.184926E+000, -1.991941E-001, 4.978256E-001
1.037840E-001, 5.044799E-001, 2.135759E+000, 4.857697E+000, 4.806645E-001, 1.171548E+000, -2.003756E-001, 4.978256E-001
1.037920E-001, 3.351682E-001, 2.241206E+000, 4.731017E+000, 3.275723E-001, 1.163067E+000, -2.021478E-001, 5.037212E-001
1.038000E-001, 1.969545E-001, 2.092865E+000, 4.706656E+000, 2.465235E-001, 1.162470E+000, -2.159708E-001, 5.194035E-001
1.038080E-001, 1.382137E-001, 1.935587E+000, 4.672549E+000, 3.680967E-001, 1.170115E+000, -2.180975E-001, 5.281290E-001
1.038160E-001, 1.261200E-001, 2.049971E+000, 4.591344E+000, 4.964240E-001, 1.185404E+000, -2.042744E-001, 5.232946E-001
1.038240E-001, 1.762224E-001, 2.151844E+000, 4.503643E+000, 4.671563E-001, 1.191376E+000, -1.941138E-001, 5.316664E-001
1.038320E-001, 2.522399E-001, 2.019588E+000, 4.508515E+000, 4.907956E-001, 1.204635E+000, -1.919872E-001, 5.469950E-001
1.038400E-001, 3.645386E-001, 1.889119E+000, 4.614081E+000, 6.157458E-001, 1.222911E+000, -1.883247E-001, 5.432218E-001
1.038480E-001, 4.923862E-001, 1.930225E+000, 4.532876E+000, 7.249365E-001, 1.204396E+000, -1.822992E-001, 5.379157E-001
1.038560E-001, 5.269396E-001, 1.999928E+000, 4.472785E+000, 7.800948E-001, 1.179312E+000, -1.791093E-001, 5.402740E-001
1.038640E-001, 4.163687E-001, 1.923076E+000, 4.687166E+000, 7.046744E-001, 1.190779E+000, -1.766282E-001, 5.335529E-001
1.038720E-001, 2.505123E-001, 1.901629E+000, 4.692039E+000, 5.887296E-001, 1.209652E+000, -1.707209E-001, 5.247095E-001
1.038800E-001, 2.902487E-001, 2.089290E+000, 4.503643E+000, 5.414510E-001, 1.231630E+000, -1.622144E-001, 5.241200E-001
1.038880E-001, 4.751095E-001, 2.223334E+000, 4.625450E+000, 4.851672E-001, 1.265792E+000, -1.564253E-001, 5.203468E-001
1.038960E-001, 4.405561E-001, 2.223334E+000, 4.867442E+000, 4.356374E-001, 1.273676E+000, -1.565434E-001, 5.089093E-001
1.039040E-001, 2.401462E-001, 2.273376E+000, 4.958392E+000, 4.119981E-001, 1.264359E+000, -1.611511E-001, 5.040749E-001
1.039120E-001, 1.088433E-001, 2.314483E+000, 4.919413E+000, 3.500858E-001, 1.282515E+000, -1.656407E-001, 5.142154E-001
1.039200E-001, 1.122986E-001, 2.158993E+000, 4.757003E+000, 3.455831E-001, 1.298282E+000, -1.641048E-001, 5.307231E-001
1.039280E-001, 2.885210E-001, 1.935587E+000, 4.612457E+000, 4.378887E-001, 1.287890E+000, -1.603241E-001, 5.388590E-001
1.039360E-001, 4.699265E-001, 1.867672E+000, 4.592968E+000, 4.547739E-001, 1.290399E+000, -1.644592E-001, 5.326097E-001
1.039440E-001, 4.595605E-001, 1.894480E+000, 4.599464E+000, 4.018670E-001, 1.297088E+000, -1.706028E-001, 5.182244E-001
1.039520E-001, 3.800876E-001, 2.055333E+000, 4.528004E+000, 3.906102E-001, 1.283232E+000, -1.758012E-001, 5.052540E-001
1.039600E-001, 3.645386E-001, 2.289462E+000, 4.513387E+000, 3.680967E-001, 1.283113E+000, -1.887973E-001, 5.015988E-001
1.039680E-001, 3.057978E-001, 2.221546E+000, 4.724521E+000, 2.802938E-001, 1.294699E+000, -1.988397E-001, 5.024241E-001
1.039760E-001, 1.986821E-001, 2.125035E+000, 4.917789E+000, 2.082504E-001, 1.290399E+000, -1.936412E-001, 4.967643E-001
1.039840E-001, 2.142312E-001, 2.369888E+000, 4.825215E+000, 2.059990E-001, 1.287293E+000, -1.867888E-001, 4.927553E-001
1.039920E-001, 2.677890E-001, 2.421718E+000, 4.622202E+000, 1.868625E-001, 1.288727E+000, -1.890336E-001, 5.038391E-001
1.040000E-001, 1.209370E-001, 2.201887E+000, 4.575103E+000, 1.620976E-001, 1.291952E+000, -1.954134E-001, 5.242379E-001
1.040080E-001, -3.973643E-002, 2.310909E+000, 4.674173E+000, 2.273869E-001, 1.306883E+000, -2.038018E-001, 5.357933E-001
1.040160E-001, 1.071156E-001, 2.530740E+000, 4.675797E+000, 3.039330E-001, 1.300671E+000, -2.078188E-001, 5.303693E-001
1.040240E-001, 2.919764E-001, 2.348441E+000, 4.510139E+000, 3.106871E-001, 1.268898E+000, -2.027385E-001, 5.209364E-001
1.040320E-001, 1.934991E-001, 2.058907E+000, 4.422437E+000, 3.219439E-001, 1.262806E+000, -1.976582E-001, 5.223513E-001
1.040400E-001, 5.874081E-002, 2.091078E+000, 4.505267E+000, 3.343263E-001, 1.274393E+000, -2.008482E-001, 5.330813E-001
1.040480E-001, 1.209370E-001, 2.217972E+000, 4.618954E+000, 2.645343E-001, 1.271287E+000, -2.105361E-001, 5.382695E-001
1.040560E-001, 2.297802E-001, 2.162567E+000, 4.680670E+000, 2.048734E-001, 1.271884E+000, -2.209330E-001, 5.316664E-001
1.040640E-001, 2.004098E-001, 2.175078E+000, 4.583223E+000, 2.836708E-001, 1.280962E+000, -2.313298E-001, 5.322559E-001
1.040720E-001, 1.382137E-001, 2.316270E+000, 4.396451E+000, 4.063697E-001, 1.278932E+000, -2.374734E-001, 5.479383E-001
1.040800E-001, 2.073205E-001, 2.278738E+000, 4.419189E+000, 4.356374E-001, 1.274751E+000, -2.305028E-001, 5.566638E-001
1.040880E-001, 3.766322E-001, 2.235844E+000, 4.583223E+000, 3.849818E-001, 1.284785E+000, -2.282580E-001, 5.579608E-001
1.040960E-001, 5.390333E-001, 2.303760E+000, 4.672549E+000, 3.388290E-001, 1.295535E+000, -2.483428E-001, 5.677475E-001
1.041040E-001, 5.234843E-001, 2.226908E+000, 4.843080E+000, 3.377034E-001, 1.290757E+000, -2.660647E-001, 5.767089E-001
1.041120E-001, 3.265298E-001, 2.137546E+000, 5.020108E+000, 3.500858E-001, 1.276304E+000, -2.700817E-001, 5.747043E-001
1.041200E-001, 1.606734E-001, 2.210823E+000, 4.904796E+000, 3.399547E-001, 1.263762E+000, -2.824870E-001, 5.708132E-001
1.041280E-001, 1.572181E-001, 2.357377E+000, 4.711528E+000, 3.163155E-001, 1.266868E+000, -2.991456E-001, 5.714028E-001
1.041360E-001, 2.816103E-001, 2.482484E+000, 4.674173E+000, 3.016817E-001, 1.286457E+000, -3.007996E-001, 5.780059E-001
1.041440E-001, 2.695166E-001, 2.473548E+000, 4.636819E+000, 3.028074E-001, 1.285024E+000, -3.018630E-001, 5.910941E-001
1.041520E-001, 1.313030E-001, 2.423505E+000, 4.641691E+000, 3.455831E-001, 1.244411E+000, -3.149772E-001, 5.959285E-001
1.041600E-001, 2.107759E-001, 2.486059E+000, 4.778116E+000, 4.795388E-001, 1.213832E+000, -3.236018E-001, 5.874389E-001
1.041680E-001, 4.474668E-001, 2.491421E+000, 4.813846E+000, 6.450135E-001, 1.227091E+000, -3.233655E-001, 5.885001E-001
1.041760E-001, 5.770420E-001, 2.378824E+000, 4.724521E+000, 7.463244E-001, 1.258745E+000, -3.223022E-001, 5.971076E-001
1.041840E-001, 5.528547E-001, 2.384186E+000, 4.662805E+000, 8.307503E-001, 1.277976E+000, -3.221841E-001, 5.896792E-001
1.041920E-001, 5.044799E-001, 2.562910E+000, 4.649812E+000, 9.117991E-001, 1.272243E+000, -3.249014E-001, 5.776522E-001
1.042000E-001, 5.200289E-001, 2.662996E+000, 4.800854E+000, 8.960396E-001, 1.253848E+000, -3.351801E-001, 5.710491E-001
1.042080E-001, 5.580377E-001, 2.566485E+000, 4.987626E+000, 7.733407E-001, 1.240231E+000, -3.531383E-001, 5.573713E-001
1.042160E-001, 6.219615E-001, 2.430654E+000, 4.943775E+000, 6.495162E-001, 1.225300E+000, -3.734594E-001, 5.480562E-001
1.042240E-001, 6.893407E-001, 2.469974E+000, 4.860945E+000, 5.594619E-001, 1.209652E+000, -3.859829E-001, 5.591399E-001
1.042320E-001, 6.426936E-001, 2.580783E+000, 4.870690E+000, 3.973643E-001, 1.199977E+000, -3.896454E-001, 5.692804E-001
1.042400E-001, 5.925911E-001, 2.441378E+000, 4.838208E+000, 2.679113E-001, 1.182657E+000, -3.959072E-001, 5.622057E-001
1.042480E-001, 7.463538E-001, 2.219759E+000, 4.869066E+000, 4.007413E-001, 1.161514E+000, -4.078399E-001, 5.629131E-001
1.042560E-001, 9.381253E-001, 2.310909E+000, 5.021732E+000, 6.337566E-001, 1.155064E+000, -4.161101E-001, 5.851985E-001
1.042640E-001, 9.571297E-001, 2.530740E+000, 5.104561E+000, 6.990460E-001, 1.153511E+000, -4.184730E-001, 6.005271E-001
1.042720E-001, 9.070272E-001, 2.548612E+000, 4.986001E+000, 6.461391E-001, 1.147419E+000, -4.224900E-001, 5.920374E-001
1.042800E-001, 8.914782E-001, 2.478910E+000, 4.808974E+000, 6.585215E-001, 1.148375E+000, -4.267433E-001, 5.850806E-001
1.042880E-001, 9.104825E-001, 2.509293E+000, 4.862569E+000, 7.395704E-001, 1.153989E+000, -4.202452E-001, 5.953390E-001
1.042960E-001, 9.173932E-001, 2.618315E+000, 4.989250E+000, 7.598326E-001, 1.144553E+000, -4.090213E-001, 6.007630E-001
1.043040E-001, 9.294869E-001, 2.677294E+000, 4.864193E+000, 7.373190E-001, 1.127591E+000, -4.091395E-001, 5.964002E-001
1.043120E-001, 1.010687E+000, 2.620102E+000, 4.683918E+000, 6.866635E-001, 1.125799E+000, -4.103210E-001, 5.965181E-001
1.043200E-001, 9.156656E-001, 2.580783E+000, 4.670925E+000, 5.650903E-001, 1.128069E+000, -3.989789E-001, 6.004092E-001
1.043280E-001, 5.960464E-001, 2.598655E+000, 4.695287E+000, 4.998010E-001, 1.127233E+000, -3.849196E-001, 6.074840E-001
1.043360E-001, 6.616979E-001, 2.559336E+000, 4.683918E+000, 5.684673E-001, 1.142641E+000, -3.749953E-001, 6.150303E-001
1.043440E-001, 1.133352E+000, 2.521804E+000, 4.631947E+000, 6.247512E-001, 1.163067E+000, -3.638896E-001, 6.155020E-001
1.043520E-001, 1.237012E+000, 2.534314E+000, 4.563734E+000, 5.988606E-001, 1.168442E+000, -3.467584E-001, 6.111392E-001
1.043600E-001, 1.029692E+000, 2.570059E+000, 4.604337E+000, 6.326309E-001, 1.167487E+000, -3.300999E-001, 6.047720E-001
1.043680E-001, 1.057335E+000, 2.646911E+000, 4.654684E+000, 7.733407E-001, 1.163664E+000, -3.249014E-001, 5.999376E-001
1.043760E-001, 1.065973E+000, 2.707677E+000, 4.609209E+000, 8.386300E-001, 1.160797E+000, -3.217115E-001, 5.964002E-001
1.043840E-001, 8.431034E-001, 2.730911E+000, 4.709904E+000, 7.924773E-001, 1.156975E+000, -3.140320E-001, 5.881463E-001
1.043920E-001, 8.292820E-001, 2.698741E+000, 5.033101E+000, 7.665867E-001, 1.135236E+000, -3.205300E-001, 5.844911E-001
1.044000E-001, 1.065973E+000, 2.664783E+000, 5.231241E+000, 7.339420E-001, 1.110988E+000, -3.343531E-001, 5.848448E-001
1.044080E-001, 1.124714E+000, 2.689805E+000, 5.070455E+000, 6.528932E-001, 1.105015E+000, -3.291547E-001, 5.770626E-001
1.044160E-001, 1.093616E+000, 2.645124E+000, 4.875562E+000, 5.842268E-001, 1.100476E+000, -3.210026E-001, 5.704595E-001
1.044240E-001, 1.216280E+000, 2.668358E+000, 4.953519E+000, 5.628389E-001, 1.088412E+000, -3.325809E-001, 5.642102E-001
1.044320E-001, 1.164450E+000, 2.850657E+000, 5.029852E+000, 4.975496E-001, 1.075631E+000, -3.452225E-001, 5.475845E-001
1.044400E-001, 9.018442E-001, 2.797040E+000, 4.935654E+000, 3.365777E-001, 1.056161E+000, -3.435685E-001, 5.376799E-001
1.044480E-001, 8.793845E-001, 2.562910E+000, 4.867442E+000, 2.712884E-001, 1.035855E+000, -3.401423E-001, 5.434576E-001
1.044560E-001, 1.076339E+000, 2.507506E+000, 4.844704E+000, 3.433318E-001, 1.028568E+000, -3.371886E-001, 5.444009E-001
1.044640E-001, 1.148901E+000, 2.523591E+000, 4.828463E+000, 4.086211E-001, 1.031196E+000, -3.244289E-001, 5.347321E-001
1.044720E-001, 1.164450E+000, 2.573634E+000, 5.072079E+000, 4.862928E-001, 1.045172E+000, -3.045803E-001, 5.281290E-001
1.044800E-001, 1.300936E+000, 2.730911E+000, 5.456992E+000, 5.605876E-001, 1.059864E+000, -2.873310E-001, 5.365008E-001
1.044880E-001, 1.375226E+000, 2.789891E+000, 5.370914E+000, 4.727847E-001, 1.055205E+000, -2.763434E-001, 5.532443E-001
1.044960E-001, 1.349311E+000, 2.739848E+000, 4.977881E+000, 3.286979E-001, 1.041469E+000, -2.672462E-001, 5.533623E-001
1.045040E-001, 1.446061E+000, 2.789891E+000, 4.904796E+000, 3.984900E-001, 1.029285E+000, -2.568493E-001, 5.377978E-001
1.045120E-001, 1.582546E+000, 2.847082E+000, 5.029852E+000, 5.493308E-001, 1.017340E+000, -2.479884E-001, 5.336709E-001
1.045200E-001, 1.544538E+000, 2.755933E+000, 4.947023E+000, 4.817901E-001, 1.011009E+000, -2.425537E-001, 5.447546E-001
1.045280E-001, 1.351039E+000, 2.772018E+000, 4.769996E+000, 3.118128E-001, 1.000618E+000, -2.419630E-001, 5.531264E-001
1.045360E-001, 1.297481E+000, 2.957892E+000, 4.820343E+000, 3.354520E-001, 9.818642E-001, -2.439714E-001, 5.527726E-001
1.045440E-001, 1.582546E+000, 2.998998E+000, 5.054214E+000, 5.403254E-001, 9.793557E-001, -2.443259E-001, 5.494711E-001
1.045520E-001, 1.820965E+000, 2.947168E+000, 5.202007E+000, 6.821608E-001, 9.917783E-001, -2.559042E-001, 5.416889E-001
1.045600E-001, 1.629194E+000, 3.029382E+000, 5.171149E+000, 6.664013E-001, 9.920172E-001, -2.823689E-001, 5.289544E-001
1.045680E-001, 1.352766E+000, 3.102659E+000, 5.128922E+000, 5.966093E-001, 9.908227E-001, -3.016267E-001, 5.255349E-001
1.045760E-001, 1.278476E+000, 2.957892E+000, 5.189014E+000, 5.785984E-001, 9.991841E-001, -3.113146E-001, 5.258887E-001
1.045840E-001, 1.209370E+000, 2.798827E+000, 5.206880E+000, 5.831012E-001, 9.886727E-001, -3.195848E-001, 5.144512E-001
1.045920E-001, 1.233557E+000, 2.920360E+000, 5.197135E+000, 5.178118E-001, 9.516438E-001, -3.247833E-001, 5.109138E-001
1.046000E-001, 1.427056E+000, 3.057977E+000, 5.315695E+000, 3.692223E-001, 9.140176E-001, -3.380156E-001, 5.289544E-001
1.046080E-001, 1.568725E+000, 2.973977E+000, 5.383907E+000, 2.420207E-001, 8.858278E-001, -3.648348E-001, 5.442830E-001
1.046160E-001, 1.613645E+000, 2.984700E+000, 5.344929E+000, 2.791681E-001, 8.654022E-001, -3.930717E-001, 5.402740E-001
1.046240E-001, 1.637832E+000, 3.188446E+000, 5.414765E+000, 3.624683E-001, 8.550102E-001, -4.125657E-001, 5.322559E-001
1.046320E-001, 1.613645E+000, 3.193808E+000, 5.507339E+000, 2.622829E-001, 8.418708E-001, -4.195364E-001, 5.379157E-001
1.046400E-001, 1.428784E+000, 2.904274E+000, 5.416389E+000, 1.305786E-001, 8.234758E-001, -4.211904E-001, 5.461696E-001
1.046480E-001, 1.262927E+000, 2.696954E+000, 5.263723E+000, 2.048734E-001, 8.189368E-001, -4.312328E-001, 5.464054E-001
1.046560E-001, 1.532444E+000, 2.721975E+000, 5.286461E+000, 3.771021E-001, 8.132033E-001, -4.450559E-001, 5.468770E-001
1.046640E-001, 2.062839E+000, 2.834572E+000, 5.497594E+000, 4.660307E-001, 7.850135E-001, -4.496636E-001, 5.452263E-001
1.046720E-001, 2.150950E+000, 2.956105E+000, 5.711976E+000, 4.165008E-001, 7.599294E-001, -4.536805E-001, 5.474666E-001
1.046800E-001, 1.630921E+000, 2.950743E+000, 5.750955E+000, 3.647196E-001, 7.447595E-001, -4.710480E-001, 5.640922E-001
1.046880E-001, 1.243923E+000, 2.832784E+000, 5.749331E+000, 4.333860E-001, 7.074916E-001, -4.905421E-001, 5.749401E-001
1.046960E-001, 1.584274E+000, 2.809550E+000, 5.851649E+000, 4.300089E-001, 6.578012E-001, -4.931413E-001, 5.685729E-001
1.047040E-001, 2.074933E+000, 2.713039E+000, 5.825664E+000, 3.500858E-001, 6.380922E-001, -4.858162E-001, 5.630310E-001
1.047120E-001, 2.030013E+000, 2.500357E+000, 5.648636E+000, 4.401400E-001, 6.457369E-001, -4.888881E-001, 5.683371E-001
1.047200E-001, 1.886617E+000, 2.541463E+000, 5.640516E+000, 5.538335E-001, 6.469314E-001, -5.012934E-001, 5.804821E-001
1.047280E-001, 1.967817E+000, 2.755933E+000, 5.692487E+000, 5.099321E-001, 6.379728E-001, -5.119265E-001, 5.947495E-001
1.047360E-001, 1.845152E+000, 2.848870E+000, 5.601537E+000, 5.470794E-001, 6.228029E-001, -5.155891E-001, 6.018242E-001
1.047440E-001, 1.501346E+000, 2.845295E+000, 5.585296E+000, 6.573959E-001, 6.015411E-001, -5.102724E-001, 5.962823E-001
1.047520E-001, 1.316485E+000, 2.829210E+000, 5.658381E+000, 5.290686E-001, 5.881629E-001, -5.116902E-001, 5.913300E-001
1.047600E-001, 1.404596E+000, 2.868529E+000, 5.614530E+000, 3.523372E-001, 5.694095E-001, -5.282307E-001, 5.998197E-001
1.047680E-001, 1.648198E+000, 2.929296E+000, 5.531701E+000, 4.288833E-001, 5.353668E-001, -5.274037E-001, 6.134975E-001
1.047760E-001, 1.877978E+000, 2.861380E+000, 5.494346E+000, 5.482051E-001, 5.240192E-001, -4.985760E-001, 6.245812E-001
1.047840E-001, 2.066294E+000, 2.680869E+000, 5.460240E+000, 5.020523E-001, 5.340528E-001, -4.823900E-001, 6.390845E-001
1.047920E-001, 2.296075E+000, 2.548612E+000, 5.427758E+000, 3.241952E-001, 5.270054E-001, -4.921961E-001, 6.498145E-001
1.048000E-001, 2.420467E+000, 2.584357E+000, 5.344929E+000, 1.226989E-001, 5.156578E-001, -4.988123E-001, 6.494607E-001
1.048080E-001, 2.192414E+000, 2.757720E+000, 5.369290E+000, 6.078660E-002, 5.170912E-001, -4.936139E-001, 6.562997E-001
1.048160E-001, 1.765680E+000, 2.857806E+000, 5.666502E+000, 1.136935E-001, 5.139856E-001, -4.877066E-001, 6.741044E-001
1.048240E-001, 1.592913E+000, 2.832784E+000, 5.921486E+000, 1.350814E-001, 5.022796E-001, -4.830989E-001, 6.794105E-001
1.048320E-001, 1.810599E+000, 2.834572E+000, 5.893876E+000, 2.240099E-001, 4.818540E-001, -4.815630E-001, 6.768163E-001
1.048400E-001, 2.081843E+000, 2.814912E+000, 5.720097E+000, 4.131238E-001, 4.592783E-001, -4.852255E-001, 6.880180E-001
1.048480E-001, 2.059384E+000, 2.720188E+000, 5.599913E+000, 4.142494E-001, 4.543809E-001, -4.897151E-001, 7.025213E-001
1.048560E-001, 1.888344E+000, 2.696954E+000, 5.621027E+000, 2.262613E-001, 4.522308E-001, -4.937320E-001, 7.072377E-001
1.048640E-001, 1.959179E+000, 2.689805E+000, 5.679494E+000, 1.407097E-001, 4.278634E-001, -4.926687E-001, 7.136050E-001
1.048720E-001, 2.093937E+000, 2.645124E+000, 5.677870E+000, 1.407097E-001, 4.051683E-001, -4.793182E-001, 7.252783E-001
1.048800E-001, 1.921170E+000, 2.773805E+000, 5.742834E+000, 1.125678E-001, 3.978819E-001, -4.679762E-001, 7.386024E-001
1.048880E-001, 1.784684E+000, 2.922147E+000, 5.937727E+000, 1.272016E-001, 3.673032E-001, -4.775460E-001, 7.567609E-001
1.048960E-001, 1.947085E+000, 2.696954E+000, 6.093641E+000, 1.564692E-001, 3.190461E-001, -5.012934E-001, 7.806970E-001
1.049040E-001, 1.971272E+000, 2.364526E+000, 6.093641E+000, 1.846112E-001, 3.088930E-001, -5.225596E-001, 8.068736E-001
1.049120E-001, 1.746675E+000, 2.268015E+000, 5.991322E+000, 2.555289E-001, 3.157016E-001, -5.278762E-001, 8.284515E-001
1.049200E-001, 1.649926E+000, 2.241206E+000, 5.850025E+000, 1.924909E-001, 2.971871E-001, -5.166523E-001, 8.433084E-001
1.049280E-001, 1.753586E+000, 2.318058E+000, 5.799678E+000, -7.879745E-003, 2.805838E-001, -5.126354E-001, 8.522698E-001
1.049360E-001, 1.883161E+000, 2.600443E+000, 5.957216E+000, -2.026220E-002, 2.612332E-001, -5.291758E-001, 8.489683E-001
1.049440E-001, 1.979911E+000, 2.832784E+000, 6.064407E+000, 1.069394E-001, 2.146484E-001, -5.476066E-001, 8.367054E-001
1.049520E-001, 2.043835E+000, 2.814912E+000, 5.913365E+000, 6.866635E-002, 1.896837E-001, -5.593030E-001, 8.365875E-001
1.049600E-001, 2.121580E+000, 2.748784E+000, 5.924734E+000, -5.290686E-002, 1.859808E-001, -5.696999E-001, 8.541564E-001
1.049680E-001, 2.245972E+000, 2.802401E+000, 6.233314E+000, -7.879745E-002, 1.429795E-001, -5.681640E-001, 8.710179E-001
1.049760E-001, 2.280525E+000, 2.813125E+000, 6.337256E+000, -1.103164E-001, 9.448352E-002, -5.577672E-001, 8.828091E-001
1.049840E-001, 2.190687E+000, 2.716614E+000, 6.288533E+000, -1.902396E-001, 7.608850E-002, -5.668644E-001, 8.940107E-001
1.049920E-001, 2.131946E+000, 2.664783E+000, 6.400597E+000, -1.868625E-001, 5.411003E-002, -5.895484E-001, 8.946003E-001
1.050000E-001, 2.087026E+000, 2.682656E+000, 6.434703E+000, -7.091770E-002, 3.272881E-002, -5.915569E-001, 8.885868E-001
1.050080E-001, 2.016192E+000, 2.682656E+000, 6.340505E+000, 7.091770E-002, 2.078399E-002, -5.777338E-001, 8.988451E-001
1.050160E-001, 2.071477E+000, 2.668358E+000, 6.301526E+000, 2.026220E-001, 6.330754E-003, -5.756072E-001, 9.195977E-001
1.050240E-001, 2.263249E+000, 2.621890E+000, 6.260924E+000, 2.769168E-001, 2.866757E-003, -5.796242E-001, 9.253754E-001
1.050320E-001, 2.328900E+000, 2.561123E+000, 6.215449E+000, 2.589059E-001, 3.822342E-003, -5.783246E-001, 9.284411E-001
1.050400E-001, 2.080116E+000, 2.561123E+000, 6.200832E+000, 2.014963E-001, -1.170592E-002, -5.765523E-001, 9.503728E-001
1.050480E-001, 1.829603E+000, 2.577208E+000, 6.135868E+000, 1.485895E-001, -3.057874E-002, -5.745439E-001, 9.660552E-001
1.050560E-001, 1.891800E+000, 2.577208E+000, 5.988074E+000, 1.103164E-001, -5.458782E-002, -5.782064E-001, 9.567401E-001
1.050640E-001, 2.019647E+000, 2.616528E+000, 5.934479E+000, 6.528932E-002, -1.052339E-001, -5.897847E-001, 9.463638E-001
1.050720E-001, 2.055928E+000, 2.627251E+000, 6.023804E+000, 4.502711E-002, -1.565966E-001, -5.964009E-001, 9.460101E-001
1.050800E-001, 2.071477E+000, 2.534314E+000, 5.937727E+000, 8.892855E-002, -1.765444E-001, -5.966372E-001, 9.503728E-001
1.050880E-001, 2.081843E+000, 2.446739E+000, 5.752579E+000, 1.497152E-001, -1.944617E-001, -5.978186E-001, 9.573296E-001
1.050960E-001, 2.131946E+000, 2.489633E+000, 5.874387E+000, 2.206329E-001, -2.302961E-001, -5.952194E-001, 9.574475E-001
1.051040E-001, 2.218329E+000, 2.636188E+000, 6.129371E+000, 3.286979E-001, -2.590831E-001, -5.858859E-001, 9.552072E-001
1.051120E-001, 2.245972E+000, 2.695167E+000, 6.205704E+000, 4.052441E-001, -2.811810E-001, -5.784427E-001, 9.654655E-001
1.051200E-001, 2.040379E+000, 2.632613E+000, 6.200832E+000, 3.568399E-001, -3.066235E-001, -5.708814E-001, 9.707716E-001
1.051280E-001, 1.665475E+000, 2.700528E+000, 6.329136E+000, 2.746654E-001, -3.208379E-001, -5.544590E-001, 9.631073E-001
1.051360E-001, 1.530716E+000, 2.802401E+000, 6.584120E+000, 2.589059E-001, -3.284825E-001, -5.376824E-001, 9.693567E-001
1.051440E-001, 1.789867E+000, 2.709465E+000, 6.684815E+000, 2.206329E-001, -3.472359E-001, -5.191334E-001, 9.759598E-001
1.051520E-001, 2.154406E+000, 2.643337E+000, 6.489923E+000, 1.643490E-001, -3.710061E-001, -4.905421E-001, 9.587446E-001
1.051600E-001, 2.337539E+000, 2.764869E+000, 6.259300E+000, 1.812341E-001, -3.897595E-001, -4.749468E-001, 9.454205E-001
1.051680E-001, 2.299530E+000, 2.875678E+000, 6.223569E+000, 2.600316E-001, -4.092295E-001, -4.769553E-001, 9.465996E-001
1.051760E-001, 2.251155E+000, 2.834572E+000, 6.238186E+000, 4.052441E-001, -4.301329E-001, -4.644318E-001, 9.383457E-001
1.051840E-001, 2.425650E+000, 2.741635E+000, 6.156981E+000, 5.459538E-001, -4.536642E-001, -4.458829E-001, 9.233709E-001
1.051920E-001, 2.563864E+000, 2.691592E+000, 6.108258E+000, 5.380740E-001, -4.896181E-001, -4.508450E-001, 9.104006E-001
1.052000E-001, 2.251155E+000, 2.729124E+000, 6.143988E+000, 4.750361E-001, -5.217497E-001, -4.575793E-001, 8.941287E-001
1.052080E-001, 1.917715E+000, 2.882827E+000, 6.194335E+000, 5.020523E-001, -5.279610E-001, -4.448196E-001, 8.836344E-001
1.052160E-001, 2.024830E+000, 2.938232E+000, 6.257676E+000, 4.964240E-001, -5.276027E-001, -4.364312E-001, 8.803329E-001
1.052240E-001, 2.076660E+000, 2.668358E+000, 6.295030E+000, 3.748507E-001, -5.424142E-001, -4.384397E-001, 8.652402E-001
1.052320E-001, 1.853791E+000, 2.293036E+000, 6.239810E+000, 3.151898E-001, -5.691707E-001, -4.301695E-001, 8.441339E-001
1.052400E-001, 1.779501E+000, 2.221546E+000, 6.186215E+000, 4.356374E-001, -6.024967E-001, -4.118569E-001, 8.371770E-001
1.052480E-001, 1.888344E+000, 2.505718E+000, 6.244683E+000, 5.482051E-001, -6.229223E-001, -3.950801E-001, 8.410681E-001
1.052560E-001, 2.000643E+000, 2.856019E+000, 6.309647E+000, 4.716590E-001, -6.256696E-001, -3.831474E-001, 8.476712E-001
1.052640E-001, 2.083571E+000, 2.963253E+000, 6.335632E+000, 4.063697E-001, -6.354644E-001, -3.693243E-001, 8.471996E-001
1.052720E-001, 2.100848E+000, 2.693379E+000, 6.420086E+000, 5.482051E-001, -6.532621E-001, -3.506573E-001, 8.225559E-001
1.052800E-001, 2.197597E+000, 2.444952E+000, 6.449320E+000, 7.035487E-001, -6.729711E-001, -3.382519E-001, 7.861210E-001
1.052880E-001, 2.432561E+000, 2.618315E+000, 6.421710E+000, 6.664013E-001, -7.046249E-001, -3.352983E-001, 7.685521E-001
1.052960E-001, 2.391097E+000, 2.863168E+000, 6.481802E+000, 4.525225E-001, -7.342480E-001, -3.290365E-001, 7.676088E-001
1.053040E-001, 2.066294E+000, 2.963253E+000, 6.512660E+000, 2.375180E-001, -7.429677E-001, -3.161586E-001, 7.569967E-001
1.053120E-001, 1.962634E+000, 3.081212E+000, 6.449320E+000, 1.981193E-001, -7.544348E-001, -3.088336E-001, 7.382486E-001
1.053200E-001, 1.998915E+000, 2.997211E+000, 6.397348E+000, 2.847965E-001, -7.839385E-001, -3.023356E-001, 7.347113E-001
1.053280E-001, 1.891800E+000, 2.657634E+000, 6.387604E+000, 3.129385E-001, -8.053197E-001, -2.753983E-001, 7.292873E-001
1.053360E-001, 1.914259E+000, 2.530740E+000, 6.446072E+000, 1.902396E-001, -8.118894E-001, -2.398363E-001, 7.016959E-001
1.053440E-001, 2.290892E+000, 2.746997E+000, 6.473681E+000, 1.575949E-001, -8.219230E-001, -2.180975E-001, 6.723357E-001
1.053520E-001, 2.636426E+000, 2.888189E+000, 6.356746E+000, 3.962386E-001, -8.280149E-001, -2.010844E-001, 6.465129E-001
1.053600E-001, 2.501667E+000, 2.843508E+000, 6.338881E+000, 5.538335E-001, -8.219230E-001, -1.788730E-001, 6.199827E-001
1.053680E-001, 2.201053E+000, 2.861380E+000, 6.499667E+000, 4.513968E-001, -8.191757E-001, -1.573704E-001, 6.025317E-001
1.053760E-001, 2.266704E+000, 2.813125E+000, 6.489923E+000, 3.906102E-001, -8.231175E-001, -1.394123E-001, 5.901508E-001
1.053840E-001, 2.375547E+000, 2.562910E+000, 6.332384E+000, 4.300089E-001, -8.257453E-001, -1.221629E-001, 5.817791E-001
1.053920E-001, 2.081843E+000, 2.480697E+000, 6.364866E+000, 3.365777E-001, -8.344651E-001, -1.057406E-001, 5.763551E-001
1.054000E-001, 1.734582E+000, 2.713039E+000, 6.551639E+000, 1.384584E-001, -8.503517E-001, -9.817930E-002, 5.547772E-001
1.054080E-001, 1.731126E+000, 2.888189E+000, 6.686439E+000, 1.272016E-001, -8.565630E-001, -1.014874E-001, 5.214080E-001
1.054160E-001, 2.031741E+000, 2.832784E+000, 6.671822E+000, 2.499005E-001, -8.447376E-001, -1.037322E-001, 5.050182E-001
1.054240E-001, 2.370364E+000, 2.750571E+000, 6.564631E+000, 2.059990E-001, -8.325539E-001, -9.865189E-002, 5.014808E-001
1.054320E-001, 2.399735E+000, 2.823848E+000, 6.627971E+000, 8.555152E-002, -8.385263E-001, -8.601027E-002, 4.821432E-001
1.054400E-001, 2.035196E+000, 2.956105E+000, 6.847225E+000, 1.215732E-001, -8.550102E-001, -7.112388E-002, 4.512502E-001
1.054480E-001, 1.691390E+000, 2.922147E+000, 6.806623E+000, 2.296383E-001, -8.724496E-001, -6.746135E-002, 4.350962E-001
1.054560E-001, 1.884889E+000, 2.816699E+000, 6.563007E+000, 2.735397E-001, -8.975337E-001, -7.455011E-002, 4.303797E-001
1.054640E-001, 2.301258E+000, 2.836359E+000, 6.556510E+000, 1.947423E-001, -9.198705E-001, -8.211146E-002, 4.196497E-001
1.054720E-001, 2.218329E+000, 2.888189E+000, 6.705928E+000, 6.303796E-002, -9.239318E-001, -9.227201E-002, 4.051465E-001
1.054800E-001, 1.955723E+000, 2.877466E+000, 6.741659E+000, 5.628389E-002, -9.291875E-001, -1.012511E-001, 3.900537E-001
1.054880E-001, 2.061111E+000, 2.873891E+000, 6.696184E+000, 1.148191E-001, -9.396989E-001, -1.027870E-001, 3.675325E-001
1.054960E-001, 2.114669E+000, 2.977551E+000, 6.652333E+000, 1.744801E-001, -9.217817E-001, -1.004241E-001, 3.408843E-001
1.055040E-001, 1.955723E+000, 3.159850E+000, 6.637716E+000, 2.983046E-001, -8.812888E-001, -9.109055E-002, 3.182452E-001
1.055120E-001, 1.997187E+000, 3.204532E+000, 6.665326E+000, 3.264466E-001, -8.551296E-001, -7.632230E-002, 2.996151E-001
1.055200E-001, 2.083571E+000, 3.072275E+000, 6.704304E+000, 2.116274E-001, -8.521434E-001, -6.379882E-002, 2.851118E-001
1.055280E-001, 1.957451E+000, 3.029382E+000, 6.631219E+000, 1.587206E-001, -8.644466E-001, -4.796727E-002, 2.750893E-001
1.055360E-001, 1.926353E+000, 3.163425E+000, 6.454192E+000, 2.082504E-001, -8.805721E-001, -3.296273E-002, 2.608219E-001
1.055440E-001, 2.038652E+000, 3.136616E+000, 6.390852E+000, 2.915506E-001, -8.864250E-001, -2.811874E-002, 2.365320E-001
1.055520E-001, 2.083571E+000, 2.914998E+000, 6.398973E+000, 3.647196E-001, -8.766303E-001, -2.268403E-002, 2.109450E-001
1.055600E-001, 2.199325E+000, 3.013296E+000, 6.316143E+000, 3.996156E-001, -8.521434E-001, -1.157831E-002, 1.952627E-001
1.055680E-001, 2.290892E+000, 3.385043E+000, 6.343753E+000, 3.771021E-001, -8.284926E-001, -7.206904E-003, 1.878342E-001
1.055760E-001, 2.080116E+000, 3.444022E+000, 6.538646E+000, 3.163155E-001, -8.269398E-001, -1.086943E-002, 1.675533E-001
1.055840E-001, 1.910804E+000, 3.227766E+000, 6.610106E+000, 3.433318E-001, -8.262231E-001, -5.789153E-003, 1.315901E-001
1.055920E-001, 2.114669E+000, 3.100871E+000, 6.610106E+000, 4.007413E-001, -7.915832E-001, 2.481065E-003, 1.152003E-001
1.056000E-001, 2.299530E+000, 3.007935E+000, 6.751403E+000, 3.286979E-001, -7.512097E-001, -1.878521E-002, 1.221571E-001
1.056080E-001, 2.081843E+000, 3.022233E+000, 6.865090E+000, 2.544032E-001, -7.409371E-001, -5.151165E-002, 1.139032E-001
1.056160E-001, 1.834786E+000, 3.268872E+000, 6.839105E+000, 2.892992E-001, -7.336508E-001, -5.411085E-002, 9.244321E-002
1.056240E-001, 1.940174E+000, 3.326064E+000, 6.800127E+000, 3.365777E-001, -7.125084E-001, -4.666766E-002, 7.617132E-002
1.056320E-001, 2.138857E+000, 3.075850E+000, 6.691311E+000, 3.703480E-001, -6.998470E-001, -5.257496E-002, 4.964106E-002
1.056400E-001, 2.138857E+000, 2.984700E+000, 6.494795E+000, 4.570252E-001, -6.826464E-001, -5.777338E-002, 1.509277E-002
1.056480E-001, 1.959179E+000, 3.097297E+000, 6.424958E+000, 5.549592E-001, -6.431091E-001, -6.320810E-002, -5.777701E-003
1.056560E-001, 1.876251E+000, 3.174148E+000, 6.410341E+000, 5.628389E-001, -6.108580E-001, -7.502269E-002, -1.355991E-002
1.056640E-001, 2.114669E+000, 3.222404E+000, 6.221945E+000, 5.268173E-001, -5.962853E-001, -8.211146E-002, -2.287498E-002
1.056720E-001, 2.366909E+000, 3.258149E+000, 6.092017E+000, 4.772874E-001, -5.897157E-001, -8.648285E-002, -4.763655E-002
1.056800E-001, 2.344449E+000, 3.154489E+000, 6.225194E+000, 3.579656E-001, -5.925825E-001, -9.286273E-002, -7.959078E-002
1.056880E-001, 2.249428E+000, 2.972190E+000, 6.347001E+000, 2.476491E-001, -5.764570E-001, -9.298088E-002, -9.480146E-002
1.056960E-001, 2.245972E+000, 3.009722E+000, 6.355122E+000, 2.105018E-001, -5.418170E-001, -9.569824E-002, -9.668805E-002
1.057040E-001, 2.194142E+000, 3.263511E+000, 6.480178E+000, 1.767314E-001, -5.229442E-001, -1.044410E-001, -1.069464E-001
1.057120E-001, 1.976455E+000, 3.513725E+000, 6.688063E+000, 1.508408E-001, -5.075353E-001, -1.044410E-001, -1.291139E-001
1.057200E-001, 1.789867E+000, 3.560194E+000, 6.821240E+000, 1.283273E-001, -4.924849E-001, -1.020781E-001, -1.506919E-001
1.057280E-001, 1.934991E+000, 3.422575E+000, 6.801751E+000, 9.343126E-002, -4.792261E-001, -9.817930E-002, -1.643697E-001
1.057360E-001, 2.320262E+000, 3.458320E+000, 6.597113E+000, 1.204475E-001, -4.464974E-001, -8.116628E-002, -1.640159E-001
1.057440E-001, 2.527582E+000, 3.613811E+000, 6.493171E+000, 1.609719E-001, -4.113796E-001, -6.805208E-002, -1.472724E-001
1.057520E-001, 2.379003E+000, 3.536959E+000, 6.603610E+000, 1.114421E-001, -3.698116E-001, -6.238107E-002, -1.392544E-001
1.057600E-001, 2.125035E+000, 3.452959E+000, 6.597113E+000, 7.654610E-002, -2.989788E-001, -4.146924E-002, -1.564696E-001
1.057680E-001, 2.035196E+000, 3.531598E+000, 6.454192E+000, 1.013110E-001, -2.406881E-001, -1.370493E-002, -1.726235E-001
1.057760E-001, 2.100848E+000, 3.515512E+000, 6.348625E+000, 6.641500E-002, -2.134539E-001, 2.244774E-003, -1.738027E-001
1.057840E-001, 2.232151E+000, 3.435086E+000, 6.275540E+000, 2.251356E-002, -1.761861E-001, 1.571341E-002, -1.805237E-001
1.057920E-001, 2.308168E+000, 3.490491E+000, 6.223569E+000, 2.814195E-002, -1.243456E-001, 3.166312E-002, -1.952627E-001
1.058000E-001, 2.275342E+000, 3.631683E+000, 6.192711E+000, 2.138788E-002, -8.504711E-002, 4.335957E-002, -2.041061E-001
1.058080E-001, 2.209691E+000, 3.751429E+000, 6.234938E+000, 4.502711E-002, -6.271030E-002, 5.210238E-002, -2.133033E-001
1.058160E-001, 2.107759E+000, 3.763940E+000, 6.350249E+000, 1.080651E-001, -3.583446E-002, 5.765523E-002, -2.237975E-001
1.058240E-001, 2.104303E+000, 3.713897E+000, 6.441199E+000, 1.913652E-001, 1.301985E-002, 6.025445E-002, -2.207318E-001
1.058320E-001, 2.266704E+000, 3.704960E+000, 6.468809E+000, 2.431464E-001, 6.020189E-002, 6.320810E-002, -2.109450E-001
1.058400E-001, 2.394552E+000, 3.635258E+000, 6.423334E+000, 1.395841E-001, 9.030283E-002, 6.202663E-002, -2.114167E-001
1.058480E-001, 2.448110E+000, 3.501215E+000, 6.366490E+000, -3.377034E-002, 1.134758E-001, 6.001816E-002, -2.151899E-001
1.058560E-001, 2.451565E+000, 3.476193E+000, 6.384356E+000, -1.013110E-001, 1.069061E-001, 6.486214E-002, -2.108271E-001
1.058640E-001, 2.441199E+000, 3.513725E+000, 6.371363E+000, -7.542042E-002, 6.533816E-002, 6.415326E-002, -2.049315E-001
1.058720E-001, 2.475752E+000, 3.533385E+000, 6.225194E+000, -3.602169E-002, 3.798452E-002, 5.210238E-002, -2.026912E-001
1.058800E-001, 2.455020E+000, 3.631683E+000, 6.195960E+000, -1.013110E-002, 4.562921E-002, 4.312328E-002, -1.959702E-001
1.058880E-001, 2.297802E+000, 3.819344E+000, 6.321015E+000, -2.138788E-002, 6.163527E-002, 3.662525E-002, -1.892492E-001
1.058960E-001, 2.118124E+000, 3.864025E+000, 6.296654E+000, -5.628389E-002, 7.143002E-002, 2.421992E-002, -1.919612E-001
1.059040E-001, 2.107759E+000, 3.728195E+000, 6.234938E+000, 2.026220E-002, 9.078062E-002, 1.193274E-002, -1.848864E-001
1.059120E-001, 2.237334E+000, 3.635258E+000, 6.342129E+000, 2.386437E-001, 1.207621E-001, 3.189941E-003, -1.613040E-001
1.059200E-001, 2.278798E+000, 3.572704E+000, 6.410341E+000, 3.241952E-001, 1.385599E-001, -6.143590E-003, -1.456216E-001
1.059280E-001, 2.154406E+000, 3.520874E+000, 6.251179E+000, 1.789828E-001, 1.384405E-001, -1.984852E-002, -1.384290E-001
1.059360E-001, 2.043835E+000, 3.558406E+000, 6.044918E+000, 7.879745E-002, 1.230316E-001, -3.697969E-002, -1.242795E-001
1.059440E-001, 2.121580E+000, 3.633471E+000, 6.132619E+000, 9.230559E-002, 9.245290E-002, -4.796727E-002, -1.094226E-001
1.059520E-001, 2.347905E+000, 3.780025E+000, 6.390852E+000, 2.026220E-002, 5.506562E-002, -4.962131E-002, -9.751344E-002
1.059600E-001, 2.512033E+000, 3.788961E+000, 6.368114E+000, -8.780287E-002, 1.385599E-002, -5.718265E-002, -7.805791E-002
1.059680E-001, 2.442927E+000, 3.440448E+000, 6.304774E+000, -1.069394E-001, -1.947005E-002, -6.982427E-002, -5.447546E-002
1.059760E-001, 2.256338E+000, 3.209893E+000, 6.626347E+000, -1.756057E-001, -2.759253E-002, -6.545287E-002, -4.268424E-002
1.059840E-001, 2.166499E+000, 3.406490E+000, 6.834233E+000, -2.330153E-001, -2.687584E-002, -4.702210E-002, -4.598578E-002
1.059920E-001, 2.161316E+000, 3.617385E+000, 6.658829E+000, -6.866635E-002, -3.607335E-002, -3.142683E-002, -4.775447E-002
1.060000E-001, 2.173410E+000, 3.671003E+000, 6.590617E+000, 1.317043E-001, -4.407638E-002, -1.937594E-002, -3.219005E-002
1.060080E-001, 2.309896E+000, 3.747854E+000, 6.538646E+000, 2.262613E-001, -4.945155E-002, -4.725839E-003, -7.428472E-003
1.060160E-001, 2.470569E+000, 3.674577E+000, 6.264172E+000, 3.444574E-001, -5.817127E-002, 1.287791E-002, 7.074736E-003
1.060240E-001, 2.375547E+000, 3.411852E+000, 6.156981E+000, 3.838561E-001, -6.067968E-002, 2.705543E-002, 1.544651E-002
1.060320E-001, 2.206236E+000, 3.365384E+000, 6.321015E+000, 2.825451E-001, -6.175471E-002, 3.603452E-002, 3.572742E-002
1.060400E-001, 2.270159E+000, 3.551257E+000, 6.398973E+000, 2.566546E-001, -6.736878E-002, 4.572249E-002, 5.989943E-002
1.060480E-001, 2.275342E+000, 3.615598E+000, 6.251179E+000, 3.365777E-001, -7.322174E-002, 6.143591E-002, 6.744581E-002
1.060560E-001, 2.009281E+000, 3.463682E+000, 6.192711E+000, 3.894846E-001, -8.922780E-002, 7.691303E-002, 6.638460E-002
1.060640E-001, 1.895255E+000, 3.343937E+000, 6.449320E+000, 3.613426E-001, -1.145508E-001, 8.270218E-002, 7.770418E-002
1.060720E-001, 2.081843E+000, 3.410065E+000, 6.686439E+000, 2.746654E-001, -1.322291E-001, 8.329291E-002, 9.833883E-002
1.060800E-001, 2.321990E+000, 3.497640E+000, 6.627971E+000, 2.262613E-001, -1.436962E-001, 8.376549E-002, 1.109554E-001
1.060880E-001, 2.534493E+000, 3.563768E+000, 6.429831E+000, 2.521518E-001, -1.587466E-001, 8.246589E-002, 1.096584E-001
1.060960E-001, 2.546587E+000, 3.597726E+000, 6.236562E+000, 2.566546E-001, -1.823974E-001, 8.270218E-002, 1.052957E-001
1.061040E-001, 2.289164E+000, 3.420788E+000, 6.067655E+000, 2.363923E-001, -2.136928E-001, 8.411993E-002, 1.117808E-001
1.061120E-001, 2.159589E+000, 3.229553E+000, 5.996194E+000, 2.701627E-001, -2.454660E-001, 8.175702E-002, 1.226287E-001
1.061200E-001, 2.292619E+000, 3.279596E+000, 6.035173E+000, 2.994303E-001, -2.883479E-001, 7.809449E-002, 1.260482E-001
1.061280E-001, 2.309896E+000, 3.360022E+000, 6.109882E+000, 3.129385E-001, -3.391134E-001, 8.045741E-002, 1.295856E-001
1.061360E-001, 2.073205E+000, 3.356447E+000, 6.197584E+000, 4.041184E-001, -3.761424E-001, 9.179942E-002, 1.445604E-001
1.061440E-001, 1.781229E+000, 3.388618E+000, 6.280413E+000, 4.784131E-001, -4.131713E-001, 1.052681E-001, 1.633085E-001
1.061520E-001, 1.603279E+000, 3.458320E+000, 6.226818E+000, 4.378887E-001, -4.633395E-001, 1.149560E-001, 1.717982E-001
1.061600E-001, 1.535899E+000, 3.538747E+000, 5.986450E+000, 3.883589E-001, -5.077742E-001, 1.255892E-001, 1.712086E-001
1.061680E-001, 1.513440E+000, 3.481555E+000, 5.801302E+000, 3.658453E-001, -5.261693E-001, 1.414207E-001, 1.767505E-001
1.061760E-001, 1.610189E+000, 3.209893E+000, 5.957216E+000, 3.208182E-001, -5.115966E-001, 1.632777E-001, 1.969135E-001
1.061840E-001, 1.684479E+000, 3.154489E+000, 6.220321E+000, 3.174412E-001, -4.811373E-001, 1.851347E-001, 2.237975E-001
1.061920E-001, 1.542810E+000, 3.444022E+000, 6.134243E+000, 4.086211E-001, -4.660868E-001, 1.929324E-001, 2.487949E-001
1.062000E-001, 1.497891E+000, 3.510151E+000, 5.840281E+000, 4.288833E-001, -4.899765E-001, 1.923416E-001, 2.677788E-001
1.062080E-001, 1.662019E+000, 3.354660E+000, 5.754203E+000, 2.442721E-001, -5.518506E-001, 1.994304E-001, 2.720236E-001
1.062160E-001, 1.791595E+000, 3.413639E+000, 5.822415E+000, 4.502711E-002, -6.159943E-001, 2.127809E-001, 2.641235E-001
1.062240E-001, 1.829603E+000, 3.490491E+000, 5.796430E+000, 1.913652E-002, -6.630569E-001, 2.232959E-001, 2.594070E-001
1.062320E-001, 1.682751E+000, 3.338575E+000, 5.757451E+000, 3.602169E-002, -7.013998E-001, 2.339290E-001, 2.634160E-001
1.062400E-001, 1.385592E+000, 3.093722E+000, 5.876011E+000, -4.052440E-002, -7.258866E-001, 2.476340E-001, 2.674250E-001
1.062480E-001, 1.349311E+000, 2.959679E+000, 6.053038E+000, -7.091770E-002, -7.463123E-001, 2.504695E-001, 2.607040E-001
1.062560E-001, 1.587730E+000, 3.093722E+000, 6.178094E+000, 6.528932E-002, -7.728298E-001, 2.453892E-001, 2.492665E-001
1.062640E-001, 1.618828E+000, 3.299256E+000, 6.290157E+000, 2.397694E-001, -7.735465E-001, 2.551953E-001, 2.496203E-001
1.062720E-001, 1.523806E+000, 3.329639E+000, 6.285285E+000, 3.332007E-001, -7.414149E-001, 2.762253E-001, 2.648309E-001
1.062800E-001, 1.667202E+000, 3.256362E+000, 6.105010E+000, 3.523372E-001, -7.083278E-001, 2.951286E-001, 2.806312E-001
1.062880E-001, 1.836514E+000, 3.149127E+000, 6.130995E+000, 3.016817E-001, -6.996080E-001, 3.161586E-001, 2.886492E-001
1.062960E-001, 1.732854E+000, 3.068701E+000, 6.402221E+000, 2.217585E-001, -7.317396E-001, 3.368342E-001, 2.990255E-001
1.063040E-001, 1.535899E+000, 3.100871E+000, 6.374611E+000, 2.690370E-001, -7.804745E-001, 3.566827E-001, 3.084585E-001
1.063120E-001, 1.587730E+000, 3.175936E+000, 6.109882E+000, 4.074954E-001, -7.979139E-001, 3.818478E-001, 3.029166E-001
1.063200E-001, 1.898710E+000, 3.209893E+000, 6.012435E+000, 3.579656E-001, -7.881191E-001, 3.993334E-001, 2.945448E-001
1.063280E-001, 2.106031E+000, 3.143765E+000, 6.007563E+000, 1.801085E-001, -7.882386E-001, 3.981519E-001, 2.997330E-001
1.063360E-001, 1.922898E+000, 3.027594E+000, 6.031925E+000, 1.643490E-001, -8.059170E-001, 3.961434E-001, 3.095197E-001
1.063440E-001, 1.624011E+000, 3.068701E+000, 6.046542E+000, 2.622829E-001, -8.280149E-001, 4.055951E-001, 3.089301E-001
1.063520E-001, 1.736309E+000, 3.158063E+000, 5.949096E+000, 2.679113E-001, -8.362568E-001, 4.106754E-001, 2.927761E-001
1.063600E-001, 2.062839E+000, 3.108020E+000, 5.924734E+000, 1.823598E-001, -8.142783E-001, 4.077218E-001, 2.799237E-001
1.063680E-001, 1.883161E+000, 3.140191E+000, 6.036797E+000, 1.440868E-001, -7.764133E-001, 4.126839E-001, 2.970210E-001
1.063760E-001, 1.399413E+000, 3.234915E+000, 6.049790E+000, 1.722287E-001, -7.519264E-001, 4.250892E-001, 3.277961E-001
1.063840E-001, 1.482342E+000, 3.202744E+000, 5.957216E+000, 2.150045E-001, -7.453567E-001, 4.296969E-001, 3.391156E-001
1.063920E-001, 1.969545E+000, 3.236702E+000, 5.827288E+000, 2.172558E-001, -7.494180E-001, 4.295788E-001, 3.333380E-001
1.064000E-001, 2.066294E+000, 3.308192E+000, 5.638892E+000, 1.305786E-001, -7.660213E-001, 4.398575E-001, 3.286215E-001
1.064080E-001, 1.853791E+000, 3.161638E+000, 5.564183E+000, 5.290686E-002, -7.957639E-001, 4.535624E-001, 3.287394E-001
1.064160E-001, 1.760497E+000, 3.032956E+000, 5.728217E+000, 5.178118E-002, -8.091421E-001, 4.628959E-001, 3.296827E-001
1.064240E-001, 1.566998E+000, 3.147340E+000, 5.872763E+000, 6.191228E-002, -7.670963E-001, 4.734109E-001, 3.315693E-001
1.064320E-001, 1.242195E+000, 3.231340E+000, 5.809422E+000, 9.230559E-002, -7.077305E-001, 4.744742E-001, 3.335738E-001
1.064400E-001, 1.356222E+000, 3.147340E+000, 5.720097E+000, 2.183815E-001, -6.846770E-001, 4.621871E-001, 3.372291E-001
1.064480E-001, 1.876251E+000, 2.972190E+000, 5.783437E+000, 3.804791E-001, -6.624597E-001, 4.476551E-001, 3.453650E-001
1.064560E-001, 2.173410E+000, 2.881040E+000, 5.897124E+000, 4.986753E-001, -6.251918E-001, 4.281610E-001, 3.591608E-001
1.064640E-001, 2.069750E+000, 3.184872E+000, 5.858146E+000, 6.134945E-001, -5.970021E-001, 4.093758E-001, 3.772013E-001
1.064720E-001, 1.838242E+000, 3.553045E+000, 5.760699E+000, 6.810351E-001, -5.578231E-001, 3.999241E-001, 3.952419E-001
1.064800E-001, 1.796778E+000, 3.397554E+000, 5.731465E+000, 6.303796E-001, -5.178079E-001, 3.870462E-001, 4.142258E-001
1.064880E-001, 1.900438E+000, 3.029382E+000, 5.671374E+000, 5.088064E-001, -5.136272E-001, 3.645985E-001, 4.315589E-001
1.064960E-001, 1.890072E+000, 2.936445E+000, 5.749331E+000, 3.984900E-001, -5.258110E-001, 3.388427E-001, 4.358037E-001
1.065040E-001, 1.824420E+000, 2.986488E+000, 5.981577E+000, 3.737251E-001, -5.309472E-001, 3.136775E-001, 4.296723E-001
1.065120E-001, 1.814054E+000, 3.090148E+000, 6.017308E+000, 3.883589E-001, -5.311861E-001, 2.906391E-001, 4.273140E-001
1.065200E-001, 1.914259E+000, 3.292107E+000, 5.850025E+000, 3.928616E-001, -5.106410E-001, 2.720902E-001, 4.348604E-001
1.065280E-001, 2.049018E+000, 3.419001E+000, 5.746082E+000, 4.502712E-001, -4.572477E-001, 2.628748E-001, 4.483024E-001
1.065360E-001, 1.995460E+000, 3.408278E+000, 5.794806E+000, 4.840415E-001, -4.071989E-001, 2.547227E-001, 4.616265E-001
1.065440E-001, 1.907349E+000, 3.417214E+000, 5.796430E+000, 4.131238E-001, -3.974041E-001, 2.346379E-001, 4.756581E-001
1.065520E-001, 1.997187E+000, 3.481555E+000, 5.650260E+000, 3.500858E-001, -4.009876E-001, 2.193971E-001, 4.896896E-001
1.065600E-001, 2.159589E+000, 3.476193E+000, 5.585296E+000, 3.455831E-001, -3.772174E-001, 2.273128E-001, 4.960569E-001
1.065680E-001, 2.380730E+000, 3.335001E+000, 5.585296E+000, 3.624683E-001, -3.351716E-001, 2.421992E-001, 4.981793E-001
1.065760E-001, 2.556953E+000, 3.186659E+000, 5.422885E+000, 3.939873E-001, -2.950370E-001, 2.459799E-001, 5.112675E-001
1.065840E-001, 2.482663E+000, 3.186659E+000, 5.278340E+000, 4.547739E-001, -2.586053E-001, 2.452710E-001, 5.319022E-001
1.065920E-001, 2.342722E+000, 3.342149E+000, 5.409893E+000, 5.301943E-001, -2.231292E-001, 2.504695E-001, 5.427501E-001
1.066000E-001, 2.216602E+000, 3.488704E+000, 5.660005E+000, 5.178118E-001, -1.818001E-001, 2.566130E-001, 5.557204E-001
1.066080E-001, 1.928081E+000, 3.494066E+000, 5.710352E+000, 3.771021E-001, -1.340209E-001, 2.602756E-001, 5.821328E-001
1.066160E-001, 1.805416E+000, 3.528023E+000, 5.515460E+000, 2.014963E-001, -8.695828E-002, 2.672462E-001, 5.965181E-001
1.066240E-001, 2.061111E+000, 3.583428E+000, 5.435878E+000, 1.024367E-001, -3.738729E-002, 2.789426E-001, 5.984047E-001
1.066320E-001, 2.240789E+000, 3.404703E+000, 5.547942E+000, 1.215732E-001, 1.875337E-002, 2.933564E-001, 6.189215E-001
1.066400E-001, 2.239061E+000, 3.197383E+000, 5.458616E+000, 1.395841E-001, 7.740243E-002, 3.097787E-001, 6.412069E-001
1.066480E-001, 2.396280E+000, 3.270660E+000, 5.294581E+000, 6.754068E-002, 1.268540E-001, 3.277369E-001, 6.383770E-001
1.066560E-001, 2.527582E+000, 3.456533E+000, 5.335184E+000, 5.515822E-002, 1.536104E-001, 3.423870E-001, 6.343679E-001
1.066640E-001, 2.285709E+000, 3.467257E+000, 5.252355E+000, 1.789828E-001, 1.623301E-001, 3.472310E-001, 6.459234E-001
1.066720E-001, 2.021375E+000, 3.326064E+000, 5.036349E+000, 2.330153E-001, 1.711693E-001, 3.458133E-001, 6.624311E-001
1.066800E-001, 2.023103E+000, 3.274234E+000, 5.198759E+000, 4.502711E-002, 1.949394E-001, 3.446318E-001, 6.836553E-001
1.066880E-001, 2.083571E+000, 3.397554E+000, 5.606410E+000, -1.136935E-001, 2.392547E-001, 3.471129E-001, 7.079452E-001
1.066960E-001, 2.199325E+000, 3.520874E+000, 5.616154E+000, 7.091770E-002, 2.927675E-001, 3.531383E-001, 7.236275E-001
1.067040E-001, 2.292619E+000, 3.490491E+000, 5.314071E+000, 3.061844E-001, 3.327827E-001, 3.504210E-001, 7.236275E-001
1.067120E-001, 2.112942E+000, 3.379682E+000, 5.335184E+000, 2.724141E-001, 3.533278E-001, 3.412056E-001, 7.198544E-001
1.067200E-001, 1.934991E+000, 3.354660E+000, 5.711976E+000, 1.902396E-001, 3.688560E-001, 3.452225E-001, 7.325889E-001
1.067280E-001, 2.005826E+000, 3.431512E+000, 5.944223E+000, 2.195072E-001, 3.889233E-001, 3.447500E-001, 7.538131E-001
1.067360E-001, 2.026558E+000, 3.474406E+000, 5.812671E+000, 2.093761E-001, 4.113796E-001, 3.220659E-001, 7.669013E-001
1.067440E-001, 2.033469E+000, 3.374320E+000, 5.671374E+000, 1.575949E-001, 4.411222E-001, 3.159223E-001, 7.777492E-001
1.067520E-001, 2.204508E+000, 3.238489E+000, 5.858146E+000, 1.350814E-001, 4.765983E-001, 3.338805E-001, 7.895405E-001
1.067600E-001, 2.292619E+000, 3.168787E+000, 6.064407E+000, 3.602169E-002, 4.983379E-001, 3.349438E-001, 8.036900E-001
1.067680E-001, 2.308168E+000, 3.082999E+000, 5.919862E+000, -1.024367E-001, 5.069381E-001, 3.191123E-001, 8.210230E-001
1.067760E-001, 2.318534E+000, 3.102659E+000, 5.663253E+000, -9.117991E-002, 5.199580E-001, 3.069432E-001, 8.209051E-001
1.067840E-001, 2.157861E+000, 3.297468E+000, 5.577176E+000, -1.463381E-002, 5.307083E-001, 2.980823E-001, 8.089960E-001
1.067920E-001, 2.009281E+000, 3.399341E+000, 5.608034E+000, -1.913652E-002, 5.310667E-001, 2.907572E-001, 8.106468E-001
1.068000E-001, 2.099120E+000, 3.442235E+000, 5.674622E+000, -1.125678E-002, 5.267665E-001, 2.788245E-001, 8.138304E-001
1.068080E-001, 2.334083E+000, 3.638832E+000, 5.700607E+000, 7.879745E-003, 5.176885E-001, 2.613389E-001, 8.080527E-001
1.068160E-001, 2.515489E+000, 3.744280E+000, 5.622651E+000, -1.238246E-002, 5.120744E-001, 2.509421E-001, 8.043974E-001
1.068240E-001, 2.453293E+000, 3.513725E+000, 5.512211E+000, 3.939873E-002, 5.155384E-001, 2.476340E-001, 7.997988E-001
1.068320E-001, 2.315079E+000, 3.200957E+000, 5.413141E+000, 1.722287E-001, 5.101632E-001, 2.476340E-001, 7.975585E-001
1.068400E-001, 2.377275E+000, 3.236702E+000, 5.344929E+000, 2.408951E-001, 4.897376E-001, 2.498787E-001, 8.127692E-001
1.068480E-001, 2.436016E+000, 3.529810E+000, 5.336808E+000, 2.105018E-001, 4.823318E-001, 2.401908E-001, 8.316352E-001
1.068560E-001, 2.365181E+000, 3.551257E+000, 5.353049E+000, 1.632233E-001, 4.984573E-001, 2.171523E-001, 8.310456E-001
1.068640E-001, 2.344449E+000, 3.436873E+000, 5.314071E+000, 1.170705E-001, 5.102827E-001, 2.092365E-001, 8.220842E-001
1.068720E-001, 2.401463E+000, 3.519087E+000, 5.130547E+000, 1.024367E-001, 5.117161E-001, 2.195152E-001, 8.200797E-001
1.068800E-001, 2.423922E+000, 3.561981E+000, 4.989250E+000, 1.463381E-001, 5.201969E-001, 2.123083E-001, 8.173678E-001
1.068880E-001, 2.320262E+000, 3.479767E+000, 5.216624E+000, 1.046880E-001, 5.321417E-001, 1.865525E-001, 8.065199E-001
1.068960E-001, 2.202780E+000, 3.413639E+000, 5.635643E+000, -2.476491E-002, 5.385919E-001, 1.706028E-001, 7.896584E-001
1.069040E-001, 2.137129E+000, 3.402916E+000, 5.599913E+000, -2.138788E-002, 5.322611E-001, 1.630414E-001, 7.709103E-001
1.069120E-001, 2.043835E+000, 3.379682E+000, 5.060710E+000, 1.249502E-001, 5.132689E-001, 1.596152E-001, 7.542847E-001
1.069200E-001, 2.005826E+000, 3.274234E+000, 4.799230E+000, 2.453978E-001, 5.063409E-001, 1.715479E-001, 7.389562E-001
1.069280E-001, 2.064567E+000, 3.236702E+000, 4.974633E+000, 2.971790E-001, 5.172107E-001, 1.928142E-001, 7.191468E-001
1.069360E-001, 2.074933E+000, 3.274234E+000, 5.063959E+000, 3.669710E-001, 5.240192E-001, 2.114813E-001, 6.987481E-001
1.069440E-001, 1.986822E+000, 3.236702E+000, 5.026604E+000, 5.189375E-001, 5.261693E-001, 2.281399E-001, 6.917912E-001
1.069520E-001, 1.871068E+000, 3.224191E+000, 5.107809E+000, 6.213742E-001, 5.351279E-001, 2.352286E-001, 6.954465E-001
1.069600E-001, 1.883161E+000, 3.356447E+000, 5.296206E+000, 5.639646E-001, 5.507756E-001, 2.367645E-001, 6.900225E-001
1.069680E-001, 2.104303E+000, 3.419001E+000, 5.463488E+000, 5.200632E-001, 5.639149E-001, 2.616933E-001, 6.704491E-001
1.069760E-001, 2.199325E+000, 3.242064E+000, 5.565807E+000, 5.324456E-001, 5.519701E-001, 3.074158E-001, 6.541772E-001
1.069840E-001, 1.962634E+000, 3.100871E+000, 5.567431E+000, 4.525225E-001, 5.161356E-001, 3.369523E-001, 6.508757E-001
1.069920E-001, 1.762224E+000, 3.133042E+000, 5.474857E+000, 3.737251E-001, 5.038325E-001, 3.477036E-001, 6.515831E-001
1.070000E-001, 1.724216E+000, 3.145552E+000, 5.330312E+000, 4.097467E-001, 5.277221E-001, 3.632989E-001, 6.416785E-001
1.070080E-001, 1.731126E+000, 3.213468E+000, 5.182518E+000, 4.795388E-001, 5.465949E-001, 3.848014E-001, 6.209260E-001
1.070160E-001, 1.891800E+000, 3.318915E+000, 5.210128E+000, 5.819755E-001, 5.568675E-001, 3.961434E-001, 6.080735E-001
1.070240E-001, 2.047290E+000, 3.284958E+000, 5.479729E+000, 6.934175E-001, 5.825489E-001, 3.896454E-001, 6.031212E-001
1.070320E-001, 1.974728E+000, 3.276021E+000, 5.668126E+000, 6.618986E-001, 6.060801E-001, 3.804300E-001, 5.857881E-001
1.070400E-001, 1.926353E+000, 3.315341E+000, 5.491098E+000, 5.223145E-001, 6.005855E-001, 3.859829E-001, 5.642102E-001
1.070480E-001, 2.088754E+000, 3.143765E+000, 5.159781E+000, 4.604023E-001, 5.805182E-001, 3.922446E-001, 5.540697E-001
1.070560E-001, 2.226968E+000, 2.920360E+000, 5.167901E+000, 5.369483E-001, 5.684540E-001, 3.741683E-001, 5.438113E-001
1.070640E-001, 2.157861E+000, 3.086573E+000, 5.647012E+000, 6.033633E-001, 5.548369E-001, 3.482943E-001, 5.278932E-001
1.070720E-001, 2.017920E+000, 3.385043E+000, 5.958840E+000, 5.133091E-001, 5.293944E-001, 3.465222E-001, 5.152766E-001
1.070800E-001, 2.023103E+000, 3.258149E+000, 5.632395E+000, 4.142494E-001, 5.047880E-001, 3.521931E-001, 5.054898E-001
1.070880E-001, 2.080116E+000, 2.922147E+000, 5.349801E+000, 4.570252E-001, 4.850791E-001, 3.426233E-001, 4.994763E-001
1.070960E-001, 2.021375E+000, 2.800614E+000, 5.556062E+000, 4.322603E-001, 4.625034E-001, 3.377793E-001, 5.024241E-001
1.071040E-001, 1.910804E+000, 2.802401E+000, 5.564183E+000, 3.264466E-001, 4.436306E-001, 3.508936E-001, 5.077302E-001
1.071120E-001, 1.779501E+000, 2.779167E+000, 5.226369E+000, 4.142494E-001, 4.349109E-001, 3.641259E-001, 5.103242E-001
1.071200E-001, 1.753586E+000, 2.848870E+000, 5.158156E+000, 5.391997E-001, 4.297746E-001, 3.623537E-001, 5.145691E-001
1.071280E-001, 1.947085E+000, 2.986488E+000, 5.273468E+000, 4.727847E-001, 4.198604E-001, 3.538472E-001, 5.244737E-001
1.071360E-001, 2.119852E+000, 2.991849E+000, 5.137043E+000, 4.300089E-001, 4.114990E-001, 3.573916E-001, 5.436934E-001
1.071440E-001, 2.142312E+000, 3.002573E+000, 4.890179E+000, 4.682820E-001, 4.148436E-001, 3.738139E-001, 5.592579E-001
1.071520E-001, 2.066294E+000, 3.122318E+000, 4.839832E+000, 4.558995E-001, 4.111407E-001, 3.930717E-001, 5.527726E-001
1.071600E-001, 1.829603E+000, 3.133042E+000, 4.909668E+000, 4.716590E-001, 3.878483E-001, 4.188275E-001, 5.480562E-001
1.071680E-001, 1.624011E+000, 3.057977E+000, 4.906420E+000, 4.874185E-001, 3.761424E-001, 4.442289E-001, 5.665684E-001
1.071760E-001, 1.741492E+000, 3.104446E+000, 4.971385E+000, 4.311346E-001, 3.985986E-001, 4.575793E-001, 5.831940E-001
1.071840E-001, 1.966089E+000, 3.261724E+000, 5.179270E+000, 4.322603E-001, 4.406444E-001, 4.792001E-001, 5.844911E-001
1.071920E-001, 1.997187E+000, 3.317128E+000, 5.262099E+000, 5.133091E-001, 4.879459E-001, 5.168886E-001, 5.859060E-001
1.072000E-001, 1.945357E+000, 3.177723E+000, 5.179270E+000, 5.808498E-001, 5.443254E-001, 5.507965E-001, 5.958107E-001
1.072080E-001, 1.943630E+000, 3.102659E+000, 5.187390E+000, 5.662160E-001, 6.115748E-001, 5.790334E-001, 6.099601E-001
1.072160E-001, 1.929808E+000, 3.322490E+000, 5.379035E+000, 4.626536E-001, 6.653264E-001, 6.054981E-001, 6.263499E-001
1.072240E-001, 1.926353E+000, 3.529810E+000, 5.543069E+000, 4.288833E-001, 6.841992E-001, 6.241652E-001, 6.420323E-001
1.072320E-001, 1.957451E+000, 3.399341E+000, 5.512211E+000, 5.020523E-001, 6.868271E-001, 6.358616E-001, 6.433293E-001
1.072400E-001, 1.864157E+000, 3.158063E+000, 5.357922E+000, 4.547739E-001, 6.830047E-001, 6.466129E-001, 6.257604E-001
1.072480E-001, 1.691390E+000, 3.086573E+000, 5.283213E+000, 2.397694E-001, 6.555316E-001, 6.454315E-001, 6.090168E-001
1.072560E-001, 1.719033E+000, 3.193808E+000, 5.330312E+000, 1.035624E-001, 6.218473E-001, 6.162494E-001, 6.088989E-001
1.072640E-001, 1.833059E+000, 3.374320E+000, 5.203631E+000, 1.272016E-001, 6.114553E-001, 5.793878E-001, 6.171528E-001
1.072720E-001, 1.743220E+000, 3.420788E+000, 4.982753E+000, 2.521518E-001, 6.145610E-001, 5.594212E-001, 6.249350E-001
1.072800E-001, 1.605006E+000, 3.331426E+000, 5.037973E+000, 4.660307E-001, 6.113358E-001, 5.480792E-001, 6.396740E-001
1.072880E-001, 1.624011E+000, 3.304617E+000, 5.180894E+000, 6.270026E-001, 5.960464E-001, 5.376824E-001, 6.607803E-001
1.072960E-001, 1.753586E+000, 3.299256E+000, 5.137043E+000, 6.506418E-001, 5.721568E-001, 5.222052E-001, 6.787030E-001
1.073040E-001, 1.815782E+000, 3.222404E+000, 5.128922E+000, 6.787838E-001, 5.513728E-001, 4.942046E-001, 6.959181E-001
1.073120E-001, 1.693117E+000, 3.152701E+000, 5.198759E+000, 7.564555E-001, 5.309472E-001, 4.598241E-001, 7.232738E-001
1.073200E-001, 1.596368E+000, 3.149127E+000, 5.179270E+000, 7.643353E-001, 5.120744E-001, 4.315872E-001, 7.618311E-001
1.073280E-001, 1.694845E+000, 3.165212E+000, 5.218248E+000, 6.956689E-001, 5.164940E-001, 4.174097E-001, 7.867106E-001
1.073360E-001, 1.962634E+000, 3.174148E+000, 5.370914E+000, 6.573959E-001, 5.333362E-001, 4.100847E-001, 7.897763E-001
1.073440E-001, 2.192414E+000, 3.206319E+000, 5.395276E+000, 6.675270E-001, 5.434893E-001, 3.980338E-001, 8.056945E-001
1.073520E-001, 2.081843E+000, 3.297468E+000, 5.185766E+000, 6.585215E-001, 5.602120E-001, 3.818478E-001, 8.382382E-001
1.073600E-001, 1.874523E+000, 3.440448E+000, 4.903172E+000, 6.067404E-001, 5.807571E-001, 3.648348E-001, 8.556893E-001
1.073680E-001, 1.979911E+000, 3.522661E+000, 4.804102E+000, 5.988606E-001, 5.928214E-001, 3.507754E-001, 8.607595E-001
1.073760E-001, 2.062839E+000, 3.479767E+000, 4.898300E+000, 6.393850E-001, 5.983160E-001, 3.389608E-001, 8.660656E-001
1.073840E-001, 1.848608E+000, 3.331426E+000, 4.940526E+000, 6.123688E-001, 5.979577E-001, 3.223022E-001, 8.622923E-001
1.073920E-001, 1.755314E+000, 3.102659E+000, 4.883683E+000, 5.988606E-001, 6.085885E-001, 3.028081E-001, 8.609953E-001
1.074000E-001, 1.886617E+000, 3.043679E+000, 4.896676E+000, 7.485758E-001, 6.450202E-001, 2.909935E-001, 8.717253E-001
1.074080E-001, 1.888344E+000, 3.220617E+000, 4.973009E+000, 8.735260E-001, 6.766740E-001, 2.908754E-001, 8.752627E-001
1.074160E-001, 1.807144E+000, 3.243851E+000, 4.948647E+000, 7.575812E-001, 6.752406E-001, 2.898121E-001, 8.694850E-001
1.074240E-001, 1.879706E+000, 3.141978E+000, 4.813846E+000, 6.022376E-001, 6.616235E-001, 2.730353E-001, 8.661835E-001
1.074320E-001, 2.045562E+000, 3.192021E+000, 4.838208E+000, 6.078660E-001, 6.588762E-001, 2.540138E-001, 8.659476E-001
1.074400E-001, 2.076660E+000, 3.324277E+000, 5.216624E+000, 6.033633E-001, 6.578012E-001, 2.490517E-001, 8.725507E-001
1.074480E-001, 1.947085E+000, 3.356447E+000, 5.515460E+000, 5.538335E-001, 6.539788E-001, 2.437351E-001, 8.871719E-001
1.074560E-001, 1.973000E+000, 3.133042E+000, 5.359546E+000, 6.472648E-001, 6.664014E-001, 2.338109E-001, 9.022646E-001
1.074640E-001, 2.183776E+000, 2.841721E+000, 5.154908E+000, 8.048597E-001, 6.959051E-001, 2.299121E-001, 9.138200E-001
1.074720E-001, 2.182048E+000, 2.940019E+000, 5.356297E+000, 7.575812E-001, 7.153752E-001, 2.255407E-001, 9.227813E-001
1.074800E-001, 1.907349E+000, 3.317128E+000, 5.772068E+000, 5.954836E-001, 7.153752E-001, 2.242411E-001, 9.273799E-001
1.074880E-001, 1.691390E+000, 3.463682E+000, 5.807798E+000, 6.765324E-001, 7.080889E-001, 2.275492E-001, 9.267904E-001
1.074960E-001, 1.750131E+000, 3.419001E+000, 5.489474E+000, 8.431327E-001, 7.070138E-001, 2.173886E-001, 9.244321E-001
1.075040E-001, 1.953996E+000, 3.452959E+000, 5.471609E+000, 6.528932E-001, 7.163308E-001, 1.996667E-001, 9.199514E-001
1.075120E-001, 1.947085E+000, 3.410065E+000, 5.711976E+000, 3.680967E-001, 7.139418E-001, 1.945864E-001, 9.062736E-001
1.075200E-001, 1.687934E+000, 3.279596E+000, 5.651885E+000, 3.951129E-001, 6.992497E-001, 1.995486E-001, 8.824553E-001
1.075280E-001, 1.580819E+000, 3.333213E+000, 5.320567E+000, 4.570252E-001, 7.096417E-001, 2.017933E-001, 8.654760E-001
1.075360E-001, 1.741492E+000, 3.520874E+000, 5.101313E+000, 4.029927E-001, 7.424899E-001, 1.906876E-001, 8.664193E-001
1.075440E-001, 1.843425E+000, 3.542321E+000, 5.180894E+000, 4.446428E-001, 7.618406E-001, 1.711935E-001, 8.701925E-001
1.075520E-001, 1.757041E+000, 3.281383E+000, 5.401772E+000, 4.817901E-001, 7.691269E-001, 1.636322E-001, 8.658297E-001
1.075600E-001, 1.753586E+000, 3.041892E+000, 5.431006E+000, 4.198779E-001, 7.860885E-001, 1.628052E-001, 8.578117E-001
1.075680E-001, 1.945357E+000, 3.015084E+000, 5.325439E+000, 4.941726E-001, 8.069920E-001, 1.488639E-001, 8.581654E-001
1.075760E-001, 2.047290E+000, 3.050828E+000, 5.333560E+000, 7.226852E-001, 8.166673E-001, 1.376401E-001, 8.683059E-001
1.075840E-001, 1.921170E+000, 3.154489E+000, 5.354673E+000, 7.654610E-001, 8.181007E-001, 1.453196E-001, 8.737298E-001
1.075920E-001, 1.746675E+000, 3.299256E+000, 5.281589E+000, 6.146201E-001, 8.141589E-001, 1.481550E-001, 8.736119E-001
1.076000E-001, 1.703483E+000, 3.288532E+000, 5.247482E+000, 6.157458E-001, 8.034086E-001, 1.372856E-001, 8.717253E-001
1.076080E-001, 1.770863E+000, 3.261724E+000, 5.182518E+000, 6.517675E-001, 7.939721E-001, 1.270069E-001, 8.613490E-001
1.076160E-001, 1.839970E+000, 3.402916E+000, 4.961640E+000, 4.716590E-001, 7.857302E-001, 1.135383E-001, 8.457846E-001
1.076240E-001, 1.872795E+000, 3.565555E+000, 4.808974E+000, 2.724141E-001, 7.660213E-001, 9.983335E-002, 8.285695E-001
1.076320E-001, 1.770863E+000, 3.617385E+000, 4.927534E+000, 1.756057E-001, 7.325758E-001, 9.428049E-002, 8.113543E-001
1.076400E-001, 1.617100E+000, 3.536959E+000, 5.104561E+000, 1.463381E-001, 7.040277E-001, 8.541954E-002, 8.092318E-001
1.076480E-001, 1.615372E+000, 3.435086E+000, 5.111057E+000, 2.544032E-001, 6.963829E-001, 7.584971E-002, 8.247963E-001
1.076560E-001, 1.646470E+000, 3.522661E+000, 5.034725E+000, 4.086211E-001, 6.927995E-001, 7.195090E-002, 8.361158E-001
1.076640E-001, 1.542810E+000, 3.560194E+000, 4.934030E+000, 4.119981E-001, 6.761962E-001, 6.663433E-002, 8.365875E-001
1.076720E-001, 1.368315E+000, 3.320703E+000, 4.831711E+000, 3.793534E-001, 6.652070E-001, 6.840652E-002, 8.371770E-001
1.076800E-001, 1.223191E+000, 3.222404E+000, 4.846328E+000, 4.975496E-001, 6.788241E-001, 8.400179E-002, 8.324605E-001
1.076880E-001, 1.135080E+000, 3.511938E+000, 4.903172E+000, 6.168715E-001, 6.980552E-001, 9.428049E-002, 8.190185E-001
1.076960E-001, 1.154084E+000, 3.837217E+000, 4.947023E+000, 5.695930E-001, 6.998470E-001, 9.534380E-002, 8.099393E-001
1.077040E-001, 1.295753E+000, 3.910494E+000, 5.024980E+000, 4.705333E-001, 6.974580E-001, 1.120024E-001, 8.113543E-001
1.077120E-001, 1.433967E+000, 3.701386E+000, 5.055838E+000, 4.288833E-001, 7.165697E-001, 1.410663E-001, 8.183111E-001
1.077200E-001, 1.489252E+000, 3.393980E+000, 5.010363E+000, 4.435171E-001, 7.521653E-001, 1.576067E-001, 8.183111E-001
1.077280E-001, 1.608462E+000, 3.354660E+000, 5.016860E+000, 5.009267E-001, 7.815495E-001, 1.670584E-001, 8.042795E-001
1.077360E-001, 1.746675E+000, 3.574492E+000, 5.167901E+000, 4.829158E-001, 7.949277E-001, 1.815904E-001, 7.956719E-001
1.077440E-001, 1.693117E+000, 3.662066E+000, 5.364418E+000, 3.410804E-001, 7.939721E-001, 1.905695E-001, 8.031004E-001
1.077520E-001, 1.660292E+000, 3.572704E+000, 5.460240E+000, 2.476491E-001, 7.870441E-001, 1.858436E-001, 8.014496E-001
1.077600E-001, 1.751858E+000, 3.483342E+000, 5.505715E+000, 3.737251E-001, 7.774883E-001, 1.815904E-001, 7.843524E-001
1.077680E-001, 1.682751E+000, 3.393980E+000, 5.536573E+000, 6.078660E-001, 7.559876E-001, 1.909239E-001, 7.757447E-001
1.077760E-001, 1.451244E+000, 3.383256E+000, 5.427758E+000, 6.517675E-001, 7.245727E-001, 2.022659E-001, 7.758626E-001
1.077840E-001, 1.266383E+000, 3.486917E+000, 5.255603E+000, 5.211889E-001, 7.018776E-001, 1.987215E-001, 7.788104E-001
1.077920E-001, 1.280204E+000, 3.497640E+000, 5.237738E+000, 5.009267E-001, 6.948301E-001, 1.880884E-001, 7.845882E-001
1.078000E-001, 1.504801E+000, 3.526236E+000, 5.292957E+000, 6.011120E-001, 6.908883E-001, 1.851347E-001, 7.802254E-001
1.078080E-001, 1.789867E+000, 3.733556E+000, 5.275092E+000, 6.179972E-001, 6.813325E-001, 1.831263E-001, 7.713820E-001
1.078160E-001, 1.921170E+000, 3.860451E+000, 5.221497E+000, 5.819755E-001, 6.697460E-001, 1.794637E-001, 7.752731E-001
1.078240E-001, 1.750131E+000, 3.853302E+000, 5.140291E+000, 6.281282E-001, 6.648486E-001, 1.913965E-001, 7.878897E-001
1.078320E-001, 1.428784E+000, 3.778238E+000, 5.078576E+000, 6.618986E-001, 6.697460E-001, 2.107724E-001, 8.015676E-001
1.078400E-001, 1.247378E+000, 3.585215E+000, 5.166277E+000, 6.168715E-001, 6.777490E-001, 2.186882E-001, 8.108826E-001
1.078480E-001, 1.337217E+000, 3.533385E+000, 5.318943E+000, 6.326309E-001, 6.979358E-001, 2.276673E-001, 8.093497E-001
1.078560E-001, 1.523806E+000, 3.753216E+000, 5.291333E+000, 7.519528E-001, 7.262450E-001, 2.430263E-001, 8.075811E-001
1.078640E-001, 1.532444E+000, 3.846153E+000, 5.099689E+000, 8.971653E-001, 7.255283E-001, 2.541320E-001, 8.167782E-001
1.078720E-001, 1.454699E+000, 3.570917E+000, 5.083448E+000, 9.354383E-001, 7.107167E-001, 2.611026E-001, 8.304560E-001
1.078800E-001, 1.558359E+000, 3.322490E+000, 5.266972E+000, 8.262476E-001, 7.208698E-001, 2.671281E-001, 8.422472E-001
1.078880E-001, 1.877978E+000, 3.440448E+000, 5.283213E+000, 7.283136E-001, 7.220643E-001, 2.723265E-001, 8.521519E-001
1.078960E-001, 2.005826E+000, 3.637045E+000, 5.172773E+000, 6.258769E-001, 6.918439E-001, 2.692547E-001, 8.619386E-001
1.079040E-001, 1.572181E+000, 3.617385E+000, 5.203631E+000, 4.525225E-001, 6.684321E-001, 2.641744E-001, 8.677163E-001
1.079120E-001, 1.159267E+000, 3.595938E+000, 5.263723E+000, 3.951129E-001, 6.675959E-001, 2.764616E-001, 8.681880E-001
1.079200E-001, 1.375226E+000, 3.767514E+000, 5.292957E+000, 4.221292E-001, 6.816908E-001, 2.917024E-001, 8.745552E-001
1.079280E-001, 1.739765E+000, 3.819344E+000, 5.331936E+000, 3.489601E-001, 6.984136E-001, 2.861496E-001, 8.876435E-001
1.079360E-001, 1.682751E+000, 3.629896E+000, 5.258851E+000, 3.613426E-001, 6.916050E-001, 2.784701E-001, 8.949540E-001
1.079440E-001, 1.383864E+000, 3.613811E+000, 5.219872E+000, 5.313200E-001, 6.759573E-001, 2.912298E-001, 9.022646E-001
1.079520E-001, 1.314758E+000, 3.724620E+000, 5.349801E+000, 5.718443E-001, 6.847965E-001, 3.123780E-001, 9.172395E-001
1.079600E-001, 1.463337E+000, 3.563768E+000, 5.362794E+000, 5.448281E-001, 6.950690E-001, 3.328172E-001, 9.331576E-001
1.079680E-001, 1.465065E+000, 3.431512E+000, 5.176022E+000, 5.977349E-001, 6.877827E-001, 3.534928E-001, 9.478967E-001
1.079760E-001, 1.427056E+000, 3.660279E+000, 5.057462E+000, 4.806645E-001, 6.876633E-001, 3.668433E-001, 9.596879E-001
1.079840E-001, 1.599823E+000, 3.842578E+000, 5.153284E+000, 2.442721E-001, 7.034304E-001, 3.768857E-001, 9.686492E-001
1.079920E-001, 1.706939E+000, 3.719258E+000, 5.292957E+000, 2.296383E-001, 7.183614E-001, 3.992153E-001, 9.869256E-001
1.080000E-001, 1.603279E+000, 3.644194E+000, 5.314071E+000, 3.208182E-001, 7.233782E-001, 4.370220E-001, 1.006381E+000
1.080080E-001, 1.584274E+000, 3.731769E+000, 5.328688E+000, 3.028074E-001, 7.201532E-001, 4.760101E-001, 9.987168E-001
1.080160E-001, 1.577363E+000, 3.788961E+000, 5.330312E+000, 3.804791E-001, 7.160919E-001, 5.051922E-001, 9.816195E-001
1.080240E-001, 1.318213E+000, 3.713897E+000, 5.237738E+000, 6.022376E-001, 7.212282E-001, 5.253952E-001, 9.916421E-001
1.080320E-001, 1.174816E+000, 3.533385E+000, 5.252355E+000, 5.876039E-001, 7.360398E-001, 5.451255E-001, 1.005202E+000
1.080400E-001, 1.416690E+000, 3.494066E+000, 5.406644E+000, 3.073101E-001, 7.484624E-001, 5.789153E-001, 9.942362E-001
1.080480E-001, 1.615372E+000, 3.678152E+000, 5.489474E+000, 1.992450E-001, 7.539570E-001, 6.193212E-001, 9.806762E-001
1.080560E-001, 1.490980E+000, 3.740705E+000, 5.466736E+000, 3.365777E-001, 7.649462E-001, 6.363342E-001, 9.829166E-001
1.080640E-001, 1.325124E+000, 3.590577E+000, 5.370914E+000, 3.872332E-001, 7.876413E-001, 6.365705E-001, 9.947078E-001
1.080720E-001, 1.392503E+000, 3.488704E+000, 5.247482E+000, 3.332007E-001, 7.976750E-001, 6.574823E-001, 1.000368E+000
1.080800E-001, 1.596368E+000, 3.470831E+000, 5.237738E+000, 4.243806E-001, 7.765327E-001, 6.972975E-001, 9.935287E-001
1.080880E-001, 1.772590E+000, 3.461895E+000, 5.286461E+000, 6.393850E-001, 7.595711E-001, 7.245893E-001, 9.889301E-001
1.080960E-001, 1.829603E+000, 3.481555E+000, 5.143539E+000, 6.911662E-001, 7.780855E-001, 7.293151E-001, 9.890480E-001
1.081040E-001, 1.724216E+000, 3.499427E+000, 4.942151E+000, 4.998010E-001, 8.161895E-001, 7.262433E-001, 9.856285E-001
1.081120E-001, 1.648198E+000, 3.565555E+000, 5.049342E+000, 3.827305E-001, 8.705384E-001, 7.271885E-001, 9.943541E-001
1.081200E-001, 1.613645E+000, 3.701386E+000, 5.265347E+000, 5.346970E-001, 9.549883E-001, 7.261252E-001, 1.015696E+000
1.081280E-001, 1.485797E+000, 3.778238E+000, 5.278340E+000, 6.967946E-001, 1.044335E+000, 7.169098E-001, 1.023478E+000
1.081360E-001, 1.492708E+000, 3.819344E+000, 5.301078E+000, 6.517675E-001, 1.084470E+000, 7.040319E-001, 1.018762E+000
1.081440E-001, 1.700028E+000, 3.892621E+000, 5.452119E+000, 5.425767E-001, 1.048397E+000, 6.897362E-001, 1.012748E+000
1.081520E-001, 1.786412E+000, 3.883685E+000, 5.500843E+000, 5.617133E-001, 9.576162E-001, 6.671703E-001, 9.988347E-001
1.081600E-001, 1.748403E+000, 3.783599E+000, 5.387156E+000, 6.652756E-001, 8.621771E-001, 6.351528E-001, 9.862182E-001
1.081680E-001, 1.693117E+000, 3.690662E+000, 5.333560E+000, 6.641499E-001, 7.979139E-001, 6.012449E-001, 9.865718E-001
1.081760E-001, 1.465065E+000, 3.694237E+000, 5.395276E+000, 5.572106E-001, 7.675741E-001, 5.694636E-001, 9.902272E-001
1.081840E-001, 1.212825E+000, 3.787174E+000, 5.364418E+000, 5.189375E-001, 7.702019E-001, 5.380368E-001, 9.915242E-001
1.081920E-001, 1.249106E+000, 3.671003E+000, 5.294581E+000, 5.876039E-001, 7.865663E-001, 5.092092E-001, 9.865718E-001
1.082000E-001, 1.325124E+000, 3.336788E+000, 5.335184E+000, 6.945432E-001, 7.749799E-001, 4.968038E-001, 9.750165E-001
1.082080E-001, 1.152357E+000, 3.322490E+000, 5.431006E+000, 7.947286E-001, 7.478651E-001, 5.024748E-001, 9.714791E-001
1.082160E-001, 1.064245E+000, 3.597726E+000, 5.588544E+000, 8.003570E-001, 7.387871E-001, 5.089729E-001, 9.765493E-001
1.082240E-001, 1.290570E+000, 3.583428E+000, 5.645388E+000, 6.810351E-001, 7.252894E-001, 5.076733E-001, 9.757239E-001
1.082320E-001, 1.546265E+000, 3.301043E+000, 5.469985E+000, 5.898552E-001, 7.006831E-001, 4.973946E-001, 9.725403E-001
1.082400E-001, 1.643015E+000, 3.166999E+000, 5.372539E+000, 6.179972E-001, 6.939940E-001, 4.792001E-001, 9.827987E-001
1.082480E-001, 1.630921E+000, 3.318915E+000, 5.499218E+000, 7.305650E-001, 6.918439E-001, 4.653770E-001, 9.911705E-001
1.082560E-001, 1.532444E+000, 3.563768E+000, 5.560935E+000, 8.532639E-001, 6.765546E-001, 4.597060E-001, 9.737194E-001
1.082640E-001, 1.318213E+000, 3.628109E+000, 5.439126E+000, 8.949139E-001, 6.775101E-001, 4.523809E-001, 9.534385E-001
1.082720E-001, 1.140263E+000, 3.592364E+000, 5.348177E+000, 9.072964E-001, 6.962635E-001, 4.328868E-001, 9.491937E-001
1.082800E-001, 1.181727E+000, 3.620960E+000, 5.346553E+000, 9.455694E-001, 6.965024E-001, 4.047681E-001, 9.394070E-001
1.082880E-001, 1.300936E+000, 3.635258E+000, 5.338432E+000, 1.020990E+000, 6.905300E-001, 3.837381E-001, 9.220738E-001
1.082960E-001, 1.304392E+000, 3.679939E+000, 5.489474E+000, 1.149317E+000, 7.025943E-001, 3.650711E-001, 9.086319E-001
1.083040E-001, 1.342400E+000, 3.776450E+000, 5.695735E+000, 1.168454E+000, 7.048638E-001, 3.389608E-001, 8.895301E-001
1.083120E-001, 1.511712E+000, 3.862238E+000, 5.525204E+000, 1.018739E+000, 6.998470E-001, 3.193486E-001, 8.712537E-001
1.083200E-001, 1.592913E+000, 3.824706E+000, 5.296206E+000, 8.926626E-001, 7.083278E-001, 3.088336E-001, 8.732582E-001
1.083280E-001, 1.579091E+000, 3.615598E+000, 5.405020E+000, 8.093624E-001, 6.882605E-001, 3.041077E-001, 8.793896E-001
1.083360E-001, 1.573908E+000, 3.536959E+000, 5.476481E+000, 6.810351E-001, 6.391672E-001, 3.130868E-001, 8.641790E-001
1.083440E-001, 1.376954E+000, 3.612024E+000, 5.336808E+000, 6.731554E-001, 6.153971E-001, 3.211208E-001, 8.414219E-001
1.083520E-001, 1.128169E+000, 3.569130E+000, 5.171149E+000, 7.857231E-001, 6.090663E-001, 3.139139E-001, 8.326964E-001
1.083600E-001, 1.205914E+000, 3.433299E+000, 5.059086E+000, 7.463244E-001, 6.072746E-001, 3.133231E-001, 8.301023E-001
1.083680E-001, 1.394230E+000, 3.327852E+000, 5.037973E+000, 7.159311E-001, 6.243557E-001, 3.308087E-001, 8.260933E-001
1.083760E-001, 1.375226E+000, 3.354660E+000, 4.989250E+000, 9.478208E-001, 6.438258E-001, 3.523113E-001, 8.252679E-001
1.083840E-001, 1.243923E+000, 3.481555E+000, 4.912917E+000, 1.140312E+000, 6.722544E-001, 3.757042E-001, 8.224380E-001
1.083920E-001, 1.181727E+000, 3.520874E+000, 5.031476E+000, 1.073897E+000, 7.251700E-001, 4.003967E-001, 8.168961E-001
1.084000E-001, 1.295753E+000, 3.554832E+000, 5.193887E+000, 9.433181E-001, 7.670963E-001, 4.132746E-001, 8.204335E-001
1.084080E-001, 1.492708E+000, 3.755003E+000, 5.205256E+000, 9.241815E-001, 7.791606E-001, 4.223719E-001, 8.236171E-001
1.084160E-001, 1.542810E+000, 3.842578E+000, 5.330312E+000, 9.602032E-001, 7.734270E-001, 4.450559E-001, 8.084065E-001
1.084240E-001, 1.446061E+000, 3.717471E+000, 5.520332E+000, 8.982909E-001, 7.533597E-001, 4.588790E-001, 7.862390E-001
1.084320E-001, 1.370043E+000, 3.669215E+000, 5.432630E+000, 7.361934E-001, 7.329341E-001, 4.452922E-001, 7.674909E-001
1.084400E-001, 1.435694E+000, 3.556619E+000, 5.325439E+000, 6.517675E-001, 7.299479E-001, 4.361949E-001, 7.548743E-001
1.084480E-001, 1.641287E+000, 3.297468E+000, 5.432630E+000, 6.607729E-001, 7.386676E-001, 4.413933E-001, 7.607699E-001
1.084560E-001, 1.741492E+000, 3.368958E+000, 5.484601E+000, 6.191229E-001, 7.360398E-001, 4.345409E-001, 7.669013E-001
1.084640E-001, 1.684479E+000, 3.640620E+000, 5.468360E+000, 5.898552E-001, 7.171670E-001, 4.195364E-001, 7.521623E-001
1.084720E-001, 1.774318E+000, 3.588789E+000, 5.504091E+000, 6.810351E-001, 7.036693E-001, 4.054770E-001, 7.433189E-001
1.084800E-001, 1.959179E+000, 3.452959E+000, 5.479729E+000, 8.059854E-001, 6.969802E-001, 3.892910E-001, 7.555817E-001
1.084880E-001, 1.914259E+000, 3.563768E+000, 5.401772E+000, 8.836572E-001, 6.830047E-001, 3.876369E-001, 7.693775E-001
1.084960E-001, 1.656836E+000, 3.603087E+000, 5.379035E+000, 8.847828E-001, 6.865882E-001, 3.988608E-001, 7.783388E-001
1.085040E-001, 1.399413E+000, 3.440448E+000, 5.495970E+000, 8.431327E-001, 7.147780E-001, 4.016963E-001, 7.962615E-001
1.085120E-001, 1.269838E+000, 3.465469E+000, 5.710352E+000, 8.116137E-001, 7.309035E-001, 4.027596E-001, 8.194902E-001
1.085200E-001, 1.347583E+000, 3.663854E+000, 5.856522E+000, 8.296246E-001, 7.368759E-001, 4.103210E-001, 8.332859E-001
1.085280E-001, 1.539355E+000, 3.676364E+000, 5.927982E+000, 9.016680E-001, 7.412955E-001, 4.162283E-001, 8.481429E-001
1.085360E-001, 1.679296E+000, 3.549470E+000, 5.905245E+000, 8.206192E-001, 7.254089E-001, 4.233170E-001, 8.635894E-001
1.085440E-001, 1.722488E+000, 3.494066E+000, 5.889004E+000, 5.470794E-001, 7.058194E-001, 4.314691E-001, 8.664193E-001
1.085520E-001, 1.744948E+000, 3.488704E+000, 6.041669E+000, 4.558995E-001, 7.079694E-001, 4.226081E-001, 8.740836E-001
1.085600E-001, 1.912532E+000, 3.436873E+000, 6.031925E+000, 6.067404E-001, 7.225421E-001, 4.035867E-001, 8.856390E-001
1.085680E-001, 2.119852E+000, 3.315341E+000, 5.739586E+000, 6.697783E-001, 7.410566E-001, 4.016963E-001, 8.756164E-001
1.085760E-001, 1.966089E+000, 3.225979E+000, 5.484601E+000, 6.573959E-001, 7.688880E-001, 4.116206E-001, 8.572221E-001
1.085840E-001, 1.528989E+000, 3.315341E+000, 5.361170E+000, 7.328163E-001, 7.968389E-001, 4.181186E-001, 8.482608E-001
1.085920E-001, 1.338945E+000, 3.519087E+000, 5.249106E+000, 7.114284E-001, 8.053197E-001, 4.237896E-001, 8.368233E-001
1.086000E-001, 1.611917E+000, 3.585215E+000, 5.054214E+000, 5.009267E-001, 8.128449E-001, 4.274521E-001, 8.293948E-001
1.086080E-001, 1.997187E+000, 3.483342E+000, 4.997370E+000, 3.725994E-001, 8.474849E-001, 4.305239E-001, 8.433084E-001
1.086160E-001, 2.099120E+000, 3.460108E+000, 5.288085E+000, 5.121834E-001, 8.791387E-001, 4.419841E-001, 8.621745E-001
1.086240E-001, 1.988549E+000, 3.654917E+000, 5.578800E+000, 6.866635E-001, 8.846333E-001, 4.568705E-001, 8.704283E-001
1.086320E-001, 1.876251E+000, 3.867600E+000, 5.676246E+000, 6.393850E-001, 8.841555E-001, 4.651407E-001, 8.805687E-001
1.086400E-001, 1.748403E+000, 3.824706E+000, 5.739586E+000, 6.596472E-001, 8.698217E-001, 4.696302E-001, 8.929495E-001
1.086480E-001, 1.665475E+000, 3.594151E+000, 5.702231E+000, 9.084221E-001, 8.471266E-001, 4.812086E-001, 9.023825E-001
1.086560E-001, 1.734582E+000, 3.513725E+000, 5.549566E+000, 9.793398E-001, 8.482016E-001, 4.953861E-001, 9.221918E-001
1.086640E-001, 1.708666E+000, 3.690662E+000, 5.429382E+000, 8.802801E-001, 8.581158E-001, 4.976308E-001, 9.537923E-001
1.086720E-001, 1.468520E+000, 3.813982E+000, 5.370914E+000, 9.669573E-001, 8.732857E-001, 4.973946E-001, 9.817375E-001
1.086800E-001, 1.527261E+000, 3.551257E+000, 5.439126E+000, 1.115547E+000, 9.183177E-001, 5.061374E-001, 1.008857E+000
1.086880E-001, 2.035196E+000, 3.127680E+000, 5.552814E+000, 1.066017E+000, 9.684860E-001, 5.133442E-001, 1.040576E+000
1.086960E-001, 2.275342E+000, 3.136616E+000, 5.452119E+000, 9.163018E-001, 9.920172E-001, 5.155891E-001, 1.061682E+000
1.087040E-001, 1.955723E+000, 3.474406E+000, 5.202007E+000, 8.566409E-001, 9.997814E-001, 5.164161E-001, 1.065691E+000
1.087120E-001, 1.663747E+000, 3.476193E+000, 5.099689E+000, 7.902259E-001, 1.007426E+000, 5.090910E-001, 1.060857E+000
1.087200E-001, 1.641287E+000, 3.265298E+000, 5.335184E+000, 6.168715E-001, 1.019251E+000, 5.008208E-001, 1.048947E+000
1.087280E-001, 1.560087E+000, 3.352873E+000, 5.718472E+000, 5.088064E-001, 1.038841E+000, 4.964494E-001, 1.036449E+000
1.087360E-001, 1.439150E+000, 3.529810E+000, 5.742834E+000, 4.829158E-001, 1.053891E+000, 4.807360E-001, 1.037982E+000
1.087440E-001, 1.541082E+000, 3.452959E+000, 5.531701E+000, 4.198779E-001, 1.048516E+000, 4.593515E-001, 1.047179E+000
1.087520E-001, 1.729398E+000, 3.277809E+000, 5.572303E+000, 4.356374E-001, 1.040991E+000, 4.477732E-001, 1.051659E+000
1.087600E-001, 1.869340E+000, 3.247426E+000, 5.586920E+000, 5.673416E-001, 1.054130E+000, 4.385579E-001, 1.055079E+000
1.087680E-001, 2.104303E+000, 3.415426E+000, 5.409893E+000, 6.911662E-001, 1.084709E+000, 4.205997E-001, 1.059442E+000
1.087760E-001, 2.271887E+000, 3.613811E+000, 5.499218E+000, 7.789691E-001, 1.121141E+000, 3.962616E-001, 1.064630E+000
1.087840E-001, 2.100848E+000, 3.696024E+000, 5.692487E+000, 7.677123E-001, 1.138341E+000, 3.794849E-001, 1.077954E+000
1.087920E-001, 1.805416E+000, 3.679939E+000, 5.650260E+000, 6.258769E-001, 1.125441E+000, 3.771220E-001, 1.099178E+000
1.088000E-001, 1.841697E+000, 3.628109E+000, 5.679494E+000, 5.178118E-001, 1.105613E+000, 3.792486E-001, 1.121581E+000
1.088080E-001, 2.147495E+000, 3.662066E+000, 5.721721E+000, 5.245659E-001, 1.080409E+000, 3.799574E-001, 1.145518E+000
1.088160E-001, 2.150950E+000, 3.772876E+000, 5.508963E+000, 5.301943E-001, 1.040752E+000, 3.843288E-001, 1.165916E+000
1.088240E-001, 1.936719E+000, 3.842578E+000, 5.486226E+000, 4.772874E-001, 1.009934E+000, 3.955527E-001, 1.171812E+000
1.088320E-001, 2.026558E+000, 3.815770E+000, 5.786685E+000, 4.322603E-001, 1.005515E+000, 4.102028E-001, 1.176411E+000
1.088400E-001, 2.144040E+000, 3.624534E+000, 5.767196E+000, 4.378887E-001, 1.006470E+000, 4.210722E-001, 1.188438E+000
1.088480E-001, 1.947085E+000, 3.458320E+000, 5.393651E+000, 5.391997E-001, 9.914200E-001, 4.283973E-001, 1.183957E+000
1.088560E-001, 1.734582E+000, 3.528023E+000, 5.232865E+000, 6.573959E-001, 9.795946E-001, 4.404482E-001, 1.170633E+000
1.088640E-001, 1.827876E+000, 3.513725E+000, 5.405020E+000, 5.538335E-001, 9.953618E-001, 4.561616E-001, 1.186433E+000
1.088720E-001, 2.095665E+000, 3.320703E+000, 5.582048E+000, 3.545885E-001, 1.035377E+000, 4.709299E-001, 1.215440E+000
1.088800E-001, 2.099120E+000, 3.279596E+000, 5.520332E+000, 4.153751E-001, 1.110988E+000, 4.859344E-001, 1.222396E+000
1.088880E-001, 1.852063E+000, 3.331426E+000, 5.497594E+000, 5.898552E-001, 1.217177E+000, 5.047196E-001, 1.219449E+000
1.088960E-001, 1.815782E+000, 3.374320E+000, 5.746082E+000, 5.808498E-001, 1.297685E+000, 5.251589E-001, 1.223222E+000
1.089040E-001, 2.062839E+000, 3.433299E+000, 5.903621E+000, 5.121834E-001, 1.353229E+000, 5.350831E-001, 1.221335E+000
1.089120E-001, 2.171682E+000, 3.385043E+000, 5.747706E+000, 5.088064E-001, 1.402680E+000, 5.308298E-001, 1.206242E+000
1.089200E-001, 2.033469E+000, 3.288532E+000, 5.590168E+000, 4.378887E-001, 1.395394E+000, 5.196060E-001, 1.188673E+000
1.089280E-001, 2.011009E+000, 3.195595E+000, 5.632395E+000, 3.073101E-001, 1.352512E+000, 4.994030E-001, 1.172637E+000
1.089360E-001, 2.142312E+000, 3.133042E+000, 5.698983E+000, 2.791681E-001, 1.342120E+000, 4.664403E-001, 1.157427E+000
1.089440E-001, 2.166499E+000, 3.227766E+000, 5.700607E+000, 3.028074E-001, 1.327786E+000, 4.268614E-001, 1.148701E+000
1.089520E-001, 2.059384E+000, 3.360022E+000, 5.702231E+000, 2.150045E-001, 1.271287E+000, 3.852740E-001, 1.140329E+000
1.089600E-001, 1.971272E+000, 3.392192E+000, 5.593417E+000, 7.204338E-002, 1.199140E+000, 3.427415E-001, 1.125944E+000
1.089680E-001, 2.049018E+000, 3.404703E+000, 5.450495E+000, 4.052440E-002, 1.126874E+000, 3.011541E-001, 1.118044E+000
1.089760E-001, 2.161316E+000, 3.315341E+000, 5.456992E+000, 1.181962E-001, 1.063089E+000, 2.745712E-001, 1.119931E+000
1.089840E-001, 2.064567E+000, 3.136616E+000, 5.495970E+000, 1.744801E-001, 1.001931E+000, 2.713813E-001, 1.125944E+000
1.089920E-001, 1.833059E+000, 3.227766E+000, 5.448871E+000, 1.440868E-001, 9.364738E-001, 2.709087E-001, 1.131722E+000
1.090000E-001, 1.613645E+000, 3.513725E+000, 5.348177E+000, 8.104881E-002, 9.055367E-001, 2.720902E-001, 1.137500E+000
1.090080E-001, 1.544538E+000, 3.565555E+000, 5.333560E+000, 7.091770E-002, 9.388628E-001, 2.969008E-001, 1.158134E+000
1.090160E-001, 1.822693E+000, 3.476193E+000, 5.456992E+000, 1.587206E-001, 1.013518E+000, 3.381338E-001, 1.195866E+000
1.090240E-001, 2.183776E+000, 3.388618E+000, 5.536573E+000, 4.108724E-001, 1.086740E+000, 3.872825E-001, 1.225344E+000
1.090320E-001, 2.214874E+000, 3.243851E+000, 5.499218E+000, 7.440731E-001, 1.142522E+000, 4.511995E-001, 1.231947E+000
1.090400E-001, 2.064567E+000, 3.254575E+000, 5.478105E+000, 8.791544E-001, 1.203202E+000, 5.081458E-001, 1.237725E+000
1.090480E-001, 1.969545E+000, 3.445810E+000, 5.518708E+000, 7.418217E-001, 1.272362E+000, 5.402815E-001, 1.253761E+000
1.090560E-001, 1.879706E+000, 3.452959E+000, 5.491098E+000, 5.650903E-001, 1.331847E+000, 5.637926E-001, 1.257298E+000
1.090640E-001, 1.839970E+000, 3.240277E+000, 5.482977E+000, 5.234402E-001, 1.379746E+000, 5.812782E-001, 1.247983E+000
1.090720E-001, 1.936719E+000, 3.065126E+000, 5.671374E+000, 5.155604E-001, 1.406025E+000, 5.712358E-001, 1.233362E+000
1.090800E-001, 2.024830E+000, 3.034743E+000, 5.768820E+000, 4.119981E-001, 1.395633E+000, 5.375642E-001, 1.193036E+000
1.090880E-001, 2.111214E+000, 3.108020E+000, 5.552814E+000, 3.140641E-001, 1.365173E+000, 5.007026E-001, 1.135023E+000
1.090960E-001, 2.239061E+000, 3.251000E+000, 5.364418E+000, 3.365777E-001, 1.325636E+000, 4.522628E-001, 1.095641E+000
1.091040E-001, 2.187231E+000, 3.413639E+000, 5.372539E+000, 4.187522E-001, 1.262209E+000, 3.898817E-001, 1.073591E+000
1.091120E-001, 2.068022E+000, 3.456533E+000, 5.335184E+000, 4.682820E-001, 1.189346E+000, 3.330535E-001, 1.049655E+000
1.091200E-001, 2.154406E+000, 3.393980E+000, 5.291333E+000, 4.626536E-001, 1.136191E+000, 2.766979E-001, 1.028785E+000
1.091280E-001, 2.290892E+000, 3.351086E+000, 5.405020E+000, 4.907956E-001, 1.095698E+000, 2.171523E-001, 1.013692E+000
1.091360E-001, 2.342722E+000, 3.263511E+000, 5.390403E+000, 5.966093E-001, 1.045052E+000, 1.710754E-001, 1.012866E+000
1.091440E-001, 2.398007E+000, 3.129467E+000, 5.167901E+000, 6.956689E-001, 9.862837E-001, 1.392941E-001, 1.046235E+000
1.091520E-001, 2.501667E+000, 3.136616E+000, 5.172773E+000, 7.643353E-001, 9.371905E-001, 1.190911E-001, 1.085972E+000
1.091600E-001, 2.498212E+000, 3.252787E+000, 5.453743E+000, 8.375043E-001, 8.944281E-001, 1.117661E-001, 1.098824E+000
1.091680E-001, 2.273615E+000, 3.306405E+000, 5.595041E+000, 8.892855E-001, 8.462904E-001, 1.120024E-001, 1.111323E+000
1.091760E-001, 2.202780E+000, 3.281383E+000, 5.426134E+000, 8.498868E-001, 8.067531E-001, 1.260618E-001, 1.134788E+000
1.091840E-001, 2.453293E+000, 3.200957E+000, 5.195511E+000, 7.429474E-001, 7.957639E-001, 1.661132E-001, 1.149880E+000
1.091920E-001, 2.551770E+000, 3.147340E+000, 5.210128E+000, 6.427621E-001, 8.151144E-001, 2.186882E-001, 1.164384E+000
1.092000E-001, 2.351360E+000, 3.102659E+000, 5.411517E+000, 5.324456E-001, 8.637299E-001, 2.568493E-001, 1.176764E+000
1.092080E-001, 2.194142E+000, 3.009722E+000, 5.525204E+000, 4.975496E-001, 9.325320E-001, 2.807148E-001, 1.174170E+000
1.092160E-001, 2.156133E+000, 3.009722E+000, 5.379035E+000, 6.123688E-001, 9.887921E-001, 3.104876E-001, 1.172991E+000
1.092240E-001, 2.014464E+000, 3.082999E+000, 5.143539E+000, 7.226852E-001, 1.014235E+000, 3.510117E-001, 1.179005E+000
1.092320E-001, 1.795050E+000, 3.013296E+000, 5.198759E+000, 8.003570E-001, 1.027374E+000, 3.883458E-001, 1.166152E+000
1.092400E-001, 1.879706E+000, 2.916785E+000, 5.416389E+000, 8.825315E-001, 1.045052E+000, 4.163464E-001, 1.127359E+000
1.092480E-001, 2.297802E+000, 3.065126E+000, 5.408268E+000, 8.600179E-001, 1.071331E+000, 4.348953E-001, 1.090453E+000
1.092560E-001, 2.565591E+000, 3.258149E+000, 5.292957E+000, 8.026083E-001, 1.111824E+000, 4.438744E-001, 1.064394E+000
1.092640E-001, 2.567319E+000, 3.172361E+000, 5.369290E+000, 8.690233E-001, 1.161753E+000, 4.515539E-001, 1.042580E+000
1.092720E-001, 2.591506E+000, 3.081212E+000, 5.575552E+000, 9.590775E-001, 1.210369E+000, 4.575793E-001, 1.033029E+000
1.092800E-001, 2.593234E+000, 3.222404E+000, 5.647012E+000, 9.050450E-001, 1.247397E+000, 4.483640E-001, 1.033147E+000
1.092880E-001, 2.475752E+000, 3.270660E+000, 5.578800E+000, 7.564555E-001, 1.252295E+000, 4.242622E-001, 1.032676E+000
1.092960E-001, 2.477480E+000, 3.208106E+000, 5.655133E+000, 6.821608E-001, 1.216341E+000, 4.029959E-001, 1.029610E+000
1.093040E-001, 2.579413E+000, 3.251000E+000, 5.867890E+000, 7.012973E-001, 1.171309E+000, 3.830293E-001, 1.022063E+000
1.093120E-001, 2.508578E+000, 3.288532E+000, 5.877635E+000, 6.731554E-001, 1.148255E+000, 3.454588E-001, 1.022063E+000
1.093200E-001, 2.392824E+000, 3.284958E+000, 5.707104E+000, 5.718443E-001, 1.127949E+000, 2.977279E-001, 1.041755E+000
1.093280E-001, 2.429105E+000, 3.356447E+000, 5.557686E+000, 5.527079E-001, 1.084590E+000, 2.540138E-001, 1.062036E+000
1.093360E-001, 2.453293E+000, 3.451171E+000, 5.442375E+000, 6.067404E-001, 1.028568E+000, 2.115994E-001, 1.067106E+000
1.093440E-001, 2.461931E+000, 3.465469E+000, 5.401772E+000, 5.988606E-001, 9.644247E-001, 1.741472E-001, 1.073709E+000
1.093520E-001, 2.499940E+000, 3.401129E+000, 5.309198E+000, 6.213742E-001, 8.685078E-001, 1.443744E-001, 1.081255E+000
1.093600E-001, 2.387641E+000, 3.349298E+000, 5.060710E+000, 7.485758E-001, 7.657824E-001, 1.169645E-001, 1.075242E+000
1.093680E-001, 2.237334E+000, 3.259936E+000, 4.895051E+000, 8.341273E-001, 7.205115E-001, 8.730987E-002, 1.072884E+000
1.093760E-001, 2.225240E+000, 3.161638E+000, 4.851201E+000, 8.543895E-001, 7.207504E-001, 6.356253E-002, 1.085972E+000
1.093840E-001, 2.147495E+000, 3.327852E+000, 4.852825E+000, 8.937882E-001, 7.239755E-001, 6.710691E-002, 1.105545E+000
1.093920E-001, 2.090482E+000, 3.438661E+000, 5.023356E+000, 9.647059E-001, 7.163308E-001, 9.168128E-002, 1.122525E+000
1.094000E-001, 2.316807E+000, 3.154489E+000, 5.174397E+000, 1.029995E+000, 6.765546E-001, 1.099939E-001, 1.134080E+000
1.094080E-001, 2.453293E+000, 3.007935E+000, 5.125674E+000, 9.613289E-001, 6.298503E-001, 1.279521E-001, 1.144692E+000
1.094160E-001, 2.309896E+000, 3.268872E+000, 5.120802E+000, 7.598326E-001, 6.128887E-001, 1.591426E-001, 1.151531E+000
1.094240E-001, 2.277070E+000, 3.549470E+000, 5.205256E+000, 7.080514E-001, 6.107386E-001, 1.935231E-001, 1.157781E+000
1.094320E-001, 2.358271E+000, 3.504789E+000, 5.247482E+000, 8.206192E-001, 6.470509E-001, 2.358194E-001, 1.168275E+000
1.094400E-001, 2.460203E+000, 3.247426E+000, 5.314071E+000, 7.789691E-001, 7.249311E-001, 2.957194E-001, 1.172637E+000
1.094480E-001, 2.598417E+000, 3.186659E+000, 5.380659E+000, 5.966093E-001, 7.911054E-001, 3.623537E-001, 1.176175E+000
1.094560E-001, 2.505123E+000, 3.324277E+000, 5.413141E+000, 5.301943E-001, 8.728079E-001, 4.235533E-001, 1.185490E+000
1.094640E-001, 2.382458E+000, 3.372533E+000, 5.455368E+000, 5.605876E-001, 9.708749E-001, 4.782549E-001, 1.183014E+000
1.094720E-001, 2.442927E+000, 3.324277E+000, 5.452119E+000, 5.774727E-001, 1.020207E+000, 5.334291E-001, 1.173699E+000
1.094800E-001, 2.365181E+000, 3.304617E+000, 5.468360E+000, 6.270026E-001, 1.052219E+000, 5.929747E-001, 1.170279E+000
1.094880E-001, 2.218329E+000, 3.290319E+000, 5.562559E+000, 6.754068E-001, 1.077423E+000, 6.498029E-001, 1.152239E+000
1.094960E-001, 2.202780E+000, 3.324277E+000, 5.609658E+000, 6.382594E-001, 1.073242E+000, 6.933987E-001, 1.116040E+000
1.095040E-001, 2.292619E+000, 3.427937E+000, 5.531701E+000, 5.740957E-001, 1.107643E+000, 7.265977E-001, 1.095169E+000
1.095120E-001, 2.441199E+000, 3.374320E+000, 5.505715E+000, 5.695930E-001, 1.176326E+000, 7.527080E-001, 1.090688E+000
1.095200E-001, 2.432561E+000, 3.234915E+000, 5.591793E+000, 6.810351E-001, 1.209413E+000, 7.623960E-001, 1.072648E+000
1.095280E-001, 2.321990E+000, 3.229553E+000, 5.585296E+000, 8.431327E-001, 1.214430E+000, 7.665311E-001, 1.044821E+000
1.095360E-001, 2.429105E+000, 3.188446E+000, 5.560935E+000, 8.251219E-001, 1.223269E+000, 7.809449E-001, 1.029020E+000
1.095440E-001, 2.556953E+000, 3.125893E+000, 5.624275E+000, 6.821608E-001, 1.249667E+000, 7.840167E-001, 1.019116E+000
1.095520E-001, 2.318534E+000, 3.190234E+000, 5.536573E+000, 6.911662E-001, 1.265076E+000, 7.599149E-001, 1.006735E+000
1.095600E-001, 1.993732E+000, 3.288532E+000, 5.330312E+000, 7.722150E-001, 1.238678E+000, 7.304966E-001, 1.005674E+000
1.095680E-001, 2.083571E+000, 3.395767E+000, 5.362794E+000, 7.406961E-001, 1.196513E+000, 7.058040E-001, 1.022181E+000
1.095760E-001, 2.410101E+000, 3.452959E+000, 5.546318E+000, 7.148055E-001, 1.152317E+000, 6.799301E-001, 1.045056E+000
1.095840E-001, 2.518944E+000, 3.392192E+000, 5.508963E+000, 6.765324E-001, 1.100476E+000, 6.474400E-001, 1.058380E+000
1.095920E-001, 2.453293E+000, 3.370745E+000, 5.359546E+000, 5.099321E-001, 1.049591E+000, 5.942742E-001, 1.063569E+000
1.096000E-001, 2.429105E+000, 3.370745E+000, 5.409893E+000, 4.513968E-001, 1.004081E+000, 5.207875E-001, 1.085264E+000
1.096080E-001, 2.546587E+000, 3.342149E+000, 5.484601E+000, 6.089917E-001, 9.627524E-001, 4.467099E-001, 1.119695E+000
1.096160E-001, 2.724537E+000, 3.392192E+000, 5.492722E+000, 7.395704E-001, 9.063729E-001, 3.881095E-001, 1.144456E+000
1.096240E-001, 2.643337E+000, 3.343937E+000, 5.606410E+000, 6.979203E-001, 8.373318E-001, 3.426233E-001, 1.163440E+000
1.096320E-001, 2.465386E+000, 3.147340E+000, 5.564183E+000, 5.853525E-001, 7.731881E-001, 2.928839E-001, 1.179240E+000
1.096400E-001, 2.531038E+000, 3.145552E+000, 5.333560E+000, 5.853525E-001, 6.916050E-001, 2.406633E-001, 1.189263E+000
1.096480E-001, 2.579413E+000, 3.352873E+000, 5.331936E+000, 6.438878E-001, 6.292531E-001, 2.032111E-001, 1.196220E+000
1.096560E-001, 2.544859E+000, 3.490491E+000, 5.463488E+000, 6.191229E-001, 6.320004E-001, 1.825355E-001, 1.202941E+000
1.096640E-001, 2.679617E+000, 3.497640E+000, 5.443999E+000, 6.360080E-001, 6.359422E-001, 1.740290E-001, 1.219213E+000
1.096720E-001, 2.805737E+000, 3.485129E+000, 5.315695E+000, 6.979203E-001, 6.328365E-001, 1.822992E-001, 1.243385E+000
1.096800E-001, 2.638153E+000, 3.503002E+000, 5.182518E+000, 6.821608E-001, 6.509926E-001, 2.019115E-001, 1.262015E+000
1.096880E-001, 2.392824E+000, 3.469044E+000, 5.177646E+000, 6.585215E-001, 6.513510E-001, 2.218781E-001, 1.265670E+000
1.096960E-001, 2.434288E+000, 3.390405E+000, 5.325439E+000, 6.461391E-001, 6.486037E-001, 2.520054E-001, 1.248691E+000
1.097040E-001, 2.579413E+000, 3.392192E+000, 5.504091E+000, 6.089917E-001, 6.554122E-001, 2.927657E-001, 1.221689E+000
1.097120E-001, 2.601872E+000, 3.526236E+000, 5.660005E+000, 5.301943E-001, 6.456175E-001, 3.312813E-001, 1.195984E+000
1.097200E-001, 2.734903E+000, 3.599513E+000, 5.632395E+000, 4.074954E-001, 6.597124E-001, 3.733413E-001, 1.168746E+000
1.097280E-001, 2.952590E+000, 3.456533E+000, 5.380659E+000, 3.973643E-001, 7.062972E-001, 4.230807E-001, 1.139622E+000
1.097360E-001, 2.878300E+000, 3.335001E+000, 5.275092E+000, 4.446428E-001, 7.471485E-001, 4.794364E-001, 1.108847E+000
1.097440E-001, 2.626060E+000, 3.379682E+000, 5.426134E+000, 3.602169E-001, 8.059170E-001, 5.459526E-001, 1.074181E+000
1.097520E-001, 2.584596E+000, 3.410065E+000, 5.523580E+000, 3.489601E-001, 8.749580E-001, 6.132957E-001, 1.044231E+000
1.097600E-001, 2.648520E+000, 3.442235E+000, 5.448871E+000, 5.076807E-001, 9.092396E-001, 6.681155E-001, 1.025247E+000
1.097680E-001, 2.670979E+000, 3.654917E+000, 5.275092E+000, 4.907956E-001, 9.305014E-001, 7.125384E-001, 9.978914E-001
1.097760E-001, 2.786733E+000, 3.865813E+000, 5.117554E+000, 3.433318E-001, 9.590495E-001, 7.541258E-001, 9.553251E-001
1.097840E-001, 2.854112E+000, 3.842578E+000, 5.099689E+000, 4.412657E-001, 9.822225E-001, 7.931139E-001, 9.256113E-001
1.097920E-001, 2.679617E+000, 3.751429E+000, 5.190639E+000, 5.493308E-001, 1.009934E+000, 8.295029E-001, 9.115797E-001
1.098000E-001, 2.567319E+000, 3.724620E+000, 5.227993E+000, 3.782278E-001, 1.046844E+000, 8.609297E-001, 8.923600E-001
1.098080E-001, 2.736631E+000, 3.747854E+000, 5.150036E+000, 2.442721E-001, 1.074436E+000, 8.777065E-001, 8.750269E-001
1.098160E-001, 2.892121E+000, 3.846153E+000, 5.185766E+000, 2.442721E-001, 1.084709E+000, 8.820778E-001, 8.686596E-001
1.098240E-001, 2.726265E+000, 3.976622E+000, 5.510587E+000, 2.037477E-001, 1.086262E+000, 8.872763E-001, 8.621745E-001
1.098320E-001, 2.503395E+000, 4.001643E+000, 5.794806E+000, 1.677260E-001, 1.086381E+000, 8.942469E-001, 8.515623E-001
1.098400E-001, 2.641609E+000, 3.851515E+000, 5.656757E+000, 1.542179E-001, 1.076228E+000, 8.901117E-001, 8.383561E-001
1.098480E-001, 2.845474E+000, 3.681726E+000, 5.374163E+000, 1.924909E-001, 1.051144E+000, 8.666007E-001, 8.234992E-001
1.098560E-001, 2.805737E+000, 3.697811E+000, 5.411517E+000, 2.712884E-001, 1.027493E+000, 8.317477E-001, 8.139483E-001
1.098640E-001, 2.748724E+000, 3.737131E+000, 5.689239E+000, 2.701627E-001, 1.013279E+000, 8.033926E-001, 8.094677E-001
1.098720E-001, 2.753907E+000, 3.608449E+000, 5.867890E+000, 2.566546E-001, 1.000618E+000, 7.901603E-001, 8.010959E-001
1.098800E-001, 2.785005E+000, 3.528023E+000, 5.856522E+000, 2.870479E-001, 9.836559E-001, 7.670037E-001, 7.969689E-001
1.098880E-001, 2.752180E+000, 3.647768E+000, 5.757451E+000, 2.465235E-001, 9.571384E-001, 7.198634E-001, 7.966152E-001
1.098960E-001, 2.643337E+000, 3.803259E+000, 5.596665E+000, 1.620976E-001, 9.190344E-001, 6.807571E-001, 7.782209E-001
1.099040E-001, 2.759090E+000, 3.815770E+000, 5.426134E+000, 1.474638E-001, 8.851111E-001, 6.567734E-001, 7.520444E-001
1.099120E-001, 2.997509E+000, 3.688875E+000, 5.452119E+000, 1.328300E-001, 8.766303E-001, 6.203845E-001, 7.448518E-001
1.099200E-001, 2.956045E+000, 3.622747E+000, 5.612906E+000, 5.853525E-002, 8.823638E-001, 5.731261E-001, 7.421398E-001
1.099280E-001, 2.816103E+000, 3.651343E+000, 5.684366E+000, 1.125678E-001, 8.802137E-001, 5.236229E-001, 7.324709E-001
1.099360E-001, 2.918036E+000, 3.622747E+000, 5.660005E+000, 3.084357E-001, 8.853500E-001, 4.676218E-001, 7.358904E-001
1.099440E-001, 3.016513E+000, 3.631683E+000, 5.541445E+000, 3.208182E-001, 8.949059E-001, 4.176460E-001, 7.454413E-001
1.099520E-001, 2.776367E+000, 3.683513E+000, 5.482977E+000, 1.238246E-001, 8.754358E-001, 3.773582E-001, 7.414323E-001
1.099600E-001, 2.537949E+000, 3.574492E+000, 5.567431E+000, 5.290686E-002, 8.391235E-001, 3.269099E-001, 7.386024E-001
1.099680E-001, 2.721082E+000, 3.461895E+000, 5.578800E+000, 1.564692E-001, 8.090226E-001, 2.727990E-001, 7.468563E-001
1.099760E-001, 2.945679E+000, 3.592364E+000, 5.482977E+000, 1.846112E-001, 7.725909E-001, 2.329839E-001, 7.463846E-001
1.099840E-001, 2.904215E+000, 3.772876E+000, 5.364418E+000, 1.339557E-001, 7.320980E-001, 1.924598E-001, 7.376591E-001
1.099920E-001, 2.823014E+000, 3.756791E+000, 5.314071E+000, 2.465235E-001, 6.905300E-001, 1.383489E-001, 7.382486E-001
1.100000E-001, 2.740086E+000, 3.719258E+000, 5.505715E+000, 4.165008E-001, 6.354644E-001, 9.239015E-002, 7.355367E-001
1.100080E-001, 2.741814E+000, 3.796110E+000, 5.773692E+000, 3.478345E-001, 5.900741E-001, 6.817023E-002, 7.183215E-001
1.100160E-001, 3.000964E+000, 3.792536E+000, 5.799678E+000, 2.262613E-001, 5.616454E-001, 4.666766E-002, 7.047616E-001
1.100240E-001, 3.076982E+000, 3.756791E+000, 5.695735E+000, 2.994303E-001, 5.175690E-001, 1.925779E-002, 6.999272E-001
1.100320E-001, 2.760818E+000, 3.896196E+000, 5.653509E+000, 4.097467E-001, 4.717009E-001, -1.299606E-003, 6.908479E-001
1.100400E-001, 2.555225E+000, 4.037388E+000, 5.588544E+000, 4.660307E-001, 4.442278E-001, -1.571341E-002, 6.690342E-001
1.100480E-001, 2.662341E+000, 4.023090E+000, 5.567431E+000, 4.435171E-001, 4.104240E-001, -2.327476E-002, 6.371979E-001
1.100560E-001, 2.835108E+000, 4.032026E+000, 5.746082E+000, 3.534628E-001, 3.737534E-001, -7.088759E-003, 6.164453E-001
1.100640E-001, 2.857568E+000, 4.062409E+000, 5.794806E+000, 4.029927E-001, 3.570306E-001, 2.811874E-002, 6.158558E-001
1.100720E-001, 2.843746E+000, 3.919430E+000, 5.552814E+000, 5.572106E-001, 3.637197E-001, 5.493788E-002, 6.137333E-001
1.100800E-001, 2.969866E+000, 3.796110E+000, 5.546318E+000, 5.662160E-001, 3.876094E-001, 7.289606E-002, 5.962823E-001
1.100880E-001, 2.885210E+000, 4.012367E+000, 5.767196E+000, 4.581509E-001, 4.037349E-001, 1.096395E-001, 5.811895E-001
1.100960E-001, 2.539676E+000, 4.232198E+000, 5.746082E+000, 4.176265E-001, 4.142463E-001, 1.669403E-001, 5.772984E-001
1.101040E-001, 2.518944E+000, 4.062409E+000, 5.700607E+000, 4.266319E-001, 4.512753E-001, 2.217600E-001, 5.662147E-001
1.101120E-001, 2.752180E+000, 3.894408E+000, 5.794806E+000, 4.086211E-001, 4.905737E-001, 2.668917E-001, 5.407456E-001
1.101200E-001, 2.867934E+000, 3.999856E+000, 5.708728E+000, 4.232549E-001, 5.071770E-001, 3.068251E-001, 5.105601E-001
1.101280E-001, 3.004420E+000, 3.987345E+000, 5.517084E+000, 4.086211E-001, 5.445643E-001, 3.432141E-001, 4.836761E-001
1.101360E-001, 3.080437E+000, 3.851515E+000, 5.560935E+000, 2.915506E-001, 6.181444E-001, 3.799574E-001, 4.626877E-001
1.101440E-001, 2.847202E+000, 3.956962E+000, 5.671374E+000, 2.341410E-001, 6.820492E-001, 4.106754E-001, 4.395769E-001
1.101520E-001, 2.555225E+000, 4.151772E+000, 5.534949E+000, 2.453978E-001, 7.040277E-001, 4.292243E-001, 4.063256E-001
1.101600E-001, 2.515489E+000, 4.053473E+000, 5.351425E+000, 2.059990E-001, 6.955468E-001, 4.474188E-001, 3.760222E-001
1.101680E-001, 2.705533E+000, 3.815770E+000, 5.364418E+000, 2.397694E-001, 6.770324E-001, 4.638411E-001, 3.571562E-001
1.101760E-001, 2.904215E+000, 3.842578E+000, 5.482977E+000, 3.883589E-001, 6.679543E-001, 4.667947E-001, 3.421814E-001
1.101840E-001, 2.940496E+000, 3.973047E+000, 5.601537E+000, 4.829158E-001, 6.834825E-001, 4.626596E-001, 3.400590E-001
1.101920E-001, 2.990598E+000, 3.928366E+000, 5.692487E+000, 5.470794E-001, 7.114334E-001, 4.513176E-001, 3.535010E-001
1.102000E-001, 3.135723E+000, 3.810408E+000, 5.747706E+000, 6.686527E-001, 7.497763E-001, 4.281610E-001, 3.598682E-001
1.102080E-001, 3.128812E+000, 3.595938E+000, 5.617778E+000, 7.204338E-001, 7.974361E-001, 4.058314E-001, 3.610473E-001
1.102160E-001, 2.940496E+000, 3.449384E+000, 5.369290E+000, 6.528932E-001, 8.173839E-001, 3.853922E-001, 3.799133E-001
1.102240E-001, 2.807465E+000, 3.726407E+000, 5.398524E+000, 5.740957E-001, 7.945694E-001, 3.611722E-001, 4.047928E-001
1.102320E-001, 2.821286E+000, 4.078495E+000, 5.601537E+000, 4.919212E-001, 7.416538E-001, 3.326991E-001, 4.067973E-001
1.102400E-001, 2.757363E+000, 4.049899E+000, 5.669750E+000, 4.277576E-001, 6.570845E-001, 2.952468E-001, 3.892284E-001
1.102480E-001, 2.574229E+000, 3.794323E+000, 5.799678E+000, 4.153751E-001, 5.682151E-001, 2.646470E-001, 3.775550E-001
1.102560E-001, 2.494757E+000, 3.587002E+000, 6.053038E+000, 3.602169E-001, 5.187635E-001, 2.572038E-001, 3.858089E-001
1.102640E-001, 2.603600E+000, 3.612024E+000, 6.093641E+000, 3.635940E-001, 5.056242E-001, 2.531868E-001, 4.077406E-001
1.102720E-001, 2.821286E+000, 3.765727E+000, 5.892252E+000, 5.189375E-001, 5.145828E-001, 2.437351E-001, 4.196497E-001
1.102800E-001, 2.847202E+000, 3.697811E+000, 5.741210E+000, 5.650903E-001, 5.238998E-001, 2.433807E-001, 4.172915E-001
1.102880E-001, 2.677890E+000, 3.474406E+000, 5.726593E+000, 5.200632E-001, 5.021602E-001, 2.606300E-001, 4.271961E-001
1.102960E-001, 2.651975E+000, 3.569130E+000, 5.815919E+000, 5.437024E-001, 4.832874E-001, 2.863858E-001, 4.525473E-001
1.103040E-001, 2.664068E+000, 4.003430E+000, 5.931231E+000, 4.468941E-001, 5.033547E-001, 2.979642E-001, 4.668146E-001
1.103120E-001, 2.660613E+000, 4.139261E+000, 5.856522E+000, 2.994303E-001, 5.193607E-001, 3.026900E-001, 4.705878E-001
1.103200E-001, 2.848929E+000, 3.846153E+000, 5.754203E+000, 3.084357E-001, 5.010852E-001, 3.266736E-001, 4.813178E-001
1.103280E-001, 3.016513E+000, 3.701386E+000, 5.934479E+000, 3.545885E-001, 4.754038E-001, 3.657799E-001, 4.853269E-001
1.103360E-001, 2.831653E+000, 3.719258E+000, 6.145612E+000, 3.883589E-001, 4.780317E-001, 4.028778E-001, 4.748327E-001
1.103440E-001, 2.486118E+000, 3.644194E+000, 6.067655E+000, 4.221292E-001, 5.334556E-001, 4.273340E-001, 4.770730E-001
1.103520E-001, 2.434288E+000, 3.704960E+000, 5.820791E+000, 3.602169E-001, 6.277003E-001, 4.404482E-001, 4.925195E-001
1.103600E-001, 2.572502E+000, 3.935515E+000, 5.564183E+000, 3.118128E-001, 7.107167E-001, 4.571068E-001, 4.980614E-001
1.103680E-001, 2.503395E+000, 3.939090E+000, 5.383907E+000, 4.480198E-001, 7.487013E-001, 4.825082E-001, 4.926374E-001
1.103760E-001, 2.403190E+000, 3.699599E+000, 5.422885E+000, 6.416364E-001, 7.276784E-001, 5.086184E-001, 4.800208E-001
1.103840E-001, 2.499940E+000, 3.594151E+000, 5.655133E+000, 7.170568E-001, 6.643708E-001, 5.222052E-001, 4.620982E-001
1.103920E-001, 2.536221E+000, 3.690662E+000, 5.783437E+000, 7.395704E-001, 6.036912E-001, 5.211419E-001, 4.508965E-001
1.104000E-001, 2.461931E+000, 3.815770E+000, 5.697359E+000, 7.969800E-001, 5.637954E-001, 5.224415E-001, 4.461800E-001
1.104080E-001, 2.461931E+000, 3.860451E+000, 5.711976E+000, 8.003570E-001, 5.518506E-001, 5.275218E-001, 4.308514E-001
1.104160E-001, 2.589779E+000, 3.883685E+000, 5.824039E+000, 6.889148E-001, 5.829072E-001, 5.285851E-001, 4.144616E-001
1.104240E-001, 2.681345E+000, 3.955175E+000, 5.747706E+000, 5.808498E-001, 6.366588E-001, 5.347287E-001, 4.201214E-001
1.104320E-001, 2.484391E+000, 3.926579E+000, 5.720097E+000, 5.065550E-001, 6.712989E-001, 5.472522E-001, 4.321484E-001
1.104400E-001, 2.256338E+000, 3.808621E+000, 5.814295E+000, 3.928616E-001, 6.733295E-001, 5.528050E-001, 4.326201E-001
1.104480E-001, 2.391097E+000, 3.865813E+000, 5.807798E+000, 3.151898E-001, 6.550539E-001, 5.483155E-001, 4.366291E-001
1.104560E-001, 2.562136E+000, 4.010580E+000, 5.772068E+000, 3.725994E-001, 6.194583E-001, 5.455981E-001, 4.441755E-001
1.104640E-001, 2.387641E+000, 3.978409E+000, 5.663253E+000, 5.313200E-001, 5.604509E-001, 5.444167E-001, 4.420530E-001
1.104720E-001, 2.178593E+000, 3.846153E+000, 5.640516E+000, 5.887296E-001, 4.921266E-001, 5.318932E-001, 4.447650E-001
1.104800E-001, 2.285709E+000, 3.790748E+000, 5.913365E+000, 5.178118E-001, 4.435111E-001, 5.116902E-001, 4.576175E-001
1.104880E-001, 2.437744E+000, 3.883685E+000, 5.997818E+000, 5.797241E-001, 4.394499E-001, 4.955042E-001, 4.683475E-001
1.104960E-001, 2.456748E+000, 4.015941E+000, 5.737962E+000, 6.945432E-001, 4.783900E-001, 4.802634E-001, 4.786059E-001
1.105040E-001, 2.581140E+000, 3.951600E+000, 5.668126E+000, 5.234402E-001, 5.157773E-001, 4.671492E-001, 4.848552E-001
1.105120E-001, 2.665796E+000, 3.780025E+000, 5.851649E+000, 2.341410E-001, 5.173301E-001, 4.649044E-001, 4.887463E-001
1.105200E-001, 2.425650E+000, 3.780025E+000, 5.895500E+000, 2.667857E-001, 5.023991E-001, 4.633685E-001, 5.004196E-001
1.105280E-001, 2.228695E+000, 3.896196E+000, 5.814295E+000, 5.718443E-001, 4.841235E-001, 4.450559E-001, 5.027779E-001
1.105360E-001, 2.353088E+000, 3.824706E+000, 5.809422E+000, 7.406961E-001, 4.468557E-001, 4.080762E-001, 4.888642E-001
1.105440E-001, 2.420467E+000, 3.549470E+000, 5.874387E+000, 6.371337E-001, 3.938207E-001, 3.638896E-001, 4.880388E-001
1.105520E-001, 2.176865E+000, 3.469044E+000, 5.921486E+000, 4.716590E-001, 3.362467E-001, 3.300999E-001, 5.051361E-001
1.105600E-001, 1.983366E+000, 3.637045E+000, 5.848401E+000, 4.671563E-001, 2.877507E-001, 3.036352E-001, 5.137437E-001
1.105680E-001, 2.240789E+000, 3.658492E+000, 5.799678E+000, 5.650903E-001, 2.815394E-001, 2.679551E-001, 5.162199E-001
1.105760E-001, 2.643337E+000, 3.454746E+000, 5.880883E+000, 5.695930E-001, 3.131932E-001, 2.341653E-001, 5.264782E-001
1.105840E-001, 2.613966E+000, 3.309979E+000, 5.877635E+000, 4.964240E-001, 3.385162E-001, 2.139624E-001, 5.373262E-001
1.105920E-001, 2.268432E+000, 3.408278E+000, 5.869514E+000, 4.176265E-001, 3.425774E-001, 1.897424E-001, 5.465233E-001
1.106000E-001, 2.144040E+000, 3.642407E+000, 5.911741E+000, 3.332007E-001, 3.300354E-001, 1.553620E-001, 5.502965E-001
1.106080E-001, 2.370364E+000, 3.817557E+000, 5.804550E+000, 2.938019E-001, 3.043540E-001, 1.216904E-001, 5.452263E-001
1.106160E-001, 2.600145E+000, 3.783599E+000, 5.801302E+000, 3.433318E-001, 2.692362E-001, 9.120869E-002, 5.453442E-001
1.106240E-001, 2.506850E+000, 3.574492E+000, 5.989698E+000, 3.444574E-001, 2.228903E-001, 6.533472E-002, 5.489995E-001
1.106320E-001, 2.240789E+000, 3.474406E+000, 5.955592E+000, 2.510262E-001, 1.918338E-001, 4.867614E-002, 5.510040E-001
1.106400E-001, 2.154406E+000, 3.522661E+000, 5.807798E+000, 3.028074E-001, 2.012702E-001, 3.780671E-002, 5.603191E-001
1.106480E-001, 2.297802E+000, 3.517300E+000, 5.820791E+000, 4.649050E-001, 2.065259E-001, 1.984852E-002, 5.696341E-001
1.106560E-001, 2.484391E+000, 3.479767E+000, 5.811047E+000, 4.829158E-001, 1.777389E-001, -8.506510E-003, 5.660968E-001
1.106640E-001, 2.470569E+000, 3.495853E+000, 5.791557E+000, 4.345117E-001, 1.557604E-001, -3.036352E-002, 5.538339E-001
1.106720E-001, 2.266704E+000, 3.485129E+000, 5.859770E+000, 4.243806E-001, 1.505047E-001, -4.217811E-002, 5.519473E-001
1.106800E-001, 2.183776E+000, 3.460108E+000, 5.882507E+000, 3.928616E-001, 1.331847E-001, -5.966372E-002, 5.699878E-001
1.106880E-001, 2.182048E+000, 3.599513E+000, 5.893876E+000, 3.264466E-001, 1.008143E-001, -7.596786E-002, 5.821328E-001
1.106960E-001, 2.074933E+000, 3.865813E+000, 5.971833E+000, 2.645343E-001, 5.864906E-002, -8.033926E-002, 5.833119E-001
1.107040E-001, 2.092209E+000, 3.919430E+000, 5.981577E+000, 2.926762E-001, 1.075034E-002, -8.849134E-002, 6.005271E-001
1.107120E-001, 2.268432E+000, 3.644194E+000, 5.898748E+000, 3.771021E-001, -2.914536E-002, -1.000696E-001, 6.178603E-001
1.107200E-001, 2.259794E+000, 3.451171E+000, 5.877635E+000, 3.669710E-001, -5.124328E-002, -9.983335E-002, 6.139691E-001
1.107280E-001, 2.116397E+000, 3.556619E+000, 5.934479E+000, 3.410804E-001, -4.240411E-002, -9.463493E-002, 6.209260E-001
1.107360E-001, 2.140584E+000, 3.540534E+000, 5.932855E+000, 3.658453E-001, 1.194482E-003, -8.896392E-002, 6.567713E-001
1.107440E-001, 2.342722E+000, 3.367171E+000, 5.793181E+000, 3.095614E-001, 4.276245E-002, -7.525899E-002, 6.961540E-001
1.107520E-001, 2.482663E+000, 3.470831E+000, 5.612906E+000, 2.746654E-001, 3.953735E-002, -6.001816E-002, 7.245708E-001
1.107600E-001, 2.375547E+000, 3.656705E+000, 5.573927E+000, 3.692223E-001, -1.110868E-002, -5.174794E-002, 7.443801E-001
1.107680E-001, 2.168227E+000, 3.612024E+000, 5.681118E+000, 4.007413E-001, -7.728298E-002, -4.678581E-002, 7.535772E-001
1.107760E-001, 2.009281E+000, 3.436873E+000, 5.825664E+000, 3.500858E-001, -1.204038E-001, -4.205997E-002, 7.544026E-001
1.107840E-001, 1.876251E+000, 3.324277E+000, 6.002691E+000, 3.410804E-001, -1.236289E-001, -3.662525E-002, 7.555817E-001
1.107920E-001, 1.793322E+000, 3.492278E+000, 6.085520E+000, 2.667857E-001, -9.281124E-002, -2.043925E-002, 7.559355E-001
1.108000E-001, 1.738037E+000, 3.771089E+000, 5.958840E+000, 1.193219E-001, -4.156797E-002, 8.506510E-003, 7.516906E-001
1.108080E-001, 1.855518E+000, 3.826493E+000, 5.845153E+000, 1.136935E-001, 9.914200E-003, 3.898817E-002, 7.444980E-001
1.108160E-001, 2.135401E+000, 3.747854E+000, 5.801302E+000, 2.093761E-001, 3.272881E-002, 7.431382E-002, 7.396636E-001
1.108240E-001, 2.223512E+000, 3.615598E+000, 5.711976E+000, 1.767314E-001, 1.421434E-002, 1.186186E-001, 7.513369E-001
1.108320E-001, 2.159589E+000, 3.495853E+000, 5.759075E+000, 1.249502E-001, -2.353129E-002, 1.633959E-001, 7.709103E-001
1.108400E-001, 2.036924E+000, 3.594151E+000, 5.989698E+000, 2.161302E-001, -4.801817E-002, 2.053377E-001, 7.805791E-001
1.108480E-001, 1.891800E+000, 3.740705E+000, 6.088768E+000, 3.084357E-001, -4.765983E-002, 2.372371E-001, 8.018034E-001
1.108560E-001, 1.957451E+000, 3.644194E+000, 5.957216E+000, 2.712884E-001, -4.885431E-002, 2.549590E-001, 8.376487E-001
1.108640E-001, 2.185504E+000, 3.492278E+000, 5.866266E+000, 1.069394E-001, -6.939940E-002, 2.718539E-001, 8.526235E-001
1.108720E-001, 2.394552E+000, 3.551257E+000, 6.062783E+000, -3.151898E-002, -8.564436E-002, 2.886306E-001, 8.499116E-001
1.108800E-001, 2.442927E+000, 3.637045E+000, 6.410341E+000, 5.966093E-002, -9.973924E-002, 2.977279E-001, 8.550997E-001
1.108880E-001, 2.289164E+000, 3.540534E+000, 6.524029E+000, 2.679113E-001, -1.141925E-001, 3.064707E-001, 8.673626E-001
1.108960E-001, 2.061111E+000, 3.408278E+000, 6.342129E+000, 4.041184E-001, -8.528601E-002, 3.176945E-001, 8.732582E-001
1.109040E-001, 1.814054E+000, 3.279596E+000, 6.191087E+000, 4.322603E-001, -2.114233E-002, 3.264373E-001, 8.644148E-001
1.109120E-001, 1.751858E+000, 3.143765E+000, 6.225194E+000, 2.971790E-001, 2.556191E-002, 3.412056E-001, 8.550997E-001
1.109200E-001, 1.869340E+000, 3.199170E+000, 6.169974E+000, 1.272016E-001, 4.634590E-002, 3.649529E-001, 8.635894E-001
1.109280E-001, 1.805416E+000, 3.372533E+000, 5.997818E+000, 1.395841E-001, 4.371804E-002, 3.770038E-001, 8.687775E-001
1.109360E-001, 1.770863E+000, 3.374320E+000, 6.048166E+000, 1.620976E-001, 1.636440E-002, 3.739320E-001, 8.488504E-001
1.109440E-001, 2.000643E+000, 3.220617E+000, 6.156981E+000, -6.754067E-003, -5.136272E-003, 3.811389E-001, 8.222022E-001
1.109520E-001, 2.128490E+000, 3.170574E+000, 6.001067E+000, -8.667719E-002, -1.194482E-003, 3.977975E-001, 8.108826E-001
1.109600E-001, 2.031741E+000, 3.292107E+000, 5.793181E+000, 1.485895E-001, 4.300135E-003, 4.011056E-001, 8.126513E-001
1.109680E-001, 1.990277E+000, 3.406490E+000, 5.822415E+000, 4.074954E-001, -1.170592E-002, 3.943713E-001, 8.178394E-001
1.109760E-001, 2.149223E+000, 3.388618E+000, 5.950720E+000, 3.602169E-001, -4.192632E-002, 3.905906E-001, 8.193723E-001
1.109840E-001, 2.304713E+000, 3.351086E+000, 5.900373E+000, 2.003707E-001, -6.892160E-002, 3.879914E-001, 8.095856E-001
1.109920E-001, 2.280525E+000, 3.372533E+000, 5.768820E+000, 2.825451E-001, -8.958615E-002, 3.791304E-001, 7.895405E-001
1.110000E-001, 2.247700E+000, 3.308192E+000, 5.737962E+000, 4.255062E-001, -1.084590E-001, 3.564464E-001, 7.755089E-001
1.110080E-001, 2.261521E+000, 3.313554E+000, 5.749331E+000, 3.016817E-001, -1.097729E-001, 3.271462E-001, 7.757447E-001
1.110160E-001, 2.180321E+000, 3.479767E+000, 5.809422E+000, 6.979203E-002, -8.373318E-002, 3.172219E-001, 7.726790E-001
1.110240E-001, 2.024830E+000, 3.365384E+000, 5.901997E+000, 6.078660E-002, -6.032134E-002, 3.239563E-001, 7.538131E-001
1.110320E-001, 1.959179E+000, 3.129467E+000, 5.973457E+000, 2.093761E-001, -7.011609E-002, 3.161586E-001, 7.370695E-001
1.110400E-001, 2.047290E+000, 3.386831E+000, 6.033549E+000, 2.476491E-001, -9.830586E-002, 2.966645E-001, 7.327068E-001
1.110480E-001, 2.268432E+000, 3.765727E+000, 5.908493E+000, 3.039330E-001, -1.100118E-001, 2.921750E-001, 7.286978E-001
1.110560E-001, 2.480935E+000, 3.647768E+000, 5.721721E+000, 4.829158E-001, -9.663358E-002, 3.013904E-001, 7.230380E-001
1.110640E-001, 2.358271E+000, 3.342149E+000, 5.936103E+000, 4.761617E-001, -6.760768E-002, 3.024537E-001, 7.160811E-001
1.110720E-001, 1.967817E+000, 3.297468E+000, 6.332384E+000, 2.397694E-001, -3.416218E-002, 2.905209E-001, 7.024033E-001
1.110800E-001, 1.898710E+000, 3.452959E+000, 6.351873E+000, 7.992313E-002, -1.624495E-002, 2.855588E-001, 6.815329E-001
1.110880E-001, 2.121580E+000, 3.583428E+000, 6.012435E+000, 1.463381E-001, -1.887281E-002, 2.967827E-001, 6.601908E-001
1.110960E-001, 2.112942E+000, 3.499427E+000, 5.664877E+000, 3.073101E-001, -2.771198E-002, 3.038715E-001, 6.468667E-001
1.111040E-001, 2.040379E+000, 3.297468E+000, 5.617778E+000, 2.983046E-001, -3.583446E-002, 2.891032E-001, 6.341321E-001
1.111120E-001, 2.209691E+000, 3.301043E+000, 5.906869E+000, 1.317043E-001, -4.144852E-002, 2.709087E-001, 6.094885E-001
1.111200E-001, 2.259794E+000, 3.485129E+000, 6.095265E+000, 1.024367E-001, -4.897376E-002, 2.792971E-001, 5.751760E-001
1.111280E-001, 2.028286E+000, 3.637045E+000, 5.991322E+000, 2.273869E-001, -7.501347E-002, 3.011541E-001, 5.403919E-001
1.111360E-001, 2.031741E+000, 3.706748E+000, 5.945848E+000, 2.476491E-001, -1.147897E-001, 3.020993E-001, 5.175169E-001
1.111440E-001, 2.330628E+000, 3.583428E+000, 6.020556E+000, 1.598463E-001, -1.328264E-001, 2.919387E-001, 5.064331E-001
1.111520E-001, 2.372092E+000, 3.247426E+000, 5.971833E+000, 1.294530E-001, -1.131174E-001, 2.928839E-001, 4.962927E-001
1.111600E-001, 2.199325E+000, 3.034743E+000, 5.877635E+000, 1.530922E-001, -7.322174E-002, 2.952468E-001, 4.804924E-001
1.111680E-001, 2.131946E+000, 3.170574E+000, 5.919862E+000, 1.620976E-001, -3.225101E-002, 2.931202E-001, 4.604474E-001
1.111760E-001, 2.080116E+000, 3.392192E+000, 5.994570E+000, 1.046880E-001, -9.555855E-004, 2.921750E-001, 4.472412E-001
1.111840E-001, 2.099120E+000, 3.503002E+000, 5.978329E+000, 3.714737E-002, 1.086979E-002, 2.932383E-001, 4.369828E-001
1.111920E-001, 2.287436E+000, 3.508363E+000, 5.991322E+000, 5.966093E-002, 3.225101E-003, 2.983186E-001, 4.132825E-001
1.112000E-001, 2.372092E+000, 3.317128E+000, 6.057910E+000, 4.277576E-002, -1.672275E-003, 3.050529E-001, 3.808566E-001
1.112080E-001, 2.168227E+000, 3.199170E+000, 6.005939E+000, -1.575949E-002, 6.569650E-003, 3.058799E-001, 3.573920E-001
1.112160E-001, 1.936719E+000, 3.390405E+000, 5.867890E+000, 9.680830E-002, 1.027254E-002, 2.982004E-001, 3.460725E-001
1.112240E-001, 2.045562E+000, 3.560194E+000, 5.819167E+000, 2.375180E-001, 3.941790E-003, 2.902847E-001, 3.389978E-001
1.112320E-001, 2.365181E+000, 3.590577E+000, 5.853273E+000, 2.138788E-001, -9.078062E-003, 2.934746E-001, 3.369932E-001
1.112400E-001, 2.544859E+000, 3.637045E+000, 5.910117E+000, 2.183815E-001, -3.069819E-002, 3.032807E-001, 3.360499E-001
1.112480E-001, 2.494757E+000, 3.510151E+000, 6.015684E+000, 3.365777E-001, -4.646534E-002, 3.075340E-001, 3.272065E-001
1.112560E-001, 2.296075E+000, 3.231340E+000, 6.100137E+000, 3.680967E-001, -4.742093E-002, 3.052892E-001, 3.182452E-001
1.112640E-001, 2.242517E+000, 3.095510E+000, 6.036797E+000, 2.735397E-001, -4.455417E-002, 2.983186E-001, 3.141183E-001
1.112720E-001, 2.399735E+000, 3.057977E+000, 5.950720E+000, 2.634086E-001, -3.523722E-002, 2.930020E-001, 3.094018E-001
1.112800E-001, 2.422194E+000, 3.050828E+000, 6.023804E+000, 3.478345E-001, -2.126178E-002, 3.026900E-001, 3.050390E-001
1.112880E-001, 2.256338E+000, 3.225979E+000, 6.168350E+000, 2.949276E-001, -1.815612E-002, 3.238381E-001, 2.948986E-001
1.112960E-001, 2.214874E+000, 3.408278E+000, 6.223569E+000, 1.801085E-001, -9.794752E-003, 3.404967E-001, 2.734385E-001
1.113040E-001, 2.398007E+000, 3.256362E+000, 6.139116E+000, 2.228842E-001, 1.791723E-002, 3.493576E-001, 2.545726E-001
1.113120E-001, 2.477480E+000, 3.029382E+000, 5.983202E+000, 3.219439E-001, 3.822342E-002, 3.542016E-001, 2.456112E-001
1.113200E-001, 2.294347E+000, 3.109807E+000, 5.887380E+000, 3.590913E-001, 4.801817E-002, 3.542016E-001, 2.341737E-001
1.113280E-001, 2.144040E+000, 3.290319E+000, 5.856522E+000, 3.951129E-001, 7.465512E-002, 3.464040E-001, 2.180198E-001
1.113360E-001, 2.182048E+000, 3.385043E+000, 5.841905E+000, 4.322603E-001, 9.663358E-002, 3.330535E-001, 2.094122E-001
1.113440E-001, 2.309896E+000, 3.460108E+000, 5.876011E+000, 4.052441E-001, 7.334119E-002, 3.226567E-001, 2.105913E-001
1.113520E-001, 2.387641E+000, 3.442235E+000, 5.884131E+000, 3.793534E-001, 2.747308E-002, 3.156860E-001, 2.181377E-001
1.113600E-001, 2.277070E+000, 3.372533E+000, 5.841905E+000, 4.435171E-001, 2.866757E-003, 2.950105E-001, 2.230900E-001
1.113680E-001, 2.021375E+000, 3.331426E+000, 5.924734E+000, 4.862928E-001, 5.494617E-003, 2.557860E-001, 2.128316E-001
1.113760E-001, 1.862429E+000, 3.240277E+000, 6.114754E+000, 4.311346E-001, 1.720054E-002, 2.215237E-001, 1.999792E-001
1.113840E-001, 1.973000E+000, 3.249213E+000, 6.161853E+000, 4.063697E-001, 2.078399E-002, 2.074643E-001, 2.019837E-001
1.113920E-001, 2.156133E+000, 3.410065E+000, 6.031925E+000, 4.435171E-001, 1.947005E-002, 2.085276E-001, 2.098838E-001
1.114000E-001, 2.197597E+000, 3.383256E+000, 5.997818E+000, 4.446428E-001, 2.162012E-002, 2.113632E-001, 2.161332E-001
1.114080E-001, 2.207963E+000, 3.200957E+000, 6.134243E+000, 4.007413E-001, 2.066454E-002, 2.069917E-001, 2.263915E-001
1.114160E-001, 2.226968E+000, 3.192021E+000, 6.153733E+000, 3.861075E-001, 2.257571E-002, 2.054559E-001, 2.357066E-001
1.114240E-001, 2.304713E+000, 3.279596E+000, 6.035173E+000, 4.243806E-001, 3.989569E-002, 2.134898E-001, 2.339379E-001
1.114320E-001, 2.550042E+000, 3.263511E+000, 6.079024E+000, 4.468941E-001, 5.518506E-002, 2.198697E-001, 2.302826E-001
1.114400E-001, 2.766001E+000, 3.170574E+000, 6.191087E+000, 3.861075E-001, 4.168742E-002, 2.240048E-001, 2.420739E-001
1.114480E-001, 2.677890E+000, 3.159850E+000, 6.161853E+000, 3.208182E-001, 1.194482E-002, 2.282580E-001, 2.584637E-001
1.114560E-001, 2.289164E+000, 3.245638E+000, 6.210577E+000, 3.377034E-001, -7.286340E-003, 2.191608E-001, 2.628264E-001
1.114640E-001, 2.030013E+000, 3.333213E+000, 6.347001E+000, 3.377034E-001, -1.839502E-002, 1.975401E-001, 2.674250E-001
1.114720E-001, 2.244245E+000, 3.376107E+000, 6.340505E+000, 2.983046E-001, -2.723419E-002, 1.809996E-001, 2.746176E-001
1.114800E-001, 2.512033E+000, 3.293894E+000, 6.385980E+000, 3.545885E-001, -2.305350E-002, 1.645773E-001, 2.778013E-001
1.114880E-001, 2.472297E+000, 3.133042E+000, 6.520781E+000, 5.155604E-001, -4.539031E-003, 1.357497E-001, 2.908895E-001
1.114960E-001, 2.446382E+000, 3.106233E+000, 6.345377E+000, 6.247512E-001, 1.708109E-002, 1.040866E-001, 3.096376E-001
1.115040E-001, 2.506850E+000, 3.186659E+000, 5.960464E+000, 6.731554E-001, 2.830922E-002, 7.514084E-002, 3.174198E-001
1.115120E-001, 2.401463E+000, 3.227766E+000, 5.791557E+000, 7.373190E-001, 2.329240E-002, 4.843985E-002, 3.211930E-001
1.115200E-001, 2.330628E+000, 3.308192E+000, 5.848401E+000, 6.506418E-001, 1.648385E-002, 3.249014E-002, 3.257916E-001
1.115280E-001, 2.455020E+000, 3.456533E+000, 5.945848E+000, 3.838561E-001, 2.830922E-002, 2.374734E-002, 3.322767E-001
1.115360E-001, 2.448110E+000, 3.504789E+000, 5.981577E+000, 2.544032E-001, 5.984354E-002, 1.134201E-002, 3.447754E-001
1.115440E-001, 2.264977E+000, 3.388618E+000, 5.963713E+000, 2.611573E-001, 9.245290E-002, 5.907299E-004, 3.553875E-001
1.115520E-001, 2.228695E+000, 3.238489E+000, 5.880883E+000, 2.465235E-001, 1.088173E-001, 1.299606E-003, 3.632877E-001
1.115600E-001, 2.315079E+000, 3.225979E+000, 5.713600E+000, 2.780424E-001, 1.018893E-001, 8.033927E-003, 3.769655E-001
1.115680E-001, 2.211419E+000, 3.240277E+000, 5.635643E+000, 3.298236E-001, 7.823856E-002, 1.205089E-002, 3.884030E-001
1.115760E-001, 1.962634E+000, 3.036530E+000, 5.700607E+000, 3.939873E-001, 4.825707E-002, 1.996667E-002, 3.899359E-001
1.115840E-001, 1.914259E+000, 2.843508E+000, 5.716848E+000, 5.121834E-001, 8.122477E-003, 4.241440E-002, 3.900537E-001
1.115920E-001, 2.112942E+000, 3.009722E+000, 5.664877E+000, 5.774727E-001, -2.938426E-002, 7.336865E-002, 3.968927E-001
1.116000E-001, 2.372092E+000, 3.304617E+000, 5.661629E+000, 6.123688E-001, -1.648385E-002, 9.168128E-002, 4.161124E-001
1.116080E-001, 2.534493E+000, 3.426150E+000, 5.684366E+000, 6.348823E-001, 4.909321E-002, 9.038167E-002, 4.452367E-001
1.116160E-001, 2.543132E+000, 3.501215E+000, 5.661629E+000, 5.549592E-001, 1.102507E-001, 9.014538E-002, 4.664609E-001
1.116240E-001, 2.480935E+000, 3.515512E+000, 5.547942E+000, 4.378887E-001, 1.442934E-001, 1.042048E-001, 4.819074E-001
1.116320E-001, 2.425650E+000, 3.331426E+000, 5.504091E+000, 3.512115E-001, 1.613745E-001, 1.188549E-001, 5.018346E-001
1.116400E-001, 2.370364E+000, 3.218830E+000, 5.734714E+000, 3.399547E-001, 1.693775E-001, 1.180278E-001, 5.043107E-001
1.116480E-001, 2.245972E+000, 3.370745E+000, 6.079024E+000, 3.523372E-001, 1.829946E-001, 1.104665E-001, 4.954673E-001
1.116560E-001, 2.147495E+000, 3.490491E+000, 6.226818E+000, 2.510262E-001, 1.985229E-001, 1.182641E-001, 5.079660E-001
1.116640E-001, 2.242517E+000, 3.377894E+000, 6.111506E+000, 2.093761E-001, 2.102288E-001, 1.270069E-001, 5.194035E-001
1.116720E-001, 2.328900E+000, 3.295681E+000, 5.979953E+000, 3.410804E-001, 2.368658E-001, 1.148379E-001, 5.066690E-001
1.116800E-001, 2.194142E+000, 3.352873E+000, 6.056286E+000, 4.063697E-001, 2.673250E-001, 1.031414E-001, 4.920478E-001
1.116880E-001, 2.161316E+000, 3.281383E+000, 6.161853E+000, 3.061844E-001, 2.721030E-001, 1.024326E-001, 4.957031E-001
1.116960E-001, 2.437744E+000, 3.193808E+000, 6.064407E+000, 1.879882E-001, 2.744919E-001, 1.003059E-001, 5.150408E-001
1.117040E-001, 2.537949E+000, 3.433299E+000, 5.869514E+000, 2.082504E-001, 2.934842E-001, 1.086943E-001, 5.330813E-001
1.117120E-001, 2.316807E+000, 3.690662E+000, 5.794806E+000, 3.793534E-001, 2.885868E-001, 1.274795E-001, 5.394486E-001
1.117200E-001, 2.337539E+000, 3.594151E+000, 5.895500E+000, 4.829158E-001, 2.515579E-001, 1.352771E-001, 5.409815E-001
1.117280E-001, 2.605328E+000, 3.367171E+000, 5.963713E+000, 4.086211E-001, 2.349546E-001, 1.401211E-001, 5.518294E-001
1.117360E-001, 2.600145E+000, 3.276021E+000, 5.814295E+000, 3.804791E-001, 2.431965E-001, 1.511087E-001, 5.758834E-001
1.117440E-001, 2.337539E+000, 3.347511E+000, 5.635643E+000, 4.626536E-001, 2.418826E-001, 1.541805E-001, 6.004092E-001
1.117520E-001, 2.258066E+000, 3.426150E+000, 5.653509E+000, 4.187522E-001, 2.446299E-001, 1.585519E-001, 6.211618E-001
1.117600E-001, 2.373820E+000, 3.363596E+000, 5.811047E+000, 2.656600E-001, 2.621888E-001, 1.813541E-001, 6.462771E-001
1.117680E-001, 2.456748E+000, 3.295681E+000, 5.963713E+000, 2.150045E-001, 2.730586E-001, 2.039199E-001, 6.713924E-001
1.117760E-001, 2.593234E+000, 3.333213E+000, 5.958840E+000, 2.555289E-001, 2.863173E-001, 2.101817E-001, 6.896688E-001
1.117840E-001, 2.689984E+000, 3.377894E+000, 5.746082E+000, 2.938019E-001, 3.130737E-001, 2.094728E-001, 7.040541E-001
1.117920E-001, 2.524127E+000, 3.367171E+000, 5.580424E+000, 2.814195E-001, 3.415024E-001, 2.068736E-001, 7.147841E-001
1.118000E-001, 2.339266E+000, 3.354660E+000, 5.596665E+000, 2.251356E-001, 3.696921E-001, 1.988397E-001, 7.189111E-001
1.118080E-001, 2.423922E+000, 3.292107E+000, 5.604785E+000, 1.924909E-001, 3.794869E-001, 1.866706E-001, 7.265753E-001
1.118160E-001, 2.562136E+000, 3.149127E+000, 5.630771E+000, 2.307640E-001, 3.649142E-001, 1.767464E-001, 7.426114E-001
1.118240E-001, 2.453293E+000, 3.082999E+000, 5.724969E+000, 3.264466E-001, 3.601363E-001, 1.746197E-001, 7.507473E-001
1.118320E-001, 2.366909E+000, 3.124105E+000, 5.632395E+000, 3.816048E-001, 3.576279E-001, 1.735564E-001, 7.514548E-001
1.118400E-001, 2.629515E+000, 3.179510E+000, 5.507339E+000, 3.444574E-001, 3.333799E-001, 1.632777E-001, 7.588833E-001
1.118480E-001, 2.949134E+000, 3.345724E+000, 5.677870E+000, 3.264466E-001, 3.167766E-001, 1.474462E-001, 7.702029E-001
1.118560E-001, 2.966411E+000, 3.504789E+000, 5.843529E+000, 3.917359E-001, 3.362467E-001, 1.337412E-001, 7.867106E-001
1.118640E-001, 2.926674E+000, 3.333213E+000, 5.770444E+000, 4.975496E-001, 3.763812E-001, 1.265343E-001, 8.128871E-001
1.118720E-001, 3.035518E+000, 3.090148E+000, 5.608034E+000, 5.876039E-001, 4.025404E-001, 1.264162E-001, 8.409503E-001
1.118800E-001, 2.900759E+000, 3.217042E+000, 5.435878E+000, 5.909809E-001, 3.953735E-001, 1.296061E-001, 8.668909E-001
1.118880E-001, 2.436016E+000, 3.454746E+000, 5.392027E+000, 5.099321E-001, 3.675421E-001, 1.407119E-001, 8.883510E-001
1.118960E-001, 2.226968E+000, 3.431512E+000, 5.547942E+000, 4.210035E-001, 3.332604E-001, 1.521720E-001, 8.993168E-001
1.119040E-001, 2.410101E+000, 3.279596E+000, 5.741210E+000, 3.388290E-001, 3.032790E-001, 1.463829E-001, 9.009676E-001
1.119120E-001, 2.489574E+000, 3.395767E+000, 5.789933E+000, 2.622829E-001, 2.974260E-001, 1.351590E-001, 9.073348E-001
1.119200E-001, 2.296075E+000, 3.674577E+000, 5.731465E+000, 2.105018E-001, 3.062652E-001, 1.345683E-001, 9.226635E-001
1.119280E-001, 2.180321E+000, 3.529810E+000, 5.759075E+000, 2.037477E-001, 2.969482E-001, 1.390578E-001, 9.344547E-001
1.119360E-001, 2.342722E+000, 3.120531E+000, 5.734714E+000, 2.645343E-001, 2.337601E-001, 1.358679E-001, 9.391711E-001
1.119440E-001, 2.620877E+000, 3.133042E+000, 5.473233E+000, 3.422061E-001, 5.399058E-002, 1.206270E-001, 9.417652E-001
1.119520E-001, 2.693439E+000, 3.501215E+000, 5.299454E+000, 4.074954E-001, -2.618304E-001, 1.160193E-001, 9.336293E-001
1.119600E-001, 2.470569E+000, 3.645981E+000, 5.400148E+000, 4.581509E-001, -5.683345E-001, 1.290154E-001, 9.070990E-001
1.119680E-001, 2.315079E+000, 3.504789E+000, 5.593417E+000, 4.221292E-001, -6.060801E-001, 1.272432E-001, 8.924779E-001
1.119760E-001, 2.373820E+000, 3.363596E+000, 5.713600E+000, 3.365777E-001, -2.145289E-001, 1.118842E-001, 9.370487E-001
1.119840E-001, 2.455020E+000, 3.284958E+000, 5.612906E+000, 2.847965E-001, 5.387114E-001, 1.176734E-001, 1.040812E+000
1.119920E-001, 2.512033E+000, 3.347511E+000, 5.512211E+000, 2.589059E-001, 1.396588E+000, 1.476825E-001, 1.155540E+000
1.120000E-001, 2.494757E+000, 3.481555E+000, 5.726593E+000, 2.465235E-001, 2.032530E+000, 1.802908E-001, 1.221217E+000
1.120080E-001, 2.574229E+000, 3.411852E+000, 5.863018E+000, 2.566546E-001, 2.230814E+000, 1.947046E-001, 1.208954E+000
1.120160E-001, 2.848929E+000, 3.259936E+000, 5.687614E+000, 3.264466E-001, 1.978301E+000, 1.674128E-001, 1.145989E+000
1.120240E-001, 2.859295E+000, 3.259936E+000, 5.638892E+000, 4.243806E-001, 1.344509E+000, 9.109055E-002, 1.055786E+000
1.120320E-001, 2.655430E+000, 3.329639E+000, 5.679494E+000, 4.536482E-001, 4.461390E-001, -2.362920E-003, 9.298561E-001
1.120400E-001, 2.769456E+000, 3.340362E+000, 5.530077E+000, 4.682820E-001, -4.394499E-001, -8.423808E-002, 8.005064E-001
1.120480E-001, 3.004420E+000, 3.311766E+000, 5.426134E+000, 5.099321E-001, -1.005515E+000, -1.630414E-001, 7.198544E-001
1.120560E-001, 2.973322E+000, 3.301043E+000, 5.442375E+000, 4.592766E-001, -1.135355E+000, -2.166797E-001, 7.001630E-001
1.120640E-001, 2.824742E+000, 3.284958E+000, 5.479729E+000, 3.512115E-001, -8.614603E-001, -1.817085E-001, 7.534593E-001
1.120720E-001, 2.696894E+000, 3.347511E+000, 5.621027E+000, 2.960533E-001, -3.305131E-001, -6.084518E-002, 8.851673E-001
1.120800E-001, 2.551770E+000, 3.551257E+000, 5.721721E+000, 2.859222E-001, 1.980451E-001, 8.092999E-002, 1.040929E+000
1.120880E-001, 2.555225E+000, 3.624534E+000, 5.591793E+000, 2.994303E-001, 5.446838E-001, 2.177430E-001, 1.159313E+000
1.120960E-001, 2.679617E+000, 3.420788E+000, 5.445623E+000, 3.512115E-001, 6.874244E-001, 3.412056E-001, 1.240437E+000
1.121040E-001, 2.693439E+000, 3.213468E+000, 5.523580E+000, 5.076807E-001, 6.297309E-001, 4.083125E-001, 1.289371E+000
1.121120E-001, 2.731448E+000, 3.192021E+000, 5.724969E+000, 6.562702E-001, 4.297746E-001, 3.977975E-001, 1.287248E+000
1.121200E-001, 2.861023E+000, 3.297468E+000, 5.715224E+000, 6.146201E-001, 2.422409E-001, 3.278551E-001, 1.244446E+000
1.121280E-001, 2.855840E+000, 3.392192E+000, 5.544693E+000, 4.660307E-001, 1.505047E-001, 2.130172E-001, 1.174170E+000
1.121360E-001, 2.645064E+000, 3.331426E+000, 5.575552E+000, 4.018670E-001, 1.734388E-001, 7.596786E-002, 1.067342E+000
1.121440E-001, 2.448110E+000, 3.174148E+000, 5.674622E+000, 4.333860E-001, 3.547611E-001, -5.257496E-002, 9.593341E-001
1.121520E-001, 2.560408E+000, 3.143765E+000, 5.728217E+000, 4.390144E-001, 6.438258E-001, -1.605604E-001, 9.060378E-001
1.121600E-001, 2.828197E+000, 3.293894E+000, 5.872763E+000, 4.187522E-001, 9.075674E-001, -2.403089E-001, 8.943645E-001
1.121680E-001, 2.828197E+000, 3.395767E+000, 5.897124E+000, 4.480198E-001, 1.041469E+000, -2.837866E-001, 8.833987E-001
1.121760E-001, 2.584596E+000, 3.252787E+000, 5.825664E+000, 4.772874E-001, 9.499714E-001, -2.987912E-001, 8.812762E-001
1.121840E-001, 2.512033E+000, 3.091935E+000, 5.981577E+000, 4.412657E-001, 6.251918E-001, -2.945379E-001, 8.961332E-001
1.121920E-001, 2.703805E+000, 3.095510E+000, 6.168350E+000, 4.288833E-001, 2.033008E-001, -2.774068E-001, 9.120513E-001
1.122000E-001, 2.746997E+000, 3.093722E+000, 6.082272E+000, 4.558995E-001, -1.919532E-001, -2.557860E-001, 9.386995E-001
1.122080E-001, 2.531038E+000, 3.066914E+000, 5.911741E+000, 3.680967E-001, -4.886625E-001, -2.068736E-001, 9.763135E-001
1.122160E-001, 2.401463E+000, 3.156276E+000, 5.931231E+000, 3.084357E-001, -6.119331E-001, -1.140109E-001, 1.000368E+000
1.122240E-001, 2.420467E+000, 3.233128E+000, 6.118002E+000, 4.998010E-001, -5.801598E-001, -1.205089E-002, 1.022889E+000
1.122320E-001, 2.411829E+000, 3.122318E+000, 6.106634E+000, 6.922919E-001, -4.611895E-001, 8.352920E-002, 1.057673E+000
1.122400E-001, 2.410101E+000, 3.009722E+000, 5.690863E+000, 6.573959E-001, -2.466605E-001, 1.797000E-001, 1.083142E+000
1.122480E-001, 2.498212E+000, 3.074063E+000, 5.486226E+000, 5.324456E-001, 2.723419E-002, 2.525961E-001, 1.096230E+000
1.122560E-001, 2.657158E+000, 3.129467E+000, 5.793181E+000, 5.110577E-001, 2.689973E-001, 2.917024E-001, 1.113917E+000
1.122640E-001, 2.788461E+000, 3.193808E+000, 5.879259E+000, 6.236256E-001, 4.530670E-001, 3.096606E-001, 1.121581E+000
1.122720E-001, 2.816103E+000, 3.367171E+000, 5.572303E+000, 7.080514E-001, 5.575842E-001, 2.867403E-001, 1.089391E+000
1.122800E-001, 2.826470E+000, 3.393980E+000, 5.473233E+000, 6.134945E-001, 5.783681E-001, 2.043925E-001, 1.023596E+000
1.122880E-001, 2.821286E+000, 3.368958E+000, 5.650260E+000, 4.356374E-001, 5.948520E-001, 9.416234E-002, 9.420010E-001
1.122960E-001, 2.743541E+000, 3.528023E+000, 5.723345E+000, 4.277576E-001, 6.555316E-001, -1.831263E-002, 8.457846E-001
1.123040E-001, 2.651975E+000, 3.569130E+000, 5.629147E+000, 5.628389E-001, 7.277978E-001, -1.394123E-001, 7.611237E-001
1.123120E-001, 2.617421E+000, 3.361809E+000, 5.621027E+000, 5.538335E-001, 7.451178E-001, -2.585034E-001, 7.041720E-001
1.123200E-001, 2.717626E+000, 3.141978E+000, 5.660005E+000, 4.491455E-001, 6.205333E-001, -3.480580E-001, 6.511115E-001
1.123280E-001, 2.828197E+000, 3.057977E+000, 5.599913E+000, 4.570252E-001, 3.487887E-001, -3.993334E-001, 6.114930E-001
1.123360E-001, 2.798827E+000, 3.143765E+000, 5.630771E+000, 4.885442E-001, 3.571501E-002, -4.067766E-001, 6.196289E-001
1.123440E-001, 2.810920E+000, 3.336788E+000, 5.765572E+000, 4.952983E-001, -2.214569E-001, -3.640077E-001, 6.716282E-001
1.123520E-001, 2.781550E+000, 3.431512E+000, 5.853273E+000, 5.876039E-001, -3.496248E-001, -2.807148E-001, 7.566429E-001
1.123600E-001, 2.556953E+000, 3.336788E+000, 5.919862E+000, 6.528932E-001, -2.902591E-001, -1.611511E-001, 8.679521E-001
1.123680E-001, 2.436016E+000, 3.265298E+000, 5.892252E+000, 5.909809E-001, -7.286340E-002, -1.323235E-002, 9.724224E-001
1.123760E-001, 2.493029E+000, 3.293894E+000, 5.859770E+000, 5.617133E-001, 2.011508E-001, 1.303150E-001, 1.044231E+000
1.123840E-001, 2.522399E+000, 3.195595E+000, 5.947472E+000, 6.326309E-001, 4.310885E-001, 2.511784E-001, 1.071351E+000
1.123920E-001, 2.619149E+000, 3.027594E+000, 5.950720E+000, 7.080514E-001, 5.058631E-001, 3.499484E-001, 1.036449E+000
1.124000E-001, 2.835108E+000, 3.063339E+000, 5.845153E+000, 6.495162E-001, 3.604946E-001, 4.032322E-001, 9.561505E-001
1.124080E-001, 2.966411E+000, 3.188446E+000, 5.765572E+000, 4.649050E-001, 7.190781E-002, 3.797212E-001, 8.691313E-001
1.124160E-001, 2.933585E+000, 3.166999E+000, 5.742834E+000, 4.221292E-001, -2.313711E-001, 2.841411E-001, 7.896584E-001
1.124240E-001, 2.833380E+000, 3.106233E+000, 5.830536E+000, 5.425767E-001, -4.196215E-001, 1.476825E-001, 7.345934E-001
1.124320E-001, 2.798827E+000, 3.163425E+000, 5.921486E+000, 5.437024E-001, -3.572696E-001, 3.426233E-003, 7.226842E-001
1.124400E-001, 2.817831E+000, 3.297468E+000, 5.958840E+000, 4.806645E-001, -5.076548E-002, -1.175552E-001, 7.311739E-001
1.124480E-001, 2.729720E+000, 3.301043E+000, 6.022180E+000, 5.887296E-001, 3.714839E-001, -2.065192E-001, 7.368337E-001
1.124560E-001, 2.667524E+000, 3.122318E+000, 5.981577E+000, 6.900405E-001, 8.004223E-001, -2.625203E-001, 7.545205E-001
1.124640E-001, 2.873117E+000, 3.113382E+000, 5.825664E+000, 5.977349E-001, 1.109076E+000, -2.744531E-001, 7.690238E-001
1.124720E-001, 3.071799E+000, 3.276021E+000, 5.770444E+000, 4.795388E-001, 1.189226E+000, -2.608663E-001, 7.361262E-001
1.124800E-001, 2.919764E+000, 3.184872E+000, 5.864642E+000, 3.984900E-001, 1.053175E+000, -2.496424E-001, 6.824762E-001
1.124880E-001, 2.702077E+000, 3.068701E+000, 5.918238E+000, 3.500858E-001, 7.546737E-001, -2.338109E-001, 6.647893E-001
1.124960E-001, 2.772912E+000, 3.295681E+000, 5.827288E+000, 4.210035E-001, 3.399495E-001, -2.111268E-001, 6.625490E-001
1.125040E-001, 2.854112E+000, 3.347511E+000, 5.789933E+000, 5.346970E-001, -8.170256E-002, -1.938775E-001, 6.454517E-001
1.125120E-001, 2.731448E+000, 3.031169E+000, 5.906869E+000, 5.853525E-001, -3.760229E-001, -1.691850E-001, 6.548847E-001
1.125200E-001, 2.738358E+000, 2.973977E+000, 5.992946E+000, 5.425767E-001, -4.769566E-001, -1.099939E-001, 7.176140E-001
1.125280E-001, 2.895576E+000, 3.301043E+000, 5.926358E+000, 4.311346E-001, -3.874899E-001, -1.476825E-002, 8.002705E-001
1.125360E-001, 2.931857E+000, 3.553045E+000, 5.889004E+000, 4.288833E-001, -1.628079E-001, 8.884577E-002, 8.786821E-001
1.125440E-001, 2.926674E+000, 3.470831E+000, 6.087144E+000, 5.076807E-001, 1.163425E-001, 1.769827E-001, 9.404682E-001
1.125520E-001, 2.923219E+000, 3.243851E+000, 6.283661E+000, 5.031780E-001, 3.939401E-001, 2.419630E-001, 9.759598E-001
1.125600E-001, 2.779822E+000, 3.156276E+000, 6.226818E+000, 4.896699E-001, 6.106191E-001, 2.776430E-001, 9.883406E-001
1.125680E-001, 2.639881E+000, 3.138403E+000, 6.114754E+000, 4.637793E-001, 7.000859E-001, 2.783519E-001, 9.579192E-001
1.125760E-001, 2.708988E+000, 3.106233E+000, 5.992946E+000, 3.399547E-001, 6.859910E-001, 2.379460E-001, 8.739657E-001
1.125840E-001, 2.950862E+000, 3.199170E+000, 5.734714E+000, 3.253209E-001, 6.316420E-001, 1.598515E-001, 7.804613E-001
1.125920E-001, 3.189281E+000, 3.336788E+000, 5.702231E+000, 5.527079E-001, 5.382336E-001, 6.249922E-002, 7.060586E-001
1.126000E-001, 3.127084E+000, 3.342149E+000, 6.088768E+000, 7.080514E-001, 4.420778E-001, -4.383216E-002, 6.276470E-001
1.126080E-001, 2.836836E+000, 3.358235E+000, 6.295030E+000, 6.179972E-001, 4.160380E-001, -1.535898E-001, 5.462875E-001
1.126160E-001, 2.809193E+000, 3.513725E+000, 5.971833E+000, 5.763471E-001, 4.443473E-001, -2.423174E-001, 5.044286E-001
1.126240E-001, 2.966411E+000, 3.561981E+000, 5.664877E+000, 6.821608E-001, 4.927238E-001, -2.808330E-001, 5.186960E-001
1.126320E-001, 2.962955E+000, 3.377894E+000, 5.890628E+000, 6.686527E-001, 5.618843E-001, -2.751620E-001, 5.697520E-001
1.126400E-001, 2.973322E+000, 3.199170E+000, 6.231690E+000, 5.493308E-001, 6.159943E-001, -2.537776E-001, 6.416785E-001
1.126480E-001, 3.104625E+000, 3.118744E+000, 6.155357E+000, 5.425767E-001, 6.088274E-001, -2.141986E-001, 7.261037E-001
1.126560E-001, 3.175459E+000, 3.093722E+000, 6.023804E+000, 5.515822E-001, 5.074159E-001, -1.545349E-001, 8.088781E-001
1.126640E-001, 3.102897E+000, 3.120531E+000, 6.101761E+000, 5.121834E-001, 3.075791E-001, -9.888818E-002, 8.674805E-001
1.126720E-001, 2.881755E+000, 3.120531E+000, 6.088768E+000, 5.133091E-001, 9.950034E-002, -5.021204E-002, 9.035617E-001
1.126800E-001, 2.712443E+000, 3.156276E+000, 6.043293E+000, 4.615279E-001, -1.947005E-002, -6.498029E-003, 9.449489E-001
1.126880E-001, 2.850657E+000, 3.322490E+000, 6.156981E+000, 4.547739E-001, -3.595391E-002, 1.654044E-002, 9.886943E-001
1.126960E-001, 3.158182E+000, 3.381469E+000, 6.176470E+000, 6.123688E-001, 5.482672E-002, 3.650711E-002, 1.005674E+000
1.127040E-001, 3.218651E+000, 3.267085E+000, 6.010811E+000, 6.562702E-001, 2.422409E-001, 7.265978E-002, 9.945899E-001
1.127120E-001, 2.880027E+000, 3.302830E+000, 6.012435E+000, 5.594619E-001, 4.559337E-001, 1.004241E-001, 9.717149E-001
1.127200E-001, 2.695167E+000, 3.426150E+000, 6.105010E+000, 5.774727E-001, 6.366588E-001, 1.207452E-001, 9.333934E-001
1.127280E-001, 2.928402E+000, 3.297468E+000, 5.952344E+000, 6.765324E-001, 7.637517E-001, 1.501635E-001, 8.641790E-001
1.127360E-001, 3.025152E+000, 3.215255E+000, 5.893876E+000, 6.844122E-001, 8.239536E-001, 1.586700E-001, 7.635998E-001
1.127440E-001, 2.907670E+000, 3.447597E+000, 6.119627E+000, 6.067404E-001, 8.203702E-001, 1.323235E-001, 6.598370E-001
1.127520E-001, 2.909398E+000, 3.576279E+000, 6.148860E+000, 5.898552E-001, 7.540764E-001, 9.109055E-002, 5.835478E-001
1.127600E-001, 2.978505E+000, 3.390405E+000, 5.979953E+000, 6.337566E-001, 6.097830E-001, 2.776430E-002, 5.327276E-001
1.127680E-001, 3.120174E+000, 3.277809E+000, 5.997818E+000, 6.416364E-001, 4.221299E-001, -5.623749E-002, 5.039570E-001
1.127760E-001, 3.360320E+000, 3.451171E+000, 6.197584E+000, 5.808498E-001, 2.723419E-001, -1.196819E-001, 5.122108E-001
1.127840E-001, 3.384507E+000, 3.503002E+000, 6.275540E+000, 4.131238E-001, 1.931477E-001, -1.481550E-001, 5.613803E-001
1.127920E-001, 3.127084E+000, 3.218830E+000, 6.083896E+000, 3.264466E-001, 1.821585E-001, -1.541805E-001, 6.381412E-001
1.128000E-001, 3.037245E+000, 3.068701E+000, 5.973457E+000, 5.009267E-001, 2.606359E-001, -1.225174E-001, 7.295231E-001
1.128080E-001, 3.272209E+000, 3.149127E+000, 6.074152E+000, 5.504565E-001, 4.327608E-001, -4.595878E-002, 8.302202E-001
1.128160E-001, 3.248021E+000, 3.041892E+000, 6.077400E+000, 2.983046E-001, 6.593540E-001, 4.926687E-002, 9.233709E-001
1.128240E-001, 2.831653E+000, 2.922147E+000, 6.106634E+000, 1.587206E-001, 8.906057E-001, 1.390578E-001, 9.748986E-001
1.128320E-001, 2.703805E+000, 2.977551E+000, 6.225194E+000, 2.611573E-001, 1.081962E+000, 2.013207E-001, 9.710075E-001
1.128400E-001, 2.880027E+000, 2.898913E+000, 6.135868E+000, 4.232549E-001, 1.181104E+000, 2.204604E-001, 9.352800E-001
1.128480E-001, 2.902487E+000, 2.841721E+000, 6.035173E+000, 5.605876E-001, 1.133085E+000, 2.002574E-001, 8.832808E-001
1.128560E-001, 2.854112E+000, 3.099084E+000, 6.156981E+000, 5.572106E-001, 9.379072E-001, 1.375219E-001, 8.051049E-001
1.128640E-001, 2.900759E+000, 3.386831E+000, 6.215449E+000, 4.446428E-001, 6.514704E-001, 2.398363E-002, 7.093601E-001
1.128720E-001, 2.904215E+000, 3.311766E+000, 6.098513E+000, 5.065550E-001, 3.272880E-001, -1.193274E-001, 6.246992E-001
1.128800E-001, 2.835108E+000, 2.982913E+000, 6.051414E+000, 7.181825E-001, 1.672275E-002, -2.544864E-001, 5.662147E-001
1.128880E-001, 2.809193E+000, 2.814912E+000, 6.118002E+000, 7.238109E-001, -2.421215E-001, -3.563282E-001, 5.282469E-001
1.128960E-001, 2.733175E+000, 2.975764E+000, 6.155357E+000, 5.088064E-001, -4.122157E-001, -4.053589E-001, 5.111496E-001
1.129040E-001, 2.648520E+000, 3.211681E+000, 6.153733E+000, 3.354520E-001, -4.214132E-001, -3.898817E-001, 5.311947E-001
1.129120E-001, 2.814376E+000, 3.145552E+000, 6.150485E+000, 3.005560E-001, -2.608748E-001, -3.082429E-001, 5.933345E-001
1.129200E-001, 3.037245E+000, 3.040105E+000, 6.165102E+000, 3.332007E-001, -1.552826E-002, -1.681217E-001, 6.778776E-001
1.129280E-001, 3.097714E+000, 3.249213E+000, 6.298278E+000, 3.016817E-001, 2.514384E-001, 6.616175E-003, 7.479175E-001
1.129360E-001, 3.111535E+000, 3.302830E+000, 6.502915E+000, 2.667857E-001, 5.014435E-001, 1.929324E-001, 7.869464E-001
1.129440E-001, 2.909398E+000, 3.041892E+000, 6.525653E+000, 4.322603E-001, 6.948301E-001, 3.785397E-001, 8.178394E-001
1.129520E-001, 2.605328E+000, 2.886402E+000, 6.379483E+000, 6.596472E-001, 8.362568E-001, 5.405178E-001, 8.469638E-001
1.129600E-001, 2.702077E+000, 2.879253E+000, 6.312895E+000, 6.618986E-001, 9.580939E-001, 6.463766E-001, 8.584012E-001
1.129680E-001, 2.869661E+000, 2.934658E+000, 6.260924E+000, 5.054294E-001, 1.072645E+000, 6.833563E-001, 8.526235E-001
1.129760E-001, 2.710716E+000, 2.968615E+000, 6.155357E+000, 4.119981E-001, 1.154467E+000, 6.570098E-001, 8.434264E-001
1.129840E-001, 2.634698E+000, 2.882827E+000, 6.202456E+000, 3.951129E-001, 1.186718E+000, 5.623748E-001, 8.357621E-001
1.129920E-001, 2.726265E+000, 2.854231E+000, 6.301526E+000, 3.906102E-001, 1.199021E+000, 3.993334E-001, 8.065199E-001
1.130000E-001, 2.691711E+000, 3.004360E+000, 6.256052E+000, 3.939873E-001, 1.204754E+000, 1.939957E-001, 7.395457E-001
1.130080E-001, 2.622604E+000, 3.061552E+000, 6.174846E+000, 3.748507E-001, 1.174415E+000, -3.520750E-002, 6.675013E-001
1.130160E-001, 2.655430E+000, 2.881040E+000, 6.054662E+000, 4.119981E-001, 1.069061E+000, -2.878036E-001, 6.114930E-001
1.130240E-001, 2.717626E+000, 2.759507E+000, 5.867890E+000, 5.223145E-001, 8.774664E-001, -5.459526E-001, 5.514756E-001
1.130320E-001, 2.717626E+000, 2.888189E+000, 5.778564E+000, 4.378887E-001, 6.395256E-001, -7.790546E-001, 4.980614E-001
1.130400E-001, 2.586323E+000, 2.961466E+000, 5.815919E+000, 2.589059E-001, 3.750673E-001, -9.716325E-001, 4.769551E-001
1.130480E-001, 2.332356E+000, 2.757720E+000, 5.958840E+000, 3.489601E-001, 8.707773E-002, -1.097576E+000, 4.744789E-001
1.130560E-001, 2.209691E+000, 2.730911E+000, 6.103385E+000, 5.324456E-001, -1.611356E-001, -1.124395E+000, 4.972360E-001
1.130640E-001, 2.436016E+000, 3.170574E+000, 5.872763E+000, 5.346970E-001, -3.342160E-001, -1.065795E+000, 5.876747E-001
1.130720E-001, 2.689984E+000, 3.379682E+000, 5.515460E+000, 4.423914E-001, -4.384943E-001, -9.454041E-001, 7.170244E-001
1.130800E-001, 2.665796E+000, 3.066914E+000, 5.645388E+000, 3.861075E-001, -4.326414E-001, -7.530624E-001, 8.213768E-001
1.130880E-001, 2.589779E+000, 3.007935E+000, 5.903621E+000, 3.906102E-001, -3.229879E-001, -4.904239E-001, 9.205410E-001
1.130960E-001, 2.565591E+000, 3.259936E+000, 5.848401E+000, 4.018670E-001, -1.690192E-001, -1.798182E-001, 1.033147E+000
1.131040E-001, 2.541404E+000, 3.143765E+000, 5.825664E+000, 3.669710E-001, 6.569650E-003, 1.524083E-001, 1.102951E+000
1.131120E-001, 2.582868E+000, 2.834572E+000, 5.950720E+000, 3.624683E-001, 1.568355E-001, 4.601786E-001, 1.102480E+000
1.131200E-001, 2.569046E+000, 2.825635E+000, 5.965337E+000, 4.998010E-001, 2.840478E-001, 7.176186E-001, 1.059088E+000
1.131280E-001, 2.551770E+000, 2.870317E+000, 5.895500E+000, 7.058001E-001, 4.835263E-001, 9.415053E-001, 9.957690E-001
1.131360E-001, 2.736631E+000, 2.809550E+000, 5.939351E+000, 7.564555E-001, 7.625573E-001, 1.120496E+000, 9.273799E-001
1.131440E-001, 2.885210E+000, 3.002573E+000, 6.033549E+000, 6.247512E-001, 1.060222E+000, 1.220802E+000, 8.582833E-001
1.131520E-001, 2.880027E+000, 3.213468E+000, 6.020556E+000, 5.549592E-001, 1.351915E+000, 1.241714E+000, 7.782209E-001
1.131600E-001, 2.921491E+000, 3.011509E+000, 5.979953E+000, 6.112431E-001, 1.605503E+000, 1.197409E+000, 6.899046E-001
1.131680E-001, 2.869661E+000, 2.868529E+000, 5.890628E+000, 6.427621E-001, 1.790051E+000, 1.091787E+000, 6.133796E-001
1.131760E-001, 2.774639E+000, 3.006147E+000, 5.783437E+000, 6.438878E-001, 1.917143E+000, 9.270915E-001, 5.589041E-001
1.131840E-001, 2.892121E+000, 2.963253E+000, 5.976705E+000, 6.044890E-001, 1.996099E+000, 7.130110E-001, 5.170453E-001
1.131920E-001, 2.874844E+000, 2.829210E+000, 6.215449E+000, 4.975496E-001, 1.998249E+000, 4.571068E-001, 4.819074E-001
1.132000E-001, 2.610511E+000, 2.957892E+000, 6.002691E+000, 4.367630E-001, 1.912724E+000, 1.844259E-001, 4.593862E-001
1.132080E-001, 2.550042E+000, 3.199170E+000, 5.737962E+000, 4.210035E-001, 1.754216E+000, -6.994241E-002, 4.431143E-001
1.132160E-001, 2.615694E+000, 3.272447E+000, 5.802926E+000, 4.221292E-001, 1.519500E+000, -3.121417E-001, 4.222438E-001
1.132240E-001, 2.560408E+000, 3.004360E+000, 5.892252E+000, 5.256916E-001, 1.229958E+000, -5.484336E-001, 4.145795E-001
1.132320E-001, 2.636426E+000, 2.612953E+000, 5.830536E+000, 5.966093E-001, 9.162871E-001, -7.563705E-001, 4.499532E-001
1.132400E-001, 2.772912E+000, 2.620102E+000, 5.637268E+000, 5.256916E-001, 5.673789E-001, -9.274459E-001, 5.229409E-001
1.132480E-001, 2.672707E+000, 2.973977E+000, 5.361170E+000, 5.121834E-001, 2.055703E-001, -1.053390E+000, 6.066586E-001
1.132560E-001, 2.617421E+000, 3.272447E+000, 5.312447E+000, 5.864782E-001, -1.157453E-001, -1.120969E+000, 6.985122E-001
1.132640E-001, 2.785005E+000, 3.417214E+000, 5.606410E+000, 5.966093E-001, -3.980014E-001, -1.145189E+000, 8.099393E-001
1.132720E-001, 2.890393E+000, 3.333213E+000, 5.781813E+000, 5.977349E-001, -6.400034E-001, -1.138691E+000, 9.331576E-001
1.132800E-001, 2.909398E+000, 3.127680E+000, 5.724969E+000, 6.337566E-001, -8.103365E-001, -1.081981E+000, 1.049419E+000
1.132880E-001, 2.921491E+000, 2.954317E+000, 5.789933E+000, 6.630242E-001, -9.244096E-001, -9.716325E-001, 1.152357E+000
1.132960E-001, 2.840291E+000, 2.707677E+000, 5.804550E+000, 6.900405E-001, -1.007545E+000, -8.253677E-001, 1.238197E+000
1.133040E-001, 2.689984E+000, 2.662996E+000, 5.595041E+000, 6.416364E-001, -1.027613E+000, -6.521658E-001, 1.294559E+000
1.133120E-001, 2.581140E+000, 3.022233E+000, 5.434254E+000, 5.414510E-001, -9.491353E-001, -4.705754E-001, 1.316608E+000
1.133200E-001, 2.643337E+000, 3.208106E+000, 5.351425E+000, 4.243806E-001, -7.864469E-001, -2.816600E-001, 1.304817E+000
1.133280E-001, 2.805737E+000, 3.056190E+000, 5.383907E+000, 2.656600E-001, -5.531646E-001, -5.682821E-002, 1.266142E+000
1.133360E-001, 2.923219E+000, 3.131254E+000, 5.630771E+000, 2.915506E-001, -2.262349E-001, 1.904513E-001, 1.220038E+000
1.133440E-001, 3.057977E+000, 3.279596E+000, 5.744458E+000, 5.943579E-001, 1.775000E-001, 4.295788E-001, 1.172048E+000
1.133520E-001, 3.070071E+000, 3.072275E+000, 5.621027E+000, 8.611436E-001, 5.923436E-001, 6.697695E-001, 1.104248E+000
1.133600E-001, 2.791916E+000, 2.902487E+000, 5.606410E+000, 8.566409E-001, 1.005395E+000, 9.002723E-001, 1.025483E+000
1.133680E-001, 2.582868E+000, 3.018658E+000, 5.707104E+000, 7.170568E-001, 1.420478E+000, 1.097931E+000, 9.648760E-001
1.133760E-001, 2.708988E+000, 3.106233E+000, 5.723345E+000, 6.967946E-001, 1.750752E+000, 1.274441E+000, 8.897659E-001
1.133840E-001, 2.897304E+000, 3.057977E+000, 5.570679E+000, 7.778434E-001, 1.923474E+000, 1.415861E+000, 7.806970E-001
1.133920E-001, 2.923219E+000, 3.007935E+000, 5.419637E+000, 8.690233E-001, 2.031575E+000, 1.491829E+000, 6.914375E-001
1.134000E-001, 2.790189E+000, 3.036530E+000, 5.497594E+000, 9.523235E-001, 2.119369E+000, 1.509079E+000, 6.238738E-001
1.134080E-001, 2.662341E+000, 3.120531E+000, 5.603161E+000, 9.298099E-001, 2.091060E+000, 1.480724E+000, 5.465233E-001
1.134160E-001, 2.767729E+000, 3.229553E+000, 5.547942E+000, 8.318760E-001, 2.016883E+000, 1.403220E+000, 4.671684E-001
1.134240E-001, 2.921491E+000, 3.329639E+000, 5.564183E+000, 7.902259E-001, 1.958114E+000, 1.256128E+000, 4.021987E-001
1.134320E-001, 2.835108E+000, 3.372533E+000, 5.603161E+000, 7.755921E-001, 1.822421E+000, 1.051617E+000, 3.694191E-001
1.134400E-001, 2.612238E+000, 3.317128E+000, 5.426134E+000, 7.260622E-001, 1.654835E+000, 8.241863E-001, 3.684758E-001
1.134480E-001, 2.441199E+000, 3.242064E+000, 5.325439E+000, 6.123688E-001, 1.472677E+000, 5.694636E-001, 3.867522E-001
1.134560E-001, 2.356543E+000, 3.320703E+000, 5.479729E+000, 4.739104E-001, 1.219447E+000, 2.878036E-001, 4.100989E-001
1.134640E-001, 2.396280E+000, 3.399341E+000, 5.546318E+000, 4.378887E-001, 9.592884E-001, 0.000000E+000, 4.500711E-001
1.134720E-001, 2.541404E+000, 3.297468E+000, 5.479729E+000, 4.131238E-001, 6.883799E-001, -2.822507E-001, 5.361471E-001
1.134800E-001, 2.551770E+000, 3.238489E+000, 5.465112E+000, 2.926762E-001, 3.772174E-001, -5.433533E-001, 6.443905E-001
1.134880E-001, 2.406646E+000, 3.292107E+000, 5.445623E+000, 2.251356E-001, 1.061894E-001, -7.729110E-001, 7.580579E-001
1.134960E-001, 2.475752E+000, 3.292107E+000, 5.392027E+000, 3.286979E-001, -1.041588E-001, -9.757676E-001, 9.049766E-001
1.135040E-001, 2.804010E+000, 3.165212E+000, 5.341681E+000, 5.605876E-001, -2.741336E-001, -1.143771E+000, 1.065809E+000
1.135120E-001, 3.004420E+000, 2.907849E+000, 5.275092E+000, 7.463244E-001, -3.957319E-001, -1.253292E+000, 1.198460E+000
1.135200E-001, 2.900759E+000, 2.789891E+000, 5.202007E+000, 7.665867E-001, -4.822123E-001, -1.309175E+000, 1.315901E+000
1.135280E-001, 2.639881E+000, 2.931083E+000, 5.224745E+000, 6.675270E-001, -5.276027E-001, -1.340839E+000, 1.432752E+000
1.135360E-001, 2.441199E+000, 2.981126E+000, 5.366042E+000, 5.290686E-001, -5.240192E-001, -1.348518E+000, 1.521658E+000
1.135440E-001, 2.385913E+000, 2.904274E+000, 5.478105E+000, 4.750361E-001, -4.960683E-001, -1.319572E+000, 1.575897E+000
1.135520E-001, 2.365181E+000, 2.956105E+000, 5.432630E+000, 5.076807E-001, -4.442278E-001, -1.270660E+000, 1.599008E+000
1.135600E-001, 2.410101E+000, 3.090148E+000, 5.335184E+000, 5.031780E-001, -3.788897E-001, -1.215250E+000, 1.573067E+000
1.135680E-001, 2.582868E+000, 3.129467E+000, 5.335184E+000, 4.660307E-001, -3.289603E-001, -1.151096E+000, 1.515998E+000
1.135760E-001, 2.669251E+000, 2.998998E+000, 5.284837E+000, 4.795388E-001, -2.709085E-001, -1.083044E+000, 1.457160E+000
1.135840E-001, 2.641609E+000, 2.873891E+000, 5.143539E+000, 5.380740E-001, -1.909977E-001, -1.011684E+000, 1.369787E+000
1.135920E-001, 2.636426E+000, 3.066914E+000, 5.202007E+000, 5.943579E-001, -1.354543E-001, -9.392605E-001, 1.240673E+000
1.136000E-001, 2.531038E+000, 3.370745E+000, 5.395276E+000, 5.752214E-001, -1.106090E-001, -8.714447E-001, 1.118162E+000
1.136080E-001, 2.327173E+000, 3.299256E+000, 5.484601E+000, 5.459538E-001, -5.637955E-002, -7.911054E-001, 1.023360E+000
1.136160E-001, 2.271887E+000, 2.973977E+000, 5.466736E+000, 6.934175E-001, 4.897376E-002, -6.748498E-001, 9.351621E-001
1.136240E-001, 2.372092E+000, 2.893551E+000, 5.296206E+000, 8.296246E-001, 1.542076E-001, -5.269310E-001, 8.576938E-001
1.136320E-001, 2.392824E+000, 3.141978E+000, 5.122426E+000, 7.654610E-001, 2.296989E-001, -3.563282E-001, 7.959077E-001
1.136400E-001, 2.318534E+000, 3.292107E+000, 5.255603E+000, 7.733407E-001, 2.971871E-001, -1.633959E-001, 7.375412E-001
1.136480E-001, 2.311624E+000, 3.177723E+000, 5.549566E+000, 9.061707E-001, 3.621669E-001, 3.662525E-002, 6.952107E-001
1.136560E-001, 2.394552E+000, 3.065126E+000, 5.599913E+000, 8.555152E-001, 4.227271E-001, 2.518872E-001, 6.618415E-001
1.136640E-001, 2.613966E+000, 3.054403E+000, 5.429382E+000, 6.089917E-001, 4.903348E-001, 5.085003E-001, 6.034749E-001
1.136720E-001, 2.937041E+000, 3.086573E+000, 5.356297E+000, 5.020523E-001, 5.621232E-001, 7.738561E-001, 5.462875E-001
1.136800E-001, 2.966411E+000, 3.158063E+000, 5.434254E+000, 7.080514E-001, 6.353449E-001, 1.010975E+000, 5.250633E-001
1.136880E-001, 2.660613E+000, 3.251000E+000, 5.424510E+000, 9.084221E-001, 7.194365E-001, 1.238997E+000, 5.072585E-001
1.136960E-001, 2.477480E+000, 3.274234E+000, 5.205256E+000, 7.395704E-001, 8.099782E-001, 1.457567E+000, 4.683475E-001
1.137040E-001, 2.387641E+000, 3.163425E+000, 4.998994E+000, 5.301943E-001, 9.087619E-001, 1.635495E+000, 4.342709E-001
1.137120E-001, 2.187231E+000, 3.022233E+000, 5.042845E+000, 5.887296E-001, 1.033107E+000, 1.774789E+000, 4.167019E-001
1.137200E-001, 2.190687E+000, 3.031169E+000, 5.284837E+000, 5.166861E-001, 1.170115E+000, 1.880648E+000, 4.004300E-001
1.137280E-001, 2.417011E+000, 3.097297E+000, 5.458616E+000, 2.802938E-001, 1.296491E+000, 1.929914E+000, 3.851014E-001
1.137360E-001, 2.510306E+000, 3.007935E+000, 5.375787E+000, 2.971790E-001, 1.410444E+000, 1.923535E+000, 3.751968E-001
1.137440E-001, 2.584596E+000, 2.872104E+000, 5.236114E+000, 4.705333E-001, 1.496566E+000, 1.878757E+000, 3.647026E-001
1.137520E-001, 2.833380E+000, 2.956105E+000, 5.265347E+000, 5.673416E-001, 1.534073E+000, 1.781759E+000, 3.588070E-001
1.137600E-001, 2.824742E+000, 3.192021E+000, 5.400148E+000, 6.382594E-001, 1.535387E+000, 1.629942E+000, 3.623444E-001
1.137680E-001, 2.391097E+000, 3.188446E+000, 5.469985E+000, 6.844122E-001, 1.515081E+000, 1.443508E+000, 3.645847E-001
1.137760E-001, 2.182048E+000, 2.941807E+000, 5.288085E+000, 6.742811E-001, 1.463599E+000, 1.229900E+000, 3.642310E-001
1.137840E-001, 2.342722E+000, 2.882827E+000, 5.046093E+000, 6.213742E-001, 1.372699E+000, 1.002114E+000, 3.797954E-001
1.137920E-001, 2.380730E+000, 2.973977E+000, 5.120802E+000, 5.121834E-001, 1.246083E+000, 7.753921E-001, 4.205930E-001
1.138000E-001, 2.389369E+000, 2.916785E+000, 5.292957E+000, 3.816048E-001, 1.096415E+000, 5.520961E-001, 4.670505E-001
1.138080E-001, 2.582868E+000, 2.923934E+000, 5.237738E+000, 3.275723E-001, 9.468658E-001, 3.331716E-001, 5.110317E-001
1.138160E-001, 2.696894E+000, 3.054403E+000, 5.138667E+000, 3.861075E-001, 8.135616E-001, 1.149560E-001, 5.698699E-001
1.138240E-001, 2.665796E+000, 3.065126E+000, 5.154908E+000, 4.705333E-001, 6.931579E-001, -9.640712E-002, 6.447442E-001
1.138320E-001, 2.658885E+000, 3.116956E+000, 5.197135E+000, 5.155604E-001, 5.800404E-001, -2.778793E-001, 7.226842E-001
1.138400E-001, 2.651975E+000, 3.224191E+000, 5.227993E+000, 5.391997E-001, 4.714620E-001, -4.228444E-001, 7.983839E-001
1.138480E-001, 2.596689E+000, 3.027594E+000, 5.266972E+000, 5.088064E-001, 3.645559E-001, -5.487881E-001, 8.661835E-001
1.138560E-001, 2.487846E+000, 2.709465E+000, 5.270220E+000, 3.219439E-001, 2.675639E-001, -6.662251E-001, 9.131125E-001
1.138640E-001, 2.387641E+000, 2.814912E+000, 5.249106E+000, 9.793398E-002, 1.874142E-001, -7.757465E-001, 9.325681E-001
1.138720E-001, 2.548315E+000, 3.197383E+000, 5.317319E+000, 7.542042E-002, 1.250623E-001, -8.810145E-001, 9.436518E-001
1.138800E-001, 2.923219E+000, 3.438661E+000, 5.494346E+000, 1.913652E-001, 8.289704E-002, -9.743499E-001, 9.673522E-001
1.138880E-001, 3.052794E+000, 3.551257E+000, 5.578800E+000, 3.906102E-001, 4.789872E-002, -1.037204E+000, 9.871615E-001
1.138960E-001, 2.824742E+000, 3.386831E+000, 5.377411E+000, 6.134945E-001, 1.481158E-002, -1.074065E+000, 9.799688E-001
1.139040E-001, 2.610511E+000, 3.009722E+000, 5.060710E+000, 5.166861E-001, -9.555855E-004, -1.100766E+000, 9.598058E-001
1.139120E-001, 2.641609E+000, 2.988275E+000, 4.958392E+000, 1.902396E-001, 3.941790E-003, -1.110690E+000, 9.431801E-001
1.139200E-001, 2.795372E+000, 3.188446E+000, 5.080200E+000, 1.272016E-001, 3.356494E-002, -1.087770E+000, 9.162962E-001
1.139280E-001, 2.833380E+000, 3.140191E+000, 5.211752E+000, 2.611573E-001, 8.648049E-002, -1.032596E+000, 8.782105E-001
1.139360E-001, 2.729720E+000, 3.031169E+000, 5.158156E+000, 2.352667E-001, 1.430989E-001, -9.638349E-001, 8.375308E-001
1.139440E-001, 2.710716E+000, 3.070488E+000, 5.018484E+000, 1.699774E-001, 1.931477E-001, -8.934199E-001, 7.856494E-001
1.139520E-001, 2.743541E+000, 3.133042E+000, 5.156532E+000, 2.296383E-001, 2.377019E-001, -8.180427E-001, 7.414323E-001
1.139600E-001, 2.601872E+000, 3.059765E+000, 5.364418E+000, 2.251356E-001, 2.906174E-001, -7.302603E-001, 7.217410E-001
1.139680E-001, 2.480935E+000, 2.920360E+000, 5.265347E+000, 1.812341E-001, 3.596585E-001, -6.325535E-001, 6.959181E-001
1.139760E-001, 2.601872E+000, 2.940019E+000, 5.179270E+000, 2.634086E-001, 4.206965E-001, -5.408723E-001, 6.545309E-001
1.139840E-001, 2.805737E+000, 3.104446E+000, 5.294581E+000, 2.994303E-001, 4.628617E-001, -4.586427E-001, 6.216334E-001
1.139920E-001, 2.981960E+000, 3.181297E+000, 5.372539E+000, 2.611573E-001, 5.031158E-001, -3.754679E-001, 5.979331E-001
1.140000E-001, 3.051067E+000, 3.029382E+000, 5.314071E+000, 3.996156E-001, 5.366807E-001, -3.024537E-001, 5.788313E-001
1.140080E-001, 2.850657E+000, 2.925721E+000, 5.137043E+000, 6.697783E-001, 5.491033E-001, -2.642925E-001, 5.646818E-001
1.140160E-001, 2.601872E+000, 3.166999E+000, 5.018484E+000, 7.587069E-001, 5.508950E-001, -2.589760E-001, 5.421606E-001
1.140240E-001, 2.613966E+000, 3.335001E+000, 5.093193E+000, 5.605876E-001, 5.450421E-001, -2.595667E-001, 5.168094E-001
1.140320E-001, 2.632970E+000, 3.097297E+000, 5.159781E+000, 3.861075E-001, 5.182857E-001, -2.574401E-001, 5.043107E-001
1.140400E-001, 2.456748E+000, 2.932870E+000, 5.093193E+000, 5.020523E-001, 4.754038E-001, -2.693728E-001, 4.952315E-001
1.140480E-001, 2.524127E+000, 3.038318E+000, 5.109433E+000, 6.371337E-001, 4.387332E-001, -3.062344E-001, 4.972360E-001
1.140560E-001, 2.954317E+000, 3.102659E+000, 5.187390E+000, 5.043037E-001, 4.265495E-001, -3.508936E-001, 5.282469E-001
1.140640E-001, 3.114990E+000, 3.141978E+000, 5.086696E+000, 2.724141E-001, 4.236827E-001, -3.733413E-001, 5.664505E-001
1.140720E-001, 2.769456E+000, 3.192021E+000, 5.007115E+000, 1.508408E-001, 4.199798E-001, -3.766494E-001, 6.032391E-001
1.140800E-001, 2.467114E+000, 3.186659E+000, 5.161405E+000, 1.564692E-001, 4.491252E-001, -3.783034E-001, 6.639639E-001
1.140880E-001, 2.425650E+000, 3.208106E+000, 5.296206E+000, 2.048734E-001, 5.082520E-001, -3.612904E-001, 7.335322E-001
1.140960E-001, 2.399735E+000, 3.186659E+000, 5.263723E+000, 1.857368E-001, 5.559119E-001, -3.156860E-001, 7.792821E-001
1.141040E-001, 2.422194E+000, 3.133042E+000, 5.236114E+000, 1.452124E-001, 5.984355E-001, -2.587397E-001, 8.183111E-001
1.141120E-001, 2.539676E+000, 3.174148E+000, 5.239362E+000, 1.812341E-001, 6.576818E-001, -1.970675E-001, 8.703104E-001
1.141200E-001, 2.560408E+000, 3.199170E+000, 5.099689E+000, 2.431464E-001, 7.250505E-001, -1.293698E-001, 9.141737E-001
1.141280E-001, 2.553498E+000, 3.177723E+000, 4.911293E+000, 3.219439E-001, 7.853718E-001, -5.434715E-002, 9.291486E-001
1.141360E-001, 2.764273E+000, 3.204532E+000, 5.026604E+000, 4.660307E-001, 8.302844E-001, 3.178127E-002, 9.234888E-001
1.141440E-001, 3.018241E+000, 3.209893E+000, 5.305950E+000, 5.234402E-001, 8.738829E-001, 1.169645E-001, 9.132304E-001
1.141520E-001, 2.962955E+000, 3.152701E+000, 5.210128E+000, 3.894846E-001, 9.318153E-001, 1.889154E-001, 8.956615E-001
1.141600E-001, 2.689984E+000, 3.063339E+000, 4.922661E+000, 2.769168E-001, 9.776834E-001, 2.550772E-001, 8.606416E-001
1.141680E-001, 2.531038E+000, 2.959679E+000, 4.951895E+000, 2.881735E-001, 1.008262E+000, 3.149772E-001, 8.135946E-001
1.141760E-001, 2.622604E+000, 3.013296E+000, 5.080200E+000, 2.870479E-001, 1.050666E+000, 3.537290E-001, 7.686700E-001
1.141840E-001, 2.816103E+000, 3.183085E+000, 5.089944E+000, 2.971790E-001, 1.078856E+000, 3.694425E-001, 7.269291E-001
1.141920E-001, 2.835108E+000, 3.113382E+000, 5.132171E+000, 3.410804E-001, 1.082559E+000, 3.840926E-001, 6.828299E-001
1.142000E-001, 2.662341E+000, 3.004360E+000, 5.132171E+000, 3.095614E-001, 1.093309E+000, 4.144561E-001, 6.455696E-001
1.142080E-001, 2.581140E+000, 3.149127E+000, 5.060710E+000, 2.003707E-001, 1.087098E+000, 4.374945E-001, 6.245812E-001
1.142160E-001, 2.707260E+000, 3.140191E+000, 5.141915E+000, 1.193219E-001, 1.049591E+000, 4.378490E-001, 6.144408E-001
1.142240E-001, 2.819559E+000, 2.950743E+000, 5.245858E+000, 1.722287E-001, 1.013398E+000, 4.369038E-001, 6.113750E-001
1.142320E-001, 2.703805E+000, 2.957892E+000, 5.081824E+000, 3.061844E-001, 9.693221E-001, 4.376127E-001, 6.177423E-001
1.142400E-001, 2.556953E+000, 2.977551E+000, 4.878810E+000, 3.827305E-001, 9.153315E-001, 4.301695E-001, 6.340142E-001
1.142480E-001, 2.613966E+000, 2.816699E+000, 4.971385E+000, 3.917359E-001, 8.780637E-001, 4.260344E-001, 6.557100E-001
1.142560E-001, 2.712443E+000, 2.793465E+000, 5.190639E+000, 3.512115E-001, 8.449765E-001, 4.287517E-001, 6.759910E-001
1.142640E-001, 2.657158E+000, 3.115169E+000, 5.260475E+000, 3.095614E-001, 8.071114E-001, 4.217811E-001, 6.974510E-001
1.142720E-001, 2.486118E+000, 3.374320E+000, 5.210128E+000, 3.973643E-001, 7.750993E-001, 4.044137E-001, 7.285798E-001
1.142800E-001, 2.396280E+000, 3.192021E+000, 5.117554E+000, 5.414510E-001, 7.455956E-001, 3.870462E-001, 7.635998E-001
1.142880E-001, 2.406646E+000, 2.886402E+000, 4.979505E+000, 5.009267E-001, 7.233782E-001, 3.676703E-001, 7.878897E-001
1.142960E-001, 2.315079E+000, 2.816699E+000, 4.955143E+000, 3.129385E-001, 7.037888E-001, 3.517206E-001, 8.016855E-001
1.143040E-001, 2.199325E+000, 2.848870E+000, 5.072079E+000, 2.138788E-001, 6.741656E-001, 3.403786E-001, 8.098214E-001
1.143120E-001, 2.218329E+000, 2.843508E+000, 5.031476E+000, 2.150045E-001, 6.494398E-001, 3.106058E-001, 8.092318E-001
1.143200E-001, 2.337539E+000, 2.922147E+000, 4.932406E+000, 2.138788E-001, 6.422729E-001, 2.614570E-001, 8.003884E-001
1.143280E-001, 2.453293E+000, 3.040105E+000, 5.089944E+000, 2.712884E-001, 6.451397E-001, 2.166797E-001, 7.842344E-001
1.143360E-001, 2.413556E+000, 2.991849E+000, 5.286461E+000, 4.108724E-001, 6.421535E-001, 1.730839E-001, 7.579400E-001
1.143440E-001, 2.356543E+000, 2.918572E+000, 5.253979E+000, 5.290686E-001, 6.175472E-001, 1.102302E-001, 7.353008E-001
1.143520E-001, 2.470569E+000, 2.956105E+000, 5.153284E+000, 6.123688E-001, 5.857739E-001, 2.918206E-002, 7.257500E-001
1.143600E-001, 2.467114E+000, 2.943594E+000, 5.128922E+000, 6.675270E-001, 5.670205E-001, -4.985760E-002, 7.137229E-001
1.143680E-001, 2.266704E+000, 2.932870E+000, 5.104561E+000, 6.709040E-001, 5.486255E-001, -1.156649E-001, 7.000451E-001
1.143760E-001, 2.256338E+000, 3.011509E+000, 5.021732E+000, 5.797241E-001, 5.297527E-001, -1.674128E-001, 6.968614E-001
1.143840E-001, 2.420467E+000, 3.025807E+000, 4.963264E+000, 4.480198E-001, 5.118355E-001, -2.066373E-001, 7.011063E-001
1.143920E-001, 2.456748E+000, 2.897125E+000, 4.916165E+000, 4.345117E-001, 4.722981E-001, -2.406633E-001, 7.147841E-001
1.144000E-001, 2.444654E+000, 2.797040E+000, 4.778116E+000, 4.998010E-001, 4.199798E-001, -2.725628E-001, 7.384845E-001
1.144080E-001, 2.420467E+000, 2.902487E+000, 4.742386E+000, 4.941726E-001, 3.791285E-001, -2.965464E-001, 7.643073E-001
1.144160E-001, 2.273615E+000, 3.004360E+000, 5.002243E+000, 4.007413E-001, 3.492665E-001, -3.023356E-001, 7.976764E-001
1.144240E-001, 2.182048E+000, 2.854231E+000, 5.258851E+000, 2.780424E-001, 3.339771E-001, -2.892213E-001, 8.390636E-001
1.144320E-001, 2.233878E+000, 2.686230E+000, 5.302702E+000, 2.341410E-001, 3.368439E-001, -2.676006E-001, 8.686596E-001
1.144400E-001, 2.297802E+000, 2.807763E+000, 5.356297E+000, 2.892992E-001, 3.429358E-001, -2.375915E-001, 8.831628E-001
1.144480E-001, 2.299530E+000, 2.977551E+000, 5.426134E+000, 3.129385E-001, 3.511777E-001, -1.996667E-001, 8.975481E-001
1.144560E-001, 2.199325E+000, 2.872104E+000, 5.278340E+000, 3.106871E-001, 3.748284E-001, -1.638685E-001, 9.111080E-001
1.144640E-001, 2.106031E+000, 2.727337E+000, 5.107809E+000, 4.119981E-001, 4.089906E-001, -1.291336E-001, 9.166499E-001
1.144720E-001, 2.166499E+000, 2.825635E+000, 5.206880E+000, 5.245659E-001, 4.406444E-001, -9.109055E-002, 9.213664E-001
1.144800E-001, 2.218329E+000, 2.911423E+000, 5.422885E+000, 4.739104E-001, 4.610700E-001, -6.025445E-002, 9.236067E-001
1.144880E-001, 2.106031E+000, 2.752358E+000, 5.487850E+000, 3.703480E-001, 4.817345E-001, -4.631322E-002, 9.134663E-001
1.144960E-001, 2.004098E+000, 2.623677E+000, 5.279964E+000, 4.806645E-001, 5.034741E-001, -4.465918E-002, 8.912988E-001
1.145040E-001, 2.083571E+000, 2.671932E+000, 5.101313E+000, 7.091771E-001, 4.856763E-001, -5.009389E-002, 8.648864E-001
1.145120E-001, 2.199325E+000, 2.659422E+000, 5.357922E+000, 7.485758E-001, 4.294162E-001, -6.119961E-002, 8.519161E-001
1.145200E-001, 2.182048E+000, 2.607592E+000, 5.531701E+000, 6.540189E-001, 3.822342E-001, -8.376549E-002, 8.568684E-001
1.145280E-001, 2.164772E+000, 2.741635E+000, 5.320567E+000, 6.202485E-001, 3.493859E-001, -1.183823E-001, 8.502653E-001
1.145360E-001, 2.216602E+000, 2.902487E+000, 5.343305E+000, 6.247512E-001, 3.123570E-001, -1.524083E-001, 8.268008E-001
1.145440E-001, 2.213146E+000, 2.809550E+000, 5.458616E+000, 5.977349E-001, 2.695946E-001, -1.833626E-001, 8.167782E-001
1.145520E-001, 2.171682E+000, 2.630826E+000, 5.231241E+000, 5.752214E-001, 2.122594E-001, -2.214056E-001, 8.170140E-001
1.145600E-001, 2.228695E+000, 2.589719E+000, 5.111057E+000, 5.898552E-001, 1.306763E-001, -2.693728E-001, 8.059303E-001
1.145680E-001, 2.356543E+000, 2.657634E+000, 5.344929E+000, 6.179972E-001, 4.945155E-002, -3.141502E-001, 7.981481E-001
1.145760E-001, 2.316807E+000, 2.745209E+000, 5.463488E+000, 6.450135E-001, -1.218372E-002, -3.462858E-001, 8.148916E-001
1.145840E-001, 2.182048E+000, 2.659422E+000, 5.330312E+000, 5.684673E-001, -6.342699E-002, -3.688517E-001, 8.391815E-001
1.145920E-001, 2.226968E+000, 2.448527E+000, 5.338432E+000, 4.311346E-001, -1.024866E-001, -3.865736E-001, 8.456667E-001
1.146000E-001, 2.297802E+000, 2.409207E+000, 5.479729E+000, 4.862928E-001, -1.344987E-001, -4.009874E-001, 8.450772E-001
1.146080E-001, 2.273615E+000, 2.527165E+000, 5.504091E+000, 6.382594E-001, -1.671080E-001, -4.060677E-001, 8.601699E-001
1.146160E-001, 2.282253E+000, 2.673720E+000, 5.456992E+000, 5.999863E-001, -1.828752E-001, -4.098484E-001, 8.878793E-001
1.146240E-001, 2.287436E+000, 2.789891E+000, 5.401772E+000, 4.716590E-001, -1.773806E-001, -4.279247E-001, 9.076886E-001
1.146320E-001, 2.232151E+000, 2.788103E+000, 5.418013E+000, 4.626536E-001, -1.672275E-001, -4.462374E-001, 9.101647E-001
1.146400E-001, 2.147495E+000, 2.709465E+000, 5.484601E+000, 5.290686E-001, -1.607773E-001, -4.461192E-001, 9.062736E-001
1.146480E-001, 2.052473E+000, 2.575421E+000, 5.421261E+000, 5.211889E-001, -1.574327E-001, -4.343046E-001, 9.083961E-001
1.146560E-001, 2.061111E+000, 2.480697E+000, 5.366042E+000, 4.412657E-001, -1.525353E-001, -4.233170E-001, 9.109901E-001
1.146640E-001, 2.216602E+000, 2.605804E+000, 5.405020E+000, 3.984900E-001, -1.434573E-001, -4.143379E-001, 8.995526E-001
1.146720E-001, 2.233878E+000, 2.718401E+000, 5.312447E+000, 4.401400E-001, -1.395155E-001, -4.038229E-001, 8.782105E-001
1.146800E-001, 2.004098E+000, 2.757720E+000, 5.150036E+000, 5.549592E-001, -1.426211E-001, -3.908269E-001, 8.690134E-001
1.146880E-001, 1.950540E+000, 2.956105E+000, 5.159781E+000, 6.123688E-001, -1.327069E-001, -3.744046E-001, 8.698387E-001
1.146960E-001, 2.131946E+000, 3.013296E+000, 5.424510E+000, 5.234402E-001, -1.051144E-001, -3.599908E-001, 8.612311E-001
1.147040E-001, 2.109486E+000, 2.763082E+000, 5.723345E+000, 4.558995E-001, -8.528601E-002, -3.537290E-001, 8.474354E-001
1.147120E-001, 2.040379E+000, 2.604017E+000, 5.580424E+000, 5.785984E-001, -8.313594E-002, -3.454588E-001, 8.372949E-001
1.147200E-001, 2.176865E+000, 2.636188E+000, 5.229617E+000, 7.598326E-001, -8.528601E-002, -3.273825E-001, 8.304560E-001
1.147280E-001, 2.068022E+000, 2.659422E+000, 5.297830E+000, 7.598326E-001, -8.229981E-002, -3.069432E-001, 8.357621E-001
1.147360E-001, 1.833059E+000, 2.704103E+000, 5.517084E+000, 6.720297E-001, -6.987719E-002, -2.895758E-001, 8.499116E-001
1.147440E-001, 2.021375E+000, 2.770231E+000, 5.388779E+000, 7.710894E-001, -5.112383E-002, -2.727990E-001, 8.534489E-001
1.147520E-001, 2.294347E+000, 2.627251E+000, 5.182518E+000, 9.579519E-001, -3.404273E-002, -2.503513E-001, 8.477892E-001
1.147600E-001, 2.240789E+000, 2.357377E+000, 5.330312E+000, 9.737114E-001, -1.947005E-002, -2.249499E-001, 8.387099E-001
1.147680E-001, 2.002371E+000, 2.350228E+000, 5.591793E+000, 8.622693E-001, -1.708109E-002, -2.107724E-001, 8.277441E-001
1.147760E-001, 1.845152E+000, 2.562910E+000, 5.510587E+000, 7.688380E-001, -3.284825E-002, -2.056921E-001, 8.268008E-001
1.147840E-001, 1.955723E+000, 2.720188E+000, 5.320567E+000, 7.260622E-001, -4.730148E-002, -1.941138E-001, 8.349367E-001
1.147920E-001, 2.100848E+000, 2.888189E+000, 5.414765E+000, 7.103028E-001, -4.969045E-002, -1.812359E-001, 8.407144E-001
1.148000E-001, 2.154406E+000, 2.940019E+000, 5.591793E+000, 6.033633E-001, -5.578231E-002, -1.848985E-001, 8.398890E-001
1.148080E-001, 2.330628E+000, 2.713039E+000, 5.629147E+000, 3.748507E-001, -7.083277E-002, -2.004937E-001, 8.310456E-001
1.148160E-001, 2.441199E+000, 2.604017E+000, 5.556062E+000, 2.206329E-001, -8.265815E-002, -2.094728E-001, 8.255037E-001
1.148240E-001, 2.449837E+000, 2.805976E+000, 5.505715E+000, 2.836708E-001, -9.125842E-002, -2.113632E-001, 8.387099E-001
1.148320E-001, 2.622604E+000, 2.952530E+000, 5.632395E+000, 4.840415E-001, -1.011726E-001, -2.106543E-001, 8.574579E-001
1.148400E-001, 2.608783E+000, 2.920360E+000, 5.733089E+000, 5.999863E-001, -1.032032E-001, -2.062829E-001, 8.595803E-001
1.148480E-001, 2.309896E+000, 2.884615E+000, 5.653509E+000, 5.954836E-001, -9.113897E-002, -2.098272E-001, 8.572221E-001
1.148560E-001, 2.244245E+000, 2.727337E+000, 5.601537E+000, 6.281282E-001, -6.904105E-002, -2.212874E-001, 8.652402E-001
1.148640E-001, 2.334083E+000, 2.459250E+000, 5.552814E+000, 6.461391E-001, -4.407638E-002, -2.178612E-001, 8.760881E-001
1.148720E-001, 2.204508E+000, 2.461037E+000, 5.427758E+000, 5.493308E-001, -4.049294E-002, -2.015570E-001, 8.850494E-001
1.148800E-001, 2.131946E+000, 2.580783E+000, 5.440751E+000, 4.761617E-001, -5.602120E-002, -1.906876E-001, 8.912988E-001
1.148880E-001, 2.315079E+000, 2.570059E+000, 5.590168E+000, 5.504565E-001, -4.670424E-002, -1.880884E-001, 8.976660E-001
1.148960E-001, 2.302985E+000, 2.745209E+000, 5.564183E+000, 6.315053E-001, -1.755888E-002, -1.931687E-001, 8.996705E-001
1.149040E-001, 2.074933E+000, 2.914998E+000, 5.370914E+000, 5.054294E-001, -2.627860E-003, -1.956497E-001, 8.855211E-001
1.149120E-001, 2.050745E+000, 2.620102E+000, 5.435878E+000, 2.802938E-001, 1.122813E-002, -1.854892E-001, 8.631178E-001
1.149200E-001, 2.133673E+000, 2.378824E+000, 5.799678E+000, 1.767314E-001, 3.129543E-002, -1.820629E-001, 8.492041E-001
1.149280E-001, 2.185504E+000, 2.686230E+000, 6.022180E+000, 2.127531E-001, 4.897376E-002, -1.903332E-001, 8.397711E-001
1.149360E-001, 2.261521E+000, 2.913211E+000, 6.035173E+000, 3.568399E-001, 7.393843E-002, -1.789912E-001, 8.243246E-001
1.149440E-001, 2.320262E+000, 2.770231E+000, 5.996194E+000, 4.558995E-001, 8.839166E-002, -1.581975E-001, 8.035721E-001
1.149520E-001, 2.403190E+000, 2.847082E+000, 5.866266E+000, 4.029927E-001, 8.122477E-002, -1.635140E-001, 7.822299E-001
1.149600E-001, 2.518944E+000, 2.997211E+000, 5.720097E+000, 3.624683E-001, 9.579745E-002, -1.786367E-001, 7.633640E-001
1.149680E-001, 2.651975E+000, 2.832784E+000, 5.637268E+000, 3.939873E-001, 1.231511E-001, -1.801726E-001, 7.515727E-001
1.149760E-001, 2.664068E+000, 2.811337E+000, 5.692487E+000, 4.446428E-001, 1.196871E-001, -1.787549E-001, 7.429652E-001
1.149840E-001, 2.555225E+000, 2.981126E+000, 5.809422E+000, 5.088064E-001, 1.095340E-001, -1.794637E-001, 7.272828E-001
1.149920E-001, 2.612238E+000, 2.923934E+000, 5.744458E+000, 5.909809E-001, 1.057116E-001, -1.698939E-001, 7.112467E-001
1.150000E-001, 2.657158E+000, 2.882827E+000, 5.724969E+000, 6.416364E-001, 9.520021E-002, -1.535898E-001, 7.065303E-001
1.150080E-001, 2.484391E+000, 3.031169E+000, 5.845153E+000, 5.358227E-001, 1.073839E-001, -1.531172E-001, 7.059407E-001
1.150160E-001, 2.391097E+000, 3.007935E+000, 5.814295E+000, 3.928616E-001, 1.404711E-001, -1.670584E-001, 7.021675E-001
1.150240E-001, 2.449837E+000, 2.866742E+000, 5.824039E+000, 4.649050E-001, 1.607773E-001, -1.690669E-001, 7.006347E-001
1.150320E-001, 2.531038E+000, 2.898913E+000, 6.004315E+000, 5.324456E-001, 1.747527E-001, -1.564253E-001, 7.072377E-001
1.150400E-001, 2.565591E+000, 2.941807E+000, 5.942599E+000, 3.816048E-001, 1.883698E-001, -1.520539E-001, 7.164349E-001
1.150480E-001, 2.460203E+000, 2.800614E+000, 5.658381E+000, 3.568399E-001, 1.904004E-001, -1.594971E-001, 7.172602E-001
1.150560E-001, 2.249428E+000, 2.629039E+000, 5.596665E+000, 5.279430E-001, 1.839502E-001, -1.657588E-001, 7.106572E-001
1.150640E-001, 2.131946E+000, 2.600443E+000, 5.637268E+000, 5.583363E-001, 1.769028E-001, -1.736746E-001, 7.034645E-001
1.150720E-001, 2.157861E+000, 2.632613E+000, 5.505715E+000, 4.446428E-001, 1.760666E-001, -1.820629E-001, 6.988660E-001
1.150800E-001, 2.252883E+000, 2.652273E+000, 5.478105E+000, 3.332007E-001, 1.851447E-001, -1.822992E-001, 6.895509E-001
1.150880E-001, 2.372092E+000, 2.782742E+000, 5.671374E+000, 3.354520E-001, 1.884892E-001, -1.852529E-001, 6.697416E-001
1.150960E-001, 2.361726E+000, 2.872104E+000, 5.841905E+000, 4.806645E-001, 1.667497E-001, -1.981308E-001, 6.500503E-001
1.151040E-001, 2.251155E+000, 2.763082E+000, 5.906869E+000, 5.065550E-001, 1.352154E-001, -2.086458E-001, 6.399098E-001
1.151120E-001, 2.289164E+000, 2.809550E+000, 5.903621E+000, 3.467088E-001, 1.264956E-001, -2.084095E-001, 6.380233E-001
1.151200E-001, 2.368637E+000, 3.015084E+000, 5.884131E+000, 2.847965E-001, 1.352154E-001, -1.964768E-001, 6.370800E-001
1.151280E-001, 2.268432E+000, 3.006147E+000, 5.825664E+000, 2.949276E-001, 1.336625E-001, -1.737927E-001, 6.285902E-001
1.151360E-001, 2.168227E+000, 2.943594E+000, 5.679494E+000, 2.082504E-001, 1.273318E-001, -1.465010E-001, 6.165632E-001
1.151440E-001, 2.237334E+000, 3.036530E+000, 5.556062E+000, 2.048734E-001, 1.386794E-001, -1.210996E-001, 6.081914E-001
1.151520E-001, 2.302985E+000, 3.029382E+000, 5.543069E+000, 3.388290E-001, 1.592244E-001, -9.380791E-002, 6.045362E-001
1.151600E-001, 2.273615E+000, 2.879253E+000, 5.703856E+000, 3.523372E-001, 1.683025E-001, -5.600119E-002, 6.027675E-001
1.151680E-001, 2.359998E+000, 2.825635E+000, 5.978329E+000, 2.386437E-001, 1.728415E-001, -2.032111E-002, 5.951031E-001
1.151760E-001, 2.475752E+000, 2.848870E+000, 6.121251E+000, 2.307640E-001, 1.931477E-001, 2.599211E-003, 5.814254E-001
1.151840E-001, 2.328900E+000, 2.848870E+000, 6.098513E+000, 3.422061E-001, 2.289822E-001, 3.556194E-002, 5.722282E-001
1.151920E-001, 2.213146E+000, 2.847082E+000, 5.991322E+000, 3.849818E-001, 2.643389E-001, 8.175702E-002, 5.657430E-001
1.152000E-001, 2.406646E+000, 2.873891E+000, 5.811047E+000, 3.602169E-001, 2.889452E-001, 1.176734E-001, 5.485278E-001
1.152080E-001, 2.487846E+000, 2.864955E+000, 5.695735E+000, 4.356374E-001, 3.056679E-001, 1.448470E-001, 5.241200E-001
1.152160E-001, 2.268432E+000, 2.797040E+000, 5.763947E+000, 4.998010E-001, 3.237046E-001, 1.632777E-001, 5.148049E-001
1.152240E-001, 2.171682E+000, 2.820274E+000, 5.988074E+000, 3.725994E-001, 3.386356E-001, 1.654044E-001, 5.170453E-001
1.152320E-001, 2.377275E+000, 2.923934E+000, 6.156981E+000, 2.510262E-001, 3.435330E-001, 1.683580E-001, 5.067869E-001
1.152400E-001, 2.480935E+000, 2.907849E+000, 6.015684E+000, 3.388290E-001, 3.413829E-001, 1.773371E-001, 4.926374E-001
1.152480E-001, 2.245972E+000, 2.795252E+000, 5.669750E+000, 5.527079E-001, 3.366050E-001, 1.857255E-001, 4.912225E-001
1.152560E-001, 2.100848E+000, 2.864955E+000, 5.487850E+000, 6.562702E-001, 3.300354E-001, 2.003756E-001, 4.889821E-001
1.152640E-001, 2.214874E+000, 3.150914E+000, 5.609658E+000, 5.054294E-001, 3.148654E-001, 2.126628E-001, 4.787238E-001
1.152720E-001, 2.252883E+000, 3.127680E+000, 5.840281E+000, 3.151898E-001, 2.914536E-001, 2.094728E-001, 4.735356E-001
1.152800E-001, 2.285709E+000, 2.684443E+000, 5.921486E+000, 3.399547E-001, 2.657722E-001, 2.033292E-001, 4.709416E-001
1.152880E-001, 2.361726E+000, 2.553974E+000, 5.791557E+000, 3.962386E-001, 2.403298E-001, 2.080551E-001, 4.630415E-001
1.152960E-001, 2.313351E+000, 2.825635E+000, 5.625899E+000, 3.185668E-001, 2.270710E-001, 2.224689E-001, 4.599757E-001
1.153040E-001, 2.261521E+000, 2.920360E+000, 5.624275E+000, 3.073101E-001, 2.305350E-001, 2.362919E-001, 4.623340E-001
1.153120E-001, 2.309896E+000, 2.947168E+000, 5.817543E+000, 3.095614E-001, 2.281460E-001, 2.419630E-001, 4.609190E-001
1.153200E-001, 2.408373E+000, 3.115169E+000, 5.919862E+000, 1.620976E-001, 1.979257E-001, 2.483428E-001, 4.577354E-001
1.153280E-001, 2.474025E+000, 3.149127E+000, 5.747706E+000, 1.193219E-001, 1.545660E-001, 2.605119E-001, 4.505427E-001
1.153360E-001, 2.548315E+000, 3.038318E+000, 5.713600E+000, 2.318897E-001, 1.335431E-001, 2.707906E-001, 4.339171E-001
1.153440E-001, 2.632970E+000, 3.000786E+000, 6.014060E+000, 2.487748E-001, 1.292429E-001, 2.750438E-001, 4.251916E-001
1.153520E-001, 2.505123E+000, 2.961466E+000, 6.147236E+000, 2.679113E-001, 1.135952E-001, 2.740987E-001, 4.393411E-001
1.153600E-001, 2.178593E+000, 2.898913E+000, 5.952344E+000, 3.557142E-001, 1.024866E-001, 2.713813E-001, 4.468875E-001
1.153680E-001, 1.969545E+000, 2.988275E+000, 5.752579E+000, 3.782278E-001, 1.101312E-001, 2.683095E-001, 4.317947E-001
1.153760E-001, 2.092209E+000, 3.072275E+000, 5.640516E+000, 4.243806E-001, 1.030838E-001, 2.635837E-001, 4.312051E-001
1.153840E-001, 2.252883E+000, 2.913211E+000, 5.705480E+000, 5.043037E-001, 7.656629E-002, 2.608663E-001, 4.486561E-001
1.153920E-001, 2.163044E+000, 2.700528E+000, 5.960464E+000, 5.020523E-001, 6.712988E-002, 2.592123E-001, 4.527831E-001
1.154000E-001, 2.131946E+000, 2.671932E+000, 6.075776E+000, 4.558995E-001, 7.692464E-002, 2.508239E-001, 4.562025E-001
1.154080E-001, 2.254611E+000, 2.743422E+000, 5.957216E+000, 3.354520E-001, 8.098587E-002, 2.436170E-001, 4.747148E-001
1.154160E-001, 2.285709E+000, 2.832784E+000, 5.786685E+000, 1.801085E-001, 7.154947E-002, 2.462162E-001, 4.887463E-001
1.154240E-001, 2.185504E+000, 2.936445E+000, 5.674622E+000, 1.812341E-001, 5.411003E-002, 2.462162E-001, 4.975897E-001
1.154320E-001, 2.038652E+000, 2.845295E+000, 5.759075E+000, 2.645343E-001, 3.511777E-002, 2.421992E-001, 5.096168E-001
1.154400E-001, 1.962634E+000, 2.612953E+000, 5.939351E+000, 3.106871E-001, 1.600606E-002, 2.452710E-001, 5.082018E-001
1.154480E-001, 1.967817E+000, 2.571847E+000, 5.924734E+000, 4.502712E-001, -4.777928E-004, 2.492880E-001, 5.034853E-001
1.154560E-001, 1.959179E+000, 2.741635E+000, 5.729841E+000, 6.191229E-001, -1.493102E-002, 2.514146E-001, 5.190498E-001
1.154640E-001, 1.883161E+000, 3.061552E+000, 5.590168E+000, 5.605876E-001, -3.440108E-002, 2.609845E-001, 5.330813E-001
1.154720E-001, 1.824420E+000, 3.324277E+000, 5.685990E+000, 3.039330E-001, -4.861541E-002, 2.679551E-001, 5.306051E-001
1.154800E-001, 1.905621E+000, 3.192021E+000, 5.900373E+000, 2.082504E-001, -5.064603E-002, 2.586215E-001, 5.282469E-001
1.154880E-001, 2.033469E+000, 2.966828E+000, 5.882507E+000, 3.568399E-001, -6.067968E-002, 2.424355E-001, 5.247095E-001
1.154960E-001, 2.121580E+000, 3.127680E+000, 5.648636E+000, 3.647196E-001, -7.883581E-002, 2.288488E-001, 5.149229E-001
1.155040E-001, 2.163044E+000, 3.367171E+000, 5.565807E+000, 2.363923E-001, -9.090007E-002, 2.169160E-001, 5.179886E-001
1.155120E-001, 2.131946E+000, 3.231340E+000, 5.721721E+000, 2.645343E-001, -1.045172E-001, 2.080551E-001, 5.353217E-001
1.155200E-001, 2.161316E+000, 2.965041E+000, 5.843529E+000, 3.467088E-001, -1.236289E-001, 2.012026E-001, 5.469950E-001
1.155280E-001, 2.214874E+000, 2.872104E+000, 5.815919E+000, 3.635940E-001, -1.391571E-001, 1.870251E-001, 5.554847E-001
1.155360E-001, 2.081843E+000, 2.746997E+000, 5.806174E+000, 3.275723E-001, -1.488324E-001, 1.632777E-001, 5.653893E-001
1.155440E-001, 1.967817E+000, 2.621890E+000, 5.887380E+000, 2.881735E-001, -1.587466E-001, 1.404756E-001, 5.685729E-001
1.155520E-001, 2.192414E+000, 2.746997E+000, 5.890628E+000, 3.624683E-001, -1.859808E-001, 1.180278E-001, 5.795388E-001
1.155600E-001, 2.420467E+000, 2.897125E+000, 5.755827E+000, 4.716590E-001, -2.280266E-001, 8.872762E-002, 6.087810E-001
1.155680E-001, 2.271887E+000, 2.904274E+000, 5.754203E+000, 5.020523E-001, -2.543052E-001, 5.871855E-002, 6.268216E-001
1.155760E-001, 2.221785E+000, 2.881040E+000, 5.939351E+000, 4.986753E-001, -2.687584E-001, 3.591638E-002, 6.245812E-001
1.155840E-001, 2.501667E+000, 2.772018E+000, 5.942599E+000, 4.829158E-001, -2.957537E-001, 2.268403E-002, 6.235200E-001
1.155920E-001, 2.575957E+000, 2.705890E+000, 5.775316E+000, 4.604023E-001, -3.314687E-001, 1.417752E-002, 6.241096E-001
1.156000E-001, 2.328900E+000, 2.872104E+000, 5.772068E+000, 4.705333E-001, -3.667060E-001, 7.088758E-004, 6.328351E-001
1.156080E-001, 2.135401E+000, 2.954317E+000, 5.799678E+000, 4.941726E-001, -3.982403E-001, -1.110572E-002, 6.546488E-001
1.156160E-001, 2.268432E+000, 2.793465E+000, 5.708728E+000, 4.727847E-001, -4.156797E-001, -1.240533E-002, 6.657326E-001
1.156240E-001, 2.575957E+000, 2.752358E+000, 5.733089E+000, 4.761617E-001, -4.131713E-001, -8.624656E-003, 6.653789E-001
1.156320E-001, 2.670979E+000, 2.952530E+000, 5.828912E+000, 5.245659E-001, -4.107823E-001, -5.316569E-003, 6.660864E-001
1.156400E-001, 2.510306E+000, 3.065126E+000, 5.660005E+000, 5.189375E-001, -4.279829E-001, -3.662525E-003, 6.621953E-001
1.156480E-001, 2.245972E+000, 2.889976E+000, 5.385531E+000, 5.178118E-001, -4.426750E-001, 3.071795E-003, 6.620773E-001
1.156560E-001, 2.043835E+000, 2.718401E+000, 5.474857E+000, 4.986753E-001, -4.405249E-001, 2.634655E-002, 6.720999E-001
1.156640E-001, 2.033469E+000, 2.768444E+000, 5.793181E+000, 3.849818E-001, -4.503197E-001, 5.765523E-002, 6.729252E-001
1.156720E-001, 2.085299E+000, 2.759507E+000, 5.850025E+000, 3.894846E-001, -4.761205E-001, 7.927595E-002, 6.561817E-001
1.156800E-001, 2.092209E+000, 2.478910E+000, 5.739586E+000, 5.504565E-001, -4.872292E-001, 8.849134E-002, 6.376695E-001
1.156880E-001, 2.112942E+000, 2.303760E+000, 5.733089E+000, 6.123688E-001, -4.779122E-001, 9.156313E-002, 6.328351E-001
1.156960E-001, 2.133673E+000, 2.537889E+000, 5.721721E+000, 5.594619E-001, -4.718204E-001, 9.888818E-002, 6.333067E-001
1.157040E-001, 2.100848E+000, 2.677294E+000, 5.708728E+000, 5.256916E-001, -4.781511E-001, 1.234625E-001, 6.292977E-001
1.157120E-001, 2.038652E+000, 2.505718E+000, 5.708728E+000, 5.504565E-001, -4.765983E-001, 1.531172E-001, 6.192752E-001
1.157200E-001, 2.069750E+000, 2.571847E+000, 5.608034E+000, 5.864782E-001, -4.603533E-001, 1.622144E-001, 5.994659E-001
1.157280E-001, 2.321990E+000, 2.789891E+000, 5.632395E+000, 5.583363E-001, -4.480502E-001, 1.717843E-001, 5.861418E-001
1.157360E-001, 2.572502E+000, 2.716614E+000, 5.864642E+000, 4.986753E-001, -4.410027E-001, 2.041562E-001, 5.893255E-001
1.157440E-001, 2.499940E+000, 2.629039E+000, 5.897124E+000, 5.470794E-001, -4.282218E-001, 2.277854E-001, 5.850806E-001
1.157520E-001, 2.214874E+000, 2.714826E+000, 5.672998E+000, 7.069257E-001, -4.126935E-001, 2.277854E-001, 5.658609E-001
1.157600E-001, 2.066294E+000, 2.773805E+000, 5.621027E+000, 7.519528E-001, -4.037349E-001, 2.332202E-001, 5.506502E-001
1.157680E-001, 2.114669E+000, 2.822061E+000, 5.801302E+000, 5.876039E-001, -4.006292E-001, 2.490517E-001, 5.475845E-001
1.157760E-001, 2.149223E+000, 2.818486E+000, 5.846777E+000, 4.513968E-001, -3.957319E-001, 2.505876E-001, 5.478203E-001
1.157840E-001, 2.188959E+000, 2.664783E+000, 5.812671E+000, 4.626536E-001, -3.962097E-001, 2.462162E-001, 5.426322E-001
1.157920E-001, 2.261521E+000, 2.675507E+000, 5.890628E+000, 4.649050E-001, -4.103045E-001, 2.574401E-001, 5.392128E-001
1.158000E-001, 2.261521E+000, 2.922147E+000, 5.840281E+000, 4.176265E-001, -4.159186E-001, 2.686639E-001, 5.393307E-001
1.158080E-001, 2.344449E+000, 2.981126E+000, 5.643764E+000, 4.097467E-001, -3.995542E-001, 2.665373E-001, 5.365008E-001
1.158160E-001, 2.441199E+000, 2.834572E+000, 5.507339E+000, 4.536482E-001, -3.886844E-001, 2.616933E-001, 5.354396E-001
1.158240E-001, 2.385913E+000, 2.804188E+000, 5.458616E+000, 5.144348E-001, -4.024210E-001, 2.523598E-001, 5.354396E-001
1.158320E-001, 2.410101E+000, 2.863168E+000, 5.593417E+000, 5.324456E-001, -4.242800E-001, 2.378279E-001, 5.330813E-001
1.158400E-001, 2.351360E+000, 2.838146E+000, 5.789933E+000, 5.043037E-001, -4.420778E-001, 2.349923E-001, 5.346142E-001
1.158480E-001, 2.100848E+000, 2.836359E+000, 5.692487E+000, 4.998010E-001, -4.554560E-001, 2.387730E-001, 5.350859E-001
1.158560E-001, 2.130218E+000, 2.897125E+000, 5.494346E+000, 4.750361E-001, -4.513947E-001, 2.344016E-001, 5.382695E-001
1.158640E-001, 2.315079E+000, 2.797040E+000, 5.557686E+000, 4.412657E-001, -4.283412E-001, 2.332202E-001, 5.594937E-001
1.158720E-001, 2.302985E+000, 2.677294E+000, 5.632395E+000, 4.840415E-001, -4.062433E-001, 2.380641E-001, 5.781238E-001
1.158800E-001, 2.275342E+000, 2.814912E+000, 5.599913E+000, 4.694077E-001, -3.866538E-001, 2.353468E-001, 5.761193E-001
1.158880E-001, 2.347905E+000, 2.897125E+000, 5.682742E+000, 4.198779E-001, -3.670643E-001, 2.248318E-001, 5.821328E-001
1.158960E-001, 2.482663E+000, 2.843508E+000, 5.604785E+000, 4.795388E-001, -3.554778E-001, 2.139624E-001, 6.020600E-001
1.159040E-001, 2.593234E+000, 2.977551E+000, 5.379035E+000, 4.649050E-001, -3.362467E-001, 2.073462E-001, 6.002913E-001
1.159120E-001, 2.643337E+000, 3.020445E+000, 5.541445E+000, 3.557142E-001, -3.075791E-001, 2.001393E-001, 5.771805E-001
1.159200E-001, 2.632970E+000, 2.830997E+000, 5.848401E+000, 3.939873E-001, -3.042345E-001, 1.930505E-001, 5.701058E-001
1.159280E-001, 2.468842E+000, 2.897125E+000, 5.854897E+000, 5.020523E-001, -3.235852E-001, 1.937594E-001, 5.772984E-001
1.159360E-001, 2.346177E+000, 3.124105E+000, 5.832160E+000, 4.952983E-001, -3.286020E-001, 1.871432E-001, 5.761193E-001
1.159440E-001, 2.411829E+000, 3.047254E+000, 5.876011E+000, 4.288833E-001, -3.110431E-001, 1.626870E-001, 5.755298E-001
1.159520E-001, 2.458476E+000, 2.854231E+000, 5.832160E+000, 3.467088E-001, -2.881090E-001, 1.475643E-001, 5.822507E-001
1.159600E-001, 2.444654E+000, 2.911423E+000, 5.824039E+000, 3.185668E-001, -2.772393E-001, 1.551257E-001, 5.877926E-001
1.159680E-001, 2.446382E+000, 3.138403E+000, 5.807798E+000, 4.243806E-001, -2.781948E-001, 1.566616E-001, 5.903867E-001
1.159760E-001, 2.494757E+000, 3.233128E+000, 5.770444E+000, 4.626536E-001, -2.709085E-001, 1.383489E-001, 5.907404E-001
1.159840E-001, 2.674434E+000, 2.991849E+000, 5.879259E+000, 3.467088E-001, -2.581275E-001, 1.212178E-001, 5.887359E-001
1.159920E-001, 2.805737E+000, 2.696954E+000, 5.879259E+000, 3.399547E-001, -2.523940E-001, 1.120024E-001, 5.778880E-001
1.160000E-001, 2.593234E+000, 2.677294E+000, 5.687614E+000, 4.243806E-001, -2.363880E-001, 1.008967E-001, 5.618519E-001
1.160080E-001, 2.282253E+000, 2.650486E+000, 5.698983E+000, 4.682820E-001, -2.058092E-001, 9.628897E-002, 5.614982E-001
1.160160E-001, 2.292619E+000, 2.550400E+000, 5.815919E+000, 5.650903E-001, -1.839502E-001, 1.010148E-001, 5.696341E-001
1.160240E-001, 2.465386E+000, 2.748784E+000, 5.679494E+000, 5.853525E-001, -1.855030E-001, 9.841560E-002, 5.663326E-001
1.160320E-001, 2.498212E+000, 3.020445E+000, 5.486226E+000, 4.671563E-001, -2.003146E-001, 8.624656E-002, 5.646818E-001
1.160400E-001, 2.373820E+000, 2.966828E+000, 5.512211E+000, 3.883589E-001, -2.007924E-001, 7.632230E-002, 5.735252E-001
1.160480E-001, 2.201053E+000, 2.755933E+000, 5.544693E+000, 2.960533E-001, -1.739166E-001, 7.124202E-002, 5.797746E-001
1.160560E-001, 2.201053E+000, 2.684443E+000, 5.515460E+000, 2.240099E-001, -1.425017E-001, 6.746135E-002, 5.739969E-001
1.160640E-001, 2.423922E+000, 2.852444E+000, 5.593417E+000, 3.140641E-001, -1.346181E-001, 7.124202E-002, 5.578429E-001
1.160720E-001, 2.532765E+000, 3.020445E+000, 5.572303E+000, 3.827305E-001, -1.333042E-001, 8.459251E-002, 5.559563E-001
1.160800E-001, 2.351360E+000, 2.952530E+000, 5.492722E+000, 3.106871E-001, -1.095340E-001, 9.002724E-002, 5.682192E-001
1.160880E-001, 2.256338E+000, 2.839933E+000, 5.617778E+000, 2.240099E-001, -8.229981E-002, 8.211146E-002, 5.583146E-001
1.160960E-001, 2.446382E+000, 2.777380E+000, 5.547942E+000, 2.105018E-001, -6.665209E-002, 7.903966E-002, 5.414531E-001
1.161040E-001, 2.486118E+000, 2.759507E+000, 5.195511E+000, 2.847965E-001, -4.610700E-002, 8.730987E-002, 5.497069E-001
1.161120E-001, 2.359998E+000, 2.822061E+000, 5.161405E+000, 3.523372E-001, -1.839502E-002, 9.298088E-002, 5.617340E-001
1.161200E-001, 2.486118E+000, 2.873891E+000, 5.400148E+000, 3.455831E-001, 4.180687E-003, 8.931836E-002, 5.547772E-001
1.161280E-001, 2.531038E+000, 2.882827E+000, 5.591793E+000, 3.579656E-001, 1.301985E-002, 8.459251E-002, 5.392128E-001
1.161360E-001, 2.332356E+000, 2.823848E+000, 5.750955E+000, 3.343263E-001, 2.484522E-002, 8.211146E-002, 5.361471E-001
1.161440E-001, 2.498212E+000, 2.825635E+000, 5.661629E+000, 2.240099E-001, 5.518506E-002, 7.986668E-002, 5.374441E-001
1.161520E-001, 2.797099E+000, 3.045467E+000, 5.482977E+000, 1.969936E-001, 7.417732E-002, 8.069370E-002, 5.334350E-001
1.161600E-001, 2.577685E+000, 3.125893E+000, 5.716848E+000, 2.172558E-001, 9.006394E-002, 8.553769E-002, 5.408635E-001
1.161680E-001, 2.323717E+000, 2.841721E+000, 5.944223E+000, 1.283273E-001, 1.342598E-001, 8.920021E-002, 5.474666E-001
1.161760E-001, 2.467114E+000, 2.598655E+000, 5.729841E+000, 8.104881E-002, 1.597022E-001, 8.400179E-002, 5.398023E-001
1.161840E-001, 2.543132E+000, 2.618315E+000, 5.591793E+000, 1.440868E-001, 1.678247E-001, 7.738561E-002, 5.283648E-001
1.161920E-001, 2.467114E+000, 2.696954E+000, 5.767196E+000, 1.688517E-001, 2.022258E-001, 8.163887E-002, 5.212901E-001
1.162000E-001, 2.482663E+000, 2.786316E+000, 5.833784E+000, 1.395841E-001, 2.302961E-001, 8.648285E-002, 5.289544E-001
1.162080E-001, 2.480935E+000, 2.940019E+000, 5.679494E+000, 1.643490E-001, 2.545441E-001, 8.837319E-002, 5.360291E-001
1.162160E-001, 2.453293E+000, 3.020445E+000, 5.539821E+000, 3.669710E-001, 2.772393E-001, 9.298088E-002, 5.340246E-001
1.162240E-001, 2.444654E+000, 2.963253E+000, 5.432630E+000, 5.459538E-001, 2.815394E-001, 9.687970E-002, 5.340246E-001
1.162320E-001, 2.316807E+000, 2.843508E+000, 5.318943E+000, 3.714737E-001, 3.099681E-001, 1.006604E-001, 5.217617E-001
1.162400E-001, 2.223512E+000, 2.788103E+000, 5.366042E+000, 1.328300E-001, 3.393523E-001, 1.008967E-001, 5.076123E-001
1.162480E-001, 2.446382E+000, 2.866742E+000, 5.557686E+000, 1.080651E-001, 3.449664E-001, 9.853374E-002, 5.152766E-001
1.162560E-001, 2.700350E+000, 2.954317E+000, 5.630771E+000, 7.542042E-002, 3.760229E-001, 1.030233E-001, 5.335529E-001
1.162640E-001, 2.662341E+000, 2.961466E+000, 5.547942E+000, 7.316906E-002, 4.178298E-001, 1.120024E-001, 5.494711E-001
1.162720E-001, 2.612238E+000, 3.002573E+000, 5.497594E+000, 1.474638E-001, 4.480502E-001, 1.218085E-001, 5.585504E-001
1.162800E-001, 2.634698E+000, 3.140191E+000, 5.569055E+000, 1.159448E-001, 4.645340E-001, 1.288973E-001, 5.643281E-001
1.162880E-001, 2.537949E+000, 3.200957E+000, 5.630771E+000, 9.230559E-002, 4.499613E-001, 1.228718E-001, 5.624415E-001
1.162960E-001, 2.539676E+000, 3.006147E+000, 5.517084E+000, 1.384584E-001, 4.427944E-001, 1.103483E-001, 5.480562E-001
1.163040E-001, 2.809193E+000, 2.805976E+000, 5.367666E+000, 1.485895E-001, 4.568893E-001, 1.096395E-001, 5.426322E-001
1.163120E-001, 2.919764E+000, 2.961466E+000, 5.351425E+000, 2.082504E-001, 4.623840E-001, 1.172008E-001, 5.465233E-001
1.163200E-001, 2.686528E+000, 3.129467E+000, 5.348177E+000, 3.219439E-001, 4.724176E-001, 1.193274E-001, 5.532443E-001
1.163280E-001, 2.520672E+000, 2.947168E+000, 5.302702E+000, 3.039330E-001, 4.904543E-001, 1.177915E-001, 5.735252E-001
1.163360E-001, 2.562136E+000, 2.777380E+000, 5.343305E+000, 2.026220E-001, 5.064603E-001, 1.236988E-001, 5.881463E-001
1.163440E-001, 2.662341E+000, 2.716614E+000, 5.525204E+000, 2.532775E-001, 5.235415E-001, 1.331505E-001, 5.872030E-001
1.163520E-001, 2.679617E+000, 2.598655E+000, 5.718472E+000, 3.635940E-001, 5.397864E-001, 1.317328E-001, 5.862597E-001
1.163600E-001, 2.555225E+000, 2.630826E+000, 5.661629E+000, 3.286979E-001, 5.600926E-001, 1.285428E-001, 5.840194E-001
1.163680E-001, 2.506850E+000, 2.857806E+000, 5.330312E+000, 2.431464E-001, 5.710818E-001, 1.395304E-001, 5.790671E-001
1.163760E-001, 2.632970E+000, 2.981126E+000, 5.089944E+000, 2.453978E-001, 5.605704E-001, 1.487458E-001, 5.760014E-001
1.163840E-001, 2.753907E+000, 2.848870E+000, 5.218248E+000, 3.061844E-001, 5.587786E-001, 1.418933E-001, 5.816612E-001
1.163920E-001, 2.712443E+000, 2.713039E+000, 5.478105E+000, 3.962386E-001, 5.764570E-001, 1.335050E-001, 5.953390E-001
1.164000E-001, 2.448110E+000, 2.809550E+000, 5.450495E+000, 5.065550E-001, 5.904324E-001, 1.292517E-001, 6.019421E-001
1.164080E-001, 2.290892E+000, 2.897125E+000, 5.288085E+000, 4.930469E-001, 5.884018E-001, 1.283065E-001, 6.043003E-001
1.164160E-001, 2.551770E+000, 2.680869E+000, 5.349801E+000, 3.410804E-001, 5.763375E-001, 1.361042E-001, 6.119646E-001
1.164240E-001, 2.807465E+000, 2.421718E+000, 5.408268E+000, 2.802938E-001, 5.745458E-001, 1.434292E-001, 6.189215E-001
1.164320E-001, 2.670979E+000, 2.571847E+000, 5.236114E+000, 3.602169E-001, 5.874462E-001, 1.465010E-001, 6.229305E-001
1.164400E-001, 2.489574E+000, 2.920360E+000, 5.210128E+000, 4.604023E-001, 5.934186E-001, 1.479188E-001, 6.169170E-001
1.164480E-001, 2.579413E+000, 2.909636E+000, 5.437502E+000, 4.930469E-001, 5.863712E-001, 1.390578E-001, 6.035929E-001
1.164560E-001, 2.684801E+000, 2.675507E+000, 5.392027E+000, 4.660307E-001, 5.707235E-001, 1.266525E-001, 6.099601E-001
1.164640E-001, 2.684801E+000, 2.604017E+000, 5.067207E+000, 5.065550E-001, 5.471922E-001, 1.262980E-001, 6.338963E-001
1.164720E-001, 2.771184E+000, 2.589719E+000, 4.994122E+000, 5.898552E-001, 5.378752E-001, 1.337412E-001, 6.417964E-001
1.164800E-001, 2.805737E+000, 2.520016E+000, 5.166277E+000, 5.425767E-001, 5.528063E-001, 1.338594E-001, 6.281186E-001
1.164880E-001, 2.681345E+000, 2.471761E+000, 5.227993E+000, 4.491455E-001, 5.599731E-001, 1.255892E-001, 6.208081E-001
1.164960E-001, 2.607055E+000, 2.536102E+000, 5.198759E+000, 5.324456E-001, 5.481477E-001, 1.214541E-001, 6.394382E-001
1.165040E-001, 2.603600E+000, 2.696954E+000, 5.234489E+000, 6.393850E-001, 5.354862E-001, 1.153105E-001, 6.651431E-001
1.165120E-001, 2.672707E+000, 2.738060E+000, 5.336808E+000, 5.425767E-001, 5.150606E-001, 9.451678E-002, 6.654968E-001
1.165200E-001, 2.823014E+000, 2.621890E+000, 5.468360E+000, 3.849818E-001, 4.881848E-001, 7.868522E-002, 6.496965E-001
1.165280E-001, 2.824742E+000, 2.561123E+000, 5.528452E+000, 3.680967E-001, 4.711037E-001, 8.648285E-002, 6.502861E-001
1.165360E-001, 2.660613E+000, 2.595081E+000, 5.443999E+000, 4.761617E-001, 4.533059E-001, 9.274459E-002, 6.588937E-001
1.165440E-001, 2.574229E+000, 2.609379E+000, 5.323815E+000, 5.549592E-001, 4.306107E-001, 7.856707E-002, 6.578325E-001
1.165520E-001, 2.593234E+000, 2.527165E+000, 5.388779E+000, 5.673416E-001, 4.183076E-001, 6.568916E-002, 6.652610E-001
1.165600E-001, 2.608783E+000, 2.446739E+000, 5.596665E+000, 5.819755E-001, 4.184270E-001, 6.202663E-002, 6.789388E-001
1.165680E-001, 2.617421E+000, 2.502144E+000, 5.557686E+000, 6.168715E-001, 4.200993E-001, 5.505602E-002, 6.764627E-001
1.165760E-001, 2.689984E+000, 2.561123E+000, 5.240986E+000, 6.720297E-001, 4.097073E-001, 4.973945E-002, 6.774060E-001
1.165840E-001, 2.774639E+000, 2.566485E+000, 5.081824E+000, 6.573959E-001, 3.831898E-001, 4.843985E-002, 7.006347E-001
1.165920E-001, 2.676162E+000, 2.546825E+000, 5.185766E+000, 5.493308E-001, 3.578668E-001, 4.383216E-002, 7.219768E-001
1.166000E-001, 2.458476E+000, 2.416356E+000, 5.335184E+000, 5.380740E-001, 3.391134E-001, 4.253255E-002, 7.228022E-001
1.166080E-001, 2.434288E+000, 2.355590E+000, 5.419637E+000, 6.303796E-001, 3.176127E-001, 4.690395E-002, 7.146662E-001
1.166160E-001, 2.532765E+000, 2.545038E+000, 5.322191E+000, 6.303796E-001, 2.987399E-001, 4.324143E-002, 7.103034E-001
1.166240E-001, 2.515489E+000, 2.720188E+000, 5.073703E+000, 5.178118E-001, 2.813005E-001, 3.107239E-002, 7.098318E-001
1.166320E-001, 2.555225E+000, 2.602230E+000, 4.955143E+000, 4.817901E-001, 2.607554E-001, 1.984852E-002, 7.163170E-001
1.166400E-001, 2.748724E+000, 2.375250E+000, 5.115930E+000, 5.662160E-001, 2.476161E-001, 1.630414E-002, 7.291694E-001
1.166480E-001, 2.790189E+000, 2.378824E+000, 5.458616E+000, 5.538335E-001, 2.366269E-001, 2.280217E-002, 7.331784E-001
1.166560E-001, 2.563864E+000, 2.487846E+000, 5.637268E+000, 4.525225E-001, 2.154845E-001, 2.551953E-002, 7.288157E-001
1.166640E-001, 2.384186E+000, 2.380611E+000, 5.489474E+000, 5.043037E-001, 1.927894E-001, 1.878521E-002, 7.285798E-001
1.166720E-001, 2.432561E+000, 2.160780E+000, 5.305950E+000, 5.853525E-001, 1.765444E-001, 2.055740E-002, 7.276366E-001
1.166800E-001, 2.434288E+000, 2.167929E+000, 5.359546E+000, 4.502712E-001, 1.610162E-001, 2.587397E-002, 7.265753E-001
1.166880E-001, 2.282253E+000, 2.378824E+000, 5.573927E+000, 2.802938E-001, 1.408294E-001, 1.937594E-002, 7.342396E-001
1.166960E-001, 2.239061E+000, 2.416356E+000, 5.608034E+000, 3.782278E-001, 1.171787E-001, 1.512268E-002, 7.380129E-001
1.167040E-001, 2.366909E+000, 2.207248E+000, 5.453743E+000, 6.202485E-001, 1.067867E-001, 2.008482E-002, 7.291694E-001
1.167120E-001, 2.439471E+000, 2.049971E+000, 5.437502E+000, 6.472648E-001, 1.260178E-001, 2.551953E-002, 7.253962E-001
1.167200E-001, 2.408373E+000, 2.130397E+000, 5.588544E+000, 5.031780E-001, 1.542076E-001, 3.697969E-002, 7.343575E-001
1.167280E-001, 2.448110E+000, 2.305547E+000, 5.590168E+000, 5.155604E-001, 1.620912E-001, 5.092091E-002, 7.419040E-001
1.167360E-001, 2.551770E+000, 2.330569E+000, 5.266972E+000, 6.168715E-001, 1.611356E-001, 5.044833E-002, 7.384845E-001
1.167440E-001, 2.539676E+000, 2.316270E+000, 4.973009E+000, 5.527079E-001, 1.644802E-001, 4.253255E-002, 7.282261E-001
1.167520E-001, 2.423922E+000, 2.466399E+000, 4.955143E+000, 4.525225E-001, 1.599411E-001, 4.312328E-002, 7.285798E-001
1.167600E-001, 2.385913E+000, 2.505718E+000, 4.976257E+000, 5.189375E-001, 1.489519E-001, 4.914872E-002, 7.414323E-001
1.167680E-001, 2.377275E+000, 2.255504E+000, 5.015235E+000, 6.056147E-001, 1.377238E-001, 5.505602E-002, 7.386024E-001
1.167760E-001, 2.321990E+000, 2.126822E+000, 5.104561E+000, 5.515822E-001, 1.235094E-001, 6.415326E-002, 7.173782E-001
1.167840E-001, 2.392824E+000, 2.335930E+000, 5.085072E+000, 4.885442E-001, 1.157453E-001, 6.840652E-002, 7.067661E-001
1.167920E-001, 2.432561E+000, 2.636188E+000, 5.093193E+000, 5.088064E-001, 1.157453E-001, 5.919113E-002, 7.097139E-001
1.168000E-001, 2.216602E+000, 2.641549E+000, 5.247482E+000, 5.898552E-001, 1.081006E-001, 5.458344E-002, 7.085348E-001
1.168080E-001, 2.047290E+000, 2.394909E+000, 5.296206E+000, 7.215595E-001, 9.567800E-002, 6.438956E-002, 7.045258E-001
1.168160E-001, 2.107759E+000, 2.402058E+000, 5.054214E+000, 7.406961E-001, 9.878366E-002, 6.828837E-002, 7.108930E-001
1.168240E-001, 2.232151E+000, 2.559336E+000, 4.805726E+000, 5.785984E-001, 1.181343E-001, 5.895484E-002, 7.281082E-001
1.168320E-001, 2.309896E+000, 2.407420E+000, 4.882059E+000, 4.784131E-001, 1.255400E-001, 4.690395E-002, 7.348292E-001
1.168400E-001, 2.373820E+000, 2.216185E+000, 5.067207E+000, 5.166861E-001, 1.146703E-001, 4.182367E-002, 7.233917E-001
1.168480E-001, 2.427377E+000, 2.298398E+000, 5.070455E+000, 5.178118E-001, 1.089367E-001, 4.371401E-002, 7.230380E-001
1.168560E-001, 2.321990E+000, 2.403846E+000, 5.011987E+000, 4.491455E-001, 1.091756E-001, 3.568009E-002, 7.434368E-001
1.168640E-001, 2.097392E+000, 2.402058E+000, 5.059086E+000, 3.906102E-001, 1.061894E-001, 1.795819E-002, 7.580579E-001
1.168720E-001, 2.040379E+000, 2.459250E+000, 5.182518E+000, 3.861075E-001, 1.055922E-001, 1.134201E-002, 7.575862E-001
1.168800E-001, 2.185504E+000, 2.596868E+000, 5.232865E+000, 4.390144E-001, 1.018893E-001, 1.016055E-002, 7.536951E-001
1.168880E-001, 2.306441E+000, 2.609379E+000, 5.172773E+000, 5.437024E-001, 9.496132E-002, 9.451678E-004, 7.579400E-001
1.168960E-001, 2.318534E+000, 2.335930E+000, 5.143539E+000, 6.731554E-001, 9.257235E-002, -4.489547E-003, 7.667834E-001
1.169040E-001, 2.282253E+000, 2.080354E+000, 5.172773E+000, 6.573959E-001, 8.815277E-002, 7.088758E-004, 7.687879E-001
1.169120E-001, 2.342722E+000, 2.230483E+000, 5.141915E+000, 4.491455E-001, 8.433042E-002, 3.780671E-003, 7.720895E-001
1.169200E-001, 2.487846E+000, 2.486059E+000, 5.098064E+000, 3.658453E-001, 8.875000E-002, 2.481065E-003, 7.894226E-001
1.169280E-001, 2.477480E+000, 2.439590E+000, 5.179270E+000, 4.952983E-001, 1.008143E-001, 9.097240E-003, 8.132408E-001
1.169360E-001, 2.379003E+000, 2.402058E+000, 5.200383E+000, 5.155604E-001, 1.171787E-001, 2.457436E-002, 8.207873E-001
1.169440E-001, 2.379003E+000, 2.489633E+000, 5.016860E+000, 3.951129E-001, 1.218372E-001, 3.296273E-002, 8.087602E-001
1.169520E-001, 2.372092E+000, 2.300185E+000, 4.973009E+000, 3.917359E-001, 1.158647E-001, 3.260829E-002, 8.069915E-001
1.169600E-001, 2.251155E+000, 2.062482E+000, 5.192263E+000, 4.367630E-001, 1.215983E-001, 4.276884E-002, 8.292769E-001
1.169680E-001, 2.031741E+000, 2.212610E+000, 5.331936E+000, 3.849818E-001, 1.340209E-001, 6.249922E-002, 8.505011E-001
1.169760E-001, 1.985094E+000, 2.385973E+000, 5.305950E+000, 3.320750E-001, 1.462046E-001, 6.970613E-002, 8.536848E-001
1.169840E-001, 2.316807E+000, 2.341292E+000, 5.247482E+000, 2.521518E-001, 1.717665E-001, 6.852467E-002, 8.599341E-001
1.169920E-001, 2.531038E+000, 2.389548E+000, 5.135419E+000, 1.091908E-001, 1.937450E-001, 7.360494E-002, 8.793896E-001
1.170000E-001, 2.266704E+000, 2.600443E+000, 5.063959E+000, 8.442584E-002, 1.991201E-001, 8.104814E-002, 8.858748E-001
1.170080E-001, 2.140584E+000, 2.725550E+000, 5.088320E+000, 2.600316E-001, 2.077204E-001, 8.754617E-002, 8.788001E-001
1.170160E-001, 2.377275E+000, 2.586145E+000, 5.122426E+000, 4.097467E-001, 2.111844E-001, 9.179942E-002, 8.865823E-001
1.170240E-001, 2.437744E+000, 2.394909E+000, 5.189014E+000, 3.332007E-001, 2.107066E-001, 9.026352E-002, 9.145275E-001
1.170320E-001, 2.365181E+000, 2.462825E+000, 5.198759E+000, 2.802938E-001, 2.371047E-001, 9.345347E-002, 9.402323E-001
1.170400E-001, 2.380730E+000, 2.587932E+000, 5.106185E+000, 4.581509E-001, 2.631444E-001, 1.065677E-001, 9.420010E-001
1.170480E-001, 2.299530E+000, 2.500357E+000, 5.065583E+000, 5.774727E-001, 2.565747E-001, 1.153105E-001, 9.391711E-001
1.170560E-001, 2.377275E+000, 2.469974E+000, 5.088320E+000, 4.806645E-001, 2.532302E-001, 1.125931E-001, 9.573296E-001
1.170640E-001, 2.712443E+000, 2.598655E+000, 5.189014E+000, 3.557142E-001, 2.595609E-001, 1.085761E-001, 9.750165E-001
1.170720E-001, 2.733175E+000, 2.532527E+000, 5.315695E+000, 2.994303E-001, 2.570525E-001, 1.124750E-001, 9.765493E-001
1.170800E-001, 2.543132E+000, 2.400271E+000, 5.288085E+000, 2.938019E-001, 2.709085E-001, 1.234625E-001, 9.859823E-001
1.170880E-001, 2.524127E+000, 2.477123E+000, 5.260475E+000, 3.005560E-001, 2.904980E-001, 1.298424E-001, 1.006853E+000
1.170960E-001, 2.446382E+000, 2.514655E+000, 5.294581E+000, 3.061844E-001, 2.793893E-001, 1.257073E-001, 1.014399E+000
1.171040E-001, 2.233878E+000, 2.362739E+000, 5.161405E+000, 3.275723E-001, 2.667278E-001, 1.221629E-001, 1.014753E+000
1.171120E-001, 2.080116E+000, 2.234057E+000, 5.067207E+000, 3.050587E-001, 2.780754E-001, 1.300787E-001, 1.026073E+000
1.171200E-001, 2.192414E+000, 2.285887E+000, 5.231241E+000, 2.116274E-001, 2.871535E-001, 1.414207E-001, 1.037510E+000
1.171280E-001, 2.584596E+000, 2.444952E+000, 5.353049E+000, 6.191228E-002, 2.842867E-001, 1.454377E-001, 1.039750E+000
1.171360E-001, 2.772912E+000, 2.430654E+000, 5.301078E+000, -2.589059E-002, 2.737752E-001, 1.389397E-001, 1.042226E+000
1.171440E-001, 2.569046E+000, 2.264440E+000, 5.174397E+000, 1.778571E-001, 2.480939E-001, 1.271251E-001, 1.048830E+000
1.171520E-001, 2.456748E+000, 2.344867E+000, 4.973009E+000, 4.964240E-001, 2.277877E-001, 1.241714E-001, 1.054843E+000
1.171600E-001, 2.496485E+000, 2.561123E+000, 4.906420E+000, 5.178118E-001, 2.388964E-001, 1.296061E-001, 1.066752E+000
1.171680E-001, 2.382458E+000, 2.457463E+000, 5.063959E+000, 3.309493E-001, 2.577692E-001, 1.357497E-001, 1.087505E+000
1.171760E-001, 2.368637E+000, 2.167929E+000, 5.197135E+000, 1.992450E-001, 2.552608E-001, 1.487458E-001, 1.099060E+000
1.171840E-001, 2.589779E+000, 2.250142E+000, 5.193887E+000, 1.587206E-001, 2.479744E-001, 1.564253E-001, 1.092221E+000
1.171920E-001, 2.556953E+000, 2.707677E+000, 5.198759E+000, 2.127531E-001, 2.543052E-001, 1.502817E-001, 1.085264E+000
1.172000E-001, 2.230423E+000, 2.836359E+000, 5.263723E+000, 2.769168E-001, 2.575303E-001, 1.508724E-001, 1.085264E+000
1.172080E-001, 2.168227E+000, 2.414569E+000, 5.177646E+000, 2.634086E-001, 2.574109E-001, 1.580793E-001, 1.081727E+000
1.172160E-001, 2.349632E+000, 2.060694E+000, 4.958392E+000, 2.330153E-001, 2.630249E-001, 1.554801E-001, 1.076067E+000
1.172240E-001, 2.309896E+000, 2.067843E+000, 4.898300E+000, 2.183815E-001, 2.486911E-001, 1.509906E-001, 1.071115E+000
1.172320E-001, 2.221785E+000, 2.037460E+000, 4.995746E+000, 2.386437E-001, 2.178735E-001, 1.574886E-001, 1.067460E+000
1.172400E-001, 2.493029E+000, 1.894480E+000, 5.041221E+000, 2.780424E-001, 2.038981E-001, 1.687125E-001, 1.073120E+000
1.172480E-001, 2.719354E+000, 2.024949E+000, 5.060710E+000, 3.343263E-001, 1.982840E-001, 1.748560E-001, 1.084911E+000
1.172560E-001, 2.468842E+000, 2.355590E+000, 5.260475E+000, 4.131238E-001, 1.874142E-001, 1.754468E-001, 1.083614E+000
1.172640E-001, 2.156133E+000, 2.430654E+000, 5.528452E+000, 4.131238E-001, 1.785750E-001, 1.793456E-001, 1.068167E+000
1.172720E-001, 2.168227E+000, 2.289462E+000, 5.456992E+000, 3.275723E-001, 1.665108E-001, 1.912783E-001, 1.061328E+000
1.172800E-001, 2.287436E+000, 2.362739E+000, 5.146788E+000, 2.600316E-001, 1.458462E-001, 1.995486E-001, 1.062743E+000
1.172880E-001, 2.258066E+000, 2.532527E+000, 5.101313E+000, 1.981193E-001, 1.253012E-001, 2.004937E-001, 1.049183E+000
1.172960E-001, 2.156133E+000, 2.298398E+000, 5.289709E+000, 1.902396E-001, 1.086979E-001, 2.067555E-001, 1.027134E+000
1.173040E-001, 2.202780E+000, 1.864097E+000, 5.266972E+000, 3.320750E-001, 8.863056E-002, 2.177430E-001, 1.021120E+000
1.173120E-001, 2.382458E+000, 1.806905E+000, 5.039597E+000, 4.694077E-001, 5.948520E-002, 2.309754E-001, 1.027605E+000
1.173200E-001, 2.467114E+000, 2.064269E+000, 5.018484E+000, 4.750361E-001, 3.523722E-002, 2.520054E-001, 1.020295E+000
1.173280E-001, 2.327173E+000, 2.296611E+000, 5.275092E+000, 4.592766E-001, 2.854812E-002, 2.709087E-001, 9.947078E-001
1.173360E-001, 2.144040E+000, 2.461037E+000, 5.442375E+000, 4.198779E-001, 2.424798E-002, 2.749257E-001, 9.767851E-001
1.173440E-001, 2.211419E+000, 2.491421E+000, 5.318943E+000, 3.455831E-001, 1.290040E-002, 2.809511E-001, 9.758419E-001
1.173520E-001, 2.344449E+000, 2.409207E+000, 5.208504E+000, 3.590913E-001, 1.433378E-003, 3.048166E-001, 9.724224E-001
1.173600E-001, 2.239061E+000, 2.321632E+000, 5.314071E+000, 3.849818E-001, -1.003365E-002, 3.313995E-001, 9.539102E-001
1.173680E-001, 2.201053E+000, 2.151844E+000, 5.320567E+000, 2.870479E-001, -1.254206E-002, 3.512480E-001, 9.330397E-001
1.173760E-001, 2.358271E+000, 2.017800E+000, 5.205256E+000, 1.767314E-001, -7.883580E-003, 3.701513E-001, 9.152349E-001
1.173840E-001, 2.420467E+000, 2.119673E+000, 5.258851E+000, 2.318897E-001, -1.528937E-002, 3.884640E-001, 8.894122E-001
1.173920E-001, 2.534493E+000, 2.394909E+000, 5.398524E+000, 4.604023E-001, -2.018674E-002, 4.028778E-001, 8.586371E-001
1.174000E-001, 2.664068E+000, 2.552187E+000, 5.419637E+000, 6.078660E-001, -9.914200E-003, 4.103210E-001, 8.296307E-001
1.174080E-001, 2.417011E+000, 2.341292E+000, 5.353049E+000, 5.009267E-001, -1.039199E-002, 4.125657E-001, 8.041616E-001
1.174160E-001, 2.083571E+000, 2.016013E+000, 5.362794E+000, 3.804791E-001, -2.233681E-002, 4.174097E-001, 7.869464E-001
1.174240E-001, 2.068022E+000, 1.989205E+000, 5.450495E+000, 4.187522E-001, -2.078399E-002, 4.265070E-001, 7.687879E-001
1.174320E-001, 2.118124E+000, 2.158993E+000, 5.508963E+000, 4.761617E-001, -1.337820E-002, 4.276884E-001, 7.381307E-001
1.174400E-001, 2.042107E+000, 2.203674E+000, 5.564183E+000, 4.907956E-001, -1.994785E-002, 4.151649E-001, 7.139587E-001
1.174480E-001, 2.000643E+000, 2.119673E+000, 5.687614E+000, 4.941726E-001, -3.523722E-002, 4.028778E-001, 7.093601E-001
1.174560E-001, 2.057656E+000, 2.082141E+000, 5.809422E+000, 4.727847E-001, -5.733513E-002, 3.988608E-001, 7.007526E-001
1.174640E-001, 2.045562E+000, 2.024949E+000, 5.682742E+000, 5.200632E-001, -9.006394E-002, 3.953164E-001, 6.768163E-001
1.174720E-001, 1.871068E+000, 1.967758E+000, 5.478105E+000, 6.551445E-001, -1.127591E-001, 3.895273E-001, 6.567713E-001
1.174800E-001, 1.691390E+000, 2.082141E+000, 5.552814E+000, 6.168715E-001, -1.150286E-001, 3.812571E-001, 6.374336E-001
1.174880E-001, 1.629194E+000, 2.184014E+000, 5.632395E+000, 4.232549E-001, -1.337820E-001, 3.663707E-001, 6.059511E-001
1.174960E-001, 1.674113E+000, 2.244781E+000, 5.599913E+000, 4.243806E-001, -1.872948E-001, 3.563282E-001, 5.794209E-001
1.175040E-001, 1.841697E+000, 2.396697E+000, 5.656757E+000, 5.515822E-001, -2.293405E-001, 3.611722E-001, 5.662147E-001
1.175120E-001, 1.943630E+000, 2.314483E+000, 5.634019E+000, 4.727847E-001, -2.385380E-001, 3.604634E-001, 5.574892E-001
1.175200E-001, 1.843425E+000, 2.044609E+000, 5.585296E+000, 3.185668E-001, -2.484522E-001, 3.493576E-001, 5.520652E-001
1.175280E-001, 1.895255E+000, 2.055333E+000, 5.736338E+000, 3.286979E-001, -2.675639E-001, 3.491214E-001, 5.462875E-001
1.175360E-001, 2.209691E+000, 2.221546E+000, 5.832160E+000, 3.590913E-001, -2.867951E-001, 3.507754E-001, 5.383874E-001
1.175440E-001, 2.173410E+000, 2.226908E+000, 5.762323E+000, 3.230695E-001, -3.028012E-001, 3.516024E-001, 5.287186E-001
1.175520E-001, 1.672385E+000, 2.139333E+000, 5.729841E+000, 3.590913E-001, -3.127154E-001, 3.676703E-001, 5.184602E-001
1.175600E-001, 1.437422E+000, 2.196525E+000, 5.739586E+000, 4.851672E-001, -3.219129E-001, 3.875188E-001, 5.065511E-001
1.175680E-001, 1.547993E+000, 2.321632E+000, 5.681118E+000, 5.459538E-001, -3.215545E-001, 3.990971E-001, 4.874493E-001
1.175760E-001, 1.530716E+000, 2.151844E+000, 5.533325E+000, 4.896699E-001, -3.081763E-001, 4.067766E-001, 4.716490E-001
1.175840E-001, 1.613645E+000, 1.878395E+000, 5.434254E+000, 5.133091E-001, -3.010094E-001, 4.183549E-001, 4.656355E-001
1.175920E-001, 1.884889E+000, 1.889119E+000, 5.530077E+000, 6.776581E-001, -2.992177E-001, 4.423385E-001, 4.562025E-001
1.176000E-001, 1.921170E+000, 2.014226E+000, 5.690863E+000, 7.271879E-001, -2.876312E-001, 4.736472E-001, 4.406381E-001
1.176080E-001, 1.852063E+000, 2.158993E+000, 5.770444E+000, 5.898552E-001, -2.722224E-001, 4.973946E-001, 4.236588E-001
1.176160E-001, 1.810599E+000, 2.457463E+000, 5.830536E+000, 5.099321E-001, -2.565747E-001, 5.112177E-001, 4.051465E-001
1.176240E-001, 1.729398E+000, 2.600443E+000, 5.854897E+000, 5.211889E-001, -2.329240E-001, 5.303573E-001, 3.939449E-001
1.176320E-001, 1.831331E+000, 2.226908E+000, 5.814295E+000, 5.009267E-001, -2.049731E-001, 5.564675E-001, 3.948882E-001
1.176400E-001, 2.000643E+000, 1.871246E+000, 5.812671E+000, 5.256916E-001, -1.823974E-001, 5.675732E-001, 3.946523E-001
1.176480E-001, 2.017920E+000, 2.175078E+000, 5.877635E+000, 5.999863E-001, -1.726026E-001, 5.691091E-001, 3.863985E-001
1.176560E-001, 1.924625E+000, 2.621890E+000, 5.908493E+000, 5.684673E-001, -1.709304E-001, 5.874218E-001, 3.742535E-001
1.176640E-001, 1.819237E+000, 2.539676E+000, 5.851649E+000, 4.840415E-001, -1.600606E-001, 6.124687E-001, 3.588070E-001
1.176720E-001, 1.869340E+000, 2.260866E+000, 5.762323E+000, 5.211889E-001, -1.383210E-001, 6.174309E-001, 3.448934E-001
1.176800E-001, 1.986822E+000, 2.259079E+000, 5.760699E+000, 5.684673E-001, -1.199260E-001, 6.114054E-001, 3.379365E-001
1.176880E-001, 1.983366E+000, 2.396697E+000, 5.846777E+000, 4.772874E-001, -1.115646E-001, 6.150680E-001, 3.346350E-001
1.176960E-001, 1.950540E+000, 2.443165E+000, 5.895500E+000, 4.232549E-001, -1.078617E-001, 6.259373E-001, 3.299185E-001
1.177040E-001, 2.031741E+000, 2.350228E+000, 5.923110E+000, 5.335713E-001, -1.006948E-001, 6.313721E-001, 3.216646E-001
1.177120E-001, 2.194142E+000, 2.185802E+000, 5.953968E+000, 6.179972E-001, -9.758917E-002, 6.231019E-001, 3.112884E-001
1.177200E-001, 2.216602E+000, 2.248355E+000, 5.929606E+000, 5.504565E-001, -1.071450E-001, 6.083336E-001, 3.053927E-001
1.177280E-001, 2.159589E+000, 2.636188E+000, 5.910117E+000, 5.155604E-001, -1.106090E-001, 6.033715E-001, 3.131750E-001
1.177360E-001, 2.221785E+000, 2.838146E+000, 5.953968E+000, 5.639646E-001, -1.064283E-001, 6.072703E-001, 3.288573E-001
1.177440E-001, 2.147495E+000, 2.605804E+000, 5.962089E+000, 5.527079E-001, -1.211205E-001, 6.001815E-001, 3.339275E-001
1.177520E-001, 1.895255E+000, 2.410995E+000, 5.889004E+000, 5.774727E-001, -1.420239E-001, 5.753709E-001, 3.321588E-001
1.177600E-001, 1.905621E+000, 2.477123E+000, 5.877635E+000, 6.371337E-001, -1.442934E-001, 5.526869E-001, 3.427709E-001
1.177680E-001, 2.169955E+000, 2.593294E+000, 5.893876E+000, 6.101174E-001, -1.413072E-001, 5.451255E-001, 3.577458E-001
1.177760E-001, 2.270159E+000, 2.657634E+000, 5.825664E+000, 6.056147E-001, -1.433378E-001, 5.311843E-001, 3.605757E-001
1.177840E-001, 2.163044E+000, 2.577208E+000, 5.801302E+000, 6.281282E-001, -1.478769E-001, 5.042470E-001, 3.615190E-001
1.177920E-001, 2.183776E+000, 2.432441E+000, 5.728217E+000, 6.720297E-001, -1.557604E-001, 4.897151E-001, 3.662355E-001
1.178000E-001, 2.375547E+000, 2.464612E+000, 5.599913E+000, 8.059854E-001, -1.574327E-001, 4.887699E-001, 3.657638E-001
1.178080E-001, 2.309896E+000, 2.557549E+000, 5.664877E+000, 7.845975E-001, -1.471602E-001, 4.830989E-001, 3.691833E-001
1.178160E-001, 2.012737E+000, 2.546825E+000, 5.661629E+000, 5.211889E-001, -1.346181E-001, 4.673855E-001, 3.810924E-001
1.178240E-001, 1.969545E+000, 2.489633E+000, 5.544693E+000, 3.917359E-001, -1.270929E-001, 4.491910E-001, 3.881671E-001
1.178320E-001, 2.199325E+000, 2.430654E+000, 5.692487E+000, 5.043037E-001, -1.282874E-001, 4.463555E-001, 3.914687E-001
1.178400E-001, 2.385913E+000, 2.530740E+000, 5.919862E+000, 5.842268E-001, -1.328264E-001, 4.595878E-001, 3.972464E-001
1.178480E-001, 2.391097E+000, 2.830997E+000, 5.989698E+000, 5.482051E-001, -1.278096E-001, 4.721113E-001, 3.972464E-001
1.178560E-001, 2.296075E+000, 3.013296E+000, 6.012435E+000, 5.470794E-001, -1.121619E-001, 4.795545E-001, 3.865164E-001
1.178640E-001, 2.125035E+000, 2.889976E+000, 6.041669E+000, 5.797241E-001, -1.021282E-001, 4.838078E-001, 3.753147E-001
1.178720E-001, 1.852063E+000, 2.668358E+000, 6.040045E+000, 5.583363E-001, -1.058311E-001, 4.808541E-001, 3.747252E-001
1.178800E-001, 1.862429E+000, 2.616528E+000, 5.897124E+000, 5.391997E-001, -1.106090E-001, 4.744742E-001, 3.819178E-001
1.178880E-001, 2.244245E+000, 2.595081E+000, 5.785061E+000, 5.887296E-001, -1.034421E-001, 4.800271E-001, 3.794416E-001
1.178960E-001, 2.380730E+000, 2.534314E+000, 5.876011E+000, 6.146201E-001, -8.910835E-002, 4.960949E-001, 3.656459E-001
1.179040E-001, 2.221785E+000, 2.688018E+000, 5.936103E+000, 5.234402E-001, -7.501347E-002, 5.086184E-001, 3.580995E-001
1.179120E-001, 2.223512E+000, 2.938232E+000, 5.874387E+000, 4.435171E-001, -6.330754E-002, 5.164161E-001, 3.562129E-001
1.179200E-001, 2.380730E+000, 2.954317E+000, 5.742834E+000, 4.851672E-001, -4.801817E-002, 5.246863E-001, 3.443038E-001
1.179280E-001, 2.446382E+000, 2.770231E+000, 5.708728E+000, 5.324456E-001, -2.365074E-002, 5.376824E-001, 3.236691E-001
1.179360E-001, 2.377275E+000, 2.586145E+000, 5.851649E+000, 5.335713E-001, -5.852961E-003, 5.513873E-001, 3.170661E-001
1.179440E-001, 2.351360E+000, 2.564698E+000, 5.804550E+000, 4.694077E-001, -1.194482E-004, 5.561131E-001, 3.267349E-001
1.179520E-001, 2.349632E+000, 2.746997E+000, 5.608034E+000, 3.906102E-001, 1.516992E-002, 5.555224E-001, 3.216646E-001
1.179600E-001, 2.130218E+000, 2.866742E+000, 5.697359E+000, 4.356374E-001, 3.822342E-002, 5.663918E-001, 3.044494E-001
1.179680E-001, 2.007554E+000, 2.727337E+000, 5.927982E+000, 4.795388E-001, 4.694314E-002, 5.847044E-001, 3.029166E-001
1.179760E-001, 2.273615E+000, 2.614741E+000, 5.921486E+000, 4.345117E-001, 5.184051E-002, 5.857677E-001, 3.064540E-001
1.179840E-001, 2.434288E+000, 2.679081E+000, 5.767196E+000, 4.345117E-001, 7.011609E-002, 5.712358E-001, 3.005584E-001
1.179920E-001, 2.271887E+000, 2.609379E+000, 5.739586E+000, 4.063697E-001, 9.245290E-002, 5.667462E-001, 2.907716E-001
1.180000E-001, 2.188959E+000, 2.543251E+000, 5.819167E+000, 3.241952E-001, 9.866421E-002, 5.692273E-001, 2.788625E-001
1.180080E-001, 2.351360E+000, 2.791678E+000, 5.960464E+000, 3.500858E-001, 7.907470E-002, 5.555224E-001, 2.701370E-001
1.180160E-001, 2.463659E+000, 2.882827E+000, 6.108258E+000, 4.288833E-001, 5.769348E-002, 5.379186E-001, 2.714340E-001
1.180240E-001, 2.249428E+000, 2.652273E+000, 6.017308E+000, 4.322603E-001, 5.363224E-002, 5.352013E-001, 2.704907E-001
1.180320E-001, 2.009281E+000, 2.702316E+000, 5.736338E+000, 3.883589E-001, 5.936575E-002, 5.340198E-001, 2.582279E-001
1.180400E-001, 2.074933E+000, 2.895338E+000, 5.616154E+000, 3.140641E-001, 6.904105E-002, 5.252770E-001, 2.525681E-001
1.180480E-001, 2.282253E+000, 2.654060E+000, 5.689239E+000, 2.093761E-001, 6.629375E-002, 5.178338E-001, 2.545726E-001
1.180560E-001, 2.434288E+000, 2.436016E+000, 5.708728E+000, 1.598463E-001, 4.873486E-002, 5.120447E-001, 2.476157E-001
1.180640E-001, 2.436016E+000, 2.759507E+000, 5.669750E+000, 2.634086E-001, 3.631225E-002, 5.008208E-001, 2.388902E-001
1.180720E-001, 2.247700E+000, 2.991849E+000, 5.707104E+000, 4.345117E-001, 2.615915E-002, 4.855800E-001, 2.348812E-001
1.180800E-001, 2.078388E+000, 2.754146E+000, 5.716848E+000, 5.065550E-001, 1.158647E-002, 4.751831E-001, 2.348812E-001
1.180880E-001, 2.083571E+000, 2.627251E+000, 5.661629E+000, 5.279430E-001, 5.136272E-003, 4.728202E-001, 2.385365E-001
1.180960E-001, 2.068022E+000, 2.725550E+000, 5.627523E+000, 5.909809E-001, 4.061238E-003, 4.638411E-001, 2.381828E-001
1.181040E-001, 1.933264E+000, 2.691592E+000, 5.534949E+000, 5.639646E-001, -9.436407E-003, 4.426930E-001, 2.380649E-001
1.181120E-001, 1.812327E+000, 2.614741E+000, 5.434254E+000, 4.131238E-001, -2.627860E-002, 4.312328E-001, 2.431351E-001
1.181200E-001, 1.763952E+000, 2.620102E+000, 5.495970E+000, 3.771021E-001, -2.281461E-002, 4.361949E-001, 2.384186E-001
1.181280E-001, 1.769135E+000, 2.564698E+000, 5.640516E+000, 4.435171E-001, -1.206427E-002, 4.354860E-001, 2.195526E-001
1.181360E-001, 1.724216E+000, 2.509293E+000, 5.778564E+000, 3.196925E-001, -1.528937E-002, 4.174097E-001, 2.018658E-001
1.181440E-001, 1.719033E+000, 2.575421E+000, 5.833784E+000, 1.485895E-001, -2.317295E-002, 4.031141E-001, 1.979747E-001
1.181520E-001, 1.998915E+000, 2.688018E+000, 5.676246E+000, 2.679113E-001, -3.690949E-002, 4.042955E-001, 2.071718E-001
1.181600E-001, 2.254611E+000, 2.741635E+000, 5.549566E+000, 4.502712E-001, -5.315445E-002, 4.011056E-001, 2.128316E-001
1.181680E-001, 2.099120E+000, 2.718401E+000, 5.642140E+000, 4.390144E-001, -5.399058E-002, 4.060677E-001, 2.061106E-001
1.181760E-001, 1.853791E+000, 2.677294E+000, 5.729841E+000, 3.883589E-001, -5.446837E-002, 4.351316E-001, 2.033986E-001
1.181840E-001, 1.912532E+000, 2.670145E+000, 5.785061E+000, 3.714737E-001, -6.486037E-002, 4.489547E-001, 2.056390E-001
1.181920E-001, 2.128490E+000, 2.696954E+000, 5.802926E+000, 3.748507E-001, -7.262450E-002, 4.335957E-001, 1.988001E-001
1.182000E-001, 2.138857E+000, 2.789891E+000, 5.663253E+000, 4.063697E-001, -8.038864E-002, 4.294606E-001, 1.909000E-001
1.182080E-001, 2.005826E+000, 2.965041E+000, 5.616154E+000, 4.007413E-001, -9.006394E-002, 4.496636E-001, 1.850043E-001
1.182160E-001, 1.969545E+000, 3.068701E+000, 5.780189E+000, 3.703480E-001, -9.639469E-002, 4.660859E-001, 1.729773E-001
1.182240E-001, 1.905621E+000, 2.875678E+000, 5.809422E+000, 3.838561E-001, -9.269179E-002, 4.634866E-001, 1.669638E-001
1.182320E-001, 1.801961E+000, 2.562910E+000, 5.660005E+000, 3.793534E-001, -7.895526E-002, 4.589971E-001, 1.722698E-001
1.182400E-001, 1.845152E+000, 2.425292E+000, 5.590168E+000, 2.915506E-001, -8.086643E-002, 4.657314E-001, 1.758072E-001
1.182480E-001, 1.879706E+000, 2.378824E+000, 5.612906E+000, 2.363923E-001, -1.047561E-001, 4.690395E-001, 1.743922E-001
1.182560E-001, 1.677568E+000, 2.432441E+000, 5.543069E+000, 2.814195E-001, -1.133563E-001, 4.595878E-001, 1.709728E-001
1.182640E-001, 1.465065E+000, 2.587932E+000, 5.435878E+000, 3.557142E-001, -9.818641E-002, 4.640774E-001, 1.700295E-001
1.182720E-001, 1.542810E+000, 2.620102E+000, 5.530077E+000, 4.165008E-001, -8.898890E-002, 4.890062E-001, 1.756893E-001
1.182800E-001, 1.839970E+000, 2.611166E+000, 5.635643E+000, 4.086211E-001, -9.305014E-002, 4.982216E-001, 1.851223E-001
1.182880E-001, 2.047290E+000, 2.650486E+000, 5.583672E+000, 3.827305E-001, -1.006948E-001, 4.890062E-001, 1.953806E-001
1.182960E-001, 1.910804E+000, 2.573634E+000, 5.619402E+000, 4.547739E-001, -1.120424E-001, 4.858162E-001, 2.038703E-001
1.183040E-001, 1.606734E+000, 2.503931E+000, 5.681118E+000, 4.840415E-001, -1.219566E-001, 4.871159E-001, 2.046957E-001
1.183120E-001, 1.501346E+000, 2.625464E+000, 5.643764E+000, 3.658453E-001, -1.180148E-001, 4.914873E-001, 2.018658E-001
1.183200E-001, 1.662019E+000, 2.716614E+000, 5.703856E+000, 2.690370E-001, -1.084590E-001, 4.992849E-001, 2.111809E-001
1.183280E-001, 1.819237E+000, 2.618315E+000, 5.685990E+000, 2.600316E-001, -1.100118E-001, 4.977490E-001, 2.340558E-001
1.183360E-001, 1.757041E+000, 2.468186E+000, 5.367666E+000, 2.859222E-001, -1.177759E-001, 4.885336E-001, 2.491486E-001
1.183440E-001, 1.665475E+000, 2.446739E+000, 5.167901E+000, 3.467088E-001, -1.226733E-001, 4.819174E-001, 2.506815E-001
1.183520E-001, 1.814054E+000, 2.566485E+000, 5.270220E+000, 3.568399E-001, -1.247039E-001, 4.817993E-001, 2.537472E-001
1.183600E-001, 2.009281E+000, 2.684443E+000, 5.333560E+000, 3.219439E-001, -1.291235E-001, 4.898332E-001, 2.665996E-001
1.183680E-001, 1.917715E+000, 2.711252E+000, 5.309198E+000, 4.086211E-001, -1.396349E-001, 4.914873E-001, 2.847581E-001
1.183760E-001, 1.684479E+000, 2.600443E+000, 5.377411E+000, 5.493308E-001, -1.441740E-001, 4.799089E-001, 2.966672E-001
1.183840E-001, 1.722488E+000, 2.450314E+000, 5.515460E+000, 4.998010E-001, -1.379627E-001, 4.820356E-001, 3.042136E-001
1.183920E-001, 1.933264E+000, 2.391335E+000, 5.603161E+000, 2.971790E-001, -1.366487E-001, 4.996393E-001, 3.174198E-001
1.184000E-001, 1.900438E+000, 2.461037E+000, 5.547942E+000, 2.735397E-001, -1.389183E-001, 4.969220E-001, 3.348708E-001
1.184080E-001, 1.769135E+000, 2.650486E+000, 5.359546E+000, 4.716590E-001, -1.323486E-001, 4.799089E-001, 3.531472E-001
1.184160E-001, 1.820965E+000, 2.750571E+000, 5.239362E+000, 5.234402E-001, -1.309152E-001, 4.882973E-001, 3.690654E-001
1.184240E-001, 1.862429E+000, 2.595081E+000, 5.279964E+000, 3.174412E-001, -1.475185E-001, 5.168886E-001, 3.776730E-001
1.184320E-001, 1.691390E+000, 2.459250E+000, 5.401772E+000, 1.823598E-001, -1.582689E-001, 5.309480E-001, 3.819178E-001
1.184400E-001, 1.516895E+000, 2.618315E+000, 5.534949E+000, 3.590913E-001, -1.552826E-001, 5.263403E-001, 3.915866E-001
1.184480E-001, 1.579091E+000, 2.745209E+000, 5.523580E+000, 5.707187E-001, -1.593439E-001, 5.204330E-001, 4.097451E-001
1.184560E-001, 1.618828E+000, 2.616528E+000, 5.474857E+000, 5.549592E-001, -1.659135E-001, 5.277581E-001, 4.229513E-001
1.184640E-001, 1.522078E+000, 2.573634E+000, 5.582048E+000, 5.178118E-001, -1.601800E-001, 5.470158E-001, 4.304976E-001
1.184720E-001, 1.568725E+000, 2.655847E+000, 5.580424E+000, 4.491455E-001, -1.500269E-001, 5.574127E-001, 4.459442E-001
1.184800E-001, 1.679296E+000, 2.578996E+000, 5.343305E+000, 2.870479E-001, -1.462046E-001, 5.506784E-001, 4.618623E-001
1.184880E-001, 1.629194E+000, 2.457463E+000, 5.182518E+000, 3.433318E-001, -1.447712E-001, 5.446529E-001, 4.729461E-001
1.184960E-001, 1.508257E+000, 2.496782E+000, 5.227993E+000, 5.020523E-001, -1.344987E-001, 5.516235E-001, 4.870955E-001
1.185040E-001, 1.563542E+000, 2.559336E+000, 5.283213E+000, 4.277576E-001, -1.218372E-001, 5.606027E-001, 4.981793E-001
1.185120E-001, 1.838242E+000, 2.575421E+000, 5.275092E+000, 3.129385E-001, -1.257789E-001, 5.640289E-001, 5.007734E-001
1.185200E-001, 1.943630E+000, 2.704103E+000, 5.369290E+000, 3.534628E-001, -1.385599E-001, 5.735987E-001, 5.130363E-001
1.185280E-001, 1.630921E+000, 2.916785E+000, 5.479729E+000, 4.649050E-001, -1.303180E-001, 5.862404E-001, 5.362650E-001
1.185360E-001, 1.385592E+000, 2.838146E+000, 5.405020E+000, 5.346970E-001, -1.108479E-001, 5.876580E-001, 5.438113E-001
1.185440E-001, 1.572181E+000, 2.394909E+000, 5.296206E+000, 5.031780E-001, -1.102507E-001, 5.848226E-001, 5.421606E-001
1.185520E-001, 1.814054E+000, 2.162567E+000, 5.205256E+000, 4.142494E-001, -1.153870E-001, 5.874218E-001, 5.538339E-001
1.185600E-001, 1.862429E+000, 2.337718E+000, 5.046093E+000, 3.320750E-001, -1.168203E-001, 5.871855E-001, 5.675117E-001
1.185680E-001, 1.777773E+000, 2.518229E+000, 5.037973E+000, 2.577802E-001, -1.364098E-001, 5.797423E-001, 5.762372E-001
1.185760E-001, 1.605006E+000, 2.662996E+000, 5.083448E+000, 2.510262E-001, -1.539687E-001, 5.756072E-001, 5.868493E-001
1.185840E-001, 1.497891E+000, 2.734486E+000, 4.917789E+000, 3.151898E-001, -1.408294E-001, 5.785608E-001, 5.897971E-001
1.185920E-001, 1.463337E+000, 2.575421E+000, 4.943775E+000, 2.859222E-001, -1.223149E-001, 5.824596E-001, 5.843732E-001
1.186000E-001, 1.452971E+000, 2.484272E+000, 5.268596E+000, 1.598463E-001, -1.180148E-001, 5.838774E-001, 5.876747E-001
1.186080E-001, 1.584274E+000, 2.657634E+000, 5.380659E+000, 1.418354E-001, -1.168203E-001, 5.796242E-001, 5.985226E-001
1.186160E-001, 1.712122E+000, 2.814912E+000, 5.278340E+000, 3.196925E-001, -1.231511E-001, 5.718265E-001, 6.018242E-001
1.186240E-001, 1.662019E+000, 2.768444E+000, 5.249106E+000, 5.572106E-001, -1.364098E-001, 5.673370E-001, 6.060690E-001
1.186320E-001, 1.696573E+000, 2.545038E+000, 5.317319E+000, 6.168715E-001, -1.266151E-001, 5.630837E-001, 6.211618E-001
1.186400E-001, 1.867612E+000, 2.276951E+000, 5.356297E+000, 4.694077E-001, -1.073839E-001, 5.515054E-001, 6.355471E-001
1.186480E-001, 1.895255E+000, 2.153631E+000, 5.213376E+000, 3.872332E-001, -1.129980E-001, 5.376824E-001, 6.440368E-001
1.186560E-001, 1.838242E+000, 2.328781E+000, 5.080200E+000, 5.279430E-001, -1.133563E-001, 5.287032E-001, 6.439189E-001
1.186640E-001, 1.834786E+000, 2.668358E+000, 5.057462E+000, 6.821608E-001, -1.015310E-001, 5.178338E-001, 6.430935E-001
1.186720E-001, 1.853791E+000, 2.739848E+000, 4.924285E+000, 6.765324E-001, -1.078617E-001, 5.064918E-001, 6.583042E-001
1.186800E-001, 1.914259E+000, 2.471761E+000, 5.008739E+000, 5.876039E-001, -1.098923E-001, 5.056648E-001, 6.733969E-001
1.186880E-001, 1.903893E+000, 2.300185E+000, 5.468360E+000, 4.480198E-001, -1.036810E-001, 5.024748E-001, 6.708028E-001
1.186960E-001, 1.675841E+000, 2.428867E+000, 5.557686E+000, 3.579656E-001, -1.161036E-001, 4.900695E-001, 6.672655E-001
1.187040E-001, 1.485797E+000, 2.598655E+000, 5.198759E+000, 4.131238E-001, -1.364098E-001, 4.820356E-001, 6.725715E-001
1.187120E-001, 1.715577E+000, 2.611166E+000, 5.112681E+000, 5.043037E-001, -1.552826E-001, 4.706936E-001, 6.742223E-001
1.187200E-001, 2.126763E+000, 2.553974E+000, 5.210128E+000, 5.898552E-001, -1.571938E-001, 4.529717E-001, 6.723357E-001
1.187280E-001, 2.092209E+000, 2.419931E+000, 5.145164E+000, 6.461391E-001, -1.397544E-001, 4.448196E-001, 6.746939E-001
1.187360E-001, 1.715577E+000, 2.191163E+000, 5.169525E+000, 5.898552E-001, -1.521770E-001, 4.395030E-001, 6.762268E-001
1.187440E-001, 1.637832E+000, 2.135759E+000, 5.169525E+000, 5.200632E-001, -1.878920E-001, 4.348953E-001, 6.814150E-001
1.187520E-001, 1.874523E+000, 2.423505E+000, 4.883683E+000, 5.594619E-001, -1.892059E-001, 4.392667E-001, 6.921449E-001
1.187600E-001, 1.957451E+000, 2.705890E+000, 4.755379E+000, 5.943579E-001, -1.776195E-001, 4.306421E-001, 6.947390E-001
1.187680E-001, 1.824420E+000, 2.630826E+000, 5.005491E+000, 5.493308E-001, -1.886087E-001, 4.085488E-001, 6.902584E-001
1.187760E-001, 1.744948E+000, 2.428867E+000, 5.109433E+000, 5.977349E-001, -1.954172E-001, 4.014600E-001, 6.895509E-001
1.187840E-001, 1.762224E+000, 2.360952E+000, 4.971385E+000, 7.069257E-001, -2.031814E-001, 3.989789E-001, 6.952107E-001
1.187920E-001, 1.713850E+000, 2.268015E+000, 5.044469E+000, 6.889148E-001, -2.232487E-001, 3.871644E-001, 7.005167E-001
1.188000E-001, 1.646470E+000, 2.132184E+000, 5.260475E+000, 6.371337E-001, -2.195458E-001, 3.748772E-001, 7.002809E-001
1.188080E-001, 1.763952E+000, 2.173291E+000, 5.210128E+000, 6.517675E-001, -2.120205E-001, 3.615267E-001, 7.054691E-001
1.188160E-001, 1.879706E+000, 2.335930E+000, 5.024980E+000, 6.585215E-001, -2.299378E-001, 3.505391E-001, 7.186752E-001
1.188240E-001, 1.760497E+000, 2.394909E+000, 5.072079E+000, 5.988606E-001, -2.363880E-001, 3.495939E-001, 7.255141E-001
1.188320E-001, 1.727671E+000, 2.318058E+000, 5.242610E+000, 5.245659E-001, -2.393742E-001, 3.543198E-001, 7.206797E-001
1.188400E-001, 1.905621E+000, 2.237632E+000, 5.215000E+000, 5.695930E-001, -2.569331E-001, 3.584549E-001, 7.064123E-001
1.188480E-001, 1.933264E+000, 2.269802E+000, 5.002243E+000, 6.855378E-001, -2.496467E-001, 3.560920E-001, 6.955644E-001
1.188560E-001, 1.781229E+000, 2.348441E+000, 4.960016E+000, 6.877892E-001, -2.307739E-001, 3.430959E-001, 7.046437E-001
1.188640E-001, 1.715577E+000, 2.259079E+000, 5.213376E+000, 5.842268E-001, -2.355518E-001, 3.273825E-001, 7.183215E-001
1.188720E-001, 1.715577E+000, 2.103588E+000, 5.367666E+000, 5.020523E-001, -2.361491E-001, 3.181671E-001, 7.153737E-001
1.188800E-001, 1.687934E+000, 2.108950E+000, 5.292957E+000, 4.694077E-001, -2.357907E-001, 3.062344E-001, 7.097139E-001
1.188880E-001, 1.705211E+000, 2.207248E+000, 5.242610E+000, 4.558995E-001, -2.643389E-001, 2.887488E-001, 7.152557E-001
1.188960E-001, 1.691390E+000, 2.194738E+000, 5.211752E+000, 4.401400E-001, -2.915730E-001, 2.826052E-001, 7.154916E-001
1.189040E-001, 1.629194E+000, 2.030311E+000, 5.172773E+000, 3.658453E-001, -2.856006E-001, 2.869766E-001, 7.062944E-001
1.189120E-001, 1.706939E+000, 2.078567E+000, 5.187390E+000, 3.489601E-001, -2.623082E-001, 2.855588E-001, 7.094781E-001
1.189200E-001, 1.786412E+000, 2.439590E+000, 5.202007E+000, 4.558995E-001, -2.539468E-001, 2.753983E-001, 7.187932E-001
1.189280E-001, 1.674113E+000, 2.595081E+000, 5.227993E+000, 4.232549E-001, -2.770004E-001, 2.639381E-001, 7.186752E-001
1.189360E-001, 1.637832E+000, 2.378824E+000, 5.247482E+000, 3.298236E-001, -3.004122E-001, 2.602756E-001, 7.169065E-001
1.189440E-001, 1.822693E+000, 2.108950E+000, 5.354673E+000, 4.761617E-001, -2.913342E-001, 2.645288E-001, 7.124259E-001
1.189520E-001, 1.933264E+000, 2.021375E+000, 5.630771E+000, 6.213742E-001, -2.867951E-001, 2.627566E-001, 7.078273E-001
1.189600E-001, 1.763952E+000, 2.182227E+000, 5.687614E+000, 5.358227E-001, -3.030401E-001, 2.543683E-001, 7.080631E-001
1.189680E-001, 1.589457E+000, 2.316270E+000, 5.500843E+000, 4.063697E-001, -3.037567E-001, 2.517691E-001, 7.067661E-001
1.189760E-001, 1.636104E+000, 2.110737E+000, 5.439126E+000, 3.512115E-001, -3.024428E-001, 2.525961E-001, 7.174961E-001
1.189840E-001, 1.651653E+000, 1.858736E+000, 5.369290E+000, 3.748507E-001, -3.127154E-001, 2.458618E-001, 7.358904E-001
1.189920E-001, 1.610189E+000, 1.980268E+000, 5.279964E+000, 3.861075E-001, -3.140293E-001, 2.378279E-001, 7.304664E-001
1.190000E-001, 1.715577E+000, 2.284100E+000, 5.325439E+000, 2.870479E-001, -3.198822E-001, 2.425537E-001, 7.164349E-001
1.190080E-001, 1.758769E+000, 2.353803E+000, 5.283213E+000, 3.174412E-001, -3.325438E-001, 2.509421E-001, 7.246888E-001
1.190160E-001, 1.665475E+000, 2.062482E+000, 5.215000E+000, 5.493308E-001, -3.309909E-001, 2.452710E-001, 7.421398E-001
1.190240E-001, 1.575636E+000, 1.746139E+000, 5.403396E+000, 6.056147E-001, -3.271686E-001, 2.345198E-001, 7.444980E-001
1.190320E-001, 1.478886E+000, 1.862310E+000, 5.642140E+000, 4.401400E-001, -3.349327E-001, 2.354649E-001, 7.340038E-001
1.190400E-001, 1.601551E+000, 2.133971E+000, 5.599913E+000, 3.939873E-001, -3.410246E-001, 2.418448E-001, 7.298769E-001
1.190480E-001, 1.948813E+000, 2.128610E+000, 5.398524E+000, 5.054294E-001, -3.361272E-001, 2.425537E-001, 7.411965E-001
1.190560E-001, 2.081843E+000, 2.035673E+000, 5.349801E+000, 5.054294E-001, -3.295576E-001, 2.423174E-001, 7.587654E-001
1.190640E-001, 2.000643E+000, 1.971332E+000, 5.429382E+000, 4.108724E-001, -3.312298E-001, 2.447985E-001, 7.638356E-001
1.190720E-001, 1.938447E+000, 1.914140E+000, 5.422885E+000, 4.513968E-001, -3.418607E-001, 2.490517E-001, 7.514548E-001
1.190800E-001, 1.912532E+000, 1.955247E+000, 5.364418E+000, 5.054294E-001, -3.485498E-001, 2.505876E-001, 7.395457E-001
1.190880E-001, 1.964362E+000, 1.967758E+000, 5.357922E+000, 4.097467E-001, -3.366050E-001, 2.468069E-001, 7.426114E-001
1.190960E-001, 2.036924E+000, 1.901629E+000, 5.406644E+000, 3.782278E-001, -3.223907E-001, 2.464525E-001, 7.599445E-001
1.191040E-001, 2.028286E+000, 1.969545E+000, 5.456992E+000, 5.324456E-001, -3.244213E-001, 2.488154E-001, 7.759806E-001
1.191120E-001, 1.967817E+000, 2.053545E+000, 5.344929E+000, 6.573959E-001, -3.289603E-001, 2.516509E-001, 7.702029E-001
1.191200E-001, 1.979911E+000, 1.889119E+000, 5.208504E+000, 6.438878E-001, -3.332604E-001, 2.598030E-001, 7.522802E-001
1.191280E-001, 2.090482E+000, 1.660351E+000, 5.385531E+000, 5.898552E-001, -3.403079E-001, 2.659466E-001, 7.505115E-001
1.191360E-001, 2.145767E+000, 1.671075E+000, 5.598289E+000, 4.964240E-001, -3.351716E-001, 2.696091E-001, 7.568788E-001
1.191440E-001, 2.138857E+000, 1.944523E+000, 5.437502E+000, 3.658453E-001, -3.263324E-001, 2.698454E-001, 7.531056E-001
1.191520E-001, 2.100848E+000, 2.187589E+000, 5.223121E+000, 3.196925E-001, -3.276464E-001, 2.543683E-001, 7.528698E-001
1.191600E-001, 1.993732E+000, 2.078567E+000, 5.310822E+000, 3.073101E-001, -3.235852E-001, 2.437351E-001, 7.615953E-001
1.191680E-001, 2.052473E+000, 1.833714E+000, 5.507339E+000, 2.318897E-001, -3.200017E-001, 2.573219E-001, 7.614774E-001
1.191760E-001, 2.213146E+000, 1.781884E+000, 5.572303E+000, 2.330153E-001, -3.284825E-001, 2.725628E-001, 7.519265E-001
1.191840E-001, 2.078388E+000, 1.778309E+000, 5.499218E+000, 3.557142E-001, -3.248991E-001, 2.772886E-001, 7.486249E-001
1.191920E-001, 1.893527E+000, 1.728267E+000, 5.431006E+000, 4.468941E-001, -3.145071E-001, 2.771704E-001, 7.489787E-001
1.192000E-001, 1.959179E+000, 1.642479E+000, 5.429382E+000, 3.996156E-001, -3.270491E-001, 2.713813E-001, 7.480354E-001
1.192080E-001, 1.973000E+000, 1.613883E+000, 5.442375E+000, 2.769168E-001, -3.403079E-001, 2.672462E-001, 7.512190E-001
1.192160E-001, 1.833059E+000, 1.858736E+000, 5.479729E+000, 2.330153E-001, -3.331410E-001, 2.679551E-001, 7.535772E-001
1.192240E-001, 1.839970E+000, 2.126822E+000, 5.452119E+000, 3.500858E-001, -3.280047E-001, 2.631111E-001, 7.492145E-001
1.192320E-001, 2.035196E+000, 2.028524E+000, 5.275092E+000, 5.279430E-001, -3.271686E-001, 2.522416E-001, 7.424935E-001
1.192400E-001, 2.121580E+000, 1.926651E+000, 5.164653E+000, 5.403254E-001, -3.221518E-001, 2.439714E-001, 7.340038E-001
1.192480E-001, 2.009281E+000, 2.214397E+000, 5.318943E+000, 3.804791E-001, -3.270491E-001, 2.437351E-001, 7.248067E-001
1.192560E-001, 2.004098E+000, 2.457463E+000, 5.528452E+000, 2.870479E-001, -3.380384E-001, 2.521235E-001, 7.222126E-001
1.192640E-001, 2.104303E+000, 2.348441E+000, 5.479729E+000, 3.309493E-001, -3.357689E-001, 2.596849E-001, 7.238634E-001
1.192720E-001, 1.993732E+000, 2.180440E+000, 5.372539E+000, 4.288833E-001, -3.275269E-001, 2.572038E-001, 7.216230E-001
1.192800E-001, 1.824420E+000, 1.994566E+000, 5.547942E+000, 4.637793E-001, -3.287214E-001, 2.540138E-001, 7.203260E-001
1.192880E-001, 1.964362E+000, 1.776522E+000, 5.731465E+000, 3.208182E-001, -3.257352E-001, 2.592123E-001, 7.209156E-001
1.192960E-001, 2.171682E+000, 1.814054E+000, 5.599913E+000, 1.362070E-001, -3.037567E-001, 2.679551E-001, 7.079452E-001
1.193040E-001, 2.095665E+000, 1.987417E+000, 5.393651E+000, 2.453978E-001, -2.772393E-001, 2.764616E-001, 6.851881E-001
1.193120E-001, 2.005826E+000, 2.066056E+000, 5.349801E+000, 5.639646E-001, -2.661306E-001, 2.857951E-001, 6.818866E-001
1.193200E-001, 2.092209E+000, 2.107163E+000, 5.473233E+000, 6.303796E-001, -2.695946E-001, 2.941835E-001, 6.940315E-001
1.193280E-001, 2.087026E+000, 2.001715E+000, 5.630771E+000, 4.930469E-001, -2.639805E-001, 3.015085E-001, 6.876643E-001
1.193360E-001, 1.997187E+000, 1.831927E+000, 5.616154E+000, 4.525225E-001, -2.525135E-001, 3.054073E-001, 6.666759E-001
1.193440E-001, 1.992005E+000, 1.930225E+000, 5.478105E+000, 3.849818E-001, -2.587248E-001, 3.046985E-001, 6.599549E-001
1.193520E-001, 1.979911E+000, 2.119673E+000, 5.354673E+000, 2.577802E-001, -2.620693E-001, 3.113146E-001, 6.616057E-001
1.193600E-001, 1.997187E+000, 2.028524E+000, 5.370914E+000, 2.431464E-001, -2.485717E-001, 3.234837E-001, 6.500503E-001
1.193680E-001, 2.176865E+000, 1.855161E+000, 5.593417E+000, 2.870479E-001, -2.427187E-001, 3.223022E-001, 6.331888E-001
1.193760E-001, 2.258066E+000, 1.914140E+000, 5.775316E+000, 2.949276E-001, -2.474966E-001, 3.128505E-001, 6.249350E-001
1.193840E-001, 2.043835E+000, 1.987417E+000, 5.796430E+000, 2.769168E-001, -2.496467E-001, 3.088336E-001, 6.249350E-001
1.193920E-001, 1.871068E+000, 1.860523E+000, 5.746082E+000, 2.273869E-001, -2.409270E-001, 3.018630E-001, 6.302410E-001
1.194000E-001, 1.862429E+000, 1.792607E+000, 5.677870E+000, 2.195072E-001, -2.307739E-001, 2.964283E-001, 6.269395E-001
1.194080E-001, 1.826148E+000, 1.869459E+000, 5.661629E+000, 3.061844E-001, -2.415242E-001, 3.121417E-001, 6.035929E-001
1.194160E-001, 1.883161E+000, 1.914140E+000, 5.629147E+000, 3.602169E-001, -2.522746E-001, 3.316357E-001, 5.721103E-001
1.194240E-001, 2.085299E+000, 1.926651E+000, 5.531701E+000, 3.388290E-001, -2.347157E-001, 3.208845E-001, 5.602012E-001
1.194320E-001, 2.116397E+000, 1.899842E+000, 5.562559E+000, 3.050587E-001, -2.170374E-001, 2.997364E-001, 5.683371E-001
1.194400E-001, 1.934991E+000, 1.856948E+000, 5.741210E+000, 2.622829E-001, -2.132150E-001, 3.019811E-001, 5.600832E-001
1.194480E-001, 1.827876E+000, 1.965970E+000, 5.815919E+000, 2.442721E-001, -2.103483E-001, 3.126142E-001, 5.319022E-001
1.194560E-001, 1.928081E+000, 2.005290E+000, 5.760699E+000, 2.960533E-001, -2.179929E-001, 3.108421E-001, 5.158662E-001
1.194640E-001, 2.085299E+000, 1.853374E+000, 5.634019E+000, 3.737251E-001, -2.264738E-001, 2.993819E-001, 5.188140E-001
1.194720E-001, 2.123307E+000, 1.912353E+000, 5.452119E+000, 3.647196E-001, -2.178735E-001, 2.898121E-001, 5.222334E-001
1.194800E-001, 2.087026E+000, 2.175078E+000, 5.432630E+000, 2.847965E-001, -2.059287E-001, 2.927657E-001, 5.089093E-001
1.194880E-001, 2.066294E+000, 2.223334E+000, 5.528452E+000, 3.016817E-001, -2.074815E-001, 2.989093E-001, 4.839119E-001
1.194960E-001, 2.012737E+000, 2.033886E+000, 5.481353E+000, 3.737251E-001, -2.098705E-001, 2.946561E-001, 4.657534E-001
1.195040E-001, 1.841697E+000, 1.824778E+000, 5.395276E+000, 3.984900E-001, -1.927894E-001, 2.802423E-001, 4.571458E-001
1.195120E-001, 1.701756E+000, 1.778309E+000, 5.369290E+000, 4.390144E-001, -1.779778E-001, 2.614570E-001, 4.551413E-001
1.195200E-001, 1.921170E+000, 2.003502E+000, 5.390403E+000, 4.457684E-001, -1.845475E-001, 2.455073E-001, 4.533726E-001
1.195280E-001, 2.258066E+000, 2.255504E+000, 5.526828E+000, 4.232549E-001, -1.864586E-001, 2.327476E-001, 4.407560E-001
1.195360E-001, 2.182048E+000, 2.178653E+000, 5.595041E+000, 5.076807E-001, -1.857419E-001, 2.245955E-001, 4.303797E-001
1.195440E-001, 1.940174E+000, 1.785458E+000, 5.453743E+000, 5.560849E-001, -1.986423E-001, 2.251862E-001, 4.290827E-001
1.195520E-001, 1.921170E+000, 1.526308E+000, 5.361170E+000, 4.288833E-001, -2.038981E-001, 2.270766E-001, 4.211826E-001
1.195600E-001, 1.931536E+000, 1.758650E+000, 5.486226E+000, 3.759764E-001, -2.047342E-001, 2.190426E-001, 4.100989E-001
1.195680E-001, 1.955723E+000, 2.108950E+000, 5.528452E+000, 4.772874E-001, -2.073621E-001, 2.029748E-001, 3.976001E-001
1.195760E-001, 2.142312E+000, 2.092865E+000, 5.361170E+000, 4.907956E-001, -1.935061E-001, 1.910420E-001, 3.817999E-001
1.195840E-001, 2.194142E+000, 1.901629E+000, 5.377411E+000, 4.255062E-001, -1.775000E-001, 1.890336E-001, 3.776730E-001
1.195920E-001, 2.004098E+000, 1.860523E+000, 5.604785E+000, 4.367630E-001, -1.764250E-001, 1.889154E-001, 3.780267E-001
1.196000E-001, 1.948813E+000, 1.899842E+000, 5.728217E+000, 4.660307E-001, -1.883698E-001, 1.808815E-001, 3.690654E-001
1.196080E-001, 2.007554E+000, 1.881970E+000, 5.741210E+000, 4.649050E-001, -2.062870E-001, 1.710754E-001, 3.589249E-001
1.196160E-001, 1.934991E+000, 1.896268E+000, 5.711976E+000, 4.817901E-001, -2.091538E-001, 1.748560E-001, 3.532651E-001
1.196240E-001, 1.890072E+000, 1.915927E+000, 5.609658E+000, 4.716590E-001, -2.003146E-001, 1.865525E-001, 3.518502E-001
1.196320E-001, 1.915987E+000, 1.874821E+000, 5.487850E+000, 4.446428E-001, -2.005535E-001, 1.929324E-001, 3.484307E-001
1.196400E-001, 1.848608E+000, 1.935587E+000, 5.505715E+000, 4.131238E-001, -2.107066E-001, 1.918691E-001, 3.328663E-001
1.196480E-001, 1.841697E+000, 2.057120E+000, 5.645388E+000, 3.467088E-001, -2.139317E-001, 1.857255E-001, 3.091660E-001
1.196560E-001, 1.978183E+000, 2.062482E+000, 5.723345E+000, 3.906102E-001, -1.960145E-001, 1.879703E-001, 2.932478E-001
1.196640E-001, 1.995460E+000, 2.032098E+000, 5.684366E+000, 5.088064E-001, -1.757083E-001, 2.052196E-001, 2.963135E-001
1.196720E-001, 1.921170E+000, 1.982056E+000, 5.572303E+000, 4.862928E-001, -1.636440E-001, 2.140805E-001, 3.058644E-001
1.196800E-001, 1.976455E+000, 1.935587E+000, 5.551190E+000, 4.052441E-001, -1.507436E-001, 2.052196E-001, 3.046853E-001
1.196880E-001, 2.068022E+000, 1.898055E+000, 5.645388E+000, 3.861075E-001, -1.595828E-001, 2.028566E-001, 2.952523E-001
1.196960E-001, 1.986822E+000, 1.715756E+000, 5.648636E+000, 4.232549E-001, -1.887281E-001, 2.097091E-001, 2.869985E-001
1.197040E-001, 1.777773E+000, 1.549542E+000, 5.570679E+000, 5.358227E-001, -2.018674E-001, 2.074643E-001, 2.915970E-001
1.197120E-001, 1.739765E+000, 1.674649E+000, 5.481353E+000, 6.303796E-001, -2.015091E-001, 2.028566E-001, 2.982001E-001
1.197200E-001, 1.820965E+000, 1.937374E+000, 5.440751E+000, 6.540189E-001, -1.949394E-001, 2.082914E-001, 2.877059E-001
1.197280E-001, 1.660292E+000, 2.069631E+000, 5.590168E+000, 6.348823E-001, -1.777389E-001, 2.166797E-001, 2.773296E-001
1.197360E-001, 1.503074E+000, 2.103588E+000, 5.773692E+000, 5.527079E-001, -1.727221E-001, 2.195152E-001, 2.790983E-001
1.197440E-001, 1.698300E+000, 2.074992E+000, 5.755827E+000, 4.457684E-001, -1.929088E-001, 2.203422E-001, 2.811028E-001
1.197520E-001, 1.857246E+000, 1.946311E+000, 5.661629E+000, 4.153751E-001, -2.050925E-001, 2.216419E-001, 2.801595E-001
1.197600E-001, 1.746675E+000, 1.906991E+000, 5.606410E+000, 4.513968E-001, -1.898032E-001, 2.157345E-001, 2.716698E-001
1.197680E-001, 1.639560E+000, 1.932013E+000, 5.520332E+000, 4.862928E-001, -1.784556E-001, 2.090002E-001, 2.568129E-001
1.197760E-001, 1.672385E+000, 1.835501E+000, 5.486226E+000, 5.391997E-001, -1.872948E-001, 2.114813E-001, 2.530397E-001
1.197840E-001, 1.689662E+000, 1.858736E+000, 5.560935E+000, 5.313200E-001, -1.987618E-001, 2.104180E-001, 2.607040E-001
1.197920E-001, 1.439150E+000, 1.985630E+000, 5.582048E+000, 4.086211E-001, -2.025841E-001, 2.023841E-001, 2.601144E-001
1.198000E-001, 1.257744E+000, 1.901629E+000, 5.546318E+000, 4.007413E-001, -1.982840E-001, 2.055740E-001, 2.525681E-001
1.198080E-001, 1.639560E+000, 1.799756E+000, 5.580424E+000, 6.033633E-001, -2.001952E-001, 2.133716E-001, 2.604682E-001
1.198160E-001, 2.083571E+000, 1.887331E+000, 5.624275E+000, 7.508271E-001, -2.105872E-001, 2.064010E-001, 2.767401E-001
1.198240E-001, 2.050745E+000, 1.953460E+000, 5.583672E+000, 7.148055E-001, -2.079593E-001, 1.922235E-001, 2.760326E-001
1.198320E-001, 1.862429E+000, 1.873034E+000, 5.497594E+000, 6.877892E-001, -2.007924E-001, 1.826537E-001, 2.669533E-001
1.198400E-001, 1.798505E+000, 1.794395E+000, 5.463488E+000, 6.787838E-001, -2.097510E-001, 1.815904E-001, 2.713161E-001
1.198480E-001, 1.772590E+000, 1.878395E+000, 5.510587E+000, 5.335713E-001, -2.191874E-001, 1.866706E-001, 2.752072E-001
1.198560E-001, 1.648198E+000, 1.932013E+000, 5.546318E+000, 4.198779E-001, -2.184707E-001, 1.835988E-001, 2.686041E-001
1.198640E-001, 1.461610E+000, 1.801544E+000, 5.521956E+000, 4.491455E-001, -2.231292E-001, 1.736746E-001, 2.658921E-001
1.198720E-001, 1.421873E+000, 1.808693E+000, 5.508963E+000, 4.930469E-001, -2.353129E-001, 1.771008E-001, 2.649488E-001
1.198800E-001, 1.499618E+000, 1.974907E+000, 5.474857E+000, 5.313200E-001, -2.393742E-001, 1.923416E-001, 2.690758E-001
1.198880E-001, 1.515167E+000, 2.023162E+000, 5.346553E+000, 4.986753E-001, -2.324462E-001, 1.965949E-001, 2.862910E-001
1.198960E-001, 1.587730E+000, 2.055333E+000, 5.299454E+000, 3.669710E-001, -2.316100E-001, 1.880884E-001, 2.951344E-001
1.199040E-001, 1.725943E+000, 2.105376E+000, 5.500843E+000, 3.016817E-001, -2.467800E-001, 1.830081E-001, 2.891209E-001
1.199120E-001, 1.625738E+000, 2.021375E+000, 5.698983E+000, 3.140641E-001, -2.649361E-001, 1.748560E-001, 2.825178E-001
1.199200E-001, 1.475431E+000, 1.939162E+000, 5.586920E+000, 4.052441E-001, -2.712668E-001, 1.618600E-001, 2.730848E-001
1.199280E-001, 1.670658E+000, 2.030311E+000, 5.401772E+000, 5.932323E-001, -2.678028E-001, 1.733201E-001, 2.694295E-001
1.199360E-001, 1.890072E+000, 2.162567E+000, 5.461864E+000, 6.134945E-001, -2.642194E-001, 2.030929E-001, 2.815745E-001
1.199440E-001, 1.833059E+000, 2.146482E+000, 5.582048E+000, 4.356374E-001, -2.600387E-001, 2.065192E-001, 2.897104E-001
1.199520E-001, 1.781229E+000, 2.125035E+000, 5.643764E+000, 4.243806E-001, -2.501245E-001, 1.892699E-001, 2.809849E-001
1.199600E-001, 1.881434E+000, 2.205461E+000, 5.778564E+000, 6.078660E-001, -2.417631E-001, 1.929324E-001, 2.726131E-001
1.199680E-001, 1.955723E+000, 2.187589E+000, 5.789933E+000, 6.416364E-001, -2.392547E-001, 2.127809E-001, 2.819282E-001
1.199760E-001, 1.962634E+000, 2.092865E+000, 5.543069E+000, 5.324456E-001, -2.409270E-001, 2.209330E-001, 2.974926E-001
1.199840E-001, 1.933264E+000, 2.119673E+000, 5.440751E+000, 5.470794E-001, -2.464216E-001, 2.217600E-001, 2.982001E-001
1.199920E-001, 1.824420E+000, 2.285887E+000, 5.578800E+000, 6.664013E-001, -2.486911E-001, 2.361738E-001, 2.951344E-001
1.200000E-001, 1.736309E+000, 2.410995E+000, 5.616154E+000, 7.012973E-001, -2.425993E-001, 2.589760E-001, 2.963135E-001
1.200080E-001, 1.713850E+000, 2.301972E+000, 5.593417E+000, 5.752214E-001, -2.354324E-001, 2.572038E-001, 2.912433E-001
1.200160E-001, 1.715577E+000, 1.982056E+000, 5.695735E+000, 4.356374E-001, -2.361491E-001, 2.345198E-001, 2.908895E-001
1.200240E-001, 1.864157E+000, 1.638904E+000, 5.768820E+000, 4.784131E-001, -2.394936E-001, 2.321568E-001, 3.006763E-001
1.200320E-001, 2.024830E+000, 1.581712E+000, 5.630771E+000, 6.112431E-001, -2.384186E-001, 2.438533E-001, 2.994971E-001
1.200400E-001, 1.869340E+000, 1.892693E+000, 5.492722E+000, 5.831012E-001, -2.436743E-001, 2.403089E-001, 2.820461E-001
1.200480E-001, 1.641287E+000, 2.182227E+000, 5.642140E+000, 4.367630E-001, -2.543052E-001, 2.385367E-001, 2.713161E-001
1.200560E-001, 1.653381E+000, 2.180440E+000, 5.858146E+000, 4.761617E-001, -2.509606E-001, 2.522416E-001, 2.750893E-001
1.200640E-001, 1.784684E+000, 2.092865E+000, 5.806174E+000, 6.889148E-001, -2.439132E-001, 2.598030E-001, 2.750893E-001
1.200720E-001, 1.917715E+000, 2.076780E+000, 5.591793E+000, 7.339420E-001, -2.523940E-001, 2.530687E-001, 2.681325E-001
1.200800E-001, 1.914259E+000, 2.107163E+000, 5.515460E+000, 5.898552E-001, -2.574109E-001, 2.486973E-001, 2.699012E-001
1.200880E-001, 1.727671E+000, 2.133971E+000, 5.616154E+000, 5.527079E-001, -2.476161E-001, 2.534231E-001, 2.815745E-001
1.200960E-001, 1.644743E+000, 2.028524E+000, 5.684366E+000, 6.562702E-001, -2.529913E-001, 2.568493E-001, 2.891209E-001
1.201040E-001, 1.736309E+000, 1.960609E+000, 5.681118E+000, 6.247512E-001, -2.725808E-001, 2.537776E-001, 2.828715E-001
1.201120E-001, 1.744948E+000, 2.125035E+000, 5.658381E+000, 4.401400E-001, -2.746114E-001, 2.525961E-001, 2.732027E-001
1.201200E-001, 1.636104E+000, 2.189376E+000, 5.554438E+000, 4.086211E-001, -2.644583E-001, 2.529505E-001, 2.728490E-001
1.201280E-001, 1.549721E+000, 2.146482E+000, 5.468360E+000, 5.369483E-001, -2.607554E-001, 2.433807E-001, 2.754430E-001
1.201360E-001, 1.620555E+000, 2.210823E+000, 5.591793E+000, 5.819755E-001, -2.611137E-001, 2.323931E-001, 2.762684E-001
1.201440E-001, 1.784684E+000, 2.062482E+000, 5.715224E+000, 5.853525E-001, -2.648166E-001, 2.397182E-001, 2.796879E-001
1.201520E-001, 1.710394E+000, 1.722905E+000, 5.482977E+000, 6.011120E-001, -2.711474E-001, 2.537776E-001, 2.845223E-001
1.201600E-001, 1.516895E+000, 1.789033E+000, 5.182518E+000, 5.538335E-001, -2.750892E-001, 2.492880E-001, 2.908895E-001
1.201680E-001, 1.534172E+000, 2.180440E+000, 5.260475E+000, 5.076807E-001, -2.813005E-001, 2.338109E-001, 3.017375E-001
1.201760E-001, 1.580819E+000, 2.178653E+000, 5.556062E+000, 4.975496E-001, -2.881090E-001, 2.238866E-001, 3.091660E-001
1.201840E-001, 1.570453E+000, 1.831927E+000, 5.708728E+000, 4.491455E-001, -2.879896E-001, 2.171523E-001, 3.081047E-001
1.201920E-001, 1.644743E+000, 1.790820E+000, 5.583672E+000, 3.309493E-001, -2.824950E-001, 2.138442E-001, 3.134108E-001
1.202000E-001, 1.731126E+000, 2.060694E+000, 5.366042E+000, 1.778571E-001, -2.772393E-001, 2.198697E-001, 3.281498E-001
1.202080E-001, 1.814054E+000, 2.235844E+000, 5.388779E+000, 1.452124E-001, -2.796282E-001, 2.294395E-001, 3.361678E-001
1.202160E-001, 1.846880E+000, 2.232270E+000, 5.601537E+000, 3.073101E-001, -2.836895E-001, 2.257770E-001, 3.380544E-001
1.202240E-001, 1.620555E+000, 2.203674E+000, 5.685990E+000, 4.592766E-001, -2.787921E-001, 2.087639E-001, 3.483128E-001
1.202320E-001, 1.406324E+000, 2.262653E+000, 5.601537E+000, 4.570252E-001, -2.764031E-001, 2.067555E-001, 3.623444E-001
1.202400E-001, 1.587730E+000, 2.289462E+000, 5.456992E+000, 4.074954E-001, -2.827339E-001, 2.195152E-001, 3.612832E-001
1.202480E-001, 1.817510E+000, 2.221546E+000, 5.357922E+000, 4.198779E-001, -2.842867E-001, 2.173886E-001, 3.525577E-001
1.202560E-001, 1.660292E+000, 2.205461E+000, 5.437502E+000, 4.626536E-001, -2.767615E-001, 2.093547E-001, 3.532651E-001
1.202640E-001, 1.432239E+000, 2.185802E+000, 5.625899E+000, 4.142494E-001, -2.721030E-001, 2.125446E-001, 3.518502E-001
1.202720E-001, 1.496163E+000, 2.164355E+000, 5.637268E+000, 2.949276E-001, -2.741336E-001, 2.102998E-001, 3.483128E-001
1.202800E-001, 1.589457E+000, 2.314483E+000, 5.439126E+000, 2.037477E-001, -2.717446E-001, 2.104180E-001, 3.601040E-001
1.202880E-001, 1.563542E+000, 2.439590E+000, 5.393651E+000, 1.418354E-001, -2.654139E-001, 2.286125E-001, 3.782625E-001
1.202960E-001, 1.648198E+000, 2.335930E+000, 5.612906E+000, 2.352667E-001, -2.618304E-001, 2.338109E-001, 3.885209E-001
1.203040E-001, 1.705211E+000, 2.239419E+000, 5.703856E+000, 4.210035E-001, -2.558580E-001, 2.136079E-001, 3.932374E-001
1.203120E-001, 1.554904E+000, 2.282313E+000, 5.583672E+000, 3.658453E-001, -2.513190E-001, 2.008482E-001, 3.930016E-001
1.203200E-001, 1.553176E+000, 2.284100E+000, 5.591793E+000, 2.127531E-001, -2.521551E-001, 2.059284E-001, 3.891104E-001
1.203280E-001, 1.843425E+000, 2.219759E+000, 5.799678E+000, 3.275723E-001, -2.519162E-001, 2.182156E-001, 3.904075E-001
1.203360E-001, 1.990277E+000, 2.205461E+000, 5.864642E+000, 4.739104E-001, -2.541858E-001, 2.250681E-001, 3.953598E-001
1.203440E-001, 1.755314E+000, 2.212610E+000, 5.565807E+000, 3.579656E-001, -2.596804E-001, 2.191608E-001, 3.973643E-001
1.203520E-001, 1.544538E+000, 2.201887E+000, 5.307574E+000, 2.476491E-001, -2.595609E-001, 2.088821E-001, 4.010196E-001
1.203600E-001, 1.693117E+000, 2.232270E+000, 5.437502E+000, 3.771021E-001, -2.587248E-001, 1.988397E-001, 4.083301E-001
1.203680E-001, 1.772590E+000, 2.282313E+000, 5.562559E+000, 5.279430E-001, -2.619499E-001, 1.941138E-001, 4.112779E-001
1.203760E-001, 1.546265E+000, 2.373462E+000, 5.442375E+000, 4.626536E-001, -2.673250E-001, 1.996667E-001, 4.176452E-001
1.203840E-001, 1.515167E+000, 2.455676E+000, 5.447247E+000, 3.028074E-001, -2.767615E-001, 2.002574E-001, 4.380440E-001
1.203920E-001, 1.734582E+000, 2.366313E+000, 5.624275E+000, 2.746654E-001, -2.759253E-001, 1.924598E-001, 4.536085E-001
1.204000E-001, 1.798505E+000, 2.251930E+000, 5.596665E+000, 3.523372E-001, -2.613526E-001, 1.895061E-001, 4.501890E-001
1.204080E-001, 1.729398E+000, 2.209036E+000, 5.361170E+000, 4.525225E-001, -2.519162E-001, 1.898606E-001, 4.492457E-001
1.204160E-001, 1.720760E+000, 2.089290E+000, 5.320567E+000, 5.459538E-001, -2.468994E-001, 1.887973E-001, 4.631594E-001
1.204240E-001, 1.770863E+000, 2.035673E+000, 5.606410E+000, 5.380740E-001, -2.433160E-001, 1.871432E-001, 4.684654E-001
1.204320E-001, 1.798505E+000, 2.119673E+000, 5.775316E+000, 4.142494E-001, -2.458244E-001, 1.843077E-001, 4.579712E-001
1.204400E-001, 1.803688E+000, 2.173291E+000, 5.520332E+000, 3.264466E-001, -2.449882E-001, 1.804089E-001, 4.562025E-001
1.204480E-001, 1.786412E+000, 2.226908E+000, 5.250731E+000, 3.140641E-001, -2.461827E-001, 1.714298E-001, 4.675221E-001
1.204560E-001, 1.663747E+000, 2.201887E+000, 5.346553E+000, 2.240099E-001, -2.565747E-001, 1.580793E-001, 4.748327E-001
1.204640E-001, 1.613645E+000, 2.087503E+000, 5.565807E+000, 1.294530E-001, -2.626666E-001, 1.491002E-001, 4.780163E-001
1.204720E-001, 1.758769E+000, 2.207248E+000, 5.632395E+000, 2.116274E-001, -2.654139E-001, 1.450832E-001, 4.876851E-001
1.204800E-001, 1.763952E+000, 2.475335E+000, 5.635643E+000, 3.005560E-001, -2.678028E-001, 1.433111E-001, 5.011271E-001
1.204880E-001, 1.539355E+000, 2.491421E+000, 5.609658E+000, 3.298236E-001, -2.608748E-001, 1.434292E-001, 5.091451E-001
1.204960E-001, 1.361405E+000, 2.382399E+000, 5.461864E+000, 3.939873E-001, -2.534690E-001, 1.397667E-001, 5.120929E-001
1.205040E-001, 1.345856E+000, 2.409207E+000, 5.310822E+000, 4.029927E-001, -2.588442E-001, 1.330324E-001, 5.129184E-001
1.205120E-001, 1.497891E+000, 2.305547E+000, 5.314071E+000, 4.086211E-001, -2.732975E-001, 1.270069E-001, 5.148049E-001
1.205200E-001, 1.615372E+000, 2.016013E+000, 5.422885E+000, 4.558995E-001, -2.820172E-001, 1.181460E-001, 5.219976E-001
1.205280E-001, 1.568725E+000, 2.033886E+000, 5.382283E+000, 4.367630E-001, -2.732975E-001, 1.133020E-001, 5.359112E-001
1.205360E-001, 1.573908E+000, 2.430654E+000, 5.163029E+000, 4.153751E-001, -2.701918E-001, 1.203908E-001, 5.484099E-001
1.205440E-001, 1.544538E+000, 2.759507E+000, 5.171149E+000, 4.739104E-001, -2.870340E-001, 1.238170E-001, 5.506502E-001
1.205520E-001, 1.413235E+000, 2.772018E+000, 5.284837E+000, 4.874185E-001, -2.942009E-001, 1.229900E-001, 5.532443E-001
1.205600E-001, 1.520350E+000, 2.582570E+000, 5.115930E+000, 3.309493E-001, -2.924092E-001, 1.398848E-001, 5.627952E-001
1.205680E-001, 1.729398E+000, 2.425292E+000, 5.021732E+000, 1.485895E-001, -2.993372E-001, 1.620963E-001, 5.722282E-001
1.205760E-001, 1.686207E+000, 2.350228E+000, 5.221497E+000, 1.418354E-001, -2.992177E-001, 1.604422E-001, 5.767089E-001
1.205840E-001, 1.490980E+000, 2.244781E+000, 5.320567E+000, 2.442721E-001, -2.922897E-001, 1.411844E-001, 5.690446E-001
1.205920E-001, 1.363132E+000, 2.223334E+000, 5.275092E+000, 3.298236E-001, -2.872729E-001, 1.306694E-001, 5.594937E-001
1.206000E-001, 1.489252E+000, 2.273376E+000, 5.252355E+000, 4.063697E-001, -2.741336E-001, 1.350408E-001, 5.662147E-001
1.206080E-001, 1.940174E+000, 2.191163E+000, 5.253979E+000, 4.975496E-001, -2.599193E-001, 1.398848E-001, 5.736431E-001
1.206160E-001, 2.320262E+000, 2.191163E+000, 5.343305E+000, 5.988606E-001, -2.556191E-001, 1.420115E-001, 5.682192E-001
1.206240E-001, 2.230423E+000, 2.357377E+000, 5.401772E+000, 6.675270E-001, -2.523940E-001, 1.472099E-001, 5.691625E-001
1.206320E-001, 1.903893E+000, 2.360952E+000, 5.322191E+000, 6.224999E-001, -2.472578E-001, 1.552438E-001, 5.775343E-001
1.206400E-001, 1.689662E+000, 2.284100E+000, 5.403396E+000, 4.840415E-001, -2.406881E-001, 1.643410E-001, 5.724640E-001
1.206480E-001, 1.575636E+000, 2.355590E+000, 5.632395E+000, 3.939873E-001, -2.353129E-001, 1.704846E-001, 5.589041E-001
1.206560E-001, 1.572181E+000, 2.400271E+000, 5.562559E+000, 4.210035E-001, -2.445104E-001, 1.719024E-001, 5.570175E-001
1.206640E-001, 1.684479E+000, 2.432441E+000, 5.236114E+000, 4.322603E-001, -2.612332E-001, 1.711935E-001, 5.666863E-001
1.206720E-001, 1.696573E+000, 2.537889E+000, 5.189014E+000, 3.309493E-001, -2.596804E-001, 1.714298E-001, 5.756477E-001
1.206800E-001, 1.591185E+000, 2.430654E+000, 5.471609E+000, 3.196925E-001, -2.448688E-001, 1.769827E-001, 5.785955E-001
1.206880E-001, 1.639560E+000, 2.157206E+000, 5.551190E+000, 4.671563E-001, -2.410464E-001, 1.839533E-001, 5.736431E-001
1.206960E-001, 1.801961E+000, 2.010651E+000, 5.375787E+000, 5.043037E-001, -2.485717E-001, 1.869069E-001, 5.598474E-001
1.207040E-001, 1.795050E+000, 1.899842E+000, 5.301078E+000, 4.142494E-001, -2.537079E-001, 1.886791E-001, 5.482920E-001
1.207120E-001, 1.649926E+000, 1.871246E+000, 5.317319E+000, 4.029927E-001, -2.467800E-001, 1.876158E-001, 5.524189E-001
1.207200E-001, 1.560087E+000, 2.060694E+000, 5.327064E+000, 4.232549E-001, -2.357907E-001, 1.765101E-001, 5.647997E-001
1.207280E-001, 1.579091E+000, 2.164355E+000, 5.323815E+000, 3.793534E-001, -2.388964E-001, 1.572523E-001, 5.652714E-001
1.207360E-001, 1.639560E+000, 2.003502E+000, 5.305950E+000, 3.185668E-001, -2.503634E-001, 1.435474E-001, 5.593758E-001
1.207440E-001, 1.624011E+000, 1.930225E+000, 5.354673E+000, 3.061844E-001, -2.554997E-001, 1.401211E-001, 5.658609E-001
1.207520E-001, 1.617100E+000, 2.130397E+000, 5.416389E+000, 4.086211E-001, -2.539468E-001, 1.415389E-001, 5.776522E-001
1.207600E-001, 1.736309E+000, 2.269802E+000, 5.395276E+000, 5.662160E-001, -2.474966E-001, 1.485095E-001, 5.748222E-001
1.207680E-001, 1.793322E+000, 2.239419E+000, 5.403396E+000, 5.909809E-001, -2.466605E-001, 1.578430E-001, 5.604370E-001
1.207760E-001, 1.658564E+000, 2.257291E+000, 5.489474E+000, 4.851672E-001, -2.600387E-001, 1.598515E-001, 5.591399E-001
1.207840E-001, 1.554904E+000, 2.294823E+000, 5.452119E+000, 4.615279E-001, -2.697140E-001, 1.448470E-001, 5.716386E-001
1.207920E-001, 1.665475E+000, 2.260866E+000, 5.328688E+000, 5.403254E-001, -2.641000E-001, 1.212178E-001, 5.730536E-001
1.208000E-001, 1.860702E+000, 2.248355E+000, 5.375787E+000, 5.234402E-001, -2.566942E-001, 1.181460E-001, 5.670400E-001
1.208080E-001, 1.973000E+000, 2.353803E+000, 5.456992E+000, 4.232549E-001, -2.525135E-001, 1.336231E-001, 5.721103E-001
1.208160E-001, 1.966089E+000, 2.419931E+000, 5.411517E+000, 4.052441E-001, -2.427187E-001, 1.351590E-001, 5.758834E-001
1.208240E-001, 1.846880E+000, 2.253717E+000, 5.418013E+000, 4.592766E-001, -2.289822E-001, 1.246440E-001, 5.710491E-001
1.208320E-001, 1.727671E+000, 2.135759E+000, 5.583672E+000, 5.099321E-001, -2.251598E-001, 1.261799E-001, 5.737610E-001
1.208400E-001, 1.679296E+000, 2.285887E+000, 5.715224E+000, 4.986753E-001, -2.362685E-001, 1.410663E-001, 5.829582E-001
1.208480E-001, 1.686207E+000, 2.423505E+000, 5.500843E+000, 4.705333E-001, -2.429576E-001, 1.519357E-001, 5.850806E-001
1.208560E-001, 1.750131E+000, 2.375250E+000, 5.179270E+000, 5.470794E-001, -2.339990E-001, 1.519357E-001, 5.754118E-001
1.208640E-001, 1.770863E+000, 2.173291E+000, 5.182518E+000, 6.123688E-001, -2.289822E-001, 1.488639E-001, 5.523010E-001
1.208720E-001, 1.658564E+000, 2.014226E+000, 5.210128E+000, 5.301943E-001, -2.354324E-001, 1.452014E-001, 5.322559E-001
1.208800E-001, 1.480614E+000, 2.044609E+000, 5.140291E+000, 4.626536E-001, -2.356713E-001, 1.444925E-001, 5.396844E-001
1.208880E-001, 1.332034E+000, 2.017800E+000, 5.375787E+000, 5.346970E-001, -2.264738E-001, 1.521720E-001, 5.561921E-001
1.208960E-001, 1.323396E+000, 1.953460E+000, 5.583672E+000, 6.382594E-001, -2.165596E-001, 1.560708E-001, 5.543056E-001
1.209040E-001, 1.468520E+000, 2.003502E+000, 5.317319E+000, 6.371337E-001, -2.016286E-001, 1.512268E-001, 5.472308E-001
1.209120E-001, 1.634377E+000, 1.982056E+000, 5.102937E+000, 5.200632E-001, -1.856225E-001, 1.546531E-001, 5.461696E-001
1.209200E-001, 1.827876E+000, 1.908778E+000, 5.206880E+000, 4.378887E-001, -1.843086E-001, 1.664677E-001, 5.464054E-001
1.209280E-001, 2.154406E+000, 1.928438E+000, 5.151660E+000, 4.187522E-001, -1.866975E-001, 1.704846E-001, 5.501786E-001
1.209360E-001, 2.425650E+000, 2.073205E+000, 4.929158E+000, 3.782278E-001, -1.810835E-001, 1.663495E-001, 5.494711E-001
1.209440E-001, 2.237334E+000, 2.176865E+000, 4.878810E+000, 4.255062E-001, -1.823974E-001, 1.637503E-001, 5.348500E-001
1.209520E-001, 1.561814E+000, 2.041035E+000, 4.964888E+000, 5.076807E-001, -1.944617E-001, 1.635140E-001, 5.237663E-001
1.209600E-001, 8.914782E-001, 1.914140E+000, 5.057462E+000, 4.604023E-001, -2.021063E-001, 1.604422E-001, 5.295439E-001
1.209680E-001, 7.377155E-001, 1.978481E+000, 5.234489E+000, 4.018670E-001, -1.944617E-001, 1.532353E-001, 5.362650E-001
1.209760E-001, 1.062518E+000, 2.044609E+000, 5.517084E+000, 4.142494E-001, -1.816807E-001, 1.460284E-001, 5.310768E-001
1.209840E-001, 1.456427E+000, 1.971332E+000, 5.609658E+000, 4.862928E-001, -1.870559E-001, 1.429566E-001, 5.257708E-001
1.209920E-001, 1.719033E+000, 1.801544E+000, 5.400148E+000, 5.864782E-001, -2.040175E-001, 1.453196E-001, 5.257708E-001
1.210000E-001, 1.739765E+000, 1.830140E+000, 5.325439E+000, 6.112431E-001, -1.999563E-001, 1.429566E-001, 5.211722E-001
1.210080E-001, 1.544538E+000, 2.014226E+000, 5.474857E+000, 6.123688E-001, -1.766639E-001, 1.322054E-001, 5.179886E-001
1.210160E-001, 1.528989E+000, 1.898055E+000, 5.559310E+000, 5.909809E-001, -1.645996E-001, 1.225174E-001, 5.225871E-001
1.210240E-001, 1.643015E+000, 1.740777E+000, 5.570679E+000, 4.491455E-001, -1.659135E-001, 1.104665E-001, 5.216438E-001
1.210320E-001, 1.421873E+000, 2.003502E+000, 5.507339E+000, 3.399547E-001, -1.577911E-001, 9.522565E-002, 5.158662E-001
1.210400E-001, 1.152357E+000, 2.160780E+000, 5.439126E+000, 4.300089E-001, -1.408294E-001, 9.002724E-002, 5.131541E-001
1.210480E-001, 1.275021E+000, 1.781884E+000, 5.435878E+000, 5.966093E-001, -1.438156E-001, 9.144498E-002, 5.093809E-001
1.210560E-001, 1.542810E+000, 1.544180E+000, 5.289709E+000, 6.787838E-001, -1.644802E-001, 8.541954E-002, 5.115034E-001
1.210640E-001, 1.691390E+000, 1.903417E+000, 5.163029E+000, 7.395704E-001, -1.666302E-001, 7.561342E-002, 5.227050E-001
1.210720E-001, 1.665475E+000, 2.232270E+000, 5.249106E+000, 8.465098E-001, -1.518186E-001, 7.053315E-002, 5.276573E-001
1.210800E-001, 1.613645E+000, 1.996354E+000, 5.174397E+000, 7.767177E-001, -1.503853E-001, 5.990001E-002, 5.222334E-001
1.210880E-001, 1.698300E+000, 1.654990E+000, 5.013611E+000, 4.063697E-001, -1.605384E-001, 3.709783E-002, 5.129184E-001
1.210960E-001, 1.705211E+000, 1.806905E+000, 5.137043E+000, 2.476491E-002, -1.600606E-001, 2.410178E-002, 5.060794E-001
1.211040E-001, 1.447788E+000, 2.110737E+000, 5.263723E+000, -8.892855E-002, -1.432184E-001, 2.043925E-002, 5.087914E-001
1.211120E-001, 1.079794E+000, 1.932013E+000, 5.226369E+000, -2.476491E-002, -1.270929E-001, 2.599211E-003, 5.161020E-001
1.211200E-001, 9.934108E-001, 1.533457E+000, 5.288085E+000, 3.827305E-002, -1.313930E-001, -1.146016E-002, 5.190498E-001
1.211280E-001, 1.354494E+000, 1.535244E+000, 5.405020E+000, 1.418354E-001, -1.472796E-001, -2.953649E-003, 5.140975E-001
1.211360E-001, 1.739765E+000, 1.810480E+000, 5.362794E+000, 3.354520E-001, -1.549243E-001, 1.299606E-003, 5.089093E-001
1.211440E-001, 1.748403E+000, 1.890906E+000, 5.234489E+000, 5.335713E-001, -1.501464E-001, -1.748560E-002, 5.192856E-001
1.211520E-001, 1.606734E+000, 1.792607E+000, 5.223121E+000, 6.472648E-001, -1.378432E-001, -4.146924E-002, 5.376799E-001
1.211600E-001, 1.675841E+000, 1.715756E+000, 5.247482E+000, 6.168715E-001, -1.372460E-001, -4.406845E-002, 5.429860E-001
1.211680E-001, 1.706939E+000, 1.726479E+000, 5.216624E+000, 4.986753E-001, -1.506242E-001, -3.095425E-002, 5.343783E-001
1.211760E-001, 1.465065E+000, 1.889119E+000, 5.219872E+000, 3.849818E-001, -1.528937E-001, -3.615267E-002, 5.252991E-001
1.211840E-001, 1.361405E+000, 1.973119E+000, 5.125674E+000, 2.408951E-001, -1.490713E-001, -6.249922E-002, 5.244737E-001
1.211920E-001, 1.527261E+000, 1.696096E+000, 4.994122E+000, 1.069394E-001, -1.446518E-001, -7.903966E-002, 5.268320E-001
1.212000E-001, 1.572181E+000, 1.470903E+000, 5.111057E+000, 1.440868E-001, -1.296013E-001, -7.797635E-002, 5.237663E-001
1.212080E-001, 1.494435E+000, 1.721118E+000, 5.370914E+000, 2.971790E-001, -1.280485E-001, -7.372309E-002, 5.195214E-001
1.212160E-001, 1.506529E+000, 2.012439E+000, 5.484601E+000, 3.906102E-001, -1.511020E-001, -7.762191E-002, 5.140975E-001
1.212240E-001, 1.546265E+000, 1.849799E+000, 5.364418E+000, 4.412657E-001, -1.628079E-001, -8.778246E-002, 5.069048E-001
1.212320E-001, 1.535899E+000, 1.422648E+000, 5.148412E+000, 4.986753E-001, -1.559993E-001, -9.274459E-002, 5.073764E-001
1.212400E-001, 1.449516E+000, 1.276093E+000, 5.008739E+000, 5.110577E-001, -1.555215E-001, -9.959706E-002, 5.078481E-001
1.212480E-001, 1.347583E+000, 1.567415E+000, 5.055838E+000, 4.772874E-001, -1.531326E-001, -1.120024E-001, 4.954673E-001
1.212560E-001, 1.375226E+000, 1.840863E+000, 5.150036E+000, 4.806645E-001, -1.395155E-001, -1.134201E-001, 4.832044E-001
1.212640E-001, 1.484069E+000, 1.726479E+000, 5.067207E+000, 5.200632E-001, -1.392766E-001, -1.103483E-001, 4.829686E-001
1.212720E-001, 1.527261E+000, 1.401201E+000, 4.960016E+000, 4.716590E-001, -1.491908E-001, -1.141290E-001, 4.847373E-001
1.212800E-001, 1.577363E+000, 1.286817E+000, 5.083448E+000, 2.363923E-001, -1.458462E-001, -1.156649E-001, 4.810820E-001
1.212880E-001, 1.672385E+000, 1.503074E+000, 5.322191E+000, -3.151898E-002, -1.385599E-001, -1.128294E-001, 4.775446E-001
1.212960E-001, 1.594640E+000, 1.683586E+000, 5.336808E+000, 1.238246E-002, -1.356931E-001, -1.109391E-001, 4.776626E-001
1.213040E-001, 1.345856E+000, 1.680011E+000, 5.119178E+000, 3.196925E-001, -1.313930E-001, -1.147197E-001, 4.754222E-001
1.213120E-001, 1.278476E+000, 1.687160E+000, 5.041221E+000, 4.907956E-001, -1.322291E-001, -1.275976E-001, 4.708236E-001
1.213200E-001, 1.409779E+000, 1.669288E+000, 5.161405E+000, 4.896699E-001, -1.349765E-001, -1.397667E-001, 4.715311E-001
1.213280E-001, 1.406324E+000, 1.578138E+000, 5.161405E+000, 5.279430E-001, -1.350959E-001, -1.376401E-001, 4.715311E-001
1.213360E-001, 1.326851E+000, 1.596010E+000, 5.028228E+000, 5.110577E-001, -1.392766E-001, -1.337412E-001, 4.641027E-001
1.213440E-001, 1.440878E+000, 1.713969E+000, 5.101313E+000, 2.926762E-001, -1.393960E-001, -1.442562E-001, 4.524293E-001
1.213520E-001, 1.547993E+000, 1.570989E+000, 5.335184E+000, 8.330017E-002, -1.327069E-001, -1.570160E-001, 4.369828E-001
1.213600E-001, 1.518623E+000, 1.231412E+000, 5.263723E+000, 9.905966E-002, -1.350959E-001, -1.630414E-001, 4.249558E-001
1.213680E-001, 1.534172E+000, 1.218902E+000, 4.927534E+000, 2.206329E-001, -1.454879E-001, -1.669403E-001, 4.225975E-001
1.213760E-001, 1.541082E+000, 1.486988E+000, 4.833335E+000, 2.881735E-001, -1.468018E-001, -1.672947E-001, 4.185885E-001
1.213840E-001, 1.508257E+000, 1.772948E+000, 5.031476E+000, 3.512115E-001, -1.377238E-001, -1.657588E-001, 4.123392E-001
1.213920E-001, 1.509984E+000, 1.962396E+000, 5.249106E+000, 5.256916E-001, -1.337820E-001, -1.693032E-001, 4.108063E-001
1.214000E-001, 1.382137E+000, 1.724692E+000, 5.375787E+000, 7.091771E-001, -1.380821E-001, -1.748560E-001, 4.060898E-001
1.214080E-001, 1.150629E+000, 1.326136E+000, 5.270220E+000, 7.429474E-001, -1.447712E-001, -1.714298E-001, 4.014913E-001
1.214160E-001, 1.237012E+000, 1.428009E+000, 5.072079E+000, 6.832865E-001, -1.522964E-001, -1.632777E-001, 4.051465E-001
1.214240E-001, 1.568725E+000, 1.767586E+000, 5.119178E+000, 5.977349E-001, -1.540882E-001, -1.606785E-001, 3.990151E-001
1.214320E-001, 1.598096E+000, 1.912353E+000, 5.187390E+000, 4.311346E-001, -1.508631E-001, -1.579612E-001, 3.825074E-001
1.214400E-001, 1.454699E+000, 1.921289E+000, 5.107809E+000, 2.240099E-001, -1.496686E-001, -1.519357E-001, 3.788521E-001
1.214480E-001, 1.496163E+000, 1.772948E+000, 5.151660E+000, 7.091770E-002, -1.479963E-001, -1.492184E-001, 3.769655E-001
1.214560E-001, 1.508257E+000, 1.680011E+000, 5.189014E+000, -4.277576E-002, -1.421434E-001, -1.540623E-001, 3.599861E-001
1.214640E-001, 1.401141E+000, 1.853374E+000, 5.132171E+000, -6.979203E-002, -1.355737E-001, -1.584338E-001, 3.440680E-001
1.214720E-001, 1.418418E+000, 2.058907E+000, 5.219872E+000, 6.416364E-002, -1.373654E-001, -1.476825E-001, 3.394694E-001
1.214800E-001, 1.473703E+000, 1.990992E+000, 5.224745E+000, 2.408951E-001, -1.420239E-001, -1.280702E-001, 3.359320E-001
1.214880E-001, 1.375226E+000, 1.613883E+000, 5.007115E+000, 3.467088E-001, -1.350959E-001, -1.107028E-001, 3.261453E-001
1.214960E-001, 1.380409E+000, 1.365456E+000, 4.841456E+000, 3.984900E-001, -1.268540E-001, -9.735228E-002, 3.073972E-001
1.215040E-001, 1.490980E+000, 1.528095E+000, 4.797606E+000, 3.872332E-001, -1.275707E-001, -9.392605E-002, 2.858193E-001
1.215120E-001, 1.326851E+000, 1.696096E+000, 4.948647E+000, 3.557142E-001, -1.230316E-001, -9.475307E-002, 2.796879E-001
1.215200E-001, 1.218008E+000, 1.574564E+000, 5.275092E+000, 3.568399E-001, -1.157453E-001, -9.002724E-002, 2.884134E-001
1.215280E-001, 1.465065E+000, 1.490563E+000, 5.354673E+000, 2.847965E-001, -1.162231E-001, -8.222960E-002, 2.851118E-001
1.215360E-001, 1.605006E+000, 1.612096E+000, 5.106185E+000, 1.305786E-001, -1.067867E-001, -7.514084E-002, 2.588174E-001
1.215440E-001, 1.637832E+000, 1.649628E+000, 4.986001E+000, 1.913652E-002, -8.337484E-002, -7.466826E-002, 2.358245E-001
1.215520E-001, 1.738037E+000, 1.472690E+000, 5.187390E+000, -1.575949E-002, -7.322174E-002, -7.443196E-002, 2.315797E-001
1.215600E-001, 1.544538E+000, 1.376179E+000, 5.385531E+000, 1.215732E-001, -8.755553E-002, -6.060889E-002, 2.249766E-001
1.215680E-001, 1.337217E+000, 1.574564E+000, 5.266972E+000, 3.703480E-001, -1.041588E-001, -4.383216E-002, 2.170765E-001
1.215760E-001, 1.534172E+000, 1.688947E+000, 5.042845E+000, 4.131238E-001, -9.842531E-002, -3.686154E-002, 2.229721E-001
1.215840E-001, 1.617100E+000, 1.429797E+000, 5.070455E+000, 2.949276E-001, -7.979139E-002, -3.189941E-002, 2.213213E-001
1.215920E-001, 1.409779E+000, 1.297540E+000, 5.208504E+000, 3.703480E-001, -7.346064E-002, -2.032111E-002, 2.025733E-001
1.216000E-001, 1.325124E+000, 1.547755E+000, 5.189014E+000, 5.797241E-001, -7.752188E-002, -7.206904E-003, 1.863014E-001
1.216080E-001, 1.359677E+000, 1.680011E+000, 5.119178E+000, 6.033633E-001, -7.847746E-002, -4.489547E-003, 1.774579E-001
1.216160E-001, 1.423601E+000, 1.644266E+000, 5.141915E+000, 3.906102E-001, -7.895526E-002, -1.016055E-002, 1.690862E-001
1.216240E-001, 1.492708E+000, 1.594223E+000, 5.161405E+000, 1.181962E-001, -8.301649E-002, -1.784004E-002, 1.640159E-001
1.216320E-001, 1.418418E+000, 1.335073E+000, 5.133795E+000, -1.463381E-002, -8.779442E-002, -2.185700E-002, 1.634264E-001
1.216400E-001, 1.309574E+000, 1.133114E+000, 5.141915E+000, 7.879745E-003, -9.269179E-002, -1.358679E-002, 1.549367E-001
1.216480E-001, 1.363132E+000, 1.340434E+000, 5.177646E+000, 5.515822E-002, -9.161676E-002, -2.481065E-003, 1.373678E-001
1.216560E-001, 1.437422E+000, 1.624606E+000, 5.226369E+000, 1.395841E-001, -7.071333E-002, 2.362919E-004, 1.238079E-001
1.216640E-001, 1.371771E+000, 1.642479E+000, 5.375787E+000, 3.523372E-001, -5.136272E-002, 2.008482E-003, 1.134316E-001
1.216720E-001, 1.250834E+000, 1.531670E+000, 5.543069E+000, 5.290686E-001, -6.282975E-002, 0.000000E+000, 1.050598E-001
1.216800E-001, 1.333762E+000, 1.538819E+000, 5.499218E+000, 4.874185E-001, -6.939940E-002, -9.806116E-003, 1.068285E-001
1.216880E-001, 1.599823E+000, 1.696096E+000, 5.288085E+000, 4.761617E-001, -5.291555E-002, -1.098758E-002, 1.157898E-001
1.216960E-001, 1.611917E+000, 1.817629E+000, 5.104561E+000, 6.213742E-001, -5.518506E-002, -5.907299E-003, 1.218034E-001
1.217040E-001, 1.399413E+000, 1.717543E+000, 4.995746E+000, 6.528932E-001, -6.533816E-002, -7.206904E-003, 1.162615E-001
1.217120E-001, 1.463337E+000, 1.526308E+000, 5.070455E+000, 5.290686E-001, -6.175471E-002, -3.308087E-003, 1.081255E-001
1.217200E-001, 1.689662E+000, 1.622819E+000, 5.202007E+000, 4.131238E-001, -6.820492E-002, 3.189941E-003, 1.166152E-001
1.217280E-001, 1.610189E+000, 1.974907E+000, 5.138667E+000, 3.433318E-001, -7.190781E-002, -6.143590E-003, 1.302930E-001
1.217360E-001, 1.446061E+000, 1.976694E+000, 5.169525E+000, 3.467088E-001, -6.581596E-002, -1.772190E-002, 1.266378E-001
1.217440E-001, 1.492708E+000, 1.553117E+000, 5.305950E+000, 3.838561E-001, -7.596905E-002, -1.382308E-002, 1.128420E-001
1.217520E-001, 1.530716E+000, 1.356519E+000, 5.236114E+000, 3.906102E-001, -8.313594E-002, -9.924262E-003, 1.045882E-001
1.217600E-001, 1.558359E+000, 1.517372E+000, 5.260475E+000, 4.356374E-001, -7.358009E-002, -1.559527E-002, 1.043523E-001
1.217680E-001, 1.577363E+000, 1.622819E+000, 5.453743E+000, 5.155604E-001, -7.752188E-002, -2.232959E-002, 1.016404E-001
1.217760E-001, 1.428784E+000, 1.524521E+000, 5.463488E+000, 5.200632E-001, -9.233345E-002, -2.457436E-002, 8.925958E-002
1.217840E-001, 1.425328E+000, 1.365456E+000, 5.406644E+000, 4.412657E-001, -9.197511E-002, -2.126628E-002, 8.206693E-002
1.217920E-001, 1.634377E+000, 1.333285E+000, 5.447247E+000, 3.737251E-001, -8.612215E-002, -1.453196E-002, 9.350442E-002
1.218000E-001, 1.672385E+000, 1.438733E+000, 5.479729E+000, 3.771021E-001, -8.707773E-002, -7.679489E-003, 1.008150E-001
1.218080E-001, 1.579091E+000, 1.531670E+000, 5.481353E+000, 3.613426E-001, -8.731662E-002, -5.789153E-003, 8.796255E-002
1.218160E-001, 1.487525E+000, 1.583500E+000, 5.463488E+000, 3.028074E-001, -8.552490E-002, -1.039685E-002, 8.018034E-002
1.218240E-001, 1.347583E+000, 1.626394E+000, 5.432630E+000, 3.174412E-001, -8.361373E-002, -1.075128E-002, 8.607595E-002
1.218320E-001, 1.281932E+000, 1.615670E+000, 5.364418E+000, 3.692223E-001, -7.776077E-002, -1.016055E-002, 8.760881E-002
1.218400E-001, 1.382137E+000, 1.547755E+000, 5.237738E+000, 4.165008E-001, -6.939940E-002, -2.268403E-002, 9.008496E-002
1.218480E-001, 1.589457E+000, 1.553117E+000, 5.281589E+000, 4.086211E-001, -7.835802E-002, -3.745227E-002, 9.067453E-002
1.218560E-001, 1.865885E+000, 1.696096E+000, 5.534949E+000, 2.532775E-001, -1.014115E-001, -3.556194E-002, 7.817583E-002
1.218640E-001, 1.948813E+000, 1.797969E+000, 5.546318E+000, 2.217585E-001, -9.269179E-002, -2.528324E-002, 7.664297E-002
1.218720E-001, 1.660292E+000, 1.735416E+000, 5.278340E+000, 4.649050E-001, -6.868271E-002, -2.847318E-002, 9.326860E-002
1.218800E-001, 1.404596E+000, 1.592436E+000, 5.224745E+000, 6.078660E-001, -8.170256E-002, -3.650711E-002, 1.039986E-001
1.218880E-001, 1.451244E+000, 1.497712E+000, 5.354673E+000, 4.817901E-001, -8.886945E-002, -2.599211E-002, 1.065927E-001
1.218960E-001, 1.598096E+000, 1.483414E+000, 5.271844E+000, 3.703480E-001, -8.158311E-002, -1.594971E-002, 1.080076E-001
1.219040E-001, 1.629194E+000, 1.406562E+000, 5.080200E+000, 4.716590E-001, -1.058311E-001, -2.563768E-002, 1.036449E-001
1.219120E-001, 1.458154E+000, 1.297540E+000, 5.176022E+000, 6.382594E-001, -1.048755E-001, -3.166312E-002, 9.279694E-002
1.219200E-001, 1.262927E+000, 1.385115E+000, 5.460240E+000, 6.450135E-001, -7.788022E-002, -2.433807E-002, 9.161782E-002
1.219280E-001, 1.245651E+000, 1.533457E+000, 5.486226E+000, 5.662160E-001, -9.496132E-002, -2.055740E-002, 1.023478E-001
1.219360E-001, 1.314758E+000, 1.529882E+000, 5.382283E+000, 5.650903E-001, -1.104896E-001, -2.953649E-002, 1.088330E-001
1.219440E-001, 1.356222E+000, 1.578138E+000, 5.460240E+000, 5.448281E-001, -1.060700E-001, -4.276884E-002, 1.114271E-001
1.219520E-001, 1.340673E+000, 1.676437E+000, 5.518708E+000, 5.268173E-001, -1.121619E-001, -4.241440E-002, 1.035270E-001
1.219600E-001, 1.325124E+000, 1.633543E+000, 5.482977E+000, 5.572106E-001, -1.016504E-001, -3.260829E-002, 9.197156E-002
1.219680E-001, 1.408052E+000, 1.653202E+000, 5.520332E+000, 4.255062E-001, -9.424462E-002, -3.615267E-002, 1.113092E-001
1.219760E-001, 1.433967E+000, 1.772948E+000, 5.638892E+000, 2.127531E-001, -1.094145E-001, -4.808541E-002, 1.364245E-001
1.219840E-001, 1.304392E+000, 1.728267E+000, 5.754203E+000, 1.947423E-001, -1.134758E-001, -4.997575E-002, 1.269915E-001
1.219920E-001, 1.321668E+000, 1.504861E+000, 5.729841E+000, 3.624683E-001, -1.152675E-001, -4.749468E-002, 1.159078E-001
1.220000E-001, 1.470248E+000, 1.356519E+000, 5.500843E+000, 5.346970E-001, -1.278096E-001, -4.784912E-002, 1.293498E-001
1.220080E-001, 1.440878E+000, 1.467329E+000, 5.276716E+000, 5.628389E-001, -1.402322E-001, -4.158738E-002, 1.409051E-001
1.220160E-001, 1.440878E+000, 1.683586E+000, 5.393651E+000, 4.941726E-001, -1.548049E-001, -3.674340E-002, 1.451500E-001
1.220240E-001, 1.580819E+000, 1.789033E+000, 5.630771E+000, 4.187522E-001, -1.672275E-001, -5.092091E-002, 1.535218E-001
1.220320E-001, 1.570453E+000, 1.696096E+000, 5.424510E+000, 3.478345E-001, -1.741555E-001, -6.226293E-002, 1.542292E-001
1.220400E-001, 1.425328E+000, 1.381541E+000, 5.122426E+000, 3.692223E-001, -1.782167E-001, -5.174794E-002, 1.490411E-001
1.220480E-001, 1.316485E+000, 1.224263E+000, 5.348177E+000, 4.198779E-001, -1.737971E-001, -4.241440E-002, 1.568233E-001
1.220560E-001, 1.275021E+000, 1.429797E+000, 5.737962E+000, 3.512115E-001, -1.690192E-001, -4.442289E-002, 1.713265E-001
1.220640E-001, 1.321668E+000, 1.522733E+000, 5.781813E+000, 2.847965E-001, -1.697359E-001, -4.560434E-002, 1.716802E-001
1.220720E-001, 1.370043E+000, 1.422648E+000, 5.578800E+000, 3.332007E-001, -1.712887E-001, -4.454103E-002, 1.549367E-001
1.220800E-001, 1.364860E+000, 1.562053E+000, 5.406644E+000, 4.547739E-001, -1.709304E-001, -4.324143E-002, 1.423201E-001
1.220880E-001, 1.370043E+000, 1.831927E+000, 5.333560E+000, 6.067404E-001, -1.642413E-001, -3.851559E-002, 1.486874E-001
1.220960E-001, 1.371771E+000, 1.912353E+000, 5.331936E+000, 6.709040E-001, -1.704526E-001, -3.237200E-002, 1.642518E-001
1.221040E-001, 1.366588E+000, 1.937374E+000, 5.505715E+000, 5.391997E-001, -1.909977E-001, -2.670099E-002, 1.762788E-001
1.221120E-001, 1.473703E+000, 1.890906E+000, 5.815919E+000, 3.545885E-001, -1.941033E-001, -1.831263E-002, 1.825282E-001
1.221200E-001, 1.605006E+000, 1.653202E+000, 5.978329E+000, 3.005560E-001, -1.892059E-001, -1.039685E-002, 1.868909E-001
1.221280E-001, 1.625738E+000, 1.503074E+000, 5.853273E+000, 2.600316E-001, -1.849058E-001, -8.979094E-003, 1.907820E-001
1.221360E-001, 1.627466E+000, 1.569202E+000, 5.637268E+000, 1.553435E-001, -1.736777E-001, -8.506510E-003, 1.912537E-001
1.221440E-001, 1.573908E+000, 1.626394E+000, 5.582048E+000, 1.891139E-001, -1.819196E-001, -4.843985E-003, 1.914895E-001
1.221520E-001, 1.466793E+000, 1.635330E+000, 5.621027E+000, 2.983046E-001, -2.000757E-001, -4.725839E-004, 1.901925E-001
1.221600E-001, 1.516895E+000, 1.687160E+000, 5.595041E+000, 2.397694E-001, -1.982840E-001, 8.860948E-003, 1.799341E-001
1.221680E-001, 1.679296E+000, 1.781884E+000, 5.557686E+000, 1.722287E-001, -1.974479E-001, 1.677673E-002, 1.682608E-001
1.221760E-001, 1.820965E+000, 1.848012E+000, 5.549566E+000, 2.791681E-001, -2.033008E-001, 8.624656E-003, 1.609502E-001
1.221840E-001, 1.905621E+000, 1.812267E+000, 5.476481E+000, 4.435171E-001, -1.963728E-001, -1.181460E-003, 1.569412E-001
1.221920E-001, 1.705211E+000, 1.774735E+000, 5.403396E+000, 6.450135E-001, -1.865781E-001, 3.189941E-003, 1.626010E-001
1.222000E-001, 1.437422E+000, 1.896268E+000, 5.486226E+000, 7.654610E-001, -1.874142E-001, 4.725839E-003, 1.760430E-001
1.222080E-001, 1.520350E+000, 2.121461E+000, 5.656757E+000, 5.943579E-001, -2.003146E-001, 3.544379E-004, 1.772221E-001
1.222160E-001, 1.629194E+000, 2.123248E+000, 5.752579E+000, 3.343263E-001, -2.195458E-001, 7.206904E-003, 1.583562E-001
1.222240E-001, 1.570453E+000, 1.839076E+000, 5.697359E+000, 2.487748E-001, -2.263543E-001, 2.256588E-002, 1.515173E-001
1.222320E-001, 1.539355E+000, 1.728267E+000, 5.637268E+000, 2.892992E-001, -2.253987E-001, 3.473492E-002, 1.707370E-001
1.222400E-001, 1.527261E+000, 1.842650E+000, 5.710352E+000, 3.545885E-001, -2.330434E-001, 4.052407E-002, 1.864193E-001
1.222480E-001, 1.561814E+000, 1.806905E+000, 5.721721E+000, 3.523372E-001, -2.368658E-001, 3.851559E-002, 1.874805E-001
1.222560E-001, 1.586002E+000, 1.696096E+000, 5.601537E+000, 2.363923E-001, -2.356713E-001, 3.402604E-002, 1.766326E-001
1.222640E-001, 1.427056E+000, 1.706820E+000, 5.500843E+000, 1.981193E-001, -2.455855E-001, 3.520750E-002, 1.604786E-001
1.222720E-001, 1.219736E+000, 1.710394E+000, 5.453743E+000, 3.635940E-001, -2.584859E-001, 4.335957E-002, 1.630727E-001
1.222800E-001, 1.247378E+000, 1.692522E+000, 5.476481E+000, 4.851672E-001, -2.625471E-001, 5.174794E-002, 1.758072E-001
1.222880E-001, 1.449516E+000, 1.705032E+000, 5.442375E+000, 4.187522E-001, -2.594415E-001, 5.706451E-002, 1.787550E-001
1.222960E-001, 1.530716E+000, 1.653202E+000, 5.309198E+000, 3.613426E-001, -2.544247E-001, 6.852467E-002, 1.877163E-001
1.223040E-001, 1.427056E+000, 1.680011E+000, 5.305950E+000, 3.906102E-001, -2.609943E-001, 7.714932E-002, 2.011583E-001
1.223120E-001, 1.392503E+000, 1.801544E+000, 5.458616E+000, 3.793534E-001, -2.785532E-001, 6.474400E-002, 2.000971E-001
1.223200E-001, 1.520350E+000, 1.765799E+000, 5.598289E+000, 3.309493E-001, -2.805838E-001, 5.470159E-002, 1.910179E-001
1.223280E-001, 1.568725E+000, 1.849799E+000, 5.711976E+000, 3.433318E-001, -2.672056E-001, 7.053315E-002, 1.857118E-001
1.223360E-001, 1.541082E+000, 2.189376E+000, 5.786685E+000, 2.983046E-001, -2.642194E-001, 9.274459E-002, 1.873626E-001
1.223440E-001, 1.606734E+000, 2.303760E+000, 5.749331E+000, 1.677260E-001, -2.688779E-001, 1.001878E-001, 1.957344E-001
1.223520E-001, 1.656836E+000, 2.216185E+000, 5.689239E+000, 2.116274E-001, -2.737752E-001, 1.018418E-001, 2.046957E-001
1.223600E-001, 1.724216E+000, 2.221546E+000, 5.679494E+000, 3.568399E-001, -2.818977E-001, 1.112935E-001, 2.091763E-001
1.223680E-001, 1.898710E+000, 2.117886E+000, 5.663253E+000, 2.983046E-001, -2.824950E-001, 1.214541E-001, 2.070539E-001
1.223760E-001, 1.914259E+000, 1.814054E+000, 5.647012E+000, 1.744801E-001, -2.799866E-001, 1.173190E-001, 1.998613E-001
1.223840E-001, 1.672385E+000, 1.676437E+000, 5.614530E+000, 2.217585E-001, -2.821366E-001, 1.079854E-001, 1.966777E-001
1.223920E-001, 1.406324E+000, 1.874821E+000, 5.569055E+000, 3.309493E-001, -2.740141E-001, 1.111754E-001, 2.025733E-001
1.224000E-001, 1.351039E+000, 2.051758E+000, 5.590168E+000, 3.624683E-001, -2.648166E-001, 1.170827E-001, 2.117704E-001
1.224080E-001, 1.509984E+000, 1.948098E+000, 5.689239E+000, 3.163155E-001, -2.770004E-001, 1.179097E-001, 2.104734E-001
1.224160E-001, 1.523806E+000, 1.833714E+000, 5.713600E+000, 2.611573E-001, -2.924092E-001, 1.231081E-001, 1.977389E-001
1.224240E-001, 1.440878E+000, 1.924864E+000, 5.586920E+000, 2.701627E-001, -2.912147E-001, 1.233444E-001, 1.923149E-001
1.224320E-001, 1.579091E+000, 2.058907E+000, 5.528452E+000, 2.983046E-001, -2.792699E-001, 1.188549E-001, 2.011583E-001
1.224400E-001, 1.648198E+000, 2.067843E+000, 5.567431E+000, 3.185668E-001, -2.706696E-001, 1.259436E-001, 2.084689E-001
1.224480E-001, 1.465065E+000, 1.906991E+000, 5.546318E+000, 3.118128E-001, -2.813005E-001, 1.338594E-001, 2.071718E-001
1.224560E-001, 1.290570E+000, 1.831927E+000, 5.539821E+000, 2.285126E-001, -2.980232E-001, 1.257073E-001, 2.089405E-001
1.224640E-001, 1.307847E+000, 2.116099E+000, 5.538197E+000, 1.530922E-001, -2.957537E-001, 1.161375E-001, 2.221467E-001
1.224720E-001, 1.432239E+000, 2.246568E+000, 5.478105E+000, 1.677260E-001, -2.895424E-001, 1.207452E-001, 2.392440E-001
1.224800E-001, 1.463337E+000, 1.844438E+000, 5.518708E+000, 2.161302E-001, -2.924092E-001, 1.278339E-001, 2.432530E-001
1.224880E-001, 1.459882E+000, 1.542393E+000, 5.674622E+000, 2.059990E-001, -2.953954E-001, 1.327961E-001, 2.335842E-001
1.224960E-001, 1.511712E+000, 1.676437E+000, 5.695735E+000, 1.688517E-001, -3.002928E-001, 1.452014E-001, 2.276886E-001
1.225040E-001, 1.547993E+000, 1.846225E+000, 5.562559E+000, 2.048734E-001, -3.047123E-001, 1.565434E-001, 2.340558E-001
1.225120E-001, 1.596368E+000, 1.923076E+000, 5.536573E+000, 3.084357E-001, -3.044734E-001, 1.512268E-001, 2.490307E-001
1.225200E-001, 1.554904E+000, 2.005290E+000, 5.692487E+000, 4.367630E-001, -3.059068E-001, 1.377582E-001, 2.628264E-001
1.225280E-001, 1.389047E+000, 2.033886E+000, 5.736338E+000, 5.707187E-001, -3.106847E-001, 1.392941E-001, 2.713161E-001
1.225360E-001, 1.347583E+000, 1.887331E+000, 5.569055E+000, 6.472648E-001, -3.182100E-001, 1.478006E-001, 2.794521E-001
1.225440E-001, 1.344128E+000, 1.590649E+000, 5.474857E+000, 5.650903E-001, -3.247796E-001, 1.420115E-001, 2.816924E-001
1.225520E-001, 1.183455E+000, 1.524521E+000, 5.452119E+000, 3.737251E-001, -3.270491E-001, 1.312602E-001, 2.770938E-001
1.225600E-001, 1.086705E+000, 1.842650E+000, 5.361170E+000, 3.005560E-001, -3.324243E-001, 1.301969E-001, 2.854656E-001
1.225680E-001, 1.190365E+000, 2.005290E+000, 5.320567E+000, 3.861075E-001, -3.432941E-001, 1.356316E-001, 3.010300E-001
1.225760E-001, 1.399413E+000, 1.853374E+000, 5.421261E+000, 4.547739E-001, -3.530889E-001, 1.414207E-001, 3.030345E-001
1.225840E-001, 1.509984E+000, 1.865885E+000, 5.569055E+000, 4.165008E-001, -3.548806E-001, 1.430748E-001, 2.987897E-001
1.225920E-001, 1.387320E+000, 2.057120E+000, 5.543069E+000, 2.600316E-001, -3.490276E-001, 1.415389E-001, 2.974926E-001
1.226000E-001, 1.299209E+000, 2.192950E+000, 5.335184E+000, 1.069394E-001, -3.432941E-001, 1.401211E-001, 2.957239E-001
1.226080E-001, 1.352766E+000, 2.246568E+000, 5.205256E+000, 1.666003E-001, -3.425774E-001, 1.402393E-001, 2.976106E-001
1.226160E-001, 1.332034E+000, 2.069631E+000, 5.221497E+000, 3.163155E-001, -3.484304E-001, 1.441381E-001, 3.062181E-001
1.226240E-001, 1.333762E+000, 1.733628E+000, 5.245858E+000, 2.949276E-001, -3.550000E-001, 1.430748E-001, 3.127033E-001
1.226320E-001, 1.515167E+000, 1.703245E+000, 5.296206E+000, 2.285126E-001, -3.527305E-001, 1.266525E-001, 3.156511E-001
1.226400E-001, 1.662019E+000, 1.989205E+000, 5.466736E+000, 2.836708E-001, -3.498637E-001, 1.142472E-001, 3.231975E-001
1.226480E-001, 1.487525E+000, 2.212610E+000, 5.567431E+000, 3.647196E-001, -3.613308E-001, 1.188549E-001, 3.276782E-001
1.226560E-001, 1.160995E+000, 2.125035E+000, 5.390403E+000, 4.074954E-001, -3.840259E-001, 1.253529E-001, 3.201318E-001
1.226640E-001, 1.102254E+000, 1.738990E+000, 5.189014E+000, 4.266319E-001, -3.972847E-001, 1.291336E-001, 3.154153E-001
1.226720E-001, 1.297481E+000, 1.622819E+000, 5.213376E+000, 4.502712E-001, -3.843843E-001, 1.311420E-001, 3.228438E-001
1.226800E-001, 1.392503E+000, 1.946311E+000, 5.202007E+000, 4.806645E-001, -3.665865E-001, 1.253529E-001, 3.256737E-001
1.226880E-001, 1.205914E+000, 1.996354E+000, 5.067207E+000, 4.637793E-001, -3.750673E-001, 1.194456E-001, 3.189526E-001
1.226960E-001, 9.761341E-001, 1.780097E+000, 5.161405E+000, 3.962386E-001, -3.929845E-001, 1.239351E-001, 3.169481E-001
1.227040E-001, 1.021053E+000, 1.833714E+000, 5.408268E+000, 3.804791E-001, -3.962097E-001, 1.281884E-001, 3.206034E-001
1.227120E-001, 1.211097E+000, 1.932013E+000, 5.396900E+000, 4.829158E-001, -3.929845E-001, 1.221629E-001, 3.243766E-001
1.227200E-001, 1.311302E+000, 1.880183E+000, 5.158156E+000, 5.470794E-001, -3.915512E-001, 1.144834E-001, 3.276782E-001
1.227280E-001, 1.321668E+000, 1.819416E+000, 4.977881E+000, 4.435171E-001, -3.939401E-001, 1.141290E-001, 3.289752E-001
1.227360E-001, 1.216280E+000, 1.685373E+000, 5.059086E+000, 3.669710E-001, -4.023015E-001, 1.167282E-001, 3.333380E-001
1.227440E-001, 1.078067E+000, 1.703245E+000, 5.369290E+000, 4.378887E-001, -4.149630E-001, 1.159012E-001, 3.367574E-001
1.227520E-001, 1.126441E+000, 2.042822E+000, 5.518708E+000, 4.817901E-001, -4.253550E-001, 1.144834E-001, 3.313335E-001
1.227600E-001, 1.245651E+000, 2.169716E+000, 5.349801E+000, 4.502712E-001, -4.258328E-001, 1.181460E-001, 3.285035E-001
1.227680E-001, 1.230102E+000, 1.962396E+000, 5.270220E+000, 4.322603E-001, -4.240411E-001, 1.253529E-001, 3.312155E-001
1.227760E-001, 1.205914E+000, 1.790820E+000, 5.382283E+000, 4.052441E-001, -4.238022E-001, 1.280702E-001, 3.306260E-001
1.227840E-001, 1.275021E+000, 1.713969E+000, 5.364418E+000, 3.703480E-001, -4.159186E-001, 1.245259E-001, 3.302722E-001
1.227920E-001, 1.323396E+000, 1.949885E+000, 5.257227E+000, 4.142494E-001, -4.156797E-001, 1.234625E-001, 3.313335E-001
1.228000E-001, 1.314758E+000, 2.410995E+000, 5.240986E+000, 5.425767E-001, -4.381360E-001, 1.278339E-001, 3.254378E-001
1.228080E-001, 1.283659E+000, 2.325207E+000, 5.153284E+000, 6.022376E-001, -4.505586E-001, 1.304332E-001, 3.171840E-001
1.228160E-001, 1.154084E+000, 1.789033E+000, 5.034725E+000, 5.707187E-001, -4.399277E-001, 1.273614E-001, 3.211930E-001
1.228240E-001, 1.078067E+000, 1.728267E+000, 5.128922E+000, 6.179972E-001, -4.420778E-001, 1.244077E-001, 3.318051E-001
1.228320E-001, 1.290570E+000, 2.155418E+000, 5.273468E+000, 6.618986E-001, -4.580838E-001, 1.260618E-001, 3.273244E-001
1.228400E-001, 1.468520E+000, 2.360952E+000, 5.288085E+000, 5.808498E-001, -4.691925E-001, 1.258255E-001, 3.129391E-001
1.228480E-001, 1.271566E+000, 2.173291E+000, 5.245858E+000, 5.572106E-001, -4.800623E-001, 1.194456E-001, 3.065719E-001
1.228560E-001, 1.088433E+000, 2.035673E+000, 5.130547E+000, 6.720297E-001, -4.866319E-001, 1.186186E-001, 3.032703E-001
1.228640E-001, 1.223191E+000, 2.085716E+000, 4.960016E+000, 6.540189E-001, -4.896181E-001, 1.271251E-001, 2.977284E-001
1.228720E-001, 1.340673E+000, 2.039247E+000, 4.862569E+000, 4.356374E-001, -5.025185E-001, 1.371675E-001, 2.934836E-001
1.228800E-001, 1.249106E+000, 1.915927E+000, 4.875562E+000, 4.975496E-001, -5.144634E-001, 1.448470E-001, 2.948986E-001
1.228880E-001, 1.135080E+000, 1.881970E+000, 4.994122E+000, 8.352530E-001, -5.151801E-001, 1.466192E-001, 2.984359E-001
1.228960E-001, 1.155812E+000, 1.908778E+000, 5.132171E+000, 8.104881E-001, -5.150606E-001, 1.456740E-001, 2.903000E-001
1.229040E-001, 1.176544E+000, 2.053545E+000, 5.159781E+000, 5.121834E-001, -5.151801E-001, 1.511087E-001, 2.772117E-001
1.229120E-001, 1.107437E+000, 2.191163E+000, 5.114305E+000, 4.221292E-001, -5.096855E-001, 1.544168E-001, 2.776834E-001
1.229200E-001, 1.133352E+000, 2.087503E+000, 5.112681E+000, 5.200632E-001, -5.015630E-001, 1.449651E-001, 2.861730E-001
1.229280E-001, 1.269838E+000, 2.005290E+000, 5.114305E+000, 6.832865E-001, -5.022796E-001, 1.433111E-001, 2.835790E-001
1.229360E-001, 1.390775E+000, 2.132184E+000, 5.026604E+000, 7.609583E-001, -5.175690E-001, 1.609148E-001, 2.703728E-001
1.229440E-001, 1.302664E+000, 2.125035E+000, 4.998994E+000, 6.607729E-001, -5.327389E-001, 1.728476E-001, 2.691937E-001
1.229520E-001, 1.026237E+000, 2.012439E+000, 5.172773E+000, 5.639646E-001, -5.295138E-001, 1.787549E-001, 2.816924E-001
1.229600E-001, 9.934108E-001, 2.080354E+000, 5.348177E+000, 5.628389E-001, -5.219886E-001, 1.929324E-001, 2.829894E-001
1.229680E-001, 1.209370E+000, 2.201887E+000, 5.328688E+000, 6.303796E-001, -5.437282E-001, 1.967130E-001, 2.681325E-001
1.229760E-001, 1.342400E+000, 2.309121E+000, 5.211752E+000, 7.249365E-001, -5.878046E-001, 1.869069E-001, 2.542188E-001
1.229840E-001, 1.399413E+000, 2.357377E+000, 5.146788E+000, 6.664013E-001, -5.986744E-001, 1.917509E-001, 2.510352E-001
1.229920E-001, 1.478886E+000, 2.125035E+000, 5.125674E+000, 5.076807E-001, -5.597342E-001, 2.123083E-001, 2.519785E-001
1.230000E-001, 1.503074E+000, 1.801544E+000, 5.093193E+000, 5.279430E-001, -5.237803E-001, 2.245955E-001, 2.430172E-001
1.230080E-001, 1.345856E+000, 1.692522E+000, 5.148412E+000, 6.281282E-001, -5.195996E-001, 2.237685E-001, 2.291035E-001
1.230160E-001, 1.098799E+000, 1.708607E+000, 5.284837E+000, 6.247512E-001, -5.221080E-001, 2.243592E-001, 2.312259E-001
1.230240E-001, 1.048696E+000, 1.785458E+000, 5.279964E+000, 6.303796E-001, -5.227053E-001, 2.352286E-001, 2.361782E-001
1.230320E-001, 1.230102E+000, 1.894480E+000, 5.158156E+000, 6.427621E-001, -5.394281E-001, 2.473977E-001, 2.216751E-001
1.230400E-001, 1.356222E+000, 1.892693E+000, 5.003867E+000, 5.437024E-001, -5.620037E-001, 2.469251E-001, 2.096480E-001
1.230480E-001, 1.292298E+000, 1.853374E+000, 4.948647E+000, 5.290686E-001, -5.683345E-001, 2.390093E-001, 2.135391E-001
1.230560E-001, 1.100526E+000, 1.817629E+000, 5.154908E+000, 7.879745E-001, -5.627204E-001, 2.380641E-001, 2.097659E-001
1.230640E-001, 9.865001E-001, 1.755075E+000, 5.294581E+000, 9.613289E-001, -5.556730E-001, 2.464525E-001, 2.016300E-001
1.230720E-001, 1.114348E+000, 1.839076E+000, 5.099689E+000, 7.665867E-001, -5.514923E-001, 2.561405E-001, 2.084689E-001
1.230800E-001, 1.223191E+000, 2.010651E+000, 4.921037E+000, 5.729700E-001, -5.502978E-001, 2.615752E-001, 2.110629E-001
1.230880E-001, 1.199004E+000, 2.058907E+000, 4.964888E+000, 6.393850E-001, -5.487450E-001, 2.638200E-001, 1.980926E-001
1.230960E-001, 1.204187E+000, 2.007077E+000, 5.104561E+000, 6.967946E-001, -5.505367E-001, 2.634655E-001, 1.946731E-001
1.231040E-001, 1.046969E+000, 1.889119E+000, 5.315695E+000, 5.763471E-001, -5.544785E-001, 2.657103E-001, 2.004508E-001
1.231120E-001, 8.828398E-001, 1.828352E+000, 5.426134E+000, 4.367630E-001, -5.497006E-001, 2.744531E-001, 1.899567E-001
1.231200E-001, 1.122986E+000, 1.939162E+000, 5.258851E+000, 4.131238E-001, -5.400253E-001, 2.790608E-001, 1.740385E-001
1.231280E-001, 1.268110E+000, 2.066056E+000, 5.081824E+000, 4.862928E-001, -5.400253E-001, 2.785882E-001, 1.750997E-001
1.231360E-001, 1.067701E+000, 1.990992E+000, 5.033101E+000, 5.842268E-001, -5.465949E-001, 2.869766E-001, 1.794625E-001
1.231440E-001, 1.117803E+000, 1.703245E+000, 4.987626E+000, 6.506418E-001, -5.448032E-001, 2.933564E-001, 1.767505E-001
1.231520E-001, 1.376954E+000, 1.583500E+000, 5.049342E+000, 6.709040E-001, -5.379947E-001, 2.788245E-001, 1.733310E-001
1.231600E-001, 1.425328E+000, 1.817629E+000, 5.266972E+000, 6.315053E-001, -5.427726E-001, 2.644107E-001, 1.637801E-001
1.231680E-001, 1.300936E+000, 1.965970E+000, 5.392027E+000, 5.437024E-001, -5.568675E-001, 2.730353E-001, 1.574129E-001
1.231760E-001, 1.121258E+000, 1.930225E+000, 5.372539E+000, 5.482051E-001, -5.696484E-001, 2.860314E-001, 1.692041E-001
1.231840E-001, 1.034875E+000, 1.987417E+000, 5.382283E+000, 6.483905E-001, -5.746652E-001, 2.847318E-001, 1.788729E-001
1.231920E-001, 1.026237E+000, 1.994566E+000, 5.354673E+000, 5.988606E-001, -5.655872E-001, 2.774068E-001, 1.753355E-001
1.232000E-001, 9.605850E-001, 1.817629E+000, 5.202007E+000, 4.919212E-001, -5.579425E-001, 2.704361E-001, 1.741564E-001
1.232080E-001, 9.173932E-001, 1.680011E+000, 5.135419E+000, 6.011120E-001, -5.658261E-001, 2.635837E-001, 1.742743E-001
1.232160E-001, 9.329423E-001, 1.722905E+000, 5.252355E+000, 7.080514E-001, -5.790848E-001, 2.652377E-001, 1.735668E-001
1.232240E-001, 1.022781E+000, 1.803331E+000, 5.336808E+000, 6.506418E-001, -5.858934E-001, 2.765797E-001, 1.789908E-001
1.232320E-001, 1.152357E+000, 1.760437E+000, 5.296206E+000, 6.540189E-001, -5.771737E-001, 2.818963E-001, 1.855939E-001
1.232400E-001, 1.136807E+000, 1.612096E+000, 5.289709E+000, 7.485758E-001, -5.617648E-001, 2.803604E-001, 1.906641E-001
1.232480E-001, 1.091888E+000, 1.497712E+000, 5.297830E+000, 8.307503E-001, -5.583009E-001, 2.880399E-001, 1.898387E-001
1.232560E-001, 1.190365E+000, 1.528095E+000, 5.164653E+000, 7.992313E-001, -5.593759E-001, 3.009178E-001, 1.781654E-001
1.232640E-001, 1.226646E+000, 1.647841E+000, 5.070455E+000, 5.729700E-001, -5.572258E-001, 3.006815E-001, 1.729773E-001
1.232720E-001, 1.126441E+000, 1.724692E+000, 5.158156E+000, 3.658453E-001, -5.621232E-001, 2.860314E-001, 1.848864E-001
1.232800E-001, 1.062518E+000, 1.694309E+000, 5.305950E+000, 3.332007E-001, -5.759792E-001, 2.769342E-001, 1.914895E-001
1.232880E-001, 1.119531E+000, 1.638904E+000, 5.414765E+000, 3.613426E-001, -5.918658E-001, 2.854407E-001, 1.838252E-001
1.232960E-001, 1.300936E+000, 1.726479E+000, 5.413141E+000, 4.322603E-001, -6.001077E-001, 2.967827E-001, 1.896029E-001
1.233040E-001, 1.530716E+000, 1.817629E+000, 5.310822E+000, 5.121834E-001, -5.927019E-001, 2.976097E-001, 2.029270E-001
1.233120E-001, 1.566998E+000, 1.753288E+000, 5.232865E+000, 5.358227E-001, -5.794432E-001, 2.959557E-001, 1.924328E-001
1.233200E-001, 1.366588E+000, 1.649628E+000, 5.286461E+000, 5.842268E-001, -5.691707E-001, 3.002089E-001, 1.749818E-001
1.233280E-001, 1.199004E+000, 1.547755E+000, 5.388779E+000, 6.213742E-001, -5.559119E-001, 3.072977E-001, 1.791087E-001
1.233360E-001, 1.135080E+000, 1.495925E+000, 5.426134E+000, 5.560849E-001, -5.440865E-001, 3.159223E-001, 1.926686E-001
1.233440E-001, 1.065973E+000, 1.549542E+000, 5.443999E+000, 4.930469E-001, -5.514923E-001, 3.238381E-001, 1.950269E-001
1.233520E-001, 1.121258E+000, 1.567415E+000, 5.388779E+000, 4.716590E-001, -5.715596E-001, 3.172219E-001, 1.937298E-001
1.233600E-001, 1.345856E+000, 1.504861E+000, 5.244234E+000, 4.525225E-001, -5.777709E-001, 3.028081E-001, 2.016300E-001
1.233680E-001, 1.439150E+000, 1.562053E+000, 5.202007E+000, 5.414510E-001, -5.751430E-001, 3.078884E-001, 2.046957E-001
1.233760E-001, 1.402869E+000, 1.674649E+000, 5.288085E+000, 6.607729E-001, -5.739486E-001, 3.291547E-001, 1.944373E-001
1.233840E-001, 1.420146E+000, 1.531670E+000, 5.406644E+000, 5.977349E-001, -5.642732E-001, 3.397878E-001, 1.896029E-001
1.233920E-001, 1.338945E+000, 1.270732E+000, 5.421261E+000, 5.324456E-001, -5.545980E-001, 3.324628E-001, 1.962060E-001
1.234000E-001, 1.185182E+000, 1.302902E+000, 5.253979E+000, 6.337566E-001, -5.559119E-001, 3.210026E-001, 2.002150E-001
1.234080E-001, 1.150629E+000, 1.495925E+000, 5.166277E+000, 7.103028E-001, -5.543591E-001, 3.184034E-001, 1.977389E-001
1.234160E-001, 1.240468E+000, 1.478052E+000, 5.278340E+000, 6.967946E-001, -5.500589E-001, 3.217115E-001, 1.924328E-001
1.234240E-001, 1.311302E+000, 1.420860E+000, 5.392027E+000, 6.787838E-001, -5.568675E-001, 3.251377E-001, 1.936119E-001
1.234320E-001, 1.231829E+000, 1.615670E+000, 5.338432E+000, 6.315053E-001, -5.678567E-001, 3.343531E-001, 2.048136E-001
1.234400E-001, 1.230102E+000, 1.771160E+000, 5.158156E+000, 6.022376E-001, -5.684540E-001, 3.439229E-001, 2.054031E-001
1.234480E-001, 1.345856E+000, 1.587074E+000, 5.227993E+000, 6.472648E-001, -5.615259E-001, 3.393152E-001, 1.965597E-001
1.234560E-001, 1.242195E+000, 1.370817E+000, 5.572303E+000, 6.393850E-001, -5.596148E-001, 3.292728E-001, 2.052852E-001
1.234640E-001, 1.052152E+000, 1.499499E+000, 5.663253E+000, 5.369483E-001, -5.604509E-001, 3.265555E-001, 2.182556E-001
1.234720E-001, 1.088433E+000, 1.708607E+000, 5.466736E+000, 4.468941E-001, -5.538813E-001, 3.286821E-001, 2.084689E-001
1.234800E-001, 1.211097E+000, 1.608521E+000, 5.372539E+000, 4.255062E-001, -5.477894E-001, 3.355346E-001, 1.979747E-001
1.234880E-001, 1.309574E+000, 1.431584E+000, 5.431006E+000, 5.313200E-001, -5.477894E-001, 3.462858E-001, 2.090584E-001
1.234960E-001, 1.414962E+000, 1.442307E+000, 5.463488E+000, 7.148055E-001, -5.473116E-001, 3.513661E-001, 2.182556E-001
1.235040E-001, 1.389047E+000, 1.501286E+000, 5.393651E+000, 7.204338E-001, -5.473116E-001, 3.516024E-001, 2.195526E-001
1.235120E-001, 1.242195E+000, 1.486988E+000, 5.328688E+000, 5.335713E-001, -5.462366E-001, 3.543198E-001, 2.311080E-001
1.235200E-001, 1.205914E+000, 1.549542E+000, 5.356297E+000, 5.099321E-001, -5.524479E-001, 3.538472E-001, 2.370036E-001
1.235280E-001, 1.224919E+000, 1.749714E+000, 5.400148E+000, 6.787838E-001, -5.815932E-001, 3.530202E-001, 2.261557E-001
1.235360E-001, 1.124714E+000, 1.814054E+000, 5.418013E+000, 7.305650E-001, -6.040495E-001, 3.612904E-001, 2.177839E-001
1.235440E-001, 1.086705E+000, 1.615670E+000, 5.443999E+000, 6.360080E-001, -5.910296E-001, 3.621174E-001, 2.209676E-001
1.235520E-001, 1.207642E+000, 1.372605E+000, 5.375787E+000, 5.909809E-001, -5.750236E-001, 3.506573E-001, 2.302826E-001
1.235600E-001, 1.281932E+000, 1.335073E+000, 5.266972E+000, 6.191229E-001, -5.778903E-001, 3.516024E-001, 2.403052E-001
1.235680E-001, 1.245651E+000, 1.395839E+000, 5.348177E+000, 6.033633E-001, -5.864906E-001, 3.638896E-001, 2.462008E-001
1.235760E-001, 1.166178E+000, 1.301115E+000, 5.351425E+000, 5.797241E-001, -5.911491E-001, 3.667251E-001, 2.509173E-001
1.235840E-001, 1.119531E+000, 1.311838E+000, 5.124050E+000, 5.797241E-001, -5.880435E-001, 3.694425E-001, 2.601144E-001
1.235920E-001, 1.159267E+000, 1.420860E+000, 5.128922E+000, 5.088064E-001, -5.872073E-001, 3.822022E-001, 2.684862E-001
1.236000E-001, 1.166178E+000, 1.150986E+000, 5.328688E+000, 4.333860E-001, -5.862517E-001, 3.953164E-001, 2.723773E-001
1.236080E-001, 1.110892E+000, 9.329423E-001, 5.445623E+000, 4.739104E-001, -5.734708E-001, 4.060677E-001, 2.774476E-001
1.236160E-001, 1.116075E+000, 1.297540E+000, 5.583672E+000, 6.022376E-001, -5.759792E-001, 4.131565E-001, 2.765042E-001
1.236240E-001, 1.195548E+000, 1.649628E+000, 5.538197E+000, 7.024230E-001, -5.944936E-001, 4.150468E-001, 2.641235E-001
1.236320E-001, 1.294026E+000, 1.537031E+000, 5.275092E+000, 6.900405E-001, -5.867295E-001, 4.145742E-001, 2.647130E-001
1.236400E-001, 1.371771E+000, 1.386903E+000, 5.315695E+000, 5.887296E-001, -5.746652E-001, 4.154013E-001, 2.820461E-001
1.236480E-001, 1.471976E+000, 1.428009E+000, 5.580424E+000, 5.121834E-001, -5.897157E-001, 4.257981E-001, 2.893567E-001
1.236560E-001, 1.566998E+000, 1.292179E+000, 5.560935E+000, 5.256916E-001, -5.946131E-001, 4.408026E-001, 2.873522E-001
1.236640E-001, 1.456427E+000, 1.063411E+000, 5.392027E+000, 5.707187E-001, -5.844600E-001, 4.484821E-001, 2.833432E-001
1.236720E-001, 1.224919E+000, 1.208178E+000, 5.349801E+000, 5.977349E-001, -5.880435E-001, 4.521447E-001, 2.789804E-001
1.236800E-001, 1.197276E+000, 1.445882E+000, 5.401772E+000, 6.179972E-001, -5.905519E-001, 4.543894E-001, 2.879417E-001
1.236880E-001, 1.378681E+000, 1.360094E+000, 5.530077E+000, 6.562702E-001, -5.854156E-001, 4.540350E-001, 2.997330E-001
1.236960E-001, 1.554904E+000, 1.220689E+000, 5.585296E+000, 7.046744E-001, -5.923436E-001, 4.601786E-001, 2.961956E-001
1.237040E-001, 1.582546E+000, 1.310051E+000, 5.403396E+000, 6.956689E-001, -6.016605E-001, 4.664403E-001, 2.925403E-001
1.237120E-001, 1.383864E+000, 1.454818E+000, 5.275092E+000, 5.988606E-001, -6.011828E-001, 4.589971E-001, 2.997330E-001
1.237200E-001, 1.183455E+000, 1.458393E+000, 5.482977E+000, 4.390144E-001, -5.948520E-001, 4.540350E-001, 3.044494E-001
1.237280E-001, 1.302664E+000, 1.436946E+000, 5.689239E+000, 3.568399E-001, -5.837433E-001, 4.643137E-001, 3.079868E-001
1.237360E-001, 1.503074E+000, 1.522733E+000, 5.552814E+000, 4.300089E-001, -5.839822E-001, 4.718750E-001, 3.239050E-001
1.237440E-001, 1.482342E+000, 1.579925E+000, 5.395276E+000, 5.189375E-001, -6.003466E-001, 4.728202E-001, 3.372291E-001
1.237520E-001, 1.383864E+000, 1.431584E+000, 5.452119E+000, 6.461391E-001, -6.066774E-001, 4.813267E-001, 3.325126E-001
1.237600E-001, 1.337217E+000, 1.274306E+000, 5.465112E+000, 8.059854E-001, -6.011828E-001, 4.877066E-001, 3.336917E-001
1.237680E-001, 1.359677E+000, 1.379754E+000, 5.405020E+000, 7.936029E-001, -5.941353E-001, 4.858162E-001, 3.494919E-001
1.237760E-001, 1.482342E+000, 1.562053E+000, 5.419637E+000, 7.384447E-001, -5.813543E-001, 4.919598E-001, 3.571562E-001
1.237840E-001, 1.572181E+000, 1.649628E+000, 5.455368E+000, 7.913516E-001, -5.821905E-001, 4.984579E-001, 3.608115E-001
1.237920E-001, 1.480614E+000, 1.628181E+000, 5.479729E+000, 6.934175E-001, -5.991521E-001, 4.955042E-001, 3.675325E-001
1.238000E-001, 1.218008E+000, 1.517372E+000, 5.481353E+000, 4.885442E-001, -5.985549E-001, 5.034200E-001, 3.655280E-001
1.238080E-001, 1.027964E+000, 1.533457E+000, 5.421261E+000, 4.862928E-001, -5.841017E-001, 5.172431E-001, 3.593966E-001
1.238160E-001, 1.159267E+000, 1.553117E+000, 5.349801E+000, 5.898552E-001, -5.751430E-001, 5.161797E-001, 3.590428E-001
1.238240E-001, 1.370043E+000, 1.445882E+000, 5.330312E+000, 6.416364E-001, -5.719180E-001, 5.134624E-001, 3.639951E-001
1.238320E-001, 1.340673E+000, 1.579925E+000, 5.383907E+000, 7.170568E-001, -5.835044E-001, 5.168886E-001, 3.760222E-001
1.238400E-001, 1.269838E+000, 1.719330E+000, 5.422885E+000, 8.127394E-001, -5.995105E-001, 5.167705E-001, 3.940628E-001
1.238480E-001, 1.359677E+000, 1.478052E+000, 5.333560E+000, 8.712747E-001, -6.016605E-001, 5.161797E-001, 4.043211E-001
1.238560E-001, 1.395958E+000, 1.406562E+000, 5.208504E+000, 9.050450E-001, -5.959270E-001, 5.218508E-001, 4.032599E-001
1.238640E-001, 1.266383E+000, 1.633543E+000, 5.169525E+000, 8.453841E-001, -5.784876E-001, 5.296484E-001, 4.063256E-001
1.238720E-001, 1.117803E+000, 1.601372E+000, 5.245858E+000, 6.821608E-001, -5.578231E-001, 5.314206E-001, 4.170557E-001
1.238800E-001, 1.034875E+000, 1.485201E+000, 5.439126E+000, 6.382594E-001, -5.653483E-001, 5.308298E-001, 4.216542E-001
1.238880E-001, 1.093616E+000, 1.637117E+000, 5.608034E+000, 7.429474E-001, -5.874462E-001, 5.321295E-001, 4.154049E-001
1.238960E-001, 1.281932E+000, 1.812267E+000, 5.538197E+000, 8.172421E-001, -5.824294E-001, 5.329565E-001, 4.163482E-001
1.239040E-001, 1.345856E+000, 1.737203E+000, 5.310822E+000, 8.645206E-001, -5.566286E-001, 5.418174E-001, 4.350962E-001
1.239120E-001, 1.306119E+000, 1.497712E+000, 5.219872E+000, 8.465098E-001, -5.555536E-001, 5.572945E-001, 4.538443E-001
1.239200E-001, 1.430511E+000, 1.470903E+000, 5.257227E+000, 7.148055E-001, -5.790848E-001, 5.617841E-001, 4.620982E-001
1.239280E-001, 1.677568E+000, 1.676437E+000, 5.122426E+000, 6.900405E-001, -5.854156E-001, 5.603663E-001, 4.677579E-001
1.239360E-001, 1.810599E+000, 1.715756E+000, 4.998994E+000, 7.936029E-001, -5.753819E-001, 5.671007E-001, 4.767193E-001
1.239440E-001, 1.682751E+000, 1.592436E+000, 5.242610E+000, 8.172421E-001, -5.652288E-001, 5.734805E-001, 4.933449E-001
1.239520E-001, 1.364860E+000, 1.572776E+000, 5.448871E+000, 8.622693E-001, -5.499395E-001, 5.745439E-001, 5.118571E-001
1.239600E-001, 1.136807E+000, 1.579925E+000, 5.336808E+000, 9.286842E-001, -5.381141E-001, 5.803330E-001, 5.219976E-001
1.239680E-001, 1.145446E+000, 1.467329E+000, 5.281589E+000, 8.194935E-001, -5.382336E-001, 5.900210E-001, 5.287186E-001
1.239760E-001, 1.233557E+000, 1.424435E+000, 5.346553E+000, 6.934175E-001, -5.433698E-001, 5.858859E-001, 5.354396E-001
1.239840E-001, 1.259472E+000, 1.553117E+000, 5.327064E+000, 7.339420E-001, -5.389503E-001, 5.663918E-001, 5.385053E-001
1.239920E-001, 1.259472E+000, 1.705032E+000, 5.229617E+000, 7.609583E-001, -5.151801E-001, 5.582397E-001, 5.390949E-001
1.240000E-001, 1.262927E+000, 1.799756E+000, 5.161405E+000, 6.438878E-001, -5.007268E-001, 5.640289E-001, 5.349679E-001
1.240080E-001, 1.332034E+000, 1.715756E+000, 5.224745E+000, 5.346970E-001, -5.136272E-001, 5.633200E-001, 5.323738E-001
1.240160E-001, 1.435694E+000, 1.526308E+000, 5.286461E+000, 5.752214E-001, -5.198385E-001, 5.614297E-001, 5.480562E-001
1.240240E-001, 1.390775E+000, 1.583500E+000, 5.281589E+000, 6.979203E-001, -5.082520E-001, 5.595393E-001, 5.743506E-001
1.240320E-001, 1.285387E+000, 1.830140E+000, 5.385531E+000, 8.172421E-001, -5.012046E-001, 5.468977E-001, 5.918016E-001
1.240400E-001, 1.252561E+000, 1.906991E+000, 5.476481E+000, 9.163018E-001, -5.029963E-001, 5.379186E-001, 6.035929E-001
1.240480E-001, 1.240468E+000, 1.806905E+000, 5.341681E+000, 9.084221E-001, -5.071770E-001, 5.486699E-001, 6.212797E-001
1.240560E-001, 1.332034E+000, 1.731841E+000, 5.216624E+000, 7.767177E-001, -5.022796E-001, 5.666281E-001, 6.333067E-001
1.240640E-001, 1.477159E+000, 1.737203E+000, 5.257227E+000, 6.799095E-001, -4.916488E-001, 5.696999E-001, 6.318918E-001
1.240720E-001, 1.461610E+000, 1.760437E+000, 5.169525E+000, 6.765324E-001, -4.967850E-001, 5.584760E-001, 6.364903E-001
1.240800E-001, 1.281932E+000, 1.830140E+000, 4.924285E+000, 6.551445E-001, -5.002490E-001, 5.486699E-001, 6.487532E-001
1.240880E-001, 1.135080E+000, 1.874821E+000, 4.878810E+000, 6.405107E-001, -4.834068E-001, 5.431170E-001, 6.540593E-001
1.240960E-001, 1.152357E+000, 1.674649E+000, 5.005491E+000, 7.226852E-001, -4.782706E-001, 5.386275E-001, 6.588937E-001
1.241040E-001, 1.211097E+000, 1.438733E+000, 5.070455E+000, 8.273733E-001, -4.803012E-001, 5.353194E-001, 6.699774E-001
1.241120E-001, 1.319941E+000, 1.520946E+000, 5.193887E+000, 9.264329E-001, -4.644146E-001, 5.346105E-001, 6.834195E-001
1.241200E-001, 1.471976E+000, 1.797969E+000, 5.388779E+000, 9.759627E-001, -4.591588E-001, 5.339016E-001, 6.926166E-001
1.241280E-001, 1.361405E+000, 1.932013E+000, 5.380659E+000, 8.521382E-001, -4.721787E-001, 5.276399E-001, 6.955644E-001
1.241360E-001, 1.164450E+000, 1.810480E+000, 5.237738E+000, 7.643353E-001, -4.752844E-001, 5.204330E-001, 7.082989E-001
1.241440E-001, 1.319941E+000, 1.637117E+000, 5.184142E+000, 9.151761E-001, -4.646535E-001, 5.194879E-001, 7.303485E-001
1.241520E-001, 1.501346E+000, 1.545968E+000, 5.169525E+000, 9.602032E-001, -4.574866E-001, 5.223234E-001, 7.413144E-001
1.241600E-001, 1.314758E+000, 1.476265E+000, 5.236114E+000, 7.519528E-001, -4.672813E-001, 5.223234E-001, 7.485070E-001
1.241680E-001, 1.110892E+000, 1.513797E+000, 5.427758E+000, 7.283136E-001, -4.801817E-001, 5.181882E-001, 7.653685E-001
1.241760E-001, 1.237012E+000, 1.676437E+000, 5.465112E+000, 8.667720E-001, -4.745677E-001, 5.153527E-001, 7.745656E-001
1.241840E-001, 1.565270E+000, 1.706820E+000, 5.288085E+000, 7.891002E-001, -4.602339E-001, 5.152346E-001, 7.671372E-001
1.241920E-001, 1.777773E+000, 1.628181E+000, 5.158156E+000, 6.810351E-001, -4.602339E-001, 5.152346E-001, 7.680805E-001
1.242000E-001, 1.701756E+000, 1.719330E+000, 5.122426E+000, 7.328163E-001, -4.712231E-001, 5.179520E-001, 7.809329E-001
1.242080E-001, 1.421873E+000, 1.814054E+000, 5.128922E+000, 7.677123E-001, -4.758816E-001, 5.201967E-001, 7.764522E-001
1.242160E-001, 1.185182E+000, 1.662139E+000, 5.226369E+000, 7.136798E-001, -4.768372E-001, 5.106269E-001, 7.653685E-001
1.242240E-001, 1.159267E+000, 1.537031E+000, 5.305950E+000, 6.911662E-001, -4.736121E-001, 5.025930E-001, 7.855315E-001
1.242320E-001, 1.219736E+000, 1.626394E+000, 5.187390E+000, 8.082367E-001, -4.597561E-001, 5.141713E-001, 8.133588E-001
1.242400E-001, 1.224919E+000, 1.717543E+000, 5.029852E+000, 8.611436E-001, -4.466168E-001, 5.256314E-001, 8.138304E-001
1.242480E-001, 1.171361E+000, 1.721118E+000, 5.062335E+000, 7.114284E-001, -4.417194E-001, 5.207875E-001, 8.088781E-001
1.242560E-001, 1.129897E+000, 1.696096E+000, 5.124050E+000, 5.932323E-001, -4.430333E-001, 5.142894E-001, 8.118259E-001
1.242640E-001, 1.259472E+000, 1.701458E+000, 5.070455E+000, 6.056147E-001, -4.433917E-001, 5.164161E-001, 8.176036E-001
1.242720E-001, 1.459882E+000, 1.835501E+000, 4.977881E+000, 7.035487E-001, -4.332386E-001, 5.229141E-001, 8.338755E-001
1.242800E-001, 1.423601E+000, 1.935587E+000, 4.851201E+000, 7.913516E-001, -4.245189E-001, 5.262222E-001, 8.495578E-001
1.242880E-001, 1.287115E+000, 1.749714E+000, 4.802478E+000, 7.294393E-001, -4.290579E-001, 5.245681E-001, 8.473175E-001
1.242960E-001, 1.363132E+000, 1.562053E+000, 5.024980E+000, 6.607729E-001, -4.320441E-001, 5.205511E-001, 8.392994E-001
1.243040E-001, 1.433967E+000, 1.660351E+000, 5.299454E+000, 7.429474E-001, -4.234438E-001, 5.161797E-001, 8.375308E-001
1.243120E-001, 1.261200E+000, 1.742565E+000, 5.302702E+000, 8.273733E-001, -4.117379E-001, 5.157072E-001, 8.361158E-001
1.243200E-001, 1.262927E+000, 1.696096E+000, 5.197135E+000, 7.384447E-001, -4.045710E-001, 5.167705E-001, 8.321068E-001
1.243280E-001, 1.494435E+000, 1.703245E+000, 5.124050E+000, 5.617133E-001, -3.971652E-001, 5.158253E-001, 8.304560E-001
1.243360E-001, 1.399413E+000, 1.676437E+000, 4.963264E+000, 5.425767E-001, -3.851010E-001, 5.220870E-001, 8.321068E-001
1.243440E-001, 1.183455E+000, 1.665713E+000, 4.901548E+000, 5.707187E-001, -3.804425E-001, 5.308298E-001, 8.278620E-001
1.243520E-001, 1.261200E+000, 1.810480E+000, 5.101313E+000, 4.817901E-001, -3.890428E-001, 5.262222E-001, 8.234992E-001
1.243600E-001, 1.342400E+000, 1.928438E+000, 5.195511E+000, 5.391997E-001, -3.874899E-001, 5.110995E-001, 8.355263E-001
1.243680E-001, 1.204187E+000, 1.965970E+000, 5.059086E+000, 7.643353E-001, -3.653920E-001, 4.975127E-001, 8.519161E-001
1.243760E-001, 1.033147E+000, 2.019588E+000, 5.055838E+000, 8.453841E-001, -3.497443E-001, 4.927869E-001, 8.556893E-001
1.243840E-001, 1.131624E+000, 2.089290E+000, 5.208504E+000, 7.283136E-001, -3.499832E-001, 4.944409E-001, 8.526235E-001
1.243920E-001, 1.452971E+000, 1.999928E+000, 5.281589E+000, 5.831012E-001, -3.448469E-001, 4.957405E-001, 8.540385E-001
1.244000E-001, 1.528989E+000, 1.692522E+000, 5.314071E+000, 5.909809E-001, -3.417413E-001, 5.031837E-001, 8.584012E-001
1.244080E-001, 1.356222E+000, 1.672862E+000, 5.307574E+000, 6.776581E-001, -3.484304E-001, 5.161797E-001, 8.562788E-001
1.244160E-001, 1.401141E+000, 1.969545E+000, 5.198759E+000, 6.742811E-001, -3.367245E-001, 5.126354E-001, 8.438981E-001
1.244240E-001, 1.587730E+000, 1.965970E+000, 5.156532E+000, 6.832865E-001, -3.103264E-001, 4.927869E-001, 8.330501E-001
1.244320E-001, 1.503074E+000, 1.772948E+000, 5.270220E+000, 7.238109E-001, -3.067430E-001, 4.808541E-001, 8.345830E-001
1.244400E-001, 1.363132E+000, 1.781884E+000, 5.341681E+000, 6.911662E-001, -3.202406E-001, 4.848711E-001, 8.394174E-001
1.244480E-001, 1.421873E+000, 1.881970E+000, 5.176022E+000, 6.787838E-001, -3.165377E-001, 4.900695E-001, 8.430727E-001
1.244560E-001, 1.344128E+000, 1.860523E+000, 5.041221E+000, 7.193081E-001, -2.926481E-001, 4.861707E-001, 8.433084E-001
1.244640E-001, 1.200731E+000, 1.794395E+000, 5.270220E+000, 6.731554E-001, -2.697140E-001, 4.825082E-001, 8.313993E-001
1.244720E-001, 1.345856E+000, 1.928438E+000, 5.426134E+000, 5.785984E-001, -2.586053E-001, 4.775460E-001, 8.240888E-001
1.244800E-001, 1.454699E+000, 2.076780E+000, 5.106185E+000, 5.943579E-001, -2.549025E-001, 4.671492E-001, 8.338755E-001
1.244880E-001, 1.326851E+000, 2.005290E+000, 4.739138E+000, 6.044890E-001, -2.570525E-001, 4.688032E-001, 8.362337E-001
1.244960E-001, 1.338945E+000, 1.944523E+000, 4.778116E+000, 5.324456E-001, -2.563358E-001, 4.802634E-001, 8.231454E-001
1.245040E-001, 1.471976E+000, 1.910566E+000, 5.050966E+000, 5.707187E-001, -2.387769E-001, 4.858162E-001, 8.163066E-001
1.245120E-001, 1.409779E+000, 1.792607E+000, 5.054214E+000, 6.765324E-001, -2.197847E-001, 4.906602E-001, 8.186648E-001
1.245200E-001, 1.335490E+000, 1.853374E+000, 4.812222E+000, 6.202485E-001, -2.130956E-001, 4.969220E-001, 8.157170E-001
1.245280E-001, 1.478886E+000, 2.173291E+000, 4.867442E+000, 4.727847E-001, -1.998368E-001, 4.962131E-001, 8.087602E-001
1.245360E-001, 1.603279E+000, 2.391335E+000, 5.182518E+000, 4.547739E-001, -1.767833E-001, 4.938502E-001, 8.029825E-001
1.245440E-001, 1.551448E+000, 2.309121E+000, 5.215000E+000, 5.425767E-001, -1.698553E-001, 4.936139E-001, 7.994451E-001
1.245520E-001, 1.414962E+000, 2.151844E+000, 5.018484E+000, 5.707187E-001, -1.739166E-001, 4.914873E-001, 8.019212E-001
1.245600E-001, 1.250834E+000, 2.023162E+000, 5.080200E+000, 5.673416E-001, -1.629273E-001, 4.930232E-001, 8.031004E-001
1.245680E-001, 1.145446E+000, 1.814054E+000, 5.297830E+000, 6.292539E-001, -1.516992E-001, 4.999938E-001, 7.980301E-001
1.245760E-001, 1.188638E+000, 1.713969E+000, 5.297830E+000, 5.819755E-001, -1.396349E-001, 5.046015E-001, 7.973227E-001
1.245840E-001, 1.361405E+000, 1.881970E+000, 5.120802E+000, 3.838561E-001, -1.035616E-001, 5.037744E-001, 7.987376E-001
1.245920E-001, 1.459882E+000, 2.023162E+000, 4.979505E+000, 4.086211E-001, -8.875000E-002, 4.960949E-001, 7.921346E-001
1.246000E-001, 1.375226E+000, 2.039247E+000, 5.037973E+000, 5.943579E-001, -1.020088E-001, 4.839259E-001, 7.850598E-001
1.246080E-001, 1.409779E+000, 2.173291E+000, 5.192263E+000, 5.043037E-001, -7.931360E-002, 4.783731E-001, 7.857673E-001
1.246160E-001, 1.620555E+000, 2.241206E+000, 5.185766E+000, 3.084357E-001, -5.267665E-002, 4.812086E-001, 7.907196E-001
1.246240E-001, 1.589457E+000, 2.003502E+000, 5.060710E+000, 3.028074E-001, -5.375168E-002, 4.855800E-001, 7.993272E-001
1.246320E-001, 1.290570E+000, 1.744352E+000, 4.956768E+000, 3.545885E-001, -3.248991E-002, 4.906602E-001, 8.119438E-001
1.246400E-001, 1.181727E+000, 1.683586E+000, 5.000618E+000, 4.108724E-001, -1.445323E-002, 4.926687E-001, 8.088781E-001
1.246480E-001, 1.413235E+000, 1.858736E+000, 5.172773E+000, 4.975496E-001, -1.875337E-002, 4.926687E-001, 7.829374E-001
1.246560E-001, 1.575636E+000, 2.091078E+000, 5.193887E+000, 4.851672E-001, 3.463998E-003, 4.919598E-001, 7.687879E-001
1.246640E-001, 1.497891E+000, 2.048184E+000, 5.088320E+000, 4.165008E-001, 2.699529E-002, 4.825082E-001, 7.775134E-001
1.246720E-001, 1.454699E+000, 1.919502E+000, 5.054214E+000, 4.671563E-001, 3.917901E-002, 4.776642E-001, 7.778672E-001
1.246800E-001, 1.401141E+000, 2.037460E+000, 5.033101E+000, 5.988606E-001, 7.776077E-002, 4.860525E-001, 7.691417E-001
1.246880E-001, 1.278476E+000, 2.226908E+000, 4.984377E+000, 6.427621E-001, 1.054728E-001, 4.836896E-001, 7.665476E-001
1.246960E-001, 1.344128E+000, 2.228695E+000, 5.000618E+000, 5.560849E-001, 1.000976E-001, 4.663222E-001, 7.661939E-001
1.247040E-001, 1.437422E+000, 2.032098E+000, 5.200383E+000, 4.772874E-001, 1.071450E-001, 4.542713E-001, 7.739761E-001
1.247120E-001, 1.211097E+000, 1.803331E+000, 5.435878E+000, 4.480198E-001, 1.187315E-001, 4.511995E-001, 7.858852E-001
1.247200E-001, 9.398530E-001, 1.810480E+000, 5.395276E+000, 3.906102E-001, 1.023671E-001, 4.484821E-001, 7.819941E-001
1.247280E-001, 9.381253E-001, 2.130397E+000, 5.169525E+000, 4.018670E-001, 9.997813E-002, 4.468281E-001, 7.705566E-001
1.247360E-001, 1.010687E+000, 2.368101E+000, 5.085072E+000, 4.817901E-001, 1.411878E-001, 4.439926E-001, 7.679625E-001
1.247440E-001, 1.062518E+000, 2.157206E+000, 5.145164E+000, 4.210035E-001, 1.687803E-001, 4.399756E-001, 7.660760E-001
1.247520E-001, 1.162722E+000, 1.781884E+000, 5.176022E+000, 2.892992E-001, 1.745138E-001, 4.445833E-001, 7.615953E-001
1.247600E-001, 1.193821E+000, 1.753288E+000, 5.065583E+000, 2.544032E-001, 1.968506E-001, 4.489547E-001, 7.726790E-001
1.247680E-001, 1.181727E+000, 1.982056E+000, 4.854449E+000, 2.847965E-001, 2.049731E-001, 4.430474E-001, 7.957898E-001
1.247760E-001, 1.150629E+000, 1.967758E+000, 4.831711E+000, 3.714737E-001, 1.978062E-001, 4.384397E-001, 7.985018E-001
1.247840E-001, 1.128169E+000, 1.683586E+000, 5.099689E+000, 4.851672E-001, 2.046148E-001, 4.351316E-001, 7.858852E-001
1.247920E-001, 1.242195E+000, 1.626394E+000, 5.330312E+000, 5.166861E-001, 2.099899E-001, 4.287517E-001, 7.832912E-001
1.248000E-001, 1.242195E+000, 1.965970E+000, 5.349801E+000, 4.727847E-001, 2.304156E-001, 4.276884E-001, 7.874181E-001
1.248080E-001, 1.110892E+000, 2.255504E+000, 5.239362E+000, 4.367630E-001, 2.639805E-001, 4.298151E-001, 7.931958E-001
1.248160E-001, 1.197276E+000, 2.167929E+000, 5.059086E+000, 4.356374E-001, 2.670861E-001, 4.294606E-001, 7.968510E-001
1.248240E-001, 1.268110E+000, 1.978481E+000, 4.990874E+000, 4.266319E-001, 2.748503E-001, 4.351316E-001, 7.987376E-001
1.248320E-001, 1.062518E+000, 1.962396E+000, 5.080200E+000, 4.131238E-001, 3.109236E-001, 4.474188E-001, 8.080527E-001
1.248400E-001, 9.968661E-001, 1.976694E+000, 5.111057E+000, 4.322603E-001, 3.172544E-001, 4.491910E-001, 8.094677E-001
1.248480E-001, 1.185182E+000, 1.955247E+000, 5.075327E+000, 4.018670E-001, 2.970676E-001, 4.422204E-001, 7.924883E-001
1.248560E-001, 1.223191E+000, 2.005290E+000, 5.068831E+000, 3.118128E-001, 2.976649E-001, 4.463555E-001, 7.883614E-001
1.248640E-001, 1.230102E+000, 2.130397E+000, 5.098064E+000, 3.635940E-001, 3.018456E-001, 4.566342E-001, 8.064019E-001
1.248720E-001, 1.452971E+000, 2.182227E+000, 5.189014E+000, 5.594619E-001, 2.938426E-001, 4.536805E-001, 8.151274E-001
1.248800E-001, 1.496163E+000, 2.091078E+000, 5.252355E+000, 6.089917E-001, 2.936037E-001, 4.423385E-001, 8.076990E-001
1.248880E-001, 1.160995E+000, 2.041035E+000, 5.195511E+000, 5.301943E-001, 3.062652E-001, 4.384397E-001, 8.018034E-001
1.248960E-001, 9.934108E-001, 2.019588E+000, 5.216624E+000, 5.605876E-001, 3.274075E-001, 4.444652E-001, 7.993272E-001
1.249040E-001, 1.160995E+000, 1.971332E+000, 5.344929E+000, 5.707187E-001, 3.380384E-001, 4.501362E-001, 7.975585E-001
1.249120E-001, 1.148901E+000, 2.092865E+000, 5.341681E+000, 4.165008E-001, 3.222712E-001, 4.469462E-001, 8.082885E-001
1.249200E-001, 1.003777E+000, 2.201887E+000, 5.331936E+000, 3.647196E-001, 3.157016E-001, 4.508450E-001, 8.203156E-001
1.249280E-001, 1.098799E+000, 2.094652E+000, 5.369290E+000, 5.133091E-001, 3.387551E-001, 4.676218E-001, 8.065199E-001
1.249360E-001, 1.228374E+000, 2.062482E+000, 5.218248E+000, 5.031780E-001, 3.527305E-001, 4.710480E-001, 7.946107E-001
1.249440E-001, 1.218008E+000, 2.151844E+000, 5.062335E+000, 3.219439E-001, 3.472359E-001, 4.621871E-001, 8.100572E-001
1.249520E-001, 1.174816E+000, 2.071418E+000, 5.098064E+000, 3.174412E-001, 3.360078E-001, 4.626596E-001, 8.205514E-001
1.249600E-001, 1.183455E+000, 1.808693E+000, 5.091568E+000, 4.187522E-001, 3.125959E-001, 4.591153E-001, 8.199618E-001
1.249680E-001, 1.145446E+000, 1.737203E+000, 5.018484E+000, 4.491455E-001, 2.919314E-001, 4.455285E-001, 8.205514E-001
1.249760E-001, 9.692234E-001, 1.983843E+000, 5.054214E+000, 5.065550E-001, 2.980232E-001, 4.443470E-001, 8.048691E-001
1.249840E-001, 9.294869E-001, 2.169716E+000, 5.140291E+000, 5.414510E-001, 3.184489E-001, 4.567523E-001, 7.863569E-001
1.249920E-001, 1.036602E+000, 2.200099E+000, 5.205256E+000, 4.457684E-001, 3.287214E-001, 4.638411E-001, 7.955540E-001
1.250000E-001, 9.605850E-001, 2.262653E+000, 5.227993E+000, 4.007413E-001, 3.254963E-001, 4.644318E-001, 8.126513E-001
1.250080E-001, 8.154606E-001, 2.176865E+000, 5.140291E+000, 5.144348E-001, 3.229879E-001, 4.627778E-001, 8.082885E-001
1.250160E-001, 7.860903E-001, 1.906991E+000, 5.153284E+000, 6.416364E-001, 3.251380E-001, 4.552164E-001, 7.968510E-001
1.250240E-001, 7.169834E-001, 1.833714E+000, 5.336808E+000, 6.281282E-001, 3.164183E-001, 4.565161E-001, 8.000347E-001
1.250320E-001, 6.686086E-001, 1.982056E+000, 5.343305E+000, 4.390144E-001, 2.859590E-001, 4.738835E-001, 8.089960E-001
1.250400E-001, 9.277592E-001, 2.133971E+000, 5.122426E+000, 2.802938E-001, 2.578886E-001, 4.779005E-001, 8.108826E-001
1.250480E-001, 1.297481E+000, 2.259079E+000, 5.011987E+000, 3.377034E-001, 2.580081E-001, 4.605330E-001, 8.071094E-001
1.250560E-001, 1.311302E+000, 2.125035E+000, 5.117554E+000, 4.502712E-001, 2.703113E-001, 4.507269E-001, 8.018034E-001
1.250640E-001, 1.072884E+000, 1.717543E+000, 5.189014E+000, 4.502712E-001, 2.627860E-001, 4.515539E-001, 7.993272E-001
1.250720E-001, 9.312146E-001, 1.631755E+000, 5.140291E+000, 4.029927E-001, 2.293405E-001, 4.487184E-001, 8.039258E-001
1.250800E-001, 9.657680E-001, 1.890906E+000, 5.195511E+000, 4.322603E-001, 2.019869E-001, 4.548620E-001, 8.119438E-001
1.250880E-001, 1.152357E+000, 2.007077E+000, 5.253979E+000, 5.268173E-001, 2.080787E-001, 4.725839E-001, 8.167782E-001
1.250960E-001, 1.340673E+000, 2.058907E+000, 5.018484E+000, 5.718443E-001, 2.162012E-001, 4.743561E-001, 8.128871E-001
1.251040E-001, 1.249106E+000, 2.171504E+000, 4.839832E+000, 5.662160E-001, 2.016286E-001, 4.594697E-001, 8.048691E-001
1.251120E-001, 9.985937E-001, 2.142908E+000, 5.153284E+000, 5.684673E-001, 1.930283E-001, 4.562798E-001, 8.082885E-001
1.251200E-001, 1.093616E+000, 1.976694E+000, 5.531701E+000, 5.268173E-001, 1.887281E-001, 4.633685E-001, 8.185469E-001
1.251280E-001, 1.333762E+000, 1.874821E+000, 5.447247E+000, 4.390144E-001, 1.711693E-001, 4.600604E-001, 8.172499E-001
1.251360E-001, 1.199004E+000, 1.962396E+000, 5.146788E+000, 4.052441E-001, 1.595828E-001, 4.585245E-001, 8.101751E-001
1.251440E-001, 9.329423E-001, 2.139333E+000, 5.081824E+000, 4.536482E-001, 1.475185E-001, 4.711661E-001, 8.081706E-001
1.251520E-001, 7.169834E-001, 2.225121E+000, 5.167901E+000, 4.817901E-001, 1.212399E-001, 4.782549E-001, 8.052228E-001
1.251600E-001, 6.046848E-001, 2.185802E+000, 5.211752E+000, 4.187522E-001, 1.069061E-001, 4.768372E-001, 8.016855E-001
1.251680E-001, 8.621078E-001, 2.058907E+000, 5.323815E+000, 4.232549E-001, 1.049950E-001, 4.820356E-001, 8.038079E-001
1.251760E-001, 1.079794E+000, 1.915927E+000, 5.348177E+000, 5.065550E-001, 9.400573E-002, 4.891243E-001, 7.967331E-001
1.251840E-001, 9.312146E-001, 1.810480E+000, 5.109433E+000, 4.885442E-001, 8.146366E-002, 4.911328E-001, 7.763343E-001
1.251920E-001, 9.329423E-001, 1.760437E+000, 5.021732E+000, 4.795388E-001, 7.095223E-002, 4.912510E-001, 7.698491E-001
1.252000E-001, 1.105709E+000, 1.853374E+000, 5.275092E+000, 6.033633E-001, 5.709624E-002, 4.973946E-001, 7.764522E-001
1.252080E-001, 1.031420E+000, 2.012439E+000, 5.455368E+000, 7.260622E-001, 4.395694E-002, 5.092092E-001, 7.785746E-001
1.252160E-001, 8.983889E-001, 2.017800E+000, 5.377411E+000, 7.170568E-001, 2.962315E-002, 5.168886E-001, 7.839986E-001
1.252240E-001, 9.243039E-001, 1.971332E+000, 5.289709E+000, 6.191229E-001, 1.540882E-002, 5.257496E-001, 7.862390E-001
1.252320E-001, 1.057335E+000, 2.100014E+000, 5.226369E+000, 5.887296E-001, 1.063089E-002, 5.392182E-001, 7.704387E-001
1.252400E-001, 1.268110E+000, 2.239419E+000, 5.114305E+000, 6.168715E-001, 1.278096E-002, 5.396908E-001, 7.592371E-001
1.252480E-001, 1.211097E+000, 2.162567E+000, 5.156532E+000, 5.774727E-001, 1.051144E-002, 5.295302E-001, 7.696133E-001
1.252560E-001, 9.001165E-001, 1.989205E+000, 5.227993E+000, 4.626536E-001, 1.791723E-003, 5.303573E-001, 7.804613E-001
1.252640E-001, 9.778617E-001, 1.914140E+000, 5.044469E+000, 3.793534E-001, -8.241925E-003, 5.385094E-001, 7.772776E-001
1.252720E-001, 1.219736E+000, 1.928438E+000, 4.945399E+000, 4.367630E-001, -1.027254E-002, 5.429989E-001, 7.672551E-001
1.252800E-001, 9.674957E-001, 1.890906E+000, 5.205256E+000, 5.313200E-001, -3.702894E-003, 5.477247E-001, 7.612416E-001
1.252880E-001, 6.841577E-001, 1.805118E+000, 5.502467E+000, 5.256916E-001, -7.166891E-003, 5.473703E-001, 7.640715E-001
1.252960E-001, 8.431034E-001, 1.794395E+000, 5.518708E+000, 5.572106E-001, -2.126178E-002, 5.372097E-001, 7.651327E-001
1.253040E-001, 1.026237E+000, 1.837289E+000, 5.237738E+000, 6.438878E-001, -2.400909E-002, 5.357920E-001, 7.511011E-001
1.253120E-001, 9.415807E-001, 1.887331E+000, 5.034725E+000, 5.650903E-001, -2.006730E-002, 5.485517E-001, 7.295231E-001
1.253200E-001, 7.359878E-001, 1.908778E+000, 5.202007E+000, 4.277576E-001, -2.914536E-002, 5.500876E-001, 7.145483E-001
1.253280E-001, 6.807023E-001, 1.860523E+000, 5.359546E+000, 5.155604E-001, -5.172107E-002, 5.391001E-001, 7.058228E-001
1.253360E-001, 8.500141E-001, 1.799756E+000, 5.268596E+000, 6.956689E-001, -7.596905E-002, 5.427626E-001, 6.952107E-001
1.253440E-001, 9.070272E-001, 1.856948E+000, 5.167901E+000, 7.103028E-001, -9.018338E-002, 5.640289E-001, 6.895509E-001
1.253520E-001, 7.981839E-001, 2.078567E+000, 5.114305E+000, 6.270026E-001, -9.758917E-002, 5.751346E-001, 6.968614E-001
1.253600E-001, 8.534694E-001, 2.201887E+000, 5.094817E+000, 5.560849E-001, -1.059505E-001, 5.635563E-001, 6.949748E-001
1.253680E-001, 9.571297E-001, 2.053545E+000, 5.169525E+000, 5.234402E-001, -1.139536E-001, 5.546954E-001, 6.783492E-001
1.253760E-001, 8.811122E-001, 1.948098E+000, 5.245858E+000, 5.752214E-001, -1.138341E-001, 5.621386E-001, 6.766984E-001
1.253840E-001, 8.569248E-001, 2.019588E+000, 5.158156E+000, 5.695930E-001, -1.024866E-001, 5.700544E-001, 6.870747E-001
1.253920E-001, 9.329423E-001, 1.992779E+000, 5.057462E+000, 4.941726E-001, -9.687249E-002, 5.743076E-001, 6.860135E-001
1.254000E-001, 9.243039E-001, 1.860523E+000, 5.158156E+000, 6.089917E-001, -9.484187E-002, 5.790334E-001, 6.772880E-001
1.254080E-001, 1.003777E+000, 1.858736E+000, 5.249106E+000, 7.789691E-001, -8.098587E-002, 5.822234E-001, 6.657326E-001
1.254160E-001, 1.147173E+000, 1.930225E+000, 5.215000E+000, 6.866635E-001, -7.573015E-002, 5.860040E-001, 6.524085E-001
1.254240E-001, 1.005504E+000, 2.005290E+000, 5.200383E+000, 5.234402E-001, -8.098587E-002, 5.945106E-001, 6.428576E-001
1.254320E-001, 7.670859E-001, 2.125035E+000, 5.249106E+000, 5.560849E-001, -7.095223E-002, 6.046711E-001, 6.317739E-001
1.254400E-001, 7.463538E-001, 2.119673E+000, 5.445623E+000, 6.405107E-001, -5.614065E-002, 6.088062E-001, 6.136154E-001
1.254480E-001, 7.739965E-001, 2.003502E+000, 5.643764E+000, 6.022376E-001, -5.172107E-002, 6.089243E-001, 5.974614E-001
1.254560E-001, 7.187111E-001, 2.008864E+000, 5.494346E+000, 5.110577E-001, -5.052659E-002, 6.102239E-001, 5.875568E-001
1.254640E-001, 6.789746E-001, 1.985630E+000, 5.190639E+000, 4.772874E-001, -5.363224E-002, 6.167220E-001, 5.763551E-001
1.254720E-001, 7.653582E-001, 1.878395E+000, 5.187390E+000, 5.020523E-001, -5.602120E-002, 6.265281E-001, 5.640922E-001
1.254800E-001, 9.381253E-001, 1.949885E+000, 5.443999E+000, 5.279430E-001, -4.969045E-002, 6.291273E-001, 5.572534E-001
1.254880E-001, 1.052152E+000, 2.019588E+000, 5.554438E+000, 5.966093E-001, -4.419583E-002, 6.240470E-001, 5.515935E-001
1.254960E-001, 1.122986E+000, 1.864097E+000, 5.414765E+000, 6.844122E-001, -3.416218E-002, 6.214478E-001, 5.403919E-001
1.255040E-001, 1.095343E+000, 1.713969E+000, 5.304326E+000, 6.405107E-001, -1.469213E-002, 6.201482E-001, 5.311947E-001
1.255120E-001, 8.482864E-001, 1.717543E+000, 5.336808E+000, 5.121834E-001, -4.539031E-003, 6.147135E-001, 5.274215E-001
1.255200E-001, 6.910684E-001, 1.896268E+000, 5.379035E+000, 4.604023E-001, -6.808547E-003, 6.095151E-001, 5.207005E-001
1.255280E-001, 9.139379E-001, 2.167929E+000, 5.281589E+000, 4.547739E-001, -2.866757E-003, 6.065614E-001, 5.157482E-001
1.255360E-001, 1.174816E+000, 2.232270E+000, 5.150036E+000, 4.288833E-001, 1.122813E-002, 6.013630E-001, 5.155124E-001
1.255440E-001, 1.038330E+000, 2.051758E+000, 5.247482E+000, 4.221292E-001, 2.138123E-002, 5.943924E-001, 5.065511E-001
1.255520E-001, 7.411708E-001, 1.971332E+000, 5.330312E+000, 4.300089E-001, 3.237046E-002, 5.900210E-001, 4.920478E-001
1.255600E-001, 7.187111E-001, 2.066056E+000, 5.262099E+000, 4.052441E-001, 5.052659E-002, 5.902573E-001, 4.839119E-001
1.255680E-001, 7.912732E-001, 2.148269E+000, 5.357922E+000, 3.298236E-001, 4.491252E-002, 5.888395E-001, 4.781342E-001
1.255760E-001, 7.066174E-001, 2.228695E+000, 5.422885E+000, 2.847965E-001, 1.051144E-002, 5.777338E-001, 4.644564E-001
1.255840E-001, 7.446262E-001, 2.271589E+000, 5.257227E+000, 4.255062E-001, 3.702894E-003, 5.682821E-001, 4.493636E-001
1.255920E-001, 9.726787E-001, 2.191163E+000, 5.283213E+000, 6.664013E-001, 4.049294E-002, 5.725354E-001, 4.442934E-001
1.256000E-001, 1.033147E+000, 1.992779E+000, 5.547942E+000, 7.035487E-001, 6.784657E-002, 5.763161E-001, 4.414635E-001
1.256080E-001, 8.845675E-001, 1.819416E+000, 5.560935E+000, 4.964240E-001, 8.564436E-002, 5.756072E-001, 4.365112E-001
1.256160E-001, 8.966612E-001, 1.983843E+000, 5.273468E+000, 3.669710E-001, 1.133563E-001, 5.839955E-001, 4.277857E-001
1.256240E-001, 1.150629E+000, 2.237632E+000, 5.158156E+000, 4.581509E-001, 9.746972E-002, 5.860040E-001, 4.121034E-001
1.256320E-001, 1.162722E+000, 2.087503E+000, 5.380659E+000, 4.941726E-001, 5.195996E-002, 5.661555E-001, 3.990151E-001
1.256400E-001, 8.327374E-001, 1.851587E+000, 5.510587E+000, 3.433318E-001, 4.670424E-002, 5.494969E-001, 3.907612E-001
1.256480E-001, 8.016393E-001, 1.917715E+000, 5.268596E+000, 2.352667E-001, 5.195996E-002, 5.513873E-001, 3.816820E-001
1.256560E-001, 1.093616E+000, 2.062482E+000, 4.981129E+000, 3.590913E-001, 5.685734E-002, 5.563494E-001, 3.701266E-001
1.256640E-001, 1.065973E+000, 2.180440E+000, 4.973009E+000, 5.763471E-001, 9.675304E-002, 5.539865E-001, 3.616369E-001
1.256720E-001, 8.880228E-001, 2.276951E+000, 5.141915E+000, 5.842268E-001, 1.311541E-001, 5.457162E-001, 3.619906E-001
1.256800E-001, 1.026237E+000, 2.201887E+000, 5.310822E+000, 4.457684E-001, 1.309152E-001, 5.418174E-001, 3.563308E-001
1.256880E-001, 1.159267E+000, 2.039247E+000, 5.382283E+000, 5.211889E-001, 1.292429E-001, 5.432352E-001, 3.382903E-001
1.256960E-001, 9.674957E-001, 1.906991E+000, 5.257227E+000, 6.877892E-001, 1.376043E-001, 5.320113E-001, 3.231975E-001
1.257040E-001, 7.705412E-001, 1.774735E+000, 5.070455E+000, 6.044890E-001, 1.484741E-001, 5.153527E-001, 3.079868E-001
1.257120E-001, 8.154606E-001, 1.831927E+000, 5.046093E+000, 4.660307E-001, 1.583883E-001, 5.146438E-001, 2.940732E-001
1.257200E-001, 8.672908E-001, 2.071418E+000, 5.094817E+000, 5.088064E-001, 1.543271E-001, 5.206693E-001, 2.959598E-001
1.257280E-001, 8.137330E-001, 2.158993E+000, 5.081824E+000, 5.256916E-001, 1.328264E-001, 5.246863E-001, 2.983180E-001
1.257360E-001, 9.225762E-001, 2.146482E+000, 5.124050E+000, 4.401400E-001, 1.238678E-001, 5.355557E-001, 2.834611E-001
1.257440E-001, 1.057335E+000, 2.182227E+000, 5.336808E+000, 4.502712E-001, 1.458462E-001, 5.472522E-001, 2.703728E-001
1.257520E-001, 8.793845E-001, 2.121461E+000, 5.518708E+000, 4.975496E-001, 1.715276E-001, 5.461888E-001, 2.721415E-001
1.257600E-001, 7.463538E-001, 2.035673E+000, 5.458616E+000, 4.311346E-001, 1.804862E-001, 5.407541E-001, 2.720236E-001
1.257680E-001, 9.208485E-001, 2.108950E+000, 5.325439E+000, 4.063697E-001, 1.798890E-001, 5.466614E-001, 2.582279E-001
1.257760E-001, 1.026237E+000, 2.187589E+000, 5.232865E+000, 4.795388E-001, 1.835919E-001, 5.639107E-001, 2.346454E-001
1.257840E-001, 9.139379E-001, 2.155418E+000, 5.151660E+000, 5.279430E-001, 2.034203E-001, 5.760798E-001, 2.111809E-001
1.257920E-001, 7.999116E-001, 2.226908E+000, 5.213376E+000, 5.819755E-001, 2.275488E-001, 5.743076E-001, 2.038703E-001
1.258000E-001, 7.964563E-001, 2.380611E+000, 5.333560E+000, 6.033633E-001, 2.279072E-001, 5.695817E-001, 2.056390E-001
1.258080E-001, 8.327374E-001, 2.259079E+000, 5.338432E+000, 5.166861E-001, 2.097510E-001, 5.696999E-001, 1.933761E-001
1.258160E-001, 7.809072E-001, 1.862310E+000, 5.392027E+000, 4.581509E-001, 2.042564E-001, 5.717084E-001, 1.809953E-001
1.258240E-001, 6.357829E-001, 1.604947E+000, 5.432630E+000, 5.043037E-001, 2.145289E-001, 5.689910E-001, 1.837073E-001
1.258320E-001, 6.686086E-001, 1.712181E+000, 5.353049E+000, 5.459538E-001, 2.210986E-001, 5.593030E-001, 1.762788E-001
1.258400E-001, 9.934108E-001, 1.971332E+000, 5.416389E+000, 5.425767E-001, 2.193069E-001, 5.570583E-001, 1.495127E-001
1.258480E-001, 1.245651E+000, 1.990992E+000, 5.526828E+000, 5.369483E-001, 2.232487E-001, 5.675732E-001, 1.367782E-001
1.258560E-001, 1.199004E+000, 1.819416E+000, 5.450495E+000, 4.817901E-001, 2.374630E-001, 5.790334E-001, 1.462112E-001
1.258640E-001, 1.014143E+000, 1.898055E+000, 5.283213E+000, 3.725994E-001, 2.437938E-001, 5.861222E-001, 1.492769E-001
1.258720E-001, 9.312146E-001, 2.178653E+000, 5.093193E+000, 3.500858E-001, 2.366269E-001, 5.830504E-001, 1.419664E-001
1.258800E-001, 9.588574E-001, 2.344867E+000, 5.015235E+000, 3.996156E-001, 2.285044E-001, 5.727717E-001, 1.322976E-001
1.258880E-001, 8.724738E-001, 2.402058E+000, 5.197135E+000, 4.311346E-001, 2.160818E-001, 5.730080E-001, 1.210959E-001
1.258960E-001, 7.359878E-001, 2.316270E+000, 5.385531E+000, 4.626536E-001, 2.000757E-001, 5.852951E-001, 1.201526E-001
1.259040E-001, 8.845675E-001, 2.105376E+000, 5.366042E+000, 4.919212E-001, 1.986423E-001, 5.919113E-001, 1.219213E-001
1.259120E-001, 1.230102E+000, 1.998141E+000, 5.263723E+000, 5.425767E-001, 1.993590E-001, 5.836411E-001, 1.142570E-001
1.259200E-001, 1.283659E+000, 2.001715E+000, 5.237738E+000, 5.752214E-001, 1.894448E-001, 5.653285E-001, 1.131958E-001
1.259280E-001, 1.074611E+000, 2.039247E+000, 5.380659E+000, 5.290686E-001, 1.895643E-001, 5.507965E-001, 1.197989E-001
1.259360E-001, 1.062518E+000, 2.173291E+000, 5.547942E+000, 4.795388E-001, 1.930283E-001, 5.535139E-001, 1.202705E-001
1.259440E-001, 1.209370E+000, 2.309121E+000, 5.508963E+000, 3.804791E-001, 1.837113E-001, 5.640289E-001, 1.242795E-001
1.259520E-001, 1.112620E+000, 2.259079E+000, 5.348177E+000, 2.622829E-001, 1.705720E-001, 5.640289E-001, 1.404335E-001
1.259600E-001, 8.016393E-001, 2.094652E+000, 5.223121E+000, 3.478345E-001, 1.506242E-001, 5.610752E-001, 1.525785E-001
1.259680E-001, 7.048897E-001, 2.053545E+000, 5.182518E+000, 4.952983E-001, 1.276901E-001, 5.658011E-001, 1.473903E-001
1.259760E-001, 9.294869E-001, 2.094652E+000, 5.288085E+000, 4.941726E-001, 1.215983E-001, 5.692273E-001, 1.387827E-001
1.259840E-001, 1.064245E+000, 2.048184E+000, 5.349801E+000, 5.065550E-001, 1.221955E-001, 5.695817E-001, 1.451500E-001
1.259920E-001, 9.830447E-001, 2.082141E+000, 5.122426E+000, 5.110577E-001, 1.125202E-001, 5.688729E-001, 1.620114E-001
1.260000E-001, 1.048696E+000, 2.200099E+000, 4.943775E+000, 3.286979E-001, 1.017699E-001, 5.614297E-001, 1.755714E-001
1.260080E-001, 1.249106E+000, 2.158993E+000, 5.086696E+000, 1.463381E-001, 8.492766E-002, 5.571764E-001, 1.834715E-001
1.260160E-001, 1.169633E+000, 2.060694E+000, 5.133795E+000, 1.891139E-001, 6.008244E-002, 5.658011E-001, 1.860655E-001
1.260240E-001, 7.325324E-001, 2.142908E+000, 5.054214E+000, 3.185668E-001, 4.980990E-002, 5.725354E-001, 1.824103E-001
1.260320E-001, 4.025473E-001, 2.316270E+000, 5.158156E+000, 3.816048E-001, 4.503197E-002, 5.706450E-001, 1.812311E-001
1.260400E-001, 5.027522E-001, 2.305547E+000, 5.289709E+000, 4.221292E-001, 2.532302E-002, 5.680459E-001, 1.954985E-001
1.260480E-001, 6.876130E-001, 2.198312E+000, 5.333560E+000, 4.412657E-001, 8.122477E-003, 5.667462E-001, 2.186093E-001
1.260560E-001, 6.616979E-001, 2.219759E+000, 5.294581E+000, 4.187522E-001, -4.777928E-003, 5.709995E-001, 2.298110E-001
1.260640E-001, 7.169834E-001, 2.214397E+000, 5.182518E+000, 4.097467E-001, -3.607335E-002, 5.759616E-001, 2.331125E-001
1.260720E-001, 9.018442E-001, 2.062482E+000, 5.202007E+000, 4.266319E-001, -6.486037E-002, 5.715902E-001, 2.413664E-001
1.260800E-001, 9.139379E-001, 1.958821E+000, 5.403396E+000, 3.703480E-001, -6.760768E-002, 5.714720E-001, 2.499740E-001
1.260880E-001, 8.223713E-001, 2.008864E+000, 5.593417E+000, 2.375180E-001, -7.047443E-002, 5.796242E-001, 2.589353E-001
1.260960E-001, 7.809072E-001, 2.071418E+000, 5.539821E+000, 1.992450E-001, -9.197511E-002, 5.748983E-001, 2.697833E-001
1.261040E-001, 8.413757E-001, 2.058907E+000, 5.279964E+000, 3.241952E-001, -1.212399E-001, 5.706450E-001, 2.792162E-001
1.261120E-001, 9.934108E-001, 2.041035E+000, 5.263723E+000, 4.345117E-001, -1.425017E-001, 5.893121E-001, 2.933657E-001
1.261200E-001, 9.761341E-001, 2.108950E+000, 5.478105E+000, 3.872332E-001, -1.477574E-001, 6.001815E-001, 3.123496E-001
1.261280E-001, 7.498091E-001, 2.182227E+000, 5.387156E+000, 2.847965E-001, -1.545660E-001, 5.943924E-001, 3.262632E-001
1.261360E-001, 6.927960E-001, 2.148269E+000, 5.257227E+000, 3.005560E-001, -1.810835E-001, 5.956920E-001, 3.362858E-001
1.261440E-001, 7.930009E-001, 2.157206E+000, 5.455368E+000, 4.052441E-001, -2.162012E-001, 5.938017E-001, 3.478412E-001
1.261520E-001, 6.219615E-001, 2.259079E+000, 5.440751E+000, 3.951129E-001, -2.501245E-001, 5.828141E-001, 3.555055E-001
1.261600E-001, 3.973643E-001, 2.314483E+000, 5.215000E+000, 2.397694E-001, -2.792699E-001, 5.786790E-001, 3.593966E-001
1.261680E-001, 6.064125E-001, 2.366313E+000, 5.335184E+000, 1.564692E-001, -2.931259E-001, 5.828141E-001, 3.697729E-001
1.261760E-001, 9.847724E-001, 2.364526E+000, 5.567431E+000, 2.836708E-001, -3.005317E-001, 5.888395E-001, 3.825074E-001
1.261840E-001, 1.117803E+000, 2.264440E+000, 5.469985E+000, 4.682820E-001, -3.172544E-001, 5.909662E-001, 3.845119E-001
1.261920E-001, 1.086705E+000, 2.285887E+000, 5.234489E+000, 4.896699E-001, -3.395912E-001, 5.850589E-001, 3.834507E-001
1.262000E-001, 1.052152E+000, 2.337718E+000, 5.218248E+000, 4.108724E-001, -3.577473E-001, 5.761979E-001, 3.961852E-001
1.262080E-001, 1.098799E+000, 2.194738E+000, 5.383907E+000, 3.827305E-001, -3.737534E-001, 5.727717E-001, 4.149332E-001
1.262160E-001, 1.181727E+000, 2.148269E+000, 5.474857E+000, 3.568399E-001, -4.009876E-001, 5.752528E-001, 4.240125E-001
1.262240E-001, 1.114348E+000, 2.312696E+000, 5.471609E+000, 2.769168E-001, -4.445862E-001, 5.791516E-001, 4.280215E-001
1.262320E-001, 8.534694E-001, 2.414569E+000, 5.484601E+000, 1.846112E-001, -4.776733E-001, 5.831685E-001, 4.373366E-001
1.262400E-001, 6.737916E-001, 2.436016E+000, 5.427758E+000, 2.352667E-001, -4.720592E-001, 5.828141E-001, 4.510144E-001
1.262480E-001, 6.997067E-001, 2.432441E+000, 5.247482E+000, 4.142494E-001, -4.528281E-001, 5.761979E-001, 4.620982E-001
1.262560E-001, 6.807023E-001, 2.334143E+000, 5.169525E+000, 4.401400E-001, -4.613089E-001, 5.698180E-001, 4.668146E-001
1.262640E-001, 6.668810E-001, 2.262653E+000, 5.320567E+000, 3.422061E-001, -4.904543E-001, 5.679277E-001, 4.694087E-001
1.262720E-001, 9.139379E-001, 2.362739E+000, 5.432630E+000, 3.388290E-001, -5.175690E-001, 5.653285E-001, 4.763655E-001
1.262800E-001, 1.174816E+000, 2.453888E+000, 5.414765E+000, 3.534628E-001, -5.401447E-001, 5.548135E-001, 4.876851E-001
1.262880E-001, 1.169633E+000, 2.409207E+000, 5.481353E+000, 3.512115E-001, -5.511339E-001, 5.431170E-001, 4.966464E-001
1.262960E-001, 1.033147E+000, 2.314483E+000, 5.538197E+000, 4.153751E-001, -5.498200E-001, 5.405178E-001, 5.018346E-001
1.263040E-001, 9.363976E-001, 2.153631E+000, 5.424510E+000, 4.333860E-001, -5.640343E-001, 5.413449E-001, 5.063152E-001
1.263120E-001, 8.845675E-001, 2.037460E+000, 5.328688E+000, 3.467088E-001, -5.942547E-001, 5.412267E-001, 5.036033E-001
1.263200E-001, 7.912732E-001, 2.207248E+000, 5.362794E+000, 3.118128E-001, -6.054829E-001, 5.427626E-001, 5.036033E-001
1.263280E-001, 6.478766E-001, 2.505718E+000, 5.405020E+000, 3.748507E-001, -6.046467E-001, 5.407541E-001, 5.179886E-001
1.263360E-001, 5.856804E-001, 2.450314E+000, 5.361170E+000, 4.378887E-001, -6.121720E-001, 5.366190E-001, 5.229409E-001
1.263440E-001, 5.476717E-001, 2.049971E+000, 5.250731E+000, 4.243806E-001, -6.152776E-001, 5.352013E-001, 5.146870E-001
1.263520E-001, 4.301901E-001, 1.856948E+000, 5.224745E+000, 3.455831E-001, -6.201750E-001, 5.362646E-001, 5.140975E-001
1.263600E-001, 5.234843E-001, 2.041035E+000, 5.405020E+000, 3.568399E-001, -6.368977E-001, 5.385094E-001, 5.177527E-001
1.263680E-001, 7.860903E-001, 2.162567E+000, 5.569055E+000, 4.153751E-001, -6.513510E-001, 5.343742E-001, 5.248275E-001
1.263760E-001, 7.964563E-001, 2.123248E+000, 5.547942E+000, 3.219439E-001, -6.623402E-001, 5.239774E-001, 5.350859E-001
1.263840E-001, 8.102776E-001, 2.268015E+000, 5.588544E+000, 2.510262E-001, -6.752406E-001, 5.232685E-001, 5.373262E-001
1.263920E-001, 9.243039E-001, 2.466399E+000, 5.637268E+000, 3.635940E-001, -6.861104E-001, 5.342561E-001, 5.339067E-001
1.264000E-001, 7.308048E-001, 2.391335E+000, 5.465112E+000, 4.198779E-001, -6.858715E-001, 5.362646E-001, 5.303693E-001
1.264080E-001, 5.684037E-001, 2.235844E+000, 5.317319E+000, 3.433318E-001, -6.802574E-001, 5.272855E-001, 5.291902E-001
1.264160E-001, 7.480815E-001, 2.239419E+000, 5.323815E+000, 2.904249E-001, -6.869466E-001, 5.303573E-001, 5.342605E-001
1.264240E-001, 8.068223E-001, 2.330569E+000, 5.388779E+000, 2.656600E-001, -6.944718E-001, 5.399271E-001, 5.343783E-001
1.264320E-001, 6.789746E-001, 2.378824E+000, 5.557686E+000, 3.039330E-001, -6.994886E-001, 5.331928E-001, 5.232946E-001
1.264400E-001, 6.772470E-001, 2.393122E+000, 5.572303E+000, 4.288833E-001, -7.138224E-001, 5.226778E-001, 5.176348E-001
1.264480E-001, 7.135281E-001, 2.511080E+000, 5.343305E+000, 4.491455E-001, -7.219449E-001, 5.240955E-001, 5.222334E-001
1.264560E-001, 7.428985E-001, 2.698741E+000, 5.387156E+000, 3.298236E-001, -7.207504E-001, 5.281125E-001, 5.252991E-001
1.264640E-001, 8.344650E-001, 2.704103E+000, 5.692487E+000, 2.577802E-001, -7.225421E-001, 5.255133E-001, 5.270678E-001
1.264720E-001, 8.500141E-001, 2.578996E+000, 5.733089E+000, 2.217585E-001, -7.312618E-001, 5.114539E-001, 5.311947E-001
1.264800E-001, 8.361927E-001, 2.534314E+000, 5.478105E+000, 1.699774E-001, -7.427288E-001, 4.952679E-001, 5.361471E-001
1.264880E-001, 9.087549E-001, 2.453888E+000, 5.262099E+000, 2.138788E-001, -7.313813E-001, 4.942046E-001, 5.379157E-001
1.264960E-001, 9.191209E-001, 2.353803E+000, 5.250731E+000, 2.915506E-001, -7.082083E-001, 4.972764E-001, 5.316664E-001
1.265040E-001, 8.223713E-001, 2.305547E+000, 5.340056E+000, 3.500858E-001, -7.175253E-001, 4.916054E-001, 5.287186E-001
1.265120E-001, 7.515368E-001, 2.200099E+000, 5.362794E+000, 4.671563E-001, -7.405788E-001, 4.911328E-001, 5.388590E-001
1.265200E-001, 7.480815E-001, 2.221546E+000, 5.364418E+000, 4.052441E-001, -7.362787E-001, 4.994030E-001, 5.499428E-001
1.265280E-001, 7.152557E-001, 2.400271E+000, 5.411517E+000, 1.148191E-001, -7.269617E-001, 5.037744E-001, 5.488816E-001
1.265360E-001, 6.530596E-001, 2.403846E+000, 5.411517E+000, 5.628389E-002, -7.441623E-001, 5.015296E-001, 5.374441E-001
1.265440E-001, 7.446262E-001, 2.339505E+000, 5.435878E+000, 3.140641E-001, -7.577793E-001, 4.931413E-001, 5.320201E-001
1.265520E-001, 9.433083E-001, 2.418144E+000, 5.624275E+000, 5.031780E-001, -7.427288E-001, 4.840440E-001, 5.337888E-001
1.265600E-001, 1.027964E+000, 2.498569E+000, 5.723345E+000, 4.165008E-001, -7.318591E-001, 4.832170E-001, 5.352038E-001
1.265680E-001, 9.398530E-001, 2.500357E+000, 5.521956E+000, 1.587206E-001, -7.300674E-001, 4.867614E-001, 5.399202E-001
1.265760E-001, 7.688136E-001, 2.398484E+000, 5.336808E+000, 3.827305E-002, -7.200337E-001, 4.875884E-001, 5.388590E-001
1.265840E-001, 7.584475E-001, 2.260866E+000, 5.328688E+000, 2.116274E-001, -7.178836E-001, 4.895969E-001, 5.367366E-001
1.265920E-001, 9.346699E-001, 2.316270E+000, 5.349801E+000, 3.455831E-001, -7.207504E-001, 4.892425E-001, 5.467591E-001
1.266000E-001, 9.588574E-001, 2.511080E+000, 5.487850E+000, 2.003707E-001, -7.310230E-001, 4.825082E-001, 5.547772E-001
1.266080E-001, 9.087549E-001, 2.489633E+000, 5.663253E+000, 1.553435E-001, -7.525236E-001, 4.817993E-001, 5.510040E-001
1.266160E-001, 1.021053E+000, 2.344867E+000, 5.614530E+000, 4.018670E-001, -7.469096E-001, 4.933776E-001, 5.433397E-001
1.266240E-001, 1.072884E+000, 2.469974E+000, 5.523580E+000, 5.166861E-001, -7.346064E-001, 5.083821E-001, 5.466412E-001
1.266320E-001, 9.415807E-001, 2.673720E+000, 5.573927E+000, 3.748507E-001, -7.441623E-001, 5.152346E-001, 5.592579E-001
1.266400E-001, 7.878179E-001, 2.618315E+000, 5.632395E+000, 2.645343E-001, -7.392648E-001, 5.115721E-001, 5.543056E-001
1.266480E-001, 7.394431E-001, 2.468186E+000, 5.681118E+000, 2.262613E-001, -7.313813E-001, 5.099180E-001, 5.310768E-001
1.266560E-001, 8.690184E-001, 2.505718E+000, 5.658381E+000, 1.733544E-001, -7.317396E-001, 5.179520E-001, 5.192856E-001
1.266640E-001, 1.026237E+000, 2.607592E+000, 5.408268E+000, 1.643490E-001, -7.138224E-001, 5.246863E-001, 5.229409E-001
1.266720E-001, 1.003777E+000, 2.518229E+000, 5.271844E+000, 2.352667E-001, -7.045054E-001, 5.275218E-001, 5.256528E-001
1.266800E-001, 8.897505E-001, 2.539676E+000, 5.525204E+000, 3.084357E-001, -7.141807E-001, 5.328383E-001, 5.344962E-001
1.266880E-001, 7.791796E-001, 2.879253E+000, 5.614530E+000, 2.926762E-001, -7.113140E-001, 5.357920E-001, 5.538339E-001
1.266960E-001, 6.945237E-001, 2.975764E+000, 5.320567E+000, 2.408951E-001, -7.058194E-001, 5.348468E-001, 5.583146E-001
1.267040E-001, 8.310097E-001, 2.773805E+000, 5.229617E+000, 2.847965E-001, -7.159725E-001, 5.328383E-001, 5.420427E-001
1.267120E-001, 1.129897E+000, 2.795252E+000, 5.403396E+000, 3.647196E-001, -7.182420E-001, 5.330746E-001, 5.308410E-001
1.267200E-001, 1.103982E+000, 2.913211E+000, 5.398524E+000, 3.669710E-001, -6.965024E-001, 5.429989E-001, 5.306051E-001
1.267280E-001, 7.066174E-001, 2.789891E+000, 5.289709E+000, 3.073101E-001, -6.902911E-001, 5.507965E-001, 5.270678E-001
1.267360E-001, 6.409659E-001, 2.552187E+000, 5.338432E+000, 2.071247E-001, -7.164503E-001, 5.492606E-001, 5.228230E-001
1.267440E-001, 1.010687E+000, 2.487846E+000, 5.356297E+000, 1.575949E-001, -7.221838E-001, 5.545772E-001, 5.273036E-001
1.267520E-001, 1.091888E+000, 2.654060E+000, 5.297830E+000, 2.532775E-001, -6.987719E-001, 5.614297E-001, 5.319022E-001
1.267600E-001, 9.329423E-001, 2.779167E+000, 5.400148E+000, 3.816048E-001, -6.853938E-001, 5.589486E-001, 5.218797E-001
1.267680E-001, 1.012415E+000, 2.730911E+000, 5.486226E+000, 3.613426E-001, -6.779879E-001, 5.565857E-001, 5.046645E-001
1.267760E-001, 1.067701E+000, 2.691592E+000, 5.396900E+000, 2.318897E-001, -6.777490E-001, 5.567038E-001, 5.023062E-001
1.267840E-001, 9.484913E-001, 2.711252E+000, 5.304326E+000, 2.408951E-001, -6.976969E-001, 5.561131E-001, 5.125646E-001
1.267920E-001, 9.208485E-001, 2.784529E+000, 5.219872E+000, 4.119981E-001, -7.110751E-001, 5.593030E-001, 5.197572E-001
1.268000E-001, 9.623127E-001, 2.893551E+000, 5.161405E+000, 4.896699E-001, -7.024748E-001, 5.615478E-001, 5.250633E-001
1.268080E-001, 9.692234E-001, 2.864955E+000, 5.262099E+000, 4.086211E-001, -6.900522E-001, 5.496151E-001, 5.260066E-001
1.268160E-001, 9.398530E-001, 2.677294E+000, 5.372539E+000, 3.635940E-001, -6.888577E-001, 5.339016E-001, 5.132720E-001
1.268240E-001, 8.482864E-001, 2.598655E+000, 5.405020E+000, 4.142494E-001, -6.923217E-001, 5.373279E-001, 4.973539E-001
1.268320E-001, 7.394431E-001, 2.713039E+000, 5.557686E+000, 4.333860E-001, -6.898133E-001, 5.500876E-001, 4.902792E-001
1.268400E-001, 7.878179E-001, 2.745209E+000, 5.724969E+000, 3.613426E-001, -6.951885E-001, 5.454800E-001, 4.856806E-001
1.268480E-001, 9.778617E-001, 2.607592E+000, 5.687614E+000, 3.106871E-001, -7.162114E-001, 5.311843E-001, 4.796671E-001
1.268560E-001, 9.726787E-001, 2.648698E+000, 5.599913E+000, 3.467088E-001, -7.320980E-001, 5.310662E-001, 4.773088E-001
1.268640E-001, 8.223713E-001, 2.916785E+000, 5.544693E+000, 3.771021E-001, -7.288728E-001, 5.346105E-001, 4.763655E-001
1.268720E-001, 9.536743E-001, 3.029382E+000, 5.463488E+000, 3.737251E-001, -7.148975E-001, 5.244500E-001, 4.707057E-001
1.268800E-001, 1.204187E+000, 2.870317E+000, 5.515460E+000, 3.692223E-001, -7.068944E-001, 5.121628E-001, 4.590324E-001
1.268880E-001, 1.162722E+000, 2.629039E+000, 5.666502E+000, 2.802938E-001, -7.098806E-001, 5.125172E-001, 4.481845E-001
1.268960E-001, 9.882277E-001, 2.545038E+000, 5.603161E+000, 1.812341E-001, -7.182420E-001, 5.226778E-001, 4.484203E-001
1.269040E-001, 9.156656E-001, 2.573634E+000, 5.523580E+000, 2.679113E-001, -7.212282E-001, 5.250407E-001, 4.507786E-001
1.269120E-001, 9.070272E-001, 2.534314E+000, 5.703856E+000, 3.973643E-001, -7.123890E-001, 5.079095E-001, 4.413456E-001
1.269200E-001, 9.243039E-001, 2.593294E+000, 5.848401E+000, 4.131238E-001, -7.171670E-001, 4.880610E-001, 4.284931E-001
1.269280E-001, 8.465587E-001, 2.773805E+000, 5.841905E+000, 4.435171E-001, -7.408177E-001, 4.882973E-001, 4.281394E-001
1.269360E-001, 6.616979E-001, 2.818486E+000, 5.760699E+000, 5.065550E-001, -7.330536E-001, 5.023567E-001, 4.347425E-001
1.269440E-001, 6.858853E-001, 2.768444E+000, 5.580424E+000, 5.009267E-001, -7.052221E-001, 5.069644E-001, 4.224796E-001
1.269520E-001, 8.275543E-001, 2.793465E+000, 5.517084E+000, 4.716590E-001, -7.042665E-001, 4.982216E-001, 3.941807E-001
1.269600E-001, 7.601752E-001, 2.829210E+000, 5.590168E+000, 4.187522E-001, -7.019970E-001, 4.862888E-001, 3.845119E-001
1.269680E-001, 8.500141E-001, 2.654060E+000, 5.530077E+000, 3.230695E-001, -6.960246E-001, 4.806178E-001, 3.951240E-001
1.269760E-001, 1.223191E+000, 2.518229E+000, 5.505715E+000, 3.118128E-001, -7.248116E-001, 4.878247E-001, 3.961852E-001
1.269840E-001, 1.275021E+000, 2.809550E+000, 5.692487E+000, 3.005560E-001, -7.570626E-001, 4.959768E-001, 3.790879E-001
1.269920E-001, 1.014143E+000, 3.074063E+000, 5.757451E+000, 1.722287E-001, -7.599294E-001, 4.843985E-001, 3.576279E-001
1.270000E-001, 9.536743E-001, 2.832784E+000, 5.582048E+000, 1.362070E-001, -7.527625E-001, 4.628959E-001, 3.430068E-001
1.270080E-001, 9.623127E-001, 2.480697E+000, 5.383907E+000, 2.645343E-001, -7.386676E-001, 4.539168E-001, 3.381723E-001
1.270160E-001, 8.154606E-001, 2.502144E+000, 5.281589E+000, 3.996156E-001, -7.091639E-001, 4.522628E-001, 3.419456E-001
1.270240E-001, 8.672908E-001, 2.662996E+000, 5.369290E+000, 4.536482E-001, -7.049832E-001, 4.493091E-001, 3.417097E-001
1.270320E-001, 1.190365E+000, 2.503931E+000, 5.554438E+000, 4.457684E-001, -7.521653E-001, 4.501362E-001, 3.293289E-001
1.270400E-001, 1.185182E+000, 2.373462E+000, 5.573927E+000, 4.547739E-001, -7.749799E-001, 4.498999E-001, 3.211930E-001
1.270480E-001, 8.621078E-001, 2.705890E+000, 5.560935E+000, 4.829158E-001, -7.484624E-001, 4.419841E-001, 3.281498E-001
1.270560E-001, 9.208485E-001, 2.981126E+000, 5.710352E+000, 4.851672E-001, -7.454762E-001, 4.363131E-001, 3.286215E-001
1.270640E-001, 1.154084E+000, 2.900700E+000, 5.772068E+000, 4.176265E-001, -7.601683E-001, 4.412752E-001, 3.143541E-001
1.270720E-001, 1.027964E+000, 2.897125E+000, 5.715224E+000, 3.253209E-001, -7.660213E-001, 4.454103E-001, 3.075152E-001
1.270800E-001, 9.381253E-001, 2.961466E+000, 5.788309E+000, 3.557142E-001, -7.790411E-001, 4.379671E-001, 3.031524E-001
1.270880E-001, 1.105709E+000, 2.913211E+000, 5.812671E+000, 4.153751E-001, -7.709186E-001, 4.304058E-001, 2.826357E-001
1.270960E-001, 1.122986E+000, 2.906062E+000, 5.599913E+000, 3.703480E-001, -7.497763E-001, 4.273340E-001, 2.656563E-001
1.271040E-001, 9.502190E-001, 2.873891E+000, 5.517084E+000, 3.928616E-001, -7.491791E-001, 4.228444E-001, 2.662459E-001
1.271120E-001, 8.655631E-001, 2.729124E+000, 5.728217E+000, 5.020523E-001, -7.408177E-001, 4.257981E-001, 2.732027E-001
1.271200E-001, 9.502190E-001, 2.612953E+000, 5.876011E+000, 5.031780E-001, -7.346064E-001, 4.339502E-001, 2.792162E-001
1.271280E-001, 1.033147E+000, 2.618315E+000, 5.822415E+000, 3.962386E-001, -7.563459E-001, 4.345409E-001, 2.734385E-001
1.271360E-001, 9.294869E-001, 2.705890E+000, 5.648636E+000, 3.174412E-001, -7.685297E-001, 4.287517E-001, 2.603503E-001
1.271440E-001, 7.791796E-001, 2.746997E+000, 5.463488E+000, 3.467088E-001, -7.633934E-001, 4.205997E-001, 2.564592E-001
1.271520E-001, 8.551971E-001, 2.677294E+000, 5.500843E+000, 4.457684E-001, -7.650657E-001, 4.150468E-001, 2.499740E-001
1.271600E-001, 1.083250E+000, 2.584357E+000, 5.660005E+000, 5.099321E-001, -7.627962E-001, 4.156375E-001, 2.372395E-001
1.271680E-001, 1.079794E+000, 2.677294E+000, 5.604785E+000, 4.896699E-001, -7.547931E-001, 4.099665E-001, 2.364141E-001
1.271760E-001, 8.310097E-001, 2.936445E+000, 5.476481E+000, 4.626536E-001, -7.514486E-001, 3.948438E-001, 2.438426E-001
1.271840E-001, 7.083451E-001, 2.995424E+000, 5.606410E+000, 4.784131E-001, -7.433261E-001, 3.931898E-001, 2.434888E-001
1.271920E-001, 8.448310E-001, 2.825635E+000, 5.919862E+000, 4.232549E-001, -7.389065E-001, 4.025233E-001, 2.354708E-001
1.272000E-001, 1.117803E+000, 2.754146E+000, 6.041669E+000, 3.264466E-001, -7.471485E-001, 4.019326E-001, 2.282781E-001
1.272080E-001, 1.245651E+000, 2.720188E+000, 5.911741E+000, 3.061844E-001, -7.447595E-001, 4.027596E-001, 2.204959E-001
1.272160E-001, 1.046969E+000, 2.616528E+000, 5.832160E+000, 3.354520E-001, -7.288728E-001, 4.080762E-001, 2.123600E-001
1.272240E-001, 8.672908E-001, 2.555761E+000, 5.871139E+000, 3.883589E-001, -7.227810E-001, 4.052407E-001, 2.130675E-001
1.272320E-001, 9.243039E-001, 2.514655E+000, 5.856522E+000, 4.435171E-001, -7.230199E-001, 4.060677E-001, 2.130675E-001
1.272400E-001, 9.588574E-001, 2.612953E+000, 5.694111E+000, 5.346970E-001, -7.140613E-001, 4.089032E-001, 2.029270E-001
1.272480E-001, 9.467636E-001, 2.907849E+000, 5.582048E+000, 6.495162E-001, -7.025943E-001, 3.992153E-001, 1.950269E-001
1.272560E-001, 1.043513E+000, 3.061552E+000, 5.804550E+000, 5.617133E-001, -6.960246E-001, 3.976794E-001, 1.871268E-001
1.272640E-001, 1.147173E+000, 2.929296E+000, 6.023804E+000, 3.129385E-001, -6.917245E-001, 4.129202E-001, 1.786371E-001
1.272720E-001, 1.186910E+000, 2.816699E+000, 5.879259E+000, 2.217585E-001, -6.894550E-001, 4.073673E-001, 1.904283E-001
1.272800E-001, 1.178272E+000, 2.918572E+000, 5.814295E+000, 3.151898E-001, -6.913661E-001, 3.766494E-001, 2.171944E-001
1.272880E-001, 1.065973E+000, 2.913211E+000, 5.996194E+000, 4.570252E-001, -6.953079E-001, 3.651892E-001, 2.278065E-001
1.272960E-001, 9.761341E-001, 2.707677E+000, 5.921486E+000, 5.594619E-001, -6.929190E-001, 3.740501E-001, 2.168406E-001
1.273040E-001, 1.036602E+000, 2.661209E+000, 5.793181E+000, 4.874185E-001, -6.812130E-001, 3.731050E-001, 2.033986E-001
1.273120E-001, 1.103982E+000, 2.770231E+000, 6.090393E+000, 3.365777E-001, -6.703433E-001, 3.699150E-001, 1.995075E-001
1.273200E-001, 1.091888E+000, 2.802401E+000, 6.246307E+000, 3.883589E-001, -6.641319E-001, 3.733413E-001, 2.008046E-001
1.273280E-001, 1.052152E+000, 2.811337E+000, 5.901997E+000, 5.369483E-001, -6.570845E-001, 3.757042E-001, 1.970314E-001
1.273360E-001, 1.079794E+000, 2.945381E+000, 5.718472E+000, 5.380740E-001, -6.487231E-001, 3.824385E-001, 1.906641E-001
1.273440E-001, 1.178272E+000, 3.056190E+000, 5.877635E+000, 5.144348E-001, -6.359422E-001, 3.877551E-001, 2.021016E-001
1.273520E-001, 1.136807E+000, 2.927509E+000, 5.936103E+000, 5.504565E-001, -6.153971E-001, 3.866918E-001, 2.258020E-001
1.273600E-001, 9.899554E-001, 2.852444E+000, 5.876011E+000, 5.211889E-001, -5.979577E-001, 3.901180E-001, 2.283960E-001
1.273680E-001, 9.657680E-001, 3.066914E+000, 5.841905E+000, 4.288833E-001, -5.907907E-001, 3.892910E-001, 2.163690E-001
1.273760E-001, 9.882277E-001, 3.161638E+000, 5.793181E+000, 4.119981E-001, -5.892379E-001, 3.761768E-001, 2.168406E-001
1.273840E-001, 9.346699E-001, 3.022233E+000, 5.760699E+000, 4.851672E-001, -5.915074E-001, 3.687336E-001, 2.147182E-001
1.273920E-001, 8.862951E-001, 2.940019E+000, 5.783437E+000, 4.896699E-001, -5.878046E-001, 3.736957E-001, 1.995075E-001
1.274000E-001, 9.450360E-001, 2.773805E+000, 5.843529E+000, 3.996156E-001, -5.734708E-001, 3.801937E-001, 2.006867E-001
1.274080E-001, 9.899554E-001, 2.552187E+000, 5.903621E+000, 2.881735E-001, -5.655872E-001, 3.823204E-001, 2.137749E-001
1.274160E-001, 9.139379E-001, 2.630826E+000, 5.942599E+000, 2.026220E-001, -5.672595E-001, 3.827929E-001, 2.071718E-001
1.274240E-001, 8.379204E-001, 2.807763E+000, 5.942599E+000, 2.161302E-001, -5.616454E-001, 3.812571E-001, 2.030449E-001
1.274320E-001, 8.120053E-001, 2.850657E+000, 5.876011E+000, 2.735397E-001, -5.488644E-001, 3.754679E-001, 2.219109E-001
1.274400E-001, 8.189160E-001, 2.868529E+000, 5.664877E+000, 3.185668E-001, -5.373974E-001, 3.758223E-001, 2.280423E-001
1.274480E-001, 8.914782E-001, 2.936445E+000, 5.445623E+000, 4.412657E-001, -5.231831E-001, 3.836200E-001, 2.155436E-001
1.274560E-001, 9.433083E-001, 3.056190E+000, 5.552814E+000, 5.560849E-001, -5.106410E-001, 3.835018E-001, 2.188452E-001
1.274640E-001, 8.603801E-001, 3.056190E+000, 5.794806E+000, 4.682820E-001, -5.069381E-001, 3.842107E-001, 2.315797E-001
1.274720E-001, 7.930009E-001, 2.979339E+000, 5.811047E+000, 3.050587E-001, -5.080131E-001, 3.986245E-001, 2.305185E-001
1.274800E-001, 9.605850E-001, 3.036530E+000, 5.822415E+000, 2.802938E-001, -5.089688E-001, 4.071310E-001, 2.288677E-001
1.274880E-001, 1.212825E+000, 3.020445E+000, 5.934479E+000, 3.590913E-001, -5.016824E-001, 3.972068E-001, 2.359424E-001
1.274960E-001, 1.287115E+000, 2.805976E+000, 5.866266E+000, 4.378887E-001, -4.811373E-001, 3.894091E-001, 2.393619E-001
1.275040E-001, 1.176544E+000, 2.648698E+000, 5.708728E+000, 4.637793E-001, -4.625034E-001, 3.950801E-001, 2.401873E-001
1.275120E-001, 1.050424E+000, 2.700528E+000, 5.736338E+000, 4.198779E-001, -4.576060E-001, 4.019326E-001, 2.405410E-001
1.275200E-001, 1.069428E+000, 2.795252E+000, 5.789933E+000, 3.332007E-001, -4.584422E-001, 4.079581E-001, 2.339379E-001
1.275280E-001, 1.098799E+000, 2.755933E+000, 5.671374E+000, 3.264466E-001, -4.585616E-001, 4.159920E-001, 2.374753E-001
1.275360E-001, 1.017598E+000, 2.745209E+000, 5.557686E+000, 4.513968E-001, -4.536642E-001, 4.181186E-001, 2.586995E-001
1.275440E-001, 1.059062E+000, 2.850657E+000, 5.612906E+000, 5.200632E-001, -4.459001E-001, 4.213085E-001, 2.694295E-001
1.275520E-001, 1.141990E+000, 2.834572E+000, 5.759075E+000, 4.322603E-001, -4.401666E-001, 4.324143E-001, 2.658921E-001
1.275600E-001, 1.031420E+000, 2.714826E+000, 5.978329E+000, 2.994303E-001, -4.214132E-001, 4.372582E-001, 2.686041E-001
1.275680E-001, 9.761341E-001, 2.639762E+000, 6.199208E+000, 2.667857E-001, -3.970458E-001, 4.259162E-001, 2.706086E-001
1.275760E-001, 1.065973E+000, 2.552187E+000, 6.139116E+000, 3.804791E-001, -4.057655E-001, 4.084306E-001, 2.677788E-001
1.275840E-001, 1.133352E+000, 2.595081E+000, 5.916614E+000, 4.232549E-001, -4.344331E-001, 4.053589E-001, 2.759147E-001
1.275920E-001, 1.154084E+000, 2.950743E+000, 5.931231E+000, 2.769168E-001, -4.416000E-001, 4.175279E-001, 2.911254E-001
1.276000E-001, 1.074611E+000, 3.229553E+000, 5.973457E+000, 2.330153E-001, -4.310885E-001, 4.214267E-001, 3.000867E-001
1.276080E-001, 1.003777E+000, 2.988275E+000, 5.867890E+000, 4.063697E-001, -4.214132E-001, 4.093758E-001, 3.059823E-001
1.276160E-001, 1.062518E+000, 2.568272E+000, 5.934479E+000, 5.583363E-001, -4.171131E-001, 4.003967E-001, 3.148257E-001
1.276240E-001, 1.117803E+000, 2.450314E+000, 6.054662E+000, 5.921066E-001, -4.110212E-001, 4.034685E-001, 3.236691E-001
1.276320E-001, 1.186910E+000, 2.577208E+000, 5.910117E+000, 5.099321E-001, -4.070794E-001, 4.024052E-001, 3.319230E-001
1.276400E-001, 1.304392E+000, 2.750571E+000, 5.685990E+000, 3.286979E-001, -4.152019E-001, 3.936624E-001, 3.426530E-001
1.276480E-001, 1.287115E+000, 2.877466E+000, 5.698983E+000, 2.544032E-001, -4.173520E-001, 3.909450E-001, 3.491382E-001
1.276560E-001, 1.190365E+000, 2.848870E+000, 5.932855E+000, 3.545885E-001, -4.019432E-001, 3.882277E-001, 3.558592E-001
1.276640E-001, 1.093616E+000, 2.718401E+000, 6.048166E+000, 4.165008E-001, -3.939401E-001, 3.734594E-001, 3.711878E-001
1.276720E-001, 1.038330E+000, 2.764869E+000, 5.997818E+000, 4.221292E-001, -4.134102E-001, 3.609360E-001, 3.779088E-001
1.276800E-001, 1.243923E+000, 2.941807E+000, 6.043293E+000, 4.300089E-001, -4.392110E-001, 3.673158E-001, 3.717774E-001
1.276880E-001, 1.456427E+000, 2.866742E+000, 6.067655E+000, 3.861075E-001, -4.467362E-001, 3.745227E-001, 3.726027E-001
1.276960E-001, 1.326851E+000, 2.593294E+000, 5.997818E+000, 3.669710E-001, -4.462585E-001, 3.636533E-001, 3.891104E-001
1.277040E-001, 1.302664E+000, 2.534314E+000, 6.064407E+000, 3.725994E-001, -4.408833E-001, 3.486488E-001, 4.082122E-001
1.277120E-001, 1.516895E+000, 2.757720E+000, 6.105010E+000, 3.196925E-001, -4.321636E-001, 3.428596E-001, 4.179990E-001
1.277200E-001, 1.366588E+000, 2.956105E+000, 5.947472E+000, 3.174412E-001, -4.401666E-001, 3.371886E-001, 4.287290E-001
1.277280E-001, 1.015870E+000, 2.922147E+000, 5.898748E+000, 3.725994E-001, -4.547393E-001, 3.228929E-001, 4.393411E-001
1.277360E-001, 1.036602E+000, 2.816699E+000, 6.004315E+000, 3.332007E-001, -4.615478E-001, 3.129687E-001, 4.450009E-001
1.277440E-001, 1.128169E+000, 2.830997E+000, 6.043293E+000, 2.870479E-001, -4.689536E-001, 3.173401E-001, 4.573817E-001
1.277520E-001, 1.059062E+000, 2.738060E+000, 6.040045E+000, 3.804791E-001, -4.681175E-001, 3.207663E-001, 4.691729E-001
1.277600E-001, 1.145446E+000, 2.405633E+000, 6.041669E+000, 4.671563E-001, -4.568893E-001, 3.088336E-001, 4.745968E-001
1.277680E-001, 1.307847E+000, 2.321632E+000, 6.049790E+000, 4.243806E-001, -4.632201E-001, 2.915843E-001, 4.889821E-001
1.277760E-001, 1.273293E+000, 2.646911E+000, 6.036797E+000, 4.390144E-001, -4.908126E-001, 2.841411E-001, 5.085556E-001
1.277840E-001, 1.173089E+000, 2.820274E+000, 6.010811E+000, 5.448281E-001, -5.074159E-001, 2.886306E-001, 5.162199E-001
1.277920E-001, 1.240468E+000, 2.770231E+000, 6.163477E+000, 4.919212E-001, -5.020407E-001, 2.930020E-001, 5.098526E-001
1.278000E-001, 1.295753E+000, 2.856019E+000, 6.434703E+000, 3.748507E-001, -5.037130E-001, 2.842592E-001, 5.124467E-001
1.278080E-001, 1.128169E+000, 2.889976E+000, 6.454192E+000, 4.108724E-001, -5.246165E-001, 2.672462E-001, 5.386232E-001
1.278160E-001, 9.899554E-001, 2.700528E+000, 6.191087E+000, 4.288833E-001, -5.418170E-001, 2.574401E-001, 5.573713E-001
1.278240E-001, 1.055607E+000, 2.604017E+000, 5.895500E+000, 4.063697E-001, -5.465949E-001, 2.566130E-001, 5.514756E-001
1.278320E-001, 1.095343E+000, 2.766656E+000, 5.807798E+000, 5.144348E-001, -5.487450E-001, 2.560223E-001, 5.505323E-001
1.278400E-001, 9.985937E-001, 2.965041E+000, 5.966961E+000, 5.493308E-001, -5.501783E-001, 2.508239E-001, 5.652714E-001
1.278480E-001, 9.052995E-001, 2.868529E+000, 6.082272E+000, 4.243806E-001, -5.528063E-001, 2.444440E-001, 5.745865E-001
1.278560E-001, 9.139379E-001, 2.550400E+000, 6.043293E+000, 3.635940E-001, -5.596148E-001, 2.446803E-001, 5.716386E-001
1.278640E-001, 1.102254E+000, 2.436016E+000, 6.031925E+000, 3.286979E-001, -5.670205E-001, 2.479884E-001, 5.778880E-001
1.278720E-001, 1.449516E+000, 2.500357E+000, 6.012435E+000, 2.645343E-001, -5.769348E-001, 2.425537E-001, 5.959285E-001
1.278800E-001, 1.639560E+000, 2.525378E+000, 5.944223E+000, 3.320750E-001, -5.916269E-001, 2.349923E-001, 6.006451E-001
1.278880E-001, 1.492708E+000, 2.532527E+000, 5.960464E+000, 5.020523E-001, -5.977188E-001, 2.360557E-001, 5.913300E-001
1.278960E-001, 1.193821E+000, 2.427080E+000, 6.025428E+000, 5.245659E-001, -5.962853E-001, 2.307391E-001, 5.922733E-001
1.279040E-001, 9.070272E-001, 2.368101E+000, 5.966961E+000, 3.196925E-001, -6.039301E-001, 2.127809E-001, 6.151482E-001
1.279120E-001, 7.204388E-001, 2.618315E+000, 5.827288E+000, 1.519665E-001, -6.089469E-001, 2.048651E-001, 6.379053E-001
1.279200E-001, 7.256218E-001, 2.723763E+000, 5.880883E+000, 2.881735E-001, -6.039301E-001, 2.113632E-001, 6.344858E-001
1.279280E-001, 9.381253E-001, 2.498569E+000, 6.096889E+000, 5.605876E-001, -6.067968E-001, 2.154983E-001, 6.265857E-001
1.279360E-001, 1.193821E+000, 2.520016E+000, 6.171598E+000, 5.583363E-001, -6.138443E-001, 2.152620E-001, 6.409711E-001
1.279440E-001, 1.185182E+000, 2.716614E+000, 6.077400E+000, 3.568399E-001, -6.110969E-001, 2.126628E-001, 6.593654E-001
1.279520E-001, 9.502190E-001, 2.659422E+000, 5.991322E+000, 3.039330E-001, -6.099024E-001, 2.082914E-001, 6.658505E-001
1.279600E-001, 8.603801E-001, 2.577208E+000, 6.020556E+000, 3.444574E-001, -6.187416E-001, 2.112450E-001, 6.705670E-001
1.279680E-001, 1.040058E+000, 2.564698E+000, 6.014060E+000, 3.635940E-001, -6.239973E-001, 2.223507E-001, 6.715103E-001
1.279760E-001, 1.200731E+000, 2.423505E+000, 5.833784E+000, 4.491455E-001, -6.188611E-001, 2.323931E-001, 6.598370E-001
1.279840E-001, 1.231829E+000, 2.382399E+000, 5.846777E+000, 5.459538E-001, -6.159943E-001, 2.391275E-001, 6.489891E-001
1.279920E-001, 1.328579E+000, 2.621890E+000, 6.163477E+000, 5.527079E-001, -6.200556E-001, 2.425537E-001, 6.487532E-001
1.280000E-001, 1.323396E+000, 2.752358E+000, 6.155357E+000, 5.031780E-001, -6.180249E-001, 2.361738E-001, 6.505219E-001
1.280080E-001, 9.692234E-001, 2.523591E+000, 5.846777E+000, 4.716590E-001, -6.065579E-001, 2.241229E-001, 6.520548E-001
1.280160E-001, 7.757242E-001, 2.326994E+000, 5.882507E+000, 5.662160E-001, -5.958076E-001, 2.247136E-001, 6.570071E-001
1.280240E-001, 1.122986E+000, 2.475335E+000, 6.082272E+000, 6.900405E-001, -5.864906E-001, 2.390093E-001, 6.631386E-001
1.280320E-001, 1.466793E+000, 2.648698E+000, 6.044918E+000, 5.752214E-001, -5.741875E-001, 2.455073E-001, 6.664401E-001
1.280400E-001, 1.484069E+000, 2.593294E+000, 5.971833E+000, 3.534628E-001, -5.627204E-001, 2.381823E-001, 6.663222E-001
1.280480E-001, 1.368315E+000, 2.509293E+000, 5.926358E+000, 3.928616E-001, -5.590175E-001, 2.388912E-001, 6.653789E-001
1.280560E-001, 1.129897E+000, 2.459250E+000, 5.809422E+000, 6.067404E-001, -5.563897E-001, 2.505876E-001, 6.623132E-001
1.280640E-001, 9.156656E-001, 2.412782E+000, 5.874387E+000, 6.472648E-001, -5.465949E-001, 2.514146E-001, 6.560638E-001
1.280720E-001, 1.102254E+000, 2.446739E+000, 6.053038E+000, 5.819755E-001, -5.345306E-001, 2.432626E-001, 6.527623E-001
1.280800E-001, 1.409779E+000, 2.496782E+000, 5.958840E+000, 6.044890E-001, -5.217497E-001, 2.472795E-001, 6.550026E-001
1.280880E-001, 1.319941E+000, 2.459250E+000, 5.775316E+000, 5.977349E-001, -5.014435E-001, 2.625203E-001, 6.535876E-001
1.280960E-001, 1.109165E+000, 2.441378E+000, 5.827288E+000, 4.761617E-001, -4.785095E-001, 2.705543E-001, 6.454517E-001
1.281040E-001, 1.067701E+000, 2.584357E+000, 5.939351E+000, 3.827305E-001, -4.645340E-001, 2.664192E-001, 6.393203E-001
1.281120E-001, 1.038330E+000, 2.763082E+000, 5.846777E+000, 4.221292E-001, -4.556949E-001, 2.615752E-001, 6.363724E-001
1.281200E-001, 1.021053E+000, 2.827423E+000, 5.739586E+000, 5.076807E-001, -4.437500E-001, 2.663010E-001, 6.354291E-001
1.281280E-001, 1.050424E+000, 2.841721E+000, 5.901997E+000, 5.279430E-001, -4.328803E-001, 2.783519E-001, 6.382591E-001
1.281360E-001, 1.117803E+000, 2.814912E+000, 6.095265E+000, 4.998010E-001, -4.245189E-001, 2.909935E-001, 6.348396E-001
1.281440E-001, 1.128169E+000, 2.698741E+000, 6.090393E+000, 4.750361E-001, -4.048099E-001, 3.029263E-001, 6.204543E-001
1.281520E-001, 9.951384E-001, 2.705890E+000, 6.056286E+000, 4.558995E-001, -3.753062E-001, 3.091880E-001, 6.046541E-001
1.281600E-001, 9.484913E-001, 2.852444E+000, 5.973457E+000, 4.221292E-001, -3.619280E-001, 3.078884E-001, 5.951031E-001
1.281680E-001, 1.045241E+000, 2.813125E+000, 5.820791E+000, 4.165008E-001, -3.590613E-001, 3.072977E-001, 5.958107E-001
1.281760E-001, 1.098799E+000, 2.636188E+000, 5.811047E+000, 4.795388E-001, -3.417413E-001, 3.074158E-001, 5.994659E-001
1.281840E-001, 1.065973E+000, 2.562910E+000, 5.780189E+000, 5.290686E-001, -3.146265E-001, 3.088336E-001, 5.903867E-001
1.281920E-001, 1.005504E+000, 2.571847E+000, 5.603161E+000, 5.065550E-001, -2.847645E-001, 3.197030E-001, 5.782417E-001
1.282000E-001, 9.692234E-001, 2.630826E+000, 5.559310E+000, 5.110577E-001, -2.527524E-001, 3.324628E-001, 5.823687E-001
1.282080E-001, 9.899554E-001, 2.711252E+000, 5.687614E+000, 5.842268E-001, -2.281460E-001, 3.308087E-001, 5.853165E-001
1.282160E-001, 1.043513E+000, 2.777380E+000, 5.750955E+000, 6.247512E-001, -2.121400E-001, 3.217115E-001, 5.743506E-001
1.282240E-001, 9.363976E-001, 2.813125E+000, 5.690863E+000, 6.146201E-001, -1.999563E-001, 3.297454E-001, 5.631490E-001
1.282320E-001, 9.070272E-001, 2.730911E+000, 5.742834E+000, 6.337566E-001, -1.806057E-001, 3.533746E-001, 5.484099E-001
1.282400E-001, 1.330307E+000, 2.698741E+000, 5.960464E+000, 6.472648E-001, -1.499075E-001, 3.623537E-001, 5.353217E-001
1.282480E-001, 1.570453E+000, 2.818486E+000, 5.958840E+000, 5.797241E-001, -1.279290E-001, 3.507754E-001, 5.363829E-001
1.282560E-001, 1.226646E+000, 2.875678E+000, 5.621027E+000, 5.324456E-001, -1.186121E-001, 3.475855E-001, 5.393307E-001
1.282640E-001, 9.761341E-001, 2.795252E+000, 5.395276E+000, 5.684673E-001, -9.484187E-002, 3.617630E-001, 5.405098E-001
1.282720E-001, 1.081522E+000, 2.625464E+000, 5.569055E+000, 5.121834E-001, -6.641319E-002, 3.752316E-001, 5.389769E-001
1.282800E-001, 1.190365E+000, 2.578996E+000, 5.812671E+000, 3.298236E-001, -5.996299E-002, 3.812571E-001, 5.250633E-001
1.282880E-001, 1.116075E+000, 2.773805E+000, 5.734714E+000, 2.296383E-001, -4.097073E-002, 3.809026E-001, 5.130363E-001
1.282960E-001, 9.847724E-001, 2.836359E+000, 5.593417E+000, 2.780424E-001, 3.225101E-003, 3.818478E-001, 5.161020E-001
1.283040E-001, 9.865001E-001, 2.611166E+000, 5.643764E+000, 3.928616E-001, 3.356494E-002, 3.946075E-001, 5.237663E-001
1.283120E-001, 1.043513E+000, 2.464612E+000, 5.552814E+000, 5.065550E-001, 6.187416E-002, 4.072492E-001, 5.284827E-001
1.283200E-001, 1.027964E+000, 2.561123E+000, 5.465112E+000, 5.054294E-001, 9.293069E-002, 4.071310E-001, 5.258887E-001
1.283280E-001, 1.033147E+000, 2.782742E+000, 5.768820E+000, 4.502712E-001, 9.627524E-002, 4.100847E-001, 5.097347E-001
1.283360E-001, 1.169633E+000, 2.923934E+000, 5.949096E+000, 5.335713E-001, 9.687249E-002, 4.230807E-001, 4.952315E-001
1.283440E-001, 1.252561E+000, 2.802401E+000, 5.772068E+000, 5.887296E-001, 1.139536E-001, 4.274521E-001, 5.007734E-001
1.283520E-001, 1.069428E+000, 2.688018E+000, 5.841905E+000, 4.784131E-001, 1.264956E-001, 4.269795E-001, 5.105601E-001
1.283600E-001, 9.554020E-001, 2.882827E+000, 6.109882E+000, 4.288833E-001, 1.501464E-001, 4.378490E-001, 5.078481E-001
1.283680E-001, 1.084977E+000, 3.050828E+000, 5.971833E+000, 5.076807E-001, 1.966117E-001, 4.491910E-001, 5.046645E-001
1.283760E-001, 1.117803E+000, 2.909636E+000, 5.598289E+000, 5.437024E-001, 2.385380E-001, 4.506087E-001, 5.012450E-001
1.283840E-001, 1.105709E+000, 2.682656E+000, 5.547942E+000, 4.874185E-001, 2.629055E-001, 4.470644E-001, 4.878030E-001
1.283920E-001, 1.259472E+000, 2.582570E+000, 5.770444E+000, 5.054294E-001, 2.679223E-001, 4.405663E-001, 4.821432E-001
1.284000E-001, 1.351039E+000, 2.700528E+000, 5.932855E+000, 5.718443E-001, 2.656528E-001, 4.396212E-001, 4.957031E-001
1.284080E-001, 1.231829E+000, 2.872104E+000, 5.874387E+000, 4.885442E-001, 2.803449E-001, 4.484821E-001, 5.057257E-001
1.284160E-001, 1.140263E+000, 2.845295E+000, 5.619402E+000, 4.176265E-001, 2.976649E-001, 4.530898E-001, 5.001838E-001
1.284240E-001, 1.110892E+000, 2.816699E+000, 5.530077E+000, 5.256916E-001, 3.008900E-001, 4.516720E-001, 4.906329E-001
1.284320E-001, 9.761341E-001, 2.918572E+000, 5.754203E+000, 6.270026E-001, 3.129542E-001, 4.575793E-001, 4.849731E-001
1.284400E-001, 9.070272E-001, 2.889976E+000, 5.845153E+000, 5.819755E-001, 3.381578E-001, 4.679762E-001, 4.906329E-001
1.284480E-001, 9.830447E-001, 2.813125E+000, 5.655133E+000, 4.142494E-001, 3.541639E-001, 4.696302E-001, 5.090272E-001
1.284560E-001, 9.692234E-001, 2.888189E+000, 5.469985E+000, 3.455831E-001, 3.644364E-001, 4.625415E-001, 5.178707E-001
1.284640E-001, 9.709510E-001, 2.965041E+000, 5.456992E+000, 5.043037E-001, 3.763812E-001, 4.563979E-001, 5.069048E-001
1.284720E-001, 1.110892E+000, 3.025807E+000, 5.640516E+000, 5.954836E-001, 3.784119E-001, 4.600604E-001, 4.979435E-001
1.284800E-001, 1.084977E+000, 3.079424E+000, 5.763947E+000, 5.527079E-001, 3.860565E-001, 4.719932E-001, 4.994763E-001
1.284880E-001, 9.225762E-001, 2.979339E+000, 5.517084E+000, 5.707187E-001, 4.168742E-001, 4.796726E-001, 5.061973E-001
1.284960E-001, 9.847724E-001, 2.904274E+000, 5.223121E+000, 5.808498E-001, 4.394499E-001, 4.787275E-001, 5.159841E-001
1.285040E-001, 1.100526E+000, 3.045467E+000, 5.318943E+000, 5.459538E-001, 4.374193E-001, 4.738835E-001, 5.136258E-001
1.285120E-001, 9.536743E-001, 3.074063E+000, 5.416389E+000, 5.414510E-001, 4.357470E-001, 4.638411E-001, 5.026600E-001
1.285200E-001, 8.603801E-001, 2.863168E+000, 5.145164E+000, 5.605876E-001, 4.418389E-001, 4.477732E-001, 5.079660E-001
1.285280E-001, 1.088433E+000, 2.863168E+000, 5.010363E+000, 5.155604E-001, 4.464974E-001, 4.369038E-001, 5.221155E-001
1.285360E-001, 1.226646E+000, 3.179510E+000, 5.353049E+000, 4.423914E-001, 4.503197E-001, 4.460011E-001, 5.278932E-001
1.285440E-001, 1.043513E+000, 3.379682E+000, 5.664877E+000, 4.964240E-001, 4.556949E-001, 4.666766E-001, 5.316664E-001
1.285520E-001, 8.621078E-001, 3.245638E+000, 5.411517E+000, 4.885442E-001, 4.664452E-001, 4.775460E-001, 5.389769E-001
1.285600E-001, 7.981839E-001, 2.984700E+000, 4.948647E+000, 2.938019E-001, 4.898570E-001, 4.735291E-001, 5.468770E-001
1.285680E-001, 8.171883E-001, 2.948956E+000, 4.979505E+000, 2.836708E-001, 5.120744E-001, 4.585245E-001, 5.486457E-001
1.285760E-001, 1.105709E+000, 3.152701E+000, 5.276716E+000, 5.054294E-001, 5.126716E-001, 4.419841E-001, 5.399202E-001
1.285840E-001, 1.416690E+000, 3.233128E+000, 5.309198E+000, 5.740957E-001, 5.108799E-001, 4.389123E-001, 5.331993E-001
1.285920E-001, 1.342400E+000, 3.220617E+000, 5.262099E+000, 4.761617E-001, 5.194802E-001, 4.457648E-001, 5.387411E-001
1.286000E-001, 1.164450E+000, 3.304617E+000, 5.354673E+000, 4.986753E-001, 5.223469E-001, 4.465918E-001, 5.481741E-001
1.286080E-001, 1.167905E+000, 3.192021E+000, 5.375787E+000, 6.134945E-001, 5.254526E-001, 4.397393E-001, 5.473487E-001
1.286160E-001, 1.226646E+000, 2.870317E+000, 5.244234E+000, 6.585215E-001, 5.278416E-001, 4.315872E-001, 5.407456E-001
1.286240E-001, 1.261200E+000, 2.754146E+000, 5.211752E+000, 6.585215E-001, 5.180468E-001, 4.283973E-001, 5.451084E-001
1.286320E-001, 1.223191E+000, 2.882827E+000, 5.296206E+000, 6.101174E-001, 5.138661E-001, 4.268614E-001, 5.482920E-001
1.286400E-001, 1.179999E+000, 3.054403E+000, 5.294581E+000, 5.088064E-001, 5.155384E-001, 4.195364E-001, 5.380337E-001
1.286480E-001, 1.214553E+000, 3.165212E+000, 5.294581E+000, 5.043037E-001, 5.100438E-001, 4.109117E-001, 5.346142E-001
1.286560E-001, 1.100526E+000, 3.245638E+000, 5.255603E+000, 5.425767E-001, 5.113577E-001, 4.052407E-001, 5.425143E-001
1.286640E-001, 9.398530E-001, 3.336788E+000, 5.153284E+000, 4.198779E-001, 5.223469E-001, 3.979156E-001, 5.486457E-001
1.286720E-001, 1.119531E+000, 3.335001E+000, 5.208504E+000, 2.555289E-001, 5.249748E-001, 3.887002E-001, 5.507681E-001
1.286800E-001, 1.306119E+000, 3.251000E+000, 5.206880E+000, 2.780424E-001, 5.168523E-001, 3.877551E-001, 5.491174E-001
1.286880E-001, 1.126441E+000, 3.195595E+000, 5.037973E+000, 4.165008E-001, 5.156578E-001, 3.972068E-001, 5.469950E-001
1.286960E-001, 9.899554E-001, 3.209893E+000, 5.072079E+000, 4.817901E-001, 5.265276E-001, 4.061859E-001, 5.468770E-001
1.287040E-001, 1.088433E+000, 3.136616E+000, 5.223121E+000, 4.907956E-001, 5.335751E-001, 4.113843E-001, 5.521831E-001
1.287120E-001, 1.095343E+000, 2.879253E+000, 5.124050E+000, 5.695930E-001, 5.308278E-001, 4.045318E-001, 5.597295E-001
1.287200E-001, 1.098799E+000, 2.814912E+000, 5.031476E+000, 6.652756E-001, 5.216302E-001, 3.829111E-001, 5.539518E-001
1.287280E-001, 1.314758E+000, 3.061552E+000, 5.224745E+000, 6.934175E-001, 5.141050E-001, 3.727506E-001, 5.446367E-001
1.287360E-001, 1.433967E+000, 3.231340E+000, 5.310822E+000, 6.348823E-001, 5.151801E-001, 3.849196E-001, 5.488816E-001
1.287440E-001, 1.264655E+000, 3.190234E+000, 5.150036E+000, 4.435171E-001, 5.155384E-001, 3.976794E-001, 5.581966E-001
1.287520E-001, 1.117803E+000, 3.084786E+000, 5.028228E+000, 2.611573E-001, 5.204358E-001, 3.976794E-001, 5.609086E-001
1.287600E-001, 1.166178E+000, 3.016871E+000, 4.947023E+000, 3.084357E-001, 5.372779E-001, 3.898817E-001, 5.533623E-001
1.287680E-001, 1.254289E+000, 2.922147E+000, 4.969760E+000, 4.615279E-001, 5.470727E-001, 3.899999E-001, 5.473487E-001
1.287760E-001, 1.307847E+000, 2.834572E+000, 5.055838E+000, 5.256916E-001, 5.416976E-001, 3.987427E-001, 5.498248E-001
1.287840E-001, 1.295753E+000, 3.007935E+000, 5.021732E+000, 5.493308E-001, 5.316639E-001, 3.943713E-001, 5.464054E-001
1.287920E-001, 1.164450E+000, 3.261724E+000, 5.050966E+000, 5.695930E-001, 5.299916E-001, 3.829111E-001, 5.354396E-001
1.288000E-001, 1.038330E+000, 3.225979E+000, 5.122426E+000, 4.806645E-001, 5.437282E-001, 3.889365E-001, 5.336709E-001
1.288080E-001, 1.055607E+000, 3.009722E+000, 4.950271E+000, 4.029927E-001, 5.530452E-001, 4.057133E-001, 5.400382E-001
1.288160E-001, 1.150629E+000, 2.918572E+000, 4.657932E+000, 5.121834E-001, 5.450421E-001, 4.144561E-001, 5.376799E-001
1.288240E-001, 1.046969E+000, 3.068701E+000, 4.661180E+000, 5.887296E-001, 5.327389E-001, 4.142198E-001, 5.348500E-001
1.288320E-001, 7.463538E-001, 3.318915E+000, 4.973009E+000, 5.707187E-001, 5.219886E-001, 4.149287E-001, 5.455800E-001
1.288400E-001, 7.083451E-001, 3.422575E+000, 5.036349E+000, 6.146201E-001, 5.175690E-001, 4.187093E-001, 5.478203E-001
1.288480E-001, 9.294869E-001, 3.385043E+000, 4.774868E+000, 5.583363E-001, 5.248554E-001, 4.202452E-001, 5.354396E-001
1.288560E-001, 9.191209E-001, 3.304617E+000, 4.737514E+000, 4.300089E-001, 5.341723E-001, 4.198908E-001, 5.354396E-001
1.288640E-001, 6.979790E-001, 3.115169E+000, 4.914541E+000, 4.446428E-001, 5.436087E-001, 4.180005E-001, 5.427501E-001
1.288720E-001, 6.841577E-001, 2.850657E+000, 4.895051E+000, 4.671563E-001, 5.518506E-001, 4.190638E-001, 5.388590E-001
1.288800E-001, 8.690184E-001, 2.791678E+000, 4.867442E+000, 4.941726E-001, 5.513728E-001, 4.249711E-001, 5.347321E-001
1.288880E-001, 9.329423E-001, 3.032956E+000, 5.132171E+000, 6.292539E-001, 5.510145E-001, 4.319417E-001, 5.441651E-001
1.288960E-001, 8.379204E-001, 3.141978E+000, 5.279964E+000, 6.337566E-001, 5.543591E-001, 4.426930E-001, 5.570175E-001
1.289040E-001, 7.947286E-001, 2.993637E+000, 4.994122E+000, 4.851672E-001, 5.530452E-001, 4.548620E-001, 5.572534E-001
1.289120E-001, 8.396481E-001, 3.016871E+000, 4.744010E+000, 4.907956E-001, 5.555536E-001, 4.611237E-001, 5.502965E-001
1.289200E-001, 8.292820E-001, 3.154489E+000, 4.873938E+000, 6.731554E-001, 5.628399E-001, 4.613600E-001, 5.507681E-001
1.289280E-001, 7.187111E-001, 3.113382E+000, 5.042845E+000, 7.924773E-001, 5.565091E-001, 4.638411E-001, 5.631490E-001
1.289360E-001, 7.014344E-001, 3.002573E+000, 4.961640E+000, 7.215595E-001, 5.449226E-001, 4.727021E-001, 5.764731E-001
1.289440E-001, 9.398530E-001, 2.931083E+000, 4.821967E+000, 5.572106E-001, 5.455199E-001, 4.777823E-001, 5.782417E-001
1.289520E-001, 1.145446E+000, 2.836359E+000, 4.875562E+000, 5.211889E-001, 5.425337E-001, 4.695121E-001, 5.821328E-001
1.289600E-001, 1.065973E+000, 2.734486E+000, 5.085072E+000, 6.168715E-001, 5.299916E-001, 4.578156E-001, 5.988764E-001
1.289680E-001, 9.502190E-001, 2.750571E+000, 5.161405E+000, 6.281282E-001, 5.222275E-001, 4.602967E-001, 6.090168E-001
1.289760E-001, 9.208485E-001, 2.759507E+000, 4.968136E+000, 5.695930E-001, 5.186440E-001, 4.770734E-001, 6.063048E-001
1.289840E-001, 8.517417E-001, 2.657634E+000, 4.758627E+000, 5.650903E-001, 5.227053E-001, 4.899513E-001, 6.007630E-001
1.289920E-001, 6.547872E-001, 2.718401E+000, 4.695287E+000, 5.380740E-001, 5.378752E-001, 4.910147E-001, 5.966361E-001
1.290000E-001, 4.941139E-001, 2.868529E+000, 4.654684E+000, 4.817901E-001, 5.507756E-001, 4.916054E-001, 6.013525E-001
1.290080E-001, 6.962513E-001, 2.772018E+000, 4.698535E+000, 4.986753E-001, 5.506561E-001, 4.947954E-001, 6.129079E-001
1.290160E-001, 1.064245E+000, 2.637975E+000, 4.908044E+000, 5.797241E-001, 5.345306E-001, 4.944409E-001, 6.212797E-001
1.290240E-001, 1.181727E+000, 2.750571E+000, 5.021732E+000, 6.427621E-001, 5.218691E-001, 4.930232E-001, 6.322455E-001
1.290320E-001, 9.294869E-001, 2.893551E+000, 4.961640E+000, 6.123688E-001, 5.260499E-001, 4.944409E-001, 6.488712E-001
1.290400E-001, 5.753144E-001, 2.809550E+000, 4.883683E+000, 4.784131E-001, 5.285583E-001, 4.990486E-001, 6.614878E-001
1.290480E-001, 5.649484E-001, 2.668358E+000, 4.753755E+000, 4.086211E-001, 5.281999E-001, 5.029474E-001, 6.679729E-001
1.290560E-001, 6.375105E-001, 2.709465E+000, 4.659556E+000, 5.391997E-001, 5.309472E-001, 4.983397E-001, 6.724536E-001
1.290640E-001, 5.424886E-001, 2.893551E+000, 4.778116E+000, 6.877892E-001, 5.216302E-001, 4.934957E-001, 6.775239E-001
1.290720E-001, 6.582426E-001, 2.965041E+000, 4.924285E+000, 6.213742E-001, 5.039519E-001, 5.055466E-001, 6.874285E-001
1.290800E-001, 8.759291E-001, 2.809550E+000, 4.917789E+000, 4.277576E-001, 4.965461E-001, 5.218508E-001, 6.989838E-001
1.290880E-001, 8.638355E-001, 2.664783E+000, 4.870690E+000, 4.457684E-001, 4.984573E-001, 5.214964E-001, 7.003988E-001
1.290960E-001, 7.636305E-001, 2.621890E+000, 4.916165E+000, 6.742811E-001, 5.014435E-001, 5.133442E-001, 6.998093E-001
1.291040E-001, 7.549922E-001, 2.621890E+000, 5.085072E+000, 7.406961E-001, 5.056242E-001, 5.097999E-001, 7.146662E-001
1.291120E-001, 8.085499E-001, 2.709465E+000, 5.159781E+000, 5.977349E-001, 5.071770E-001, 5.057829E-001, 7.277545E-001
1.291200E-001, 6.927960E-001, 2.754146E+000, 4.995746E+000, 4.761617E-001, 5.012046E-001, 5.016478E-001, 7.230380E-001
1.291280E-001, 4.146410E-001, 2.707677E+000, 4.872314E+000, 4.817901E-001, 4.953516E-001, 5.042470E-001, 7.180856E-001
1.291360E-001, 4.111857E-001, 2.686230E+000, 4.890179E+000, 5.774727E-001, 4.904543E-001, 5.097999E-001, 7.225663E-001
1.291440E-001, 6.202338E-001, 2.720188E+000, 4.799230E+000, 5.909809E-001, 4.768372E-001, 5.094454E-001, 7.266933E-001
1.291520E-001, 6.668810E-001, 2.913211E+000, 4.648188E+000, 5.065550E-001, 4.640562E-001, 5.015296E-001, 7.225663E-001
1.291600E-001, 6.012295E-001, 3.158063E+000, 4.693663E+000, 5.189375E-001, 4.639368E-001, 4.994030E-001, 7.165528E-001
1.291680E-001, 4.699265E-001, 3.088361E+000, 4.844704E+000, 5.628389E-001, 4.610700E-001, 5.100362E-001, 7.195006E-001
1.291760E-001, 4.837478E-001, 2.780954E+000, 4.860945E+000, 5.189375E-001, 4.464974E-001, 5.177156E-001, 7.244529E-001
1.291840E-001, 8.223713E-001, 2.745209E+000, 4.834960E+000, 4.570252E-001, 4.333580E-001, 5.181882E-001, 7.251604E-001
1.291920E-001, 9.916831E-001, 2.911423E+000, 4.883683E+000, 4.198779E-001, 4.273856E-001, 5.223234E-001, 7.310560E-001
1.292000E-001, 7.636305E-001, 2.784529E+000, 4.852825E+000, 4.682820E-001, 4.304913E-001, 5.252770E-001, 7.434368E-001
1.292080E-001, 5.787697E-001, 2.505718E+000, 4.804102E+000, 5.515822E-001, 4.398082E-001, 5.248044E-001, 7.546384E-001
1.292160E-001, 5.735867E-001, 2.505718E+000, 4.854449E+000, 5.403254E-001, 4.363442E-001, 5.253952E-001, 7.637177E-001
1.292240E-001, 5.735867E-001, 2.730911E+000, 4.860945E+000, 5.515822E-001, 4.169936E-001, 5.185427E-001, 7.650147E-001
1.292320E-001, 5.424886E-001, 2.809550E+000, 4.867442E+000, 6.123688E-001, 4.006292E-001, 5.083821E-001, 7.549922E-001
1.292400E-001, 4.992969E-001, 2.621890E+000, 4.934030E+000, 5.662160E-001, 3.944179E-001, 5.083821E-001, 7.580579E-001
1.292480E-001, 5.286673E-001, 2.471761E+000, 4.989250E+000, 4.885442E-001, 3.953735E-001, 5.094454E-001, 7.827016E-001
1.292560E-001, 7.204388E-001, 2.570059E+000, 5.098064E+000, 4.750361E-001, 3.953735E-001, 5.036563E-001, 7.946107E-001
1.292640E-001, 9.329423E-001, 2.791678E+000, 5.172773E+000, 5.189375E-001, 3.896400E-001, 4.990486E-001, 7.818762E-001
1.292720E-001, 8.966612E-001, 2.881040E+000, 4.992498E+000, 5.527079E-001, 3.907150E-001, 4.984579E-001, 7.687879E-001
1.292800E-001, 7.221664E-001, 2.793465E+000, 4.766747E+000, 4.502712E-001, 3.952541E-001, 5.005845E-001, 7.683163E-001
1.292880E-001, 7.187111E-001, 2.764869E+000, 4.878810E+000, 3.635940E-001, 3.868927E-001, 5.008208E-001, 7.757447E-001
1.292960E-001, 7.325324E-001, 2.755933E+000, 5.080200E+000, 4.322603E-001, 3.753062E-001, 4.979853E-001, 7.768059E-001
1.293040E-001, 6.582426E-001, 2.637975E+000, 4.938902E+000, 4.457684E-001, 3.733951E-001, 4.990486E-001, 7.656043E-001
1.293120E-001, 7.273495E-001, 2.655847E+000, 4.701783E+000, 3.996156E-001, 3.736340E-001, 5.028293E-001, 7.556997E-001
1.293200E-001, 7.204388E-001, 2.786316E+000, 4.685542E+000, 4.784131E-001, 3.707672E-001, 5.014115E-001, 7.534593E-001
1.293280E-001, 5.062076E-001, 2.773805E+000, 4.760251E+000, 5.628389E-001, 3.603752E-001, 4.938502E-001, 7.532235E-001
1.293360E-001, 5.252119E-001, 2.734486E+000, 4.789485E+000, 5.099321E-001, 3.391134E-001, 4.888881E-001, 7.505115E-001
1.293440E-001, 7.567198E-001, 2.827423E+000, 4.779740E+000, 4.131238E-001, 3.260936E-001, 4.936139E-001, 7.407248E-001
1.293520E-001, 7.964563E-001, 2.909636E+000, 4.831711E+000, 4.108724E-001, 3.330216E-001, 4.965675E-001, 7.288157E-001
1.293600E-001, 6.807023E-001, 2.798827E+000, 4.919413E+000, 4.964240E-001, 3.437719E-001, 4.899513E-001, 7.294052E-001
1.293680E-001, 6.098678E-001, 2.589719E+000, 4.898300E+000, 5.043037E-001, 3.508193E-001, 4.905421E-001, 7.343575E-001
1.293760E-001, 6.323276E-001, 2.564698E+000, 4.908044E+000, 4.322603E-001, 3.559556E-001, 5.027111E-001, 7.233917E-001
1.293840E-001, 6.945237E-001, 2.713039E+000, 4.948647E+000, 4.885442E-001, 3.512971E-001, 5.126354E-001, 7.097139E-001
1.293920E-001, 6.807023E-001, 2.713039E+000, 4.838208E+000, 6.450135E-001, 3.387551E-001, 5.172431E-001, 7.068840E-001
1.294000E-001, 6.496043E-001, 2.684443E+000, 4.847952E+000, 6.416364E-001, 3.357689E-001, 5.155891E-001, 6.978047E-001
1.294080E-001, 7.791796E-001, 2.902487E+000, 5.028228E+000, 5.268173E-001, 3.469970E-001, 5.097999E-001, 6.855419E-001
1.294160E-001, 9.623127E-001, 3.016871E+000, 4.935654E+000, 6.360080E-001, 3.594196E-001, 5.112177E-001, 6.815329E-001
1.294240E-001, 9.968661E-001, 2.780954E+000, 4.693663E+000, 8.904112E-001, 3.643170E-001, 5.167705E-001, 6.756372E-001
1.294320E-001, 9.018442E-001, 2.607592E+000, 4.768372E+000, 8.701490E-001, 3.602557E-001, 5.139350E-001, 6.680909E-001
1.294400E-001, 8.206437E-001, 2.788103E+000, 4.981129E+000, 6.179972E-001, 3.548806E-001, 5.048378E-001, 6.593654E-001
1.294480E-001, 9.312146E-001, 2.984700E+000, 4.947023E+000, 5.335713E-001, 3.593002E-001, 5.014115E-001, 6.461592E-001
1.294560E-001, 1.128169E+000, 2.805976E+000, 4.739138E+000, 6.495162E-001, 3.681393E-001, 5.080277E-001, 6.406173E-001
1.294640E-001, 1.155812E+000, 2.482484E+000, 4.758627E+000, 6.911662E-001, 3.688560E-001, 5.144076E-001, 6.394382E-001
1.294720E-001, 1.069428E+000, 2.464612E+000, 5.099689E+000, 6.427621E-001, 3.598974E-001, 5.144076E-001, 6.268216E-001
1.294800E-001, 9.052995E-001, 2.713039E+000, 5.221497E+000, 6.483905E-001, 3.555973E-001, 5.043651E-001, 6.052436E-001
1.294880E-001, 6.202338E-001, 2.823848E+000, 5.080200E+000, 6.450135E-001, 3.669448E-001, 4.842803E-001, 5.881463E-001
1.294960E-001, 5.269396E-001, 2.763082E+000, 5.117554E+000, 6.112431E-001, 3.695727E-001, 4.779005E-001, 5.822507E-001
1.295040E-001, 7.480815E-001, 2.882827E+000, 5.114305E+000, 6.562702E-001, 3.485498E-001, 4.917235E-001, 5.833119E-001
1.295120E-001, 9.588574E-001, 2.931083E+000, 4.995746E+000, 6.911662E-001, 3.343355E-001, 4.999938E-001, 5.794209E-001
1.295200E-001, 9.761341E-001, 2.645124E+000, 5.091568E+000, 6.630242E-001, 3.483109E-001, 4.919598E-001, 5.697520E-001
1.295280E-001, 8.638355E-001, 2.566485E+000, 5.169525E+000, 6.630242E-001, 3.722006E-001, 4.770734E-001, 5.633848E-001
1.295360E-001, 9.277592E-001, 2.755933E+000, 4.974633E+000, 5.988606E-001, 3.744701E-001, 4.690395E-001, 5.533623E-001
1.295440E-001, 1.351039E+000, 2.693379E+000, 4.748882E+000, 5.110577E-001, 3.547611E-001, 4.754194E-001, 5.360291E-001
1.295520E-001, 1.504801E+000, 2.509293E+000, 4.718024E+000, 5.977349E-001, 3.465192E-001, 4.847529E-001, 5.260066E-001
1.295600E-001, 1.017598E+000, 2.532527E+000, 4.825215E+000, 6.641499E-001, 3.594196E-001, 4.827445E-001, 5.237663E-001
1.295680E-001, 6.945237E-001, 2.655847E+000, 4.886931E+000, 5.324456E-001, 3.708866E-001, 4.782549E-001, 5.132720E-001
1.295760E-001, 9.294869E-001, 2.721975E+000, 4.888555E+000, 4.817901E-001, 3.673032E-001, 4.853437E-001, 4.960569E-001
1.295840E-001, 1.019326E+000, 2.757720E+000, 4.864193E+000, 5.831012E-001, 3.609724E-001, 4.913691E-001, 4.933449E-001
1.295920E-001, 7.774519E-001, 2.795252E+000, 4.781364E+000, 6.247512E-001, 3.705283E-001, 4.900695E-001, 5.050182E-001
1.296000E-001, 7.411708E-001, 2.793465E+000, 4.812222E+000, 6.224999E-001, 3.866538E-001, 4.986942E-001, 5.082018E-001
1.296080E-001, 9.761341E-001, 2.789891E+000, 5.094817E+000, 5.954836E-001, 3.879677E-001, 5.082640E-001, 4.940524E-001
1.296160E-001, 1.169633E+000, 2.877466E+000, 5.249106E+000, 5.380740E-001, 3.868927E-001, 5.047196E-001, 4.784879E-001
1.296240E-001, 1.124714E+000, 3.011509E+000, 4.977881E+000, 5.504565E-001, 4.026599E-001, 5.060192E-001, 4.826149E-001
1.296320E-001, 8.776568E-001, 3.093722E+000, 4.747258E+000, 5.707187E-001, 4.125741E-001, 5.145257E-001, 4.924016E-001
1.296400E-001, 7.722689E-001, 3.072275E+000, 4.940526E+000, 5.211889E-001, 3.953735E-001, 5.148802E-001, 4.775446E-001
1.296480E-001, 9.381253E-001, 3.018658E+000, 5.184142E+000, 5.133091E-001, 3.860565E-001, 5.086184E-001, 4.537264E-001
1.296560E-001, 1.093616E+000, 2.982913E+000, 5.200383E+000, 5.864782E-001, 4.105434E-001, 5.037744E-001, 4.495994E-001
1.296640E-001, 1.076339E+000, 2.859593E+000, 5.211752E+000, 6.799095E-001, 4.298940E-001, 5.064918E-001, 4.553771E-001
1.296720E-001, 9.674957E-001, 2.750571E+000, 5.236114E+000, 7.136798E-001, 4.251161E-001, 5.184245E-001, 4.553771E-001
1.296800E-001, 9.070272E-001, 2.813125E+000, 5.127298E+000, 6.450135E-001, 4.312080E-001, 5.249225E-001, 4.490099E-001
1.296880E-001, 1.015870E+000, 2.852444E+000, 5.033101E+000, 5.628389E-001, 4.516336E-001, 5.185427E-001, 4.388694E-001
1.296960E-001, 1.228374E+000, 2.723763E+000, 4.998994E+000, 5.549592E-001, 4.564115E-001, 5.168886E-001, 4.301439E-001
1.297040E-001, 1.285387E+000, 2.684443E+000, 4.896676E+000, 6.146201E-001, 4.562921E-001, 5.262222E-001, 4.258991E-001
1.297120E-001, 1.057335E+000, 2.922147E+000, 4.795981E+000, 6.562702E-001, 4.715815E-001, 5.320113E-001, 4.208288E-001
1.297200E-001, 7.878179E-001, 3.152701E+000, 4.830087E+000, 5.369483E-001, 4.813762E-001, 5.327202E-001, 4.137541E-001
1.297280E-001, 8.759291E-001, 3.193808E+000, 4.953519E+000, 3.692223E-001, 4.736121E-001, 5.372097E-001, 4.156407E-001
1.297360E-001, 1.259472E+000, 3.254575E+000, 4.984377E+000, 4.243806E-001, 4.696703E-001, 5.408723E-001, 4.279036E-001
1.297440E-001, 1.254289E+000, 3.313554E+000, 4.956768E+000, 5.729700E-001, 4.795845E-001, 5.395727E-001, 4.352142E-001
1.297520E-001, 7.636305E-001, 3.116956E+000, 5.041221E+000, 4.705333E-001, 4.982184E-001, 5.425263E-001, 4.270782E-001
1.297600E-001, 6.185062E-001, 2.909636E+000, 5.036349E+000, 2.217585E-001, 5.170912E-001, 5.538684E-001, 4.108063E-001
1.297680E-001, 8.517417E-001, 3.109807E+000, 4.828463E+000, 1.969936E-001, 5.191218E-001, 5.681640E-001, 4.013733E-001
1.297760E-001, 8.171883E-001, 3.326064E+000, 4.823591E+000, 4.277576E-001, 5.101632E-001, 5.782064E-001, 3.994867E-001
1.297840E-001, 7.204388E-001, 3.091935E+000, 5.148412E+000, 6.101174E-001, 5.137467E-001, 5.830504E-001, 4.017271E-001
1.297920E-001, 8.897505E-001, 2.897125E+000, 5.305950E+000, 5.718443E-001, 5.299916E-001, 5.844681E-001, 4.075048E-001
1.298000E-001, 1.098799E+000, 3.020445E+000, 5.094817E+000, 4.468941E-001, 5.497006E-001, 5.797423E-001, 4.013733E-001
1.298080E-001, 1.157539E+000, 3.045467E+000, 5.003867E+000, 3.748507E-001, 5.663038E-001, 5.816326E-001, 3.865164E-001
1.298160E-001, 1.057335E+000, 3.009722E+000, 5.229617E+000, 4.165008E-001, 5.732319E-001, 6.001815E-001, 3.865164E-001
1.298240E-001, 9.968661E-001, 3.183085E+000, 5.380659E+000, 6.292539E-001, 5.766959E-001, 6.121143E-001, 3.915866E-001
1.298320E-001, 1.097071E+000, 3.242064E+000, 5.323815E+000, 8.026083E-001, 5.858934E-001, 6.112873E-001, 3.876955E-001
1.298400E-001, 1.148901E+000, 2.979339E+000, 5.224745E+000, 7.024230E-001, 5.966437E-001, 6.151861E-001, 3.842761E-001
1.298480E-001, 1.074611E+000, 2.897125E+000, 5.187390E+000, 4.525225E-001, 6.048856E-001, 6.215660E-001, 3.806208E-001
1.298560E-001, 1.105709E+000, 3.111595E+000, 5.141915E+000, 3.095614E-001, 6.104997E-001, 6.291273E-001, 3.730744E-001
1.298640E-001, 1.276749E+000, 3.131254E+000, 5.070455E+000, 4.029927E-001, 6.120526E-001, 6.408238E-001, 3.677683E-001
1.298720E-001, 1.332034E+000, 3.040105E+000, 5.146788E+000, 6.022376E-001, 6.192194E-001, 6.459041E-001, 3.630518E-001
1.298800E-001, 1.202459E+000, 3.172361E+000, 5.237738E+000, 6.348823E-001, 6.349866E-001, 6.469674E-001, 3.533830E-001
1.298880E-001, 1.074611E+000, 3.311766E+000, 5.187390E+000, 5.301943E-001, 6.380922E-001, 6.548831E-001, 3.476053E-001
1.298960E-001, 1.199004E+000, 3.199170E+000, 5.200383E+000, 5.515822E-001, 6.305670E-001, 6.643348E-001, 3.538547E-001
1.299040E-001, 1.492708E+000, 3.013296E+000, 5.240986E+000, 6.585215E-001, 6.367783E-001, 6.731958E-001, 3.623444E-001
1.299120E-001, 1.351039E+000, 3.059765E+000, 5.133795E+000, 6.371337E-001, 6.453786E-001, 6.762676E-001, 3.584533E-001
1.299200E-001, 8.223713E-001, 3.258149E+000, 5.054214E+000, 5.662160E-001, 6.384506E-001, 6.663433E-001, 3.450113E-001
1.299280E-001, 7.308048E-001, 3.358235E+000, 5.180894E+000, 5.954836E-001, 6.372561E-001, 6.617356E-001, 3.385261E-001
1.299360E-001, 1.000321E+000, 3.329639E+000, 5.284837E+000, 5.684673E-001, 6.515899E-001, 6.755587E-001, 3.400590E-001
1.299440E-001, 1.076339E+000, 3.276021E+000, 5.195511E+000, 4.187522E-001, 6.612652E-001, 6.880822E-001, 3.352245E-001
1.299520E-001, 1.074611E+000, 3.245638E+000, 5.169525E+000, 3.771021E-001, 6.643708E-001, 6.833563E-001, 3.234333E-001
1.299600E-001, 1.074611E+000, 3.066914E+000, 5.263723E+000, 4.131238E-001, 6.654459E-001, 6.728413E-001, 3.185989E-001
1.299680E-001, 9.726787E-001, 2.854231E+000, 5.279964E+000, 3.658453E-001, 6.552927E-001, 6.760313E-001, 3.237871E-001
1.299760E-001, 9.087549E-001, 2.977551E+000, 5.286461E+000, 3.602169E-001, 6.468120E-001, 6.906813E-001, 3.257916E-001
1.299840E-001, 9.312146E-001, 3.218830E+000, 5.314071E+000, 4.468941E-001, 6.583984E-001, 6.909177E-001, 3.185989E-001
1.299920E-001, 1.005504E+000, 3.320703E+000, 5.318943E+000, 4.739104E-001, 6.704627E-001, 6.695333E-001, 3.141183E-001
1.300000E-001, 1.091888E+000, 3.327852E+000, 5.292957E+000, 4.086211E-001, 6.632958E-001, 6.574823E-001, 3.196601E-001
1.300080E-001, 1.152357E+000, 3.211681E+000, 5.189014E+000, 3.241952E-001, 6.599513E-001, 6.708328E-001, 3.244945E-001
1.300160E-001, 1.221463E+000, 3.170574E+000, 5.128922E+000, 2.870479E-001, 6.710600E-001, 6.872551E-001, 3.217826E-001
1.300240E-001, 1.243923E+000, 3.295681E+000, 5.206880E+000, 3.771021E-001, 6.738073E-001, 6.922173E-001, 3.102272E-001
1.300320E-001, 1.154084E+000, 3.293894E+000, 5.278340E+000, 5.831012E-001, 6.679543E-001, 6.909177E-001, 2.911254E-001
1.300400E-001, 1.050424E+000, 3.184872E+000, 5.247482E+000, 7.271879E-001, 6.636541E-001, 6.882003E-001, 2.833432E-001
1.300480E-001, 9.605850E-001, 3.274234E+000, 5.223121E+000, 6.945432E-001, 6.591151E-001, 6.874914E-001, 2.951344E-001
1.300560E-001, 8.690184E-001, 3.463682E+000, 5.328688E+000, 5.380740E-001, 6.582790E-001, 6.897362E-001, 3.007942E-001
1.300640E-001, 8.983889E-001, 3.368958E+000, 5.452119E+000, 3.377034E-001, 6.580401E-001, 6.937532E-001, 2.855835E-001
1.300720E-001, 1.074611E+000, 3.217042E+000, 5.499218E+000, 2.138788E-001, 6.622208E-001, 6.930443E-001, 2.715519E-001
1.300800E-001, 1.185182E+000, 3.299256E+000, 5.512211E+000, 2.757911E-001, 6.785852E-001, 6.756768E-001, 2.732027E-001
1.300880E-001, 1.148901E+000, 3.295681E+000, 5.341681E+000, 3.816048E-001, 6.834825E-001, 6.546468E-001, 2.793341E-001
1.300960E-001, 1.148901E+000, 3.306405E+000, 5.187390E+000, 3.737251E-001, 6.685515E-001, 6.559464E-001, 2.868805E-001
1.301040E-001, 1.200731E+000, 3.392192E+000, 5.435878E+000, 3.984900E-001, 6.592346E-001, 6.655163E-001, 2.934836E-001
1.301120E-001, 1.176544E+000, 3.140191E+000, 5.729841E+000, 5.718443E-001, 6.585179E-001, 6.599634E-001, 2.898283E-001
1.301200E-001, 1.143718E+000, 2.925721E+000, 5.664877E+000, 6.866635E-001, 6.506343E-001, 6.537017E-001, 2.864089E-001
1.301280E-001, 1.128169E+000, 3.122318E+000, 5.456992E+000, 5.358227E-001, 6.433480E-001, 6.593727E-001, 2.941911E-001
1.301360E-001, 1.088433E+000, 3.306405E+000, 5.291333E+000, 3.050587E-001, 6.470509E-001, 6.648074E-001, 2.958418E-001
1.301440E-001, 1.126441E+000, 3.297468E+000, 5.200383E+000, 3.939873E-001, 6.497982E-001, 6.645711E-001, 2.818103E-001
1.301520E-001, 1.207642E+000, 3.234915E+000, 5.346553E+000, 6.652756E-001, 6.392867E-001, 6.611449E-001, 2.694295E-001
1.301600E-001, 1.188638E+000, 3.195595E+000, 5.586920E+000, 6.630242E-001, 6.213695E-001, 6.527565E-001, 2.680146E-001
1.301680E-001, 1.159267E+000, 3.218830E+000, 5.476481E+000, 4.795388E-001, 6.128887E-001, 6.479125E-001, 2.714340E-001
1.301760E-001, 1.228374E+000, 3.174148E+000, 5.167901E+000, 3.827305E-001, 6.187416E-001, 6.499210E-001, 2.769759E-001
1.301840E-001, 1.295753E+000, 3.074063E+000, 5.273468E+000, 3.602169E-001, 6.250724E-001, 6.469674E-001, 2.800416E-001
1.301920E-001, 1.188638E+000, 3.100871E+000, 5.617778E+000, 4.457684E-001, 6.236390E-001, 6.408238E-001, 2.826357E-001
1.302000E-001, 1.012415E+000, 3.208106E+000, 5.564183E+000, 5.921066E-001, 6.186222E-001, 6.433048E-001, 2.931299E-001
1.302080E-001, 1.097071E+000, 3.317128E+000, 5.330312E+000, 6.224999E-001, 6.113358E-001, 6.501573E-001, 3.005584E-001
1.302160E-001, 1.333762E+000, 3.267085E+000, 5.398524E+000, 5.966093E-001, 6.004661E-001, 6.455496E-001, 3.003225E-001
1.302240E-001, 1.269838E+000, 3.009722E+000, 5.560935E+000, 5.954836E-001, 5.993910E-001, 6.286547E-001, 3.043315E-001
1.302320E-001, 9.018442E-001, 2.923934E+000, 5.478105E+000, 5.391997E-001, 6.100219E-001, 6.216841E-001, 3.052748E-001
1.302400E-001, 7.152557E-001, 3.113382E+000, 5.253979E+000, 4.558995E-001, 6.097830E-001, 6.299543E-001, 3.007942E-001
1.302480E-001, 9.381253E-001, 3.256362E+000, 5.197135E+000, 4.795388E-001, 6.029745E-001, 6.379883E-001, 3.091660E-001
1.302560E-001, 1.202459E+000, 3.202744E+000, 5.382283E+000, 5.572106E-001, 5.984355E-001, 6.435411E-001, 3.254378E-001
1.302640E-001, 1.256017E+000, 3.122318E+000, 5.622651E+000, 5.110577E-001, 5.900741E-001, 6.494484E-001, 3.295648E-001
1.302720E-001, 1.254289E+000, 3.177723E+000, 5.809422E+000, 4.097467E-001, 5.932992E-001, 6.511025E-001, 3.307439E-001
1.302800E-001, 1.193821E+000, 3.195595E+000, 5.854897E+000, 3.838561E-001, 6.066774E-001, 6.541743E-001, 3.406485E-001
1.302880E-001, 1.072884E+000, 3.172361E+000, 5.583672E+000, 3.996156E-001, 6.093052E-001, 6.687062E-001, 3.430068E-001
1.302960E-001, 1.067701E+000, 3.227766E+000, 5.252355E+000, 4.986753E-001, 6.100219E-001, 6.800482E-001, 3.366395E-001
1.303040E-001, 1.181727E+000, 3.240277E+000, 5.279964E+000, 7.170568E-001, 6.122915E-001, 6.717780E-001, 3.374649E-001
1.303120E-001, 1.245651E+000, 3.261724E+000, 5.492722E+000, 8.071110E-001, 6.008244E-001, 6.580731E-001, 3.424172E-001
1.303200E-001, 1.160995E+000, 3.252787E+000, 5.582048E+000, 6.461391E-001, 5.856545E-001, 6.516932E-001, 3.471337E-001
1.303280E-001, 1.015870E+000, 3.115169E+000, 5.598289E+000, 4.829158E-001, 5.806376E-001, 6.559464E-001, 3.532651E-001
1.303360E-001, 9.018442E-001, 3.145552E+000, 5.616154E+000, 4.266319E-001, 5.824294E-001, 6.733139E-001, 3.586891E-001
1.303440E-001, 9.070272E-001, 3.352873E+000, 5.567431E+000, 4.052441E-001, 5.894768E-001, 6.835926E-001, 3.656459E-001
1.303520E-001, 1.081522E+000, 3.376107E+000, 5.422885E+000, 4.266319E-001, 5.915074E-001, 6.825293E-001, 3.729565E-001
1.303600E-001, 1.157539E+000, 3.234915E+000, 5.262099E+000, 4.468941E-001, 5.838628E-001, 6.943439E-001, 3.779088E-001
1.303680E-001, 1.033147E+000, 3.149127E+000, 5.271844E+000, 4.333860E-001, 5.807571E-001, 7.081670E-001, 3.830969E-001
1.303760E-001, 1.100526E+000, 3.247426E+000, 5.502467E+000, 4.187522E-001, 5.835044E-001, 7.026141E-001, 3.879313E-001
1.303840E-001, 1.371771E+000, 3.494066E+000, 5.608034E+000, 3.635940E-001, 5.814738E-001, 6.929261E-001, 3.882851E-001
1.303920E-001, 1.375226E+000, 3.469044E+000, 5.435878E+000, 3.883589E-001, 5.738291E-001, 6.941076E-001, 3.901717E-001
1.304000E-001, 1.084977E+000, 3.077637E+000, 5.421261E+000, 5.921066E-001, 5.686929E-001, 7.008419E-001, 4.016092E-001
1.304080E-001, 8.897505E-001, 3.006147E+000, 5.643764E+000, 6.855378E-001, 5.692901E-001, 7.067492E-001, 4.149332E-001
1.304160E-001, 9.381253E-001, 3.340362E+000, 5.595041E+000, 6.067404E-001, 5.672595E-001, 7.067492E-001, 4.223617E-001
1.304240E-001, 1.138535E+000, 3.379682E+000, 5.335184E+000, 5.831012E-001, 5.690512E-001, 7.027323E-001, 4.233050E-001
1.304320E-001, 1.342400E+000, 3.251000E+000, 5.388779E+000, 5.211889E-001, 5.745458E-001, 7.100573E-001, 4.183527E-001
1.304400E-001, 1.314758E+000, 3.431512E+000, 5.570679E+000, 3.771021E-001, 5.618843E-001, 7.229352E-001, 4.182348E-001
1.304480E-001, 1.133352E+000, 3.570917E+000, 5.546318E+000, 3.106871E-001, 5.534035E-001, 7.126565E-001, 4.280215E-001
1.304560E-001, 1.116075E+000, 3.354660E+000, 5.515460E+000, 3.523372E-001, 5.673789E-001, 6.939895E-001, 4.453546E-001
1.304640E-001, 1.249106E+000, 3.195595E+000, 5.577176E+000, 4.986753E-001, 5.596148E-001, 6.997786E-001, 4.737715E-001
1.304720E-001, 1.304392E+000, 3.302830E+000, 5.580424E+000, 6.044890E-001, 5.338140E-001, 7.092303E-001, 4.961748E-001
1.304800E-001, 1.226646E+000, 3.390405E+000, 5.432630E+000, 4.964240E-001, 5.334556E-001, 7.033230E-001, 4.954673E-001
1.304880E-001, 1.186910E+000, 3.395767E+000, 5.224745E+000, 4.176265E-001, 5.372779E-001, 7.016689E-001, 4.886284E-001
1.304960E-001, 1.226646E+000, 3.419001E+000, 5.182518E+000, 5.290686E-001, 5.225858E-001, 7.039137E-001, 4.902792E-001
1.305040E-001, 1.176544E+000, 3.420788E+000, 5.281589E+000, 5.673416E-001, 5.144634E-001, 6.998968E-001, 4.987689E-001
1.305120E-001, 1.074611E+000, 3.404703E+000, 5.354673E+000, 4.727847E-001, 5.198385E-001, 7.006056E-001, 5.107959E-001
1.305200E-001, 9.813170E-001, 3.451171E+000, 5.395276E+000, 4.142494E-001, 5.254526E-001, 7.053314E-001, 5.176348E-001
1.305280E-001, 8.759291E-001, 3.572704E+000, 5.343305E+000, 4.311346E-001, 5.270054E-001, 7.008419E-001, 5.119750E-001
1.305360E-001, 9.398530E-001, 3.656705E+000, 5.263723E+000, 4.795388E-001, 5.254526E-001, 6.950527E-001, 5.028958E-001
1.305440E-001, 1.135080E+000, 3.581640E+000, 5.327064E+000, 4.626536E-001, 5.296333E-001, 7.024959E-001, 5.085556E-001
1.305520E-001, 1.102254E+000, 3.376107E+000, 5.414765E+000, 3.827305E-001, 5.393086E-001, 7.157283E-001, 5.275394E-001
1.305600E-001, 9.294869E-001, 3.256362E+000, 5.453743E+000, 3.973643E-001, 5.375168E-001, 7.185638E-001, 5.432218E-001
1.305680E-001, 1.010687E+000, 3.283170E+000, 5.598289E+000, 4.986753E-001, 5.271249E-001, 7.078125E-001, 5.500607E-001
1.305760E-001, 1.185182E+000, 3.277809E+000, 5.733089E+000, 4.952983E-001, 5.228247E-001, 6.935169E-001, 5.520652E-001
1.305840E-001, 1.098799E+000, 3.292107E+000, 5.567431E+000, 4.052441E-001, 5.243776E-001, 6.880822E-001, 5.568996E-001
1.305920E-001, 9.312146E-001, 3.326064E+000, 5.305950E+000, 3.759764E-001, 5.238998E-001, 6.936350E-001, 5.689266E-001
1.306000E-001, 1.000321E+000, 3.168787E+000, 5.400148E+000, 4.232549E-001, 5.168523E-001, 7.053314E-001, 5.750581E-001
1.306080E-001, 1.197276E+000, 3.015084E+000, 5.611282E+000, 5.054294E-001, 5.100438E-001, 7.127746E-001, 5.670400E-001
1.306160E-001, 1.242195E+000, 3.059765E+000, 5.468360E+000, 5.628389E-001, 5.108799E-001, 7.091121E-001, 5.618519E-001
1.306240E-001, 1.205914E+000, 3.108020E+000, 5.234489E+000, 5.324456E-001, 5.108799E-001, 7.063948E-001, 5.691625E-001
1.306320E-001, 1.275021E+000, 3.127680E+000, 5.296206E+000, 4.649050E-001, 5.086104E-001, 7.127746E-001, 5.777701E-001
1.306400E-001, 1.285387E+000, 3.186659E+000, 5.578800E+000, 4.964240E-001, 5.124328E-001, 7.144287E-001, 5.811895E-001
1.306480E-001, 1.052152E+000, 3.267085E+000, 5.812671E+000, 5.740957E-001, 5.199580E-001, 7.106481E-001, 5.861418E-001
1.306560E-001, 8.120053E-001, 3.390405E+000, 5.750955E+000, 5.279430E-001, 5.252137E-001, 7.149013E-001, 5.953390E-001
1.306640E-001, 9.243039E-001, 3.467257E+000, 5.513835E+000, 4.165008E-001, 5.266471E-001, 7.219900E-001, 6.012346E-001
1.306720E-001, 1.186910E+000, 3.374320E+000, 5.393651E+000, 3.838561E-001, 5.211524E-001, 7.262433E-001, 6.032391E-001
1.306800E-001, 1.192093E+000, 3.217042E+000, 5.353049E+000, 4.131238E-001, 5.041908E-001, 7.275429E-001, 6.002913E-001
1.306880E-001, 1.093616E+000, 3.166999E+000, 5.372539E+000, 3.174412E-001, 4.825707E-001, 7.209268E-001, 5.939240E-001
1.306960E-001, 1.090160E+000, 3.229553E+000, 5.518708E+000, 1.193219E-001, 4.762399E-001, 7.200997E-001, 5.947495E-001
1.307040E-001, 1.128169E+000, 3.327852E+000, 5.603161E+000, 1.542179E-001, 4.886625E-001, 7.373490E-001, 5.987585E-001
1.307120E-001, 1.129897E+000, 3.426150E+000, 5.526828E+000, 3.984900E-001, 4.998907E-001, 7.449104E-001, 6.028854E-001
1.307200E-001, 1.091888E+000, 3.488704E+000, 5.487850E+000, 5.200632E-001, 5.015630E-001, 7.221082E-001, 6.090168E-001
1.307280E-001, 1.155812E+000, 3.351086E+000, 5.578800E+000, 4.468941E-001, 5.057436E-001, 7.049770E-001, 6.092526E-001
1.307360E-001, 1.183455E+000, 3.061552E+000, 5.676246E+000, 3.500858E-001, 5.139856E-001, 7.185638E-001, 6.090168E-001
1.307440E-001, 1.050424E+000, 3.006147E+000, 5.669750E+000, 4.187522E-001, 5.124328E-001, 7.255344E-001, 6.160915E-001
1.307520E-001, 1.124714E+000, 3.242064E+000, 5.533325E+000, 5.538335E-001, 4.949933E-001, 7.092303E-001, 6.177423E-001
1.307600E-001, 1.335490E+000, 3.456533E+000, 5.409893E+000, 4.660307E-001, 4.760011E-001, 7.027323E-001, 6.083093E-001
1.307680E-001, 1.273293E+000, 3.477980E+000, 5.479729E+000, 2.825451E-001, 4.682369E-001, 7.066311E-001, 6.045362E-001
1.307760E-001, 1.166178E+000, 3.367171E+000, 5.565807E+000, 3.298236E-001, 4.646535E-001, 7.046226E-001, 6.170349E-001
1.307840E-001, 1.124714E+000, 3.304617E+000, 5.495970E+000, 4.119981E-001, 4.605922E-001, 7.126565E-001, 6.309485E-001
1.307920E-001, 8.949335E-001, 3.308192E+000, 5.510587E+000, 2.746654E-001, 4.622645E-001, 7.270703E-001, 6.311843E-001
1.308000E-001, 8.776568E-001, 3.243851E+000, 5.625899E+000, 1.879882E-001, 4.654896E-001, 7.244711E-001, 6.199827E-001
1.308080E-001, 1.230102E+000, 3.234915E+000, 5.677870E+000, 2.938019E-001, 4.604728E-001, 7.158465E-001, 6.081914E-001
1.308160E-001, 1.259472E+000, 3.351086E+000, 5.679494E+000, 3.984900E-001, 4.525892E-001, 7.158465E-001, 6.072481E-001
1.308240E-001, 9.865001E-001, 3.404703E+000, 5.515460E+000, 4.637793E-001, 4.488863E-001, 7.170279E-001, 6.224588E-001
1.308320E-001, 1.064245E+000, 3.429724E+000, 5.330312E+000, 5.009267E-001, 4.462585E-001, 7.189183E-001, 6.382591E-001
1.308400E-001, 1.437422E+000, 3.463682E+000, 5.401772E+000, 5.076807E-001, 4.493641E-001, 7.222263E-001, 6.329530E-001
1.308480E-001, 1.546265E+000, 3.449384E+000, 5.474857E+000, 4.998010E-001, 4.617867E-001, 7.203360E-001, 6.206901E-001
1.308560E-001, 1.292298E+000, 3.486917E+000, 5.385531E+000, 4.255062E-001, 4.619062E-001, 7.127746E-001, 6.285902E-001
1.308640E-001, 1.046969E+000, 3.442235E+000, 5.331936E+000, 3.286979E-001, 4.395694E-001, 7.081670E-001, 6.441547E-001
1.308720E-001, 1.052152E+000, 3.336788E+000, 5.405020E+000, 3.377034E-001, 4.248772E-001, 7.094666E-001, 6.472204E-001
1.308800E-001, 1.202459E+000, 3.419001E+000, 5.497594E+000, 3.984900E-001, 4.395694E-001, 7.114751E-001, 6.466308E-001
1.308880E-001, 1.162722E+000, 3.458320E+000, 5.504091E+000, 4.435171E-001, 4.556949E-001, 7.110025E-001, 6.479279E-001
1.308960E-001, 9.830447E-001, 3.331426E+000, 5.465112E+000, 5.200632E-001, 4.444667E-001, 7.086396E-001, 6.435651E-001
1.309040E-001, 1.031420E+000, 3.318915E+000, 5.393651E+000, 5.425767E-001, 4.298940E-001, 7.000149E-001, 6.377874E-001
1.309120E-001, 1.247378E+000, 3.451171E+000, 5.302702E+000, 4.401400E-001, 4.392110E-001, 6.887910E-001, 6.369620E-001
1.309200E-001, 1.321668E+000, 3.553045E+000, 5.354673E+000, 3.771021E-001, 4.541420E-001, 6.904451E-001, 6.383770E-001
1.309280E-001, 1.235285E+000, 3.461895E+000, 5.494346E+000, 4.007413E-001, 4.503197E-001, 6.997786E-001, 6.453338E-001
1.309360E-001, 1.209370E+000, 3.276021E+000, 5.413141E+000, 3.320750E-001, 4.371804E-001, 6.969431E-001, 6.517010E-001
1.309440E-001, 1.230102E+000, 3.245638E+000, 5.234489E+000, 2.161302E-001, 4.298940E-001, 6.844196E-001, 6.401457E-001
1.309520E-001, 1.043513E+000, 3.251000E+000, 5.396900E+000, 3.061844E-001, 4.217716E-001, 6.741409E-001, 6.241096E-001
1.309600E-001, 8.724738E-001, 3.204532E+000, 5.668126E+000, 4.952983E-001, 4.135296E-001, 6.678792E-001, 6.311843E-001
1.309680E-001, 1.076339E+000, 3.313554E+000, 5.617778E+000, 4.333860E-001, 4.174714E-001, 6.666977E-001, 6.462771E-001
1.309760E-001, 1.271566E+000, 3.415426E+000, 5.453743E+000, 2.544032E-001, 4.199798E-001, 6.681155E-001, 6.434472E-001
1.309840E-001, 1.155812E+000, 3.247426E+000, 5.330312E+000, 3.838561E-001, 4.057655E-001, 6.658707E-001, 6.329530E-001
1.309920E-001, 1.053879E+000, 3.190234E+000, 5.268596E+000, 6.247512E-001, 3.937012E-001, 6.593727E-001, 6.354291E-001
1.310000E-001, 1.226646E+000, 3.447597E+000, 5.366042E+000, 4.795388E-001, 3.903567E-001, 6.493303E-001, 6.442726E-001
1.310080E-001, 1.465065E+000, 3.492278E+000, 5.502467E+000, 1.913652E-001, 3.842648E-001, 6.370431E-001, 6.446263E-001
1.310160E-001, 1.395958E+000, 3.292107E+000, 5.595041E+000, 2.791681E-001, 3.788897E-001, 6.278277E-001, 6.412069E-001
1.310240E-001, 1.135080E+000, 3.270660E+000, 5.564183E+000, 5.268173E-001, 3.747090E-001, 6.242833E-001, 6.404994E-001
1.310320E-001, 1.024509E+000, 3.426150E+000, 5.377411E+000, 5.335713E-001, 3.704088E-001, 6.223930E-001, 6.408531E-001
1.310400E-001, 1.062518E+000, 3.540534E+000, 5.307574E+000, 4.412657E-001, 3.748284E-001, 6.220385E-001, 6.480458E-001
1.310480E-001, 1.223191E+000, 3.497640E+000, 5.432630E+000, 4.176265E-001, 3.774563E-001, 6.221567E-001, 6.625490E-001
1.310560E-001, 1.342400E+000, 3.451171E+000, 5.538197E+000, 4.221292E-001, 3.656309E-001, 6.195575E-001, 6.683267E-001
1.310640E-001, 1.269838E+000, 3.465469E+000, 5.492722E+000, 4.570252E-001, 3.558362E-001, 6.187305E-001, 6.593654E-001
1.310720E-001, 1.280204E+000, 3.379682E+000, 5.361170E+000, 4.952983E-001, 3.518944E-001, 6.189668E-001, 6.492249E-001
1.310800E-001, 1.420146E+000, 3.374320E+000, 5.330312E+000, 5.166861E-001, 3.372023E-001, 6.137683E-001, 6.441547E-001
1.310880E-001, 1.444333E+000, 3.561981E+000, 5.419637E+000, 4.682820E-001, 3.293187E-001, 6.065614E-001, 6.360188E-001
1.310960E-001, 1.359677E+000, 3.708535E+000, 5.531701E+000, 3.253209E-001, 3.471164E-001, 5.982912E-001, 6.307127E-001
1.311040E-001, 1.300936E+000, 3.738918E+000, 5.611282E+000, 3.151898E-001, 3.674226E-001, 5.967553E-001, 6.366083E-001
1.311120E-001, 1.295753E+000, 3.613811E+000, 5.557686E+000, 4.637793E-001, 3.730367E-001, 6.114054E-001, 6.441547E-001
1.311200E-001, 1.174816E+000, 3.510151E+000, 5.400148E+000, 4.896699E-001, 3.679004E-001, 6.233382E-001, 6.494607E-001
1.311280E-001, 9.329423E-001, 3.654917E+000, 5.406644E+000, 4.333860E-001, 3.449664E-001, 6.242833E-001, 6.453338E-001
1.311360E-001, 8.310097E-001, 3.637045E+000, 5.586920E+000, 4.626536E-001, 3.137904E-001, 6.277096E-001, 6.241096E-001
1.311440E-001, 9.139379E-001, 3.352873E+000, 5.604785E+000, 4.874185E-001, 3.082958E-001, 6.272370E-001, 6.129079E-001
1.311520E-001, 1.129897E+000, 3.363596E+000, 5.491098E+000, 4.570252E-001, 3.233463E-001, 6.190849E-001, 6.262320E-001
1.311600E-001, 1.347583E+000, 3.556619E+000, 5.476481E+000, 4.018670E-001, 3.262130E-001, 6.207389E-001, 6.347217E-001
1.311680E-001, 1.268110E+000, 3.401129E+000, 5.388779E+000, 3.545885E-001, 3.223907E-001, 6.318446E-001, 6.297694E-001
1.311760E-001, 1.091888E+000, 3.174148E+000, 5.190639E+000, 4.074954E-001, 3.288409E-001, 6.329080E-001, 6.288261E-001
1.311840E-001, 1.233557E+000, 3.347511E+000, 5.193887E+000, 4.817901E-001, 3.389940E-001, 6.258192E-001, 6.290619E-001
1.311920E-001, 1.432239E+000, 3.592364E+000, 5.359546E+000, 3.917359E-001, 3.487887E-001, 6.275914E-001, 6.268216E-001
1.312000E-001, 1.333762E+000, 3.520874E+000, 5.377411E+000, 2.757911E-001, 3.538055E-001, 6.324354E-001, 6.314201E-001
1.312080E-001, 1.183455E+000, 3.395767E+000, 5.359546E+000, 3.725994E-001, 3.458025E-001, 6.293636E-001, 6.371979E-001
1.312160E-001, 1.228374E+000, 3.438661E+000, 5.492722E+000, 4.952983E-001, 3.302743E-001, 6.303087E-001, 6.304768E-001
1.312240E-001, 1.292298E+000, 3.520874E+000, 5.656757E+000, 3.759764E-001, 3.194045E-001, 6.375157E-001, 6.219872E-001
1.312320E-001, 1.223191E+000, 3.615598E+000, 5.759075E+000, 1.857368E-001, 3.234657E-001, 6.378701E-001, 6.259962E-001
1.312400E-001, 1.204187E+000, 3.717471E+000, 5.695735E+000, 1.992450E-001, 3.349327E-001, 6.331443E-001, 6.283544E-001
1.312480E-001, 1.380409E+000, 3.679939E+000, 5.543069E+000, 3.545885E-001, 3.332604E-001, 6.310176E-001, 6.243454E-001
1.312560E-001, 1.484069E+000, 3.515512E+000, 5.570679E+000, 4.052441E-001, 3.296770E-001, 6.418871E-001, 6.269395E-001
1.312640E-001, 1.347583E+000, 3.351086E+000, 5.661629E+000, 3.782278E-001, 3.466386E-001, 6.674066E-001, 6.327172E-001
1.312720E-001, 1.326851E+000, 3.283170E+000, 5.614530E+000, 4.232549E-001, 3.663476E-001, 6.775672E-001, 6.331888E-001
1.312800E-001, 1.499618E+000, 3.402916E+000, 5.469985E+000, 4.570252E-001, 3.643170E-001, 6.638622E-001, 6.232842E-001
1.312880E-001, 1.489252E+000, 3.631683E+000, 5.354673E+000, 4.502712E-001, 3.533278E-001, 6.583093E-001, 6.061869E-001
1.312960E-001, 1.401141E+000, 3.769301E+000, 5.419637E+000, 4.345117E-001, 3.530889E-001, 6.626807E-001, 5.960464E-001
1.313040E-001, 1.439150E+000, 3.731769E+000, 5.573927E+000, 3.568399E-001, 3.542833E-001, 6.585457E-001, 6.007630E-001
1.313120E-001, 1.465065E+000, 3.606662E+000, 5.624275E+000, 3.028074E-001, 3.524916E-001, 6.552376E-001, 6.070123E-001
1.313200E-001, 1.541082E+000, 3.581640E+000, 5.598289E+000, 3.725994E-001, 3.567917E-001, 6.598453E-001, 5.975793E-001
1.313280E-001, 1.624011E+000, 3.567343E+000, 5.505715E+000, 4.423914E-001, 3.598974E-001, 6.589001E-001, 5.849627E-001
1.313360E-001, 1.553176E+000, 3.463682E+000, 5.383907E+000, 4.086211E-001, 3.540444E-001, 6.505117E-001, 5.872030E-001
1.313440E-001, 1.440878E+000, 3.538747E+000, 5.474857E+000, 3.377034E-001, 3.447275E-001, 6.427141E-001, 5.921553E-001
1.313520E-001, 1.332034E+000, 3.722833E+000, 5.661629E+000, 2.589059E-001, 3.444886E-001, 6.408238E-001, 5.933345E-001
1.313600E-001, 1.335490E+000, 3.722833E+000, 5.554438E+000, 2.026220E-001, 3.570306E-001, 6.481488E-001, 5.969898E-001
1.313680E-001, 1.622283E+000, 3.633471E+000, 5.380659E+000, 2.510262E-001, 3.616891E-001, 6.570098E-001, 5.914479E-001
1.313760E-001, 1.829603E+000, 3.520874E+000, 5.505715E+000, 3.534628E-001, 3.546417E-001, 6.587819E-001, 5.782417E-001
1.313840E-001, 1.565270E+000, 3.486917E+000, 5.773692E+000, 3.568399E-001, 3.551195E-001, 6.586638E-001, 5.722282E-001
1.313920E-001, 1.140263E+000, 3.726407E+000, 5.937727E+000, 2.172558E-001, 3.552389E-001, 6.629171E-001, 5.656251E-001
1.314000E-001, 1.100526E+000, 3.917643E+000, 5.835408E+000, 1.452124E-001, 3.480720E-001, 6.662251E-001, 5.623236E-001
1.314080E-001, 1.432239E+000, 3.788961E+000, 5.591793E+000, 3.185668E-001, 3.527305E-001, 6.620901E-001, 5.705774E-001
1.314160E-001, 1.618828E+000, 3.610236E+000, 5.562559E+000, 4.356374E-001, 3.593002E-001, 6.561828E-001, 5.677475E-001
1.314240E-001, 1.537627E+000, 3.613811E+000, 5.656757E+000, 2.296383E-001, 3.455636E-001, 6.509843E-001, 5.482920E-001
1.314320E-001, 1.522078E+000, 3.735344E+000, 5.596665E+000, 1.913652E-002, 3.461609E-001, 6.446044E-001, 5.349679E-001
1.314400E-001, 1.515167E+000, 3.815770E+000, 5.478105E+000, 9.680830E-002, 3.651531E-001, 6.421233E-001, 5.447546E-001
1.314480E-001, 1.433967E+000, 3.758578E+000, 5.544693E+000, 2.127531E-001, 1.936255E-001, 6.359798E-001, 5.589041E-001
1.314560E-001, 1.484069E+000, 3.671003E+000, 5.746082E+000, 1.474638E-001, -3.891622E-001, 6.226293E-001, 5.207005E-001
1.314640E-001, 1.511712E+000, 3.712109E+000, 5.794806E+000, 1.226989E-001, -1.129980E+000, 6.169583E-001, 4.480666E-001
1.314720E-001, 1.395958E+000, 3.737131E+000, 5.614530E+000, 2.611573E-001, -1.552588E+000, 6.112873E-001, 4.295544E-001
1.314800E-001, 1.385592E+000, 3.654917E+000, 5.469985E+000, 3.602169E-001, -1.610162E+000, 5.949831E-001, 4.598578E-001
1.314880E-001, 1.513440E+000, 3.608449E+000, 5.549566E+000, 4.300089E-001, -1.355140E+000, 5.942742E-001, 5.033674E-001
1.314960E-001, 1.627466E+000, 3.556619E+000, 5.690863E+000, 5.876039E-001, -5.719180E-001, 6.244015E-001, 5.978152E-001
1.315040E-001, 1.565270E+000, 3.452959E+000, 5.619402E+000, 6.472648E-001, 6.927995E-001, 6.658707E-001, 7.360083E-001
1.315120E-001, 1.430511E+000, 3.461895E+000, 5.481353E+000, 5.921066E-001, 2.184946E+000, 7.092303E-001, 8.565146E-001
1.315200E-001, 1.451244E+000, 3.594151E+000, 5.547942E+000, 6.179972E-001, 3.783641E+000, 7.404208E-001, 9.618103E-001
1.315280E-001, 1.420146E+000, 3.703173E+000, 5.572303E+000, 6.506418E-001, 5.071054E+000, 7.263615E-001, 1.035270E+000
1.315360E-001, 1.256017E+000, 3.724620E+000, 5.478105E+000, 5.459538E-001, 5.535826E+000, 6.717780E-001, 9.694746E-001
1.315440E-001, 1.259472E+000, 3.579853E+000, 5.543069E+000, 2.690370E-001, 5.151562E+000, 5.869492E-001, 7.516906E-001
1.315520E-001, 1.411507E+000, 3.379682E+000, 5.666502E+000, -9.568262E-002, 3.988614E+000, 4.526172E-001, 4.762476E-001
1.315600E-001, 1.411507E+000, 3.538747E+000, 5.695735E+000, -3.545885E-001, 2.107305E+000, 2.912298E-001, 1.609502E-001
1.315680E-001, 1.238740E+000, 3.860451E+000, 5.801302E+000, -4.119981E-001, -1.206427E-001, 1.541805E-001, -1.721519E-001
1.315760E-001, 1.188638E+000, 3.796110E+000, 5.840281E+000, -3.185668E-001, -2.316339E+000, 9.841560E-002, -4.192960E-001
1.315840E-001, 1.276749E+000, 3.506576E+000, 5.536573E+000, -1.733544E-001, -4.168025E+000, 1.981308E-001, -5.296619E-001
1.315920E-001, 1.294026E+000, 3.331426E+000, 5.257227E+000, -2.363924E-002, -5.306844E+000, 4.390304E-001, -4.725923E-001
1.316000E-001, 1.278476E+000, 3.324277E+000, 5.456992E+000, 9.455694E-002, -5.651811E+000, 7.108843E-001, -1.900746E-001
1.316080E-001, 1.337217E+000, 3.549470E+000, 5.897124E+000, 1.598463E-001, -5.286060E+000, 9.646619E-001, 2.504456E-001
1.316160E-001, 1.430511E+000, 3.796110E+000, 6.122875E+000, 2.690370E-001, -4.100657E+000, 1.234980E+000, 7.031108E-001
1.316240E-001, 1.363132E+000, 3.744280E+000, 5.999443E+000, 4.491455E-001, -2.080549E+000, 1.563071E+000, 1.130189E+000
1.316320E-001, 1.121258E+000, 3.672790E+000, 5.746082E+000, 5.639646E-001, 5.588981E-001, 2.000566E+000, 1.522955E+000
1.316400E-001, 1.091888E+000, 3.817557E+000, 5.660005E+000, 5.819755E-001, 3.572815E+000, 2.551244E+000, 1.807949E+000
1.316480E-001, 1.292298E+000, 3.856876E+000, 5.746082E+000, 6.224999E-001, 6.560334E+000, 3.047339E+000, 1.943312E+000
1.316560E-001, 1.269838E+000, 3.713897E+000, 5.762323E+000, 7.125541E-001, 8.970918E+000, 3.235546E+000, 1.920201E+000
1.316640E-001, 1.124714E+000, 3.647768E+000, 5.643764E+000, 8.003570E-001, 1.047131E+001, 2.976924E+000, 1.677538E+000
1.316720E-001, 1.259472E+000, 3.606662E+000, 5.664877E+000, 9.117991E-001, 1.087492E+001, 2.228824E+000, 1.193390E+000
1.316800E-001, 1.515167E+000, 3.513725E+000, 5.962089E+000, 1.017613E+000, 9.973207E+000, 9.802572E-001, 5.508861E-001
1.316880E-001, 1.539355E+000, 3.572704E+000, 6.148860E+000, 1.081776E+000, 7.830665E+000, -6.619719E-001, -1.809953E-001
1.316960E-001, 1.306119E+000, 3.722833E+000, 5.944223E+000, 1.122301E+000, 4.768969E+000, -2.487682E+000, -9.302098E-001
1.317040E-001, 1.154084E+000, 3.729982E+000, 5.671374E+000, 1.033372E+000, 1.192212E+000, -4.259989E+000, -1.548895E+000
1.317120E-001, 1.376954E+000, 3.654917E+000, 5.606410E+000, 7.812204E-001, -2.294361E+000, -5.693218E+000, -1.925743E+000
1.317200E-001, 1.610189E+000, 3.669215E+000, 5.609658E+000, 5.470794E-001, -5.143917E+000, -6.512088E+000, -2.024436E+000
1.317280E-001, 1.423601E+000, 3.833642E+000, 5.700607E+000, 4.266319E-001, -7.118873E+000, -6.571988E+000, -1.809364E+000
1.317360E-001, 1.264655E+000, 3.948026E+000, 5.871139E+000, 3.320750E-001, -8.051405E+000, -5.839128E+000, -1.279466E+000
1.317440E-001, 1.513440E+000, 3.839004E+000, 5.746082E+000, 1.609719E-001, -7.920609E+000, -4.343519E+000, -5.176348E-001
1.317520E-001, 1.615372E+000, 3.772876E+000, 5.369290E+000, -1.666003E-001, -6.970280E+000, -2.211929E+000, 3.644668E-001
1.317600E-001, 1.300936E+000, 3.803259E+000, 5.323815E+000, -4.502712E-001, -5.408972E+000, 3.534928E-001, 1.254233E+000
1.317680E-001, 1.117803E+000, 3.690662E+000, 5.655133E+000, -4.052441E-001, -3.457547E+000, 3.145637E+000, 2.021842E+000
1.317760E-001, 1.207642E+000, 3.588789E+000, 5.856522E+000, -2.037477E-001, -1.458462E+000, 5.946523E+000, 2.557517E+000
1.317840E-001, 1.247378E+000, 3.651343E+000, 5.799678E+000, -9.230559E-002, 3.894011E-001, 8.525650E+000, 2.804425E+000
1.317920E-001, 1.242195E+000, 3.653130E+000, 5.746082E+000, -3.264466E-002, 2.000757E+000, 1.069741E+001, 2.739927E+000
1.318000E-001, 1.218008E+000, 3.569130E+000, 5.778564E+000, 1.238246E-002, 3.285781E+000, 1.231625E+001, 2.372041E+000
1.318080E-001, 1.167905E+000, 3.583428E+000, 5.799678E+000, 1.001853E-001, 4.280545E+000, 1.328185E+001, 1.741328E+000
1.318160E-001, 1.214553E+000, 3.676364E+000, 5.845153E+000, 2.904249E-001, 5.039639E+000, 1.357509E+001, 9.100468E-001
1.318240E-001, 1.243923E+000, 3.744280E+000, 5.890628E+000, 4.333860E-001, 5.500947E+000, 1.320659E+001, -2.110629E-002
1.318320E-001, 1.292298E+000, 3.737131E+000, 5.843529E+000, 4.536482E-001, 5.680598E+000, 1.221724E+001, -9.284411E-001
1.318400E-001, 1.475431E+000, 3.703173E+000, 5.804550E+000, 5.054294E-001, 5.671281E+000, 1.072175E+001, -1.730716E+000
1.318480E-001, 1.492708E+000, 3.620960E+000, 5.814295E+000, 5.785984E-001, 5.423068E+000, 8.812036E+000, -2.396685E+000
1.318560E-001, 1.333762E+000, 3.467257E+000, 5.824039E+000, 5.493308E-001, 4.895704E+000, 6.555802E+000, -2.897104E+000
1.318640E-001, 1.292298E+000, 3.449384E+000, 5.864642E+000, 5.583363E-001, 4.186540E+000, 4.096239E+000, -3.184456E+000
1.318720E-001, 1.375226E+000, 3.556619E+000, 5.804550E+000, 7.046744E-001, 3.289842E+000, 1.567088E+000, -3.256619E+000
1.318800E-001, 1.541082E+000, 3.708535E+000, 5.689239E+000, 7.755921E-001, 2.199041E+000, -9.357161E-001, -3.151087E+000
1.318880E-001, 1.729398E+000, 3.931941E+000, 5.794806E+000, 6.686527E-001, 1.073839E+000, -3.293555E+000, -2.842629E+000
1.318960E-001, 1.660292E+000, 3.996281E+000, 5.846777E+000, 5.785984E-001, -4.742093E-002, -5.406832E+000, -2.344450E+000
1.319040E-001, 1.371771E+000, 3.815770E+000, 5.664877E+000, 6.427621E-001, -1.240111E+000, -7.193317E+000, -1.769273E+000
1.319120E-001, 1.338945E+000, 3.595938E+000, 5.679494E+000, 6.618986E-001, -2.471861E+000, -8.619694E+000, -1.165916E+000
1.319200E-001, 1.468520E+000, 3.419001E+000, 5.992946E+000, 4.378887E-001, -3.724633E+000, -9.731684E+000, -5.377978E-001
1.319280E-001, 1.389047E+000, 3.392192E+000, 6.108258E+000, 1.879882E-001, -5.047164E+000, -1.057277E+001, 9.303277E-002
1.319360E-001, 1.332034E+000, 3.545896E+000, 5.812671E+000, 1.542179E-001, -6.612772E+000, -1.117283E+001, 6.998093E-001
1.319440E-001, 1.401141E+000, 3.601300E+000, 5.692487E+000, 3.264466E-001, -8.802137E+000, -1.155834E+001, 1.181009E+000
1.319520E-001, 1.433967E+000, 3.581640E+000, 6.022180E+000, 6.855378E-001, -1.151743E+001, -1.174962E+001, 1.509159E+000
1.319600E-001, 1.451244E+000, 3.710322E+000, 6.156981E+000, 1.138060E+000, -1.394355E+001, -1.179652E+001, 1.797219E+000
1.319680E-001, 1.325124E+000, 3.846153E+000, 5.934479E+000, 1.511785E+000, -1.542243E+001, -1.172185E+001, 2.045896E+000
1.319760E-001, 1.167905E+000, 3.853302E+000, 5.871139E+000, 1.663752E+000, -1.518473E+001, -1.147883E+001, 2.326291E+000
1.319840E-001, 1.319941E+000, 3.763940E+000, 6.027052E+000, 1.322672E+000, -1.266796E+001, -1.106035E+001, 2.826003E+000
1.319920E-001, 1.492708E+000, 3.640620E+000, 6.085520E+000, 3.275723E-001, -9.373697E+000, -1.048782E+001, 3.372409E+000
1.320000E-001, 1.361405E+000, 3.617385E+000, 6.023804E+000, -9.253072E-001, -7.068466E+000, -9.693169E+000, 3.676976E+000
1.320080E-001, 1.199004E+000, 3.774663E+000, 6.010811E+000, -1.882133E+000, -5.605943E+000, -8.685856E+000, 3.787460E+000
1.320160E-001, 1.266383E+000, 3.990920E+000, 5.984826E+000, -2.347038E+000, -5.096018E+000, -7.599740E+000, 3.796893E+000
1.320240E-001, 1.409779E+000, 4.019516E+000, 5.911741E+000, -2.224339E+000, -5.490914E+000, -6.441200E+000, 3.666953E+000
1.320320E-001, 1.433967E+000, 3.885472E+000, 6.027052E+000, -1.435239E+000, -5.241625E+000, -5.208938E+000, 3.536189E+000
1.320400E-001, 1.478886E+000, 3.801472E+000, 6.282037E+000, -2.228842E-001, -4.038663E+000, -3.962852E+000, 3.630518E+000
1.320480E-001, 1.644743E+000, 3.799685E+000, 6.301526E+000, 1.014236E+000, -2.543649E+000, -2.603937E+000, 3.800076E+000
1.320560E-001, 1.705211E+000, 3.767514E+000, 6.109882E+000, 2.007084E+000, -6.705822E-001, -1.067331E+000, 3.836275E+000
1.320640E-001, 1.587730E+000, 3.679939E+000, 5.942599E+000, 2.576677E+000, 1.068225E+000, 5.492606E-001, 3.816820E+000
1.320720E-001, 1.535899E+000, 3.708535E+000, 5.780189E+000, 2.614950E+000, 2.412256E+000, 2.229651E+000, 3.732512E+000
1.320800E-001, 1.534172E+000, 3.797897E+000, 5.768820E+000, 2.193946E+000, 3.813622E+000, 3.934734E+000, 3.548334E+000
1.320880E-001, 1.414962E+000, 3.792536E+000, 5.986450E+000, 1.533173E+000, 4.582988E+000, 5.480674E+000, 3.318876E+000
1.320960E-001, 1.414962E+000, 3.867600E+000, 6.139116E+000, 7.305650E-001, 4.419344E+000, 6.811234E+000, 2.976459E+000
1.321040E-001, 1.547993E+000, 3.923004E+000, 6.126123E+000, -1.868625E-001, 4.349945E+000, 7.945080E+000, 2.516484E+000
1.321120E-001, 1.537627E+000, 3.755003E+000, 6.002691E+000, -1.016487E+000, 4.463062E+000, 8.781199E+000, 2.088226E+000
1.321200E-001, 1.615372E+000, 3.588789E+000, 5.931231E+000, -1.524168E+000, 4.531386E+000, 9.345819E+000, 1.698880E+000
1.321280E-001, 1.776046E+000, 3.654917E+000, 6.106634E+000, -1.699774E+000, 5.168523E+000, 9.754368E+000, 1.274396E+000
1.321360E-001, 1.658564E+000, 3.905132E+000, 6.262548E+000, -1.623227E+000, 6.221220E+000, 9.951790E+000, 9.441234E-001
1.321440E-001, 1.542810E+000, 4.026665E+000, 6.179718E+000, -1.250628E+000, 6.900761E+000, 9.947064E+000, 7.353008E-001
1.321520E-001, 1.662019E+000, 3.887259E+000, 6.118002E+000, -6.551445E-001, 6.953079E+000, 9.876885E+000, 4.420530E-001
1.321600E-001, 1.663747E+000, 3.872962E+000, 6.103385E+000, -1.136935E-001, 6.209036E+000, 9.722823E+000, 1.416126E-001
1.321680E-001, 1.501346E+000, 4.053473E+000, 5.960464E+000, 2.420207E-001, 4.688103E+000, 9.432656E+000, 2.299289E-002
1.321760E-001, 1.409779E+000, 4.007005E+000, 5.940975E+000, 4.952983E-001, 2.837850E+000, 9.101139E+000, -1.992717E-002
1.321840E-001, 1.399413E+000, 3.729982E+000, 6.155357E+000, 7.845975E-001, 9.505687E-001, 8.776119E+000, 1.179123E-002
1.321920E-001, 1.397686E+000, 3.576279E+000, 6.246307E+000, 1.123427E+000, -7.513291E-001, 8.408686E+000, 2.658921E-001
1.322000E-001, 1.394230E+000, 3.683513E+000, 6.108258E+000, 1.317043E+000, -1.977584E+000, 8.053302E+000, 5.921553E-001
1.322080E-001, 1.475431E+000, 3.826493E+000, 5.940975E+000, 1.356442E+000, -2.752684E+000, 7.792554E+000, 8.296307E-001
1.322160E-001, 1.580819E+000, 3.771089E+000, 5.916614E+000, 1.409349E+000, -3.160121E+000, 7.577883E+000, 1.075124E+000
1.322240E-001, 1.444333E+000, 3.708535E+000, 6.005939E+000, 1.398092E+000, -3.036851E+000, 7.410943E+000, 1.246215E+000
1.322320E-001, 1.264655E+000, 3.762152E+000, 6.061159E+000, 1.245000E+000, -2.472458E+000, 7.342418E+000, 1.190442E+000
1.322400E-001, 1.394230E+000, 3.753216E+000, 6.241435E+000, 1.090782E+000, -1.818240E+000, 7.246838E+000, 1.030199E+000
1.322480E-001, 1.506529E+000, 3.771089E+000, 6.569503E+000, 9.129248E-001, -1.102387E+000, 7.008183E+000, 8.135946E-001
1.322560E-001, 1.335490E+000, 3.797897E+000, 6.537022E+000, 7.091771E-001, -2.595609E-001, 6.667686E+000, 4.724744E-001
1.322640E-001, 1.235285E+000, 3.687088E+000, 6.163477E+000, 7.136798E-001, 5.825489E-001, 6.232082E+000, 9.539102E-002
1.322720E-001, 1.387320E+000, 3.669215E+000, 6.085520E+000, 8.588922E-001, 1.455835E+000, 5.731497E+000, -2.748535E-001
1.322800E-001, 1.551448E+000, 3.821131E+000, 6.311271E+000, 8.161165E-001, 2.364716E+000, 5.275454E+000, -7.038183E-001
1.322880E-001, 1.637832E+000, 3.887259E+000, 6.403845E+000, 5.954836E-001, 3.052140E+000, 4.812086E+000, -1.099060E+000
1.322960E-001, 1.734582E+000, 3.830068E+000, 6.311271E+000, 3.804791E-001, 3.470567E+000, 4.243804E+000, -1.334649E+000
1.323040E-001, 1.743220E+000, 3.713897E+000, 6.233314E+000, 1.699774E-001, 3.674107E+000, 3.633343E+000, -1.460343E+000
1.323120E-001, 1.620555E+000, 3.656705E+000, 6.290157E+000, -1.204475E-001, 3.532680E+000, 2.966173E+000, -1.475082E+000
1.323200E-001, 1.522078E+000, 3.776450E+000, 6.415214E+000, -4.558995E-001, 3.127631E+000, 2.191608E+000, -1.341252E+000
1.323280E-001, 1.511712E+000, 3.794323E+000, 6.446072E+000, -6.517675E-001, 2.521551E+000, 1.455913E+000, -1.228764E+000
1.323360E-001, 1.544538E+000, 3.531598E+000, 6.338881E+000, -6.213742E-001, 1.678367E+000, 8.437985E-001, -1.253171E+000
1.323440E-001, 1.549721E+000, 3.413639E+000, 6.234938E+000, -4.570252E-001, 1.070017E+000, 3.225385E-001, -1.303638E+000
1.323520E-001, 1.496163E+000, 3.660279E+000, 6.217073E+000, -1.812341E-001, 9.584523E-001, -1.937594E-002, -1.369433E+000
1.323600E-001, 1.506529E+000, 3.690662E+000, 6.156981E+000, 1.328300E-001, 1.025463E+000, -1.529990E-001, -1.512461E+000
1.323680E-001, 1.520350E+000, 3.308192E+000, 6.106634E+000, 2.318897E-001, 1.348092E+000, -1.965949E-001, -1.588750E+000
1.323760E-001, 1.390775E+000, 3.222404E+000, 6.244683E+000, 1.013110E-001, 1.860525E+000, -1.969493E-001, -1.503735E+000
1.323840E-001, 1.385592E+000, 3.561981E+000, 6.415214E+000, -2.814195E-002, 1.954053E+000, -1.887973E-001, -1.375564E+000
1.323920E-001, 1.518623E+000, 3.690662E+000, 6.439575E+000, -1.148191E-001, 1.585675E+000, -2.960738E-001, -1.178887E+000
1.324000E-001, 1.461610E+000, 3.526236E+000, 6.415214E+000, -1.114421E-001, 9.233345E-001, -5.701725E-001, -8.547460E-001
1.324080E-001, 1.465065E+000, 3.433299E+000, 6.459064E+000, 1.823598E-001, -1.610162E-001, -9.371338E-001, -5.863777E-001
1.324160E-001, 1.655109E+000, 3.431512E+000, 6.519156E+000, 7.091771E-001, -1.354184E+000, -1.354307E+000, -4.454725E-001
1.324240E-001, 1.592913E+000, 3.461895E+000, 6.483426E+000, 1.203350E+000, -2.309889E+000, -1.801726E+000, -3.545622E-001
1.324320E-001, 1.427056E+000, 3.567343E+000, 6.450944E+000, 1.575949E+000, -3.023950E+000, -2.173177E+000, -3.738998E-001
1.324400E-001, 1.503074E+000, 3.599513E+000, 6.509412E+000, 1.815718E+000, -3.220323E+000, -2.398127E+000, -4.973539E-001
1.324480E-001, 1.551448E+000, 3.497640E+000, 6.478554E+000, 1.717784E+000, -2.866518E+000, -2.503631E+000, -6.052436E-001
1.324560E-001, 1.541082E+000, 3.506576E+000, 6.220321E+000, 1.120049E+000, -2.400909E+000, -2.494416E+000, -7.190289E-001
1.324640E-001, 1.620555E+000, 3.612024E+000, 5.927982E+000, 1.857368E-001, -1.910454E+000, -2.372962E+000, -8.539206E-001
1.324720E-001, 1.586002E+000, 3.544108E+000, 6.017308E+000, -7.271879E-001, -1.570385E+000, -2.248318E+000, -8.999063E-001
1.324800E-001, 1.447788E+000, 3.474406E+000, 6.421710E+000, -1.362070E+000, -1.762936E+000, -2.205313E+000, -8.967227E-001
1.324880E-001, 1.440878E+000, 3.721046E+000, 6.616602E+000, -1.744801E+000, -2.270113E+000, -2.201650E+000, -9.300919E-001
1.324960E-001, 1.454699E+000, 3.940877E+000, 6.429831E+000, -1.908024E+000, -2.767973E+000, -2.271120E+000, -8.954257E-001
1.325040E-001, 1.347583E+000, 3.792536E+000, 6.168350E+000, -1.699774E+000, -3.141965E+000, -2.462871E+000, -7.628923E-001
1.325120E-001, 1.357949E+000, 3.581640E+000, 6.152109E+000, -1.154945E+000, -3.141010E+000, -2.668563E+000, -6.126721E-001
1.325200E-001, 1.639560E+000, 3.481555E+000, 6.252803E+000, -5.504565E-001, -2.756745E+000, -2.819672E+000, -4.144616E-001
1.325280E-001, 1.814054E+000, 3.522661E+000, 6.256052E+000, -1.013110E-002, -2.296630E+000, -2.928602E+000, -1.694399E-001
1.325360E-001, 1.556631E+000, 3.760365E+000, 6.392476E+000, 5.684673E-001, -1.955606E+000, -2.930138E+000, 1.131958E-002
1.325440E-001, 1.332034E+000, 3.856876E+000, 6.584120E+000, 1.177459E+000, -1.791842E+000, -2.808802E+000, 1.372499E-001
1.325520E-001, 1.485797E+000, 3.758578E+000, 6.433079E+000, 1.645741E+000, -1.796740E+000, -2.624613E+000, 3.015016E-001
1.325600E-001, 1.587730E+000, 3.896196E+000, 6.221945E+000, 1.847237E+000, -1.849058E+000, -2.327003E+000, 4.389873E-001
1.325680E-001, 1.573908E+000, 4.035601E+000, 6.356746E+000, 1.707653E+000, -1.747766E+000, -1.893407E+000, 4.988868E-001
1.325760E-001, 1.755314E+000, 3.796110E+000, 6.533773E+000, 1.246125E+000, -1.300432E+000, -1.397431E+000, 5.962823E-001
1.325840E-001, 1.883161E+000, 3.626322E+000, 6.389228E+000, 6.585215E-001, -4.609506E-001, -8.005571E-001, 7.167886E-001
1.325920E-001, 1.691390E+000, 3.696024E+000, 6.105010E+000, 1.362070E-001, 6.980552E-001, -6.769764E-002, 7.462667E-001
1.326000E-001, 1.477159E+000, 3.712109E+000, 6.049790E+000, -3.016817E-001, 2.082937E+000, 7.136017E-001, 7.331784E-001
1.326080E-001, 1.468520E+000, 3.704960E+000, 6.213825E+000, -6.866635E-001, 3.491112E+000, 1.520302E+000, 6.769343E-001
1.326160E-001, 1.506529E+000, 3.796110E+000, 6.246307E+000, -8.971653E-001, 4.725370E+000, 2.340353E+000, 4.705878E-001
1.326240E-001, 1.465065E+000, 3.939090E+000, 6.145612E+000, -7.845975E-001, 5.769348E+000, 3.059390E+000, 1.697937E-001
1.326320E-001, 1.440878E+000, 3.958749E+000, 6.223569E+000, -5.144348E-001, 6.591868E+000, 3.611604E+000, -1.598890E-001
1.326400E-001, 1.561814E+000, 3.939090E+000, 6.371363E+000, -2.712884E-001, 7.100000E+000, 3.985300E+000, -5.881463E-001
1.326480E-001, 1.644743E+000, 4.049899E+000, 6.316143E+000, 6.191228E-002, 7.271289E+000, 4.104864E+000, -1.066988E+000
1.326560E-001, 1.478886E+000, 4.071346E+000, 6.218697E+000, 4.761617E-001, 7.062374E+000, 3.903779E+000, -1.481332E+000
1.326640E-001, 1.395958E+000, 3.923004E+000, 6.254427E+000, 7.260622E-001, 6.450202E+000, 3.399887E+000, -1.862424E+000
1.326720E-001, 1.630921E+000, 3.740705E+000, 6.280413E+000, 7.148055E-001, 5.493542E+000, 2.621896E+000, -2.199771E+000
1.326800E-001, 1.829603E+000, 3.622747E+000, 6.244683E+000, 5.718443E-001, 4.256895E+000, 1.584810E+000, -2.386308E+000
1.326880E-001, 1.732854E+000, 3.765727E+000, 6.169974E+000, 4.491455E-001, 2.926122E+000, 3.653074E-001, -2.425691E+000
1.326960E-001, 1.437422E+000, 4.046324E+000, 6.109882E+000, 3.669710E-001, 1.667258E+000, -9.345347E-001, -2.321574E+000
1.327040E-001, 1.228374E+000, 4.076707E+000, 6.174846E+000, 3.692223E-001, 4.152019E-001, -2.271002E+000, -2.017007E+000
1.327120E-001, 1.302664E+000, 3.890834E+000, 6.247931E+000, 4.750361E-001, -8.446181E-001, -3.578287E+000, -1.584623E+000
1.327200E-001, 1.466793E+000, 3.833642E+000, 6.189463E+000, 5.628389E-001, -2.089985E+000, -4.745333E+000, -1.099650E+000
1.327280E-001, 1.520350E+000, 3.908706E+000, 6.054662E+000, 6.112431E-001, -3.396271E+000, -5.731143E+000, -5.294260E-001
1.327360E-001, 1.598096E+000, 3.883685E+000, 5.940975E+000, 6.405107E-001, -4.618464E+000, -6.506772E+000, 7.593550E-002
1.327440E-001, 1.750131E+000, 3.812195E+000, 5.979953E+000, 5.831012E-001, -5.518268E+000, -6.990697E+000, 6.314201E-001
1.327520E-001, 1.722488E+000, 3.855089E+000, 6.049790E+000, 4.592766E-001, -6.040854E+000, -7.178786E+000, 1.162615E+000
1.327600E-001, 1.525533E+000, 3.858664E+000, 5.940975E+000, 2.622829E-001, -6.138920E+000, -7.106008E+000, 1.668812E+000
1.327680E-001, 1.413235E+000, 3.746067E+000, 5.944223E+000, -6.528932E-002, -5.938606E+000, -6.750979E+000, 2.062521E+000
1.327760E-001, 1.321668E+000, 3.715684E+000, 6.126123E+000, -3.973643E-001, -5.773887E+000, -6.153161E+000, 2.306482E+000
1.327840E-001, 1.304392E+000, 3.801472E+000, 6.080648E+000, -5.639646E-001, -5.706398E+000, -5.394427E+000, 2.408240E+000
1.327920E-001, 1.547993E+000, 3.862238E+000, 5.986450E+000, -5.133091E-001, -5.661844E+000, -4.509159E+000, 2.348576E+000
1.328000E-001, 1.637832E+000, 3.855089E+000, 6.191087E+000, -3.073101E-001, -5.659814E+000, -3.572262E+000, 2.152135E+000
1.328080E-001, 1.335490E+000, 3.815770E+000, 6.316143E+000, -1.069394E-001, -5.510026E+000, -2.655094E+000, 1.889544E+000
1.328160E-001, 1.195548E+000, 3.778238E+000, 6.191087E+000, 6.754068E-002, -5.004760E+000, -1.740290E+000, 1.568233E+000
1.328240E-001, 1.335490E+000, 3.781812E+000, 6.234938E+000, 2.904249E-001, -4.178417E+000, -8.485244E-001, 1.181835E+000
1.328320E-001, 1.359677E+000, 3.914068E+000, 6.398973E+000, 4.074954E-001, -3.045929E+000, -3.934261E-002, 7.773955E-001
1.328400E-001, 1.304392E+000, 4.107090E+000, 6.283661E+000, 3.028074E-001, -1.690550E+000, 6.981246E-001, 3.598682E-001
1.328480E-001, 1.283659E+000, 4.114240E+000, 6.048166E+000, 1.519665E-001, -3.174933E-001, 1.366713E+000, -9.480146E-002
1.328560E-001, 1.345856E+000, 4.033813E+000, 6.007563E+000, 1.069394E-001, 9.859254E-001, 1.919872E+000, -5.537159E-001
1.328640E-001, 1.466793E+000, 4.135686E+000, 6.012435E+000, 1.249502E-001, 2.068484E+000, 2.350869E+000, -9.980094E-001
1.328720E-001, 1.480614E+000, 4.289390E+000, 5.968585E+000, 1.891139E-001, 2.763912E+000, 2.674943E+000, -1.436997E+000
1.328800E-001, 1.660292E+000, 4.255432E+000, 6.048166E+000, 3.354520E-001, 3.159763E+000, 2.883943E+000, -1.828937E+000
1.328880E-001, 1.938447E+000, 4.089218E+000, 6.134243E+000, 4.457684E-001, 3.343833E+000, 2.985076E+000, -2.141876E+000
1.328960E-001, 1.724216E+000, 4.014154E+000, 6.082272E+000, 4.457684E-001, 3.402004E+000, 3.008469E+000, -2.375225E+000
1.329040E-001, 1.401141E+000, 4.096367E+000, 5.988074E+000, 5.076807E-001, 3.509030E+000, 2.979641E+000, -2.472030E+000
1.329120E-001, 1.554904E+000, 4.189304E+000, 5.846777E+000, 5.999863E-001, 3.617369E+000, 2.920096E+000, -2.414489E+000
1.329200E-001, 1.820965E+000, 4.178580E+000, 5.817543E+000, 5.639646E-001, 3.597421E+000, 2.856297E+000, -2.280305E+000
1.329280E-001, 1.810599E+000, 4.044537E+000, 6.030301E+000, 5.921066E-001, 3.460653E+000, 2.790253E+000, -2.068535E+000
1.329360E-001, 1.605006E+000, 3.896196E+000, 6.191087E+000, 7.373190E-001, 3.148176E+000, 2.688530E+000, -1.751351E+000
1.329440E-001, 1.413235E+000, 3.871174E+000, 6.119627E+000, 7.463244E-001, 2.622485E+000, 2.547582E+000, -1.415419E+000
1.329520E-001, 1.389047E+000, 3.876536E+000, 5.953968E+000, 6.112431E-001, 1.978779E+000, 2.389739E+000, -1.096112E+000
1.329600E-001, 1.466793E+000, 3.781812E+000, 5.840281E+000, 4.086211E-001, 1.247875E+000, 2.185937E+000, -7.456771E-001
1.329680E-001, 1.413235E+000, 3.674577E+000, 5.905245E+000, 1.429611E-001, 4.785095E-001, 1.907467E+000, -4.095093E-001
1.329760E-001, 1.330307E+000, 3.790748E+000, 6.092017E+000, -6.528932E-002, -1.714082E-001, 1.578312E+000, -1.379573E-001
1.329840E-001, 1.539355E+000, 4.130325E+000, 6.074152E+000, -2.217585E-001, -6.071551E-001, 1.210169E+000, 1.115450E-001
1.329920E-001, 1.886617E+000, 4.287602E+000, 5.848401E+000, -4.063697E-001, -8.069920E-001, 8.022112E-001, 3.404127E-001
1.330000E-001, 2.009281E+000, 4.107090E+000, 5.789933E+000, -4.525225E-001, -7.819079E-001, 3.740501E-001, 5.074944E-001
1.330080E-001, 1.921170E+000, 3.880111E+000, 5.945848E+000, -2.746654E-001, -6.169499E-001, -5.789153E-002, 6.349575E-001
1.330160E-001, 1.786412E+000, 3.799685E+000, 6.095265E+000, -3.602169E-002, -4.235633E-001, -4.751831E-001, 7.406069E-001
1.330240E-001, 1.572181E+000, 3.835429E+000, 6.145612E+000, 2.499005E-001, -3.010094E-001, -8.609297E-001, 7.988555E-001
1.330320E-001, 1.264655E+000, 3.974834E+000, 6.090393E+000, 6.450135E-001, -3.060263E-001, -1.231554E+000, 8.326964E-001
1.330400E-001, 1.136807E+000, 4.216113E+000, 6.085520E+000, 9.241815E-001, -4.358664E-001, -1.583274E+000, 8.706641E-001
1.330480E-001, 1.330307E+000, 4.382327E+000, 6.221945E+000, 9.039193E-001, -6.734489E-001, -1.868597E+000, 8.740836E-001
1.330560E-001, 1.655109E+000, 4.253645E+000, 6.244683E+000, 7.688380E-001, -9.466269E-001, -2.077243E+000, 8.350546E-001
1.330640E-001, 1.909076E+000, 3.946239E+000, 6.070903E+000, 6.427621E-001, -1.138222E+000, -2.222562E+000, 8.166603E-001
1.330720E-001, 1.877978E+000, 3.897983E+000, 5.971833E+000, 4.547739E-001, -1.206427E+000, -2.274192E+000, 8.271545E-001
1.330800E-001, 1.658564E+000, 4.017728E+000, 6.035173E+000, 1.902396E-001, -1.156856E+000, -2.214410E+000, 8.253858E-001
1.330880E-001, 1.596368E+000, 3.840791E+000, 6.098513E+000, -1.688517E-002, -9.929728E-001, -2.068972E+000, 8.413039E-001
1.330960E-001, 1.694845E+000, 3.735344E+000, 6.116378E+000, -2.251356E-002, -7.604072E-001, -1.850757E+000, 8.928316E-001
1.331040E-001, 1.829603E+000, 3.971260E+000, 6.082272E+000, -2.138788E-002, -5.223469E-001, -1.581029E+000, 9.230171E-001
1.331120E-001, 1.845152E+000, 3.999856E+000, 5.952344E+000, -1.272016E-001, -3.385162E-001, -1.310003E+000, 9.346905E-001
1.331200E-001, 1.672385E+000, 3.940877E+000, 5.905245E+000, -9.568262E-002, -2.367463E-001, -1.053153E+000, 9.583908E-001
1.331280E-001, 1.539355E+000, 4.069559E+000, 6.012435E+000, 1.125678E-003, -1.708109E-001, -8.020930E-001, 9.711254E-001
1.331360E-001, 1.549721E+000, 4.032026E+000, 6.010811E+000, 1.013110E-002, -1.042783E-001, -5.810419E-001, 9.809121E-001
1.331440E-001, 1.736309E+000, 3.846153E+000, 5.908493E+000, 9.680830E-002, -2.305350E-002, -4.071310E-001, 1.003905E+000
1.331520E-001, 1.947085E+000, 3.778238E+000, 5.947472E+000, 2.318897E-001, 1.171787E-001, -2.616933E-001, 1.017583E+000
1.331600E-001, 1.884889E+000, 3.894408E+000, 6.080648E+000, 2.938019E-001, 2.979038E-001, -1.340957E-001, 1.033029E+000
1.331680E-001, 1.767407E+000, 4.053473E+000, 6.106634E+000, 3.579656E-001, 4.356275E-001, -3.414419E-002, 1.060739E+000
1.331760E-001, 1.872795E+000, 3.903345E+000, 5.997818E+000, 4.277576E-001, 4.937988E-001, 3.473492E-002, 1.068757E+000
1.331840E-001, 1.905621E+000, 3.744280E+000, 5.864642E+000, 4.727847E-001, 4.604728E-001, 6.379882E-002, 1.066988E+000
1.331920E-001, 1.689662E+000, 4.014154E+000, 5.767196E+000, 4.176265E-001, 2.994566E-001, 4.808541E-002, 1.082199E+000
1.332000E-001, 1.511712E+000, 4.196453E+000, 5.835408E+000, 2.397694E-001, -8.958614E-003, 2.268403E-002, 1.089863E+000
1.332080E-001, 1.573908E+000, 4.062409E+000, 6.082272E+000, 2.251356E-001, -4.263106E-001, -2.362919E-004, 1.076421E+000
1.332160E-001, 1.727671E+000, 3.999856E+000, 6.168350E+000, 3.118128E-001, -8.603853E-001, -5.978186E-002, 1.065219E+000
1.332240E-001, 1.712122E+000, 3.928366E+000, 6.023804E+000, 1.598463E-001, -1.212877E+000, -1.409481E-001, 1.062154E+000
1.332320E-001, 1.480614E+000, 3.755003E+000, 5.825664E+000, 4.277576E-002, -1.461568E+000, -2.007300E-001, 1.056494E+000
1.332400E-001, 1.421873E+000, 3.742493E+000, 5.679494E+000, 1.508408E-001, -1.633335E+000, -2.555497E-001, 1.063804E+000
1.332480E-001, 1.662019E+000, 3.860451E+000, 5.718472E+000, 1.936166E-001, -1.696762E+000, -3.208845E-001, 1.092575E+000
1.332560E-001, 1.724216E+000, 3.931941E+000, 5.806174E+000, 2.138788E-001, -1.613028E+000, -3.833837E-001, 1.115686E+000
1.332640E-001, 1.613645E+000, 3.933728E+000, 5.825664E+000, 3.523372E-001, -1.397544E+000, -4.451740E-001, 1.140801E+000
1.332720E-001, 1.684479E+000, 3.880111E+000, 5.937727E+000, 4.637793E-001, -1.070495E+000, -5.087366E-001, 1.203766E+000
1.332800E-001, 1.706939E+000, 3.887259E+000, 6.090393E+000, 4.243806E-001, -6.701043E-001, -5.704088E-001, 1.289253E+000
1.332880E-001, 1.644743E+000, 3.865813E+000, 6.114754E+000, 2.206329E-001, -2.371047E-001, -6.411782E-001, 1.374975E+000
1.332960E-001, 1.881434E+000, 3.747854E+000, 5.966961E+000, -7.879745E-003, 2.173957E-001, -7.247074E-001, 1.468715E+000
1.333040E-001, 2.185504E+000, 3.824706E+000, 5.783437E+000, -3.602169E-002, 6.422729E-001, -8.037471E-001, 1.551136E+000
1.333120E-001, 2.083571E+000, 3.930153E+000, 5.820791E+000, 1.305786E-001, 1.010293E+000, -8.713266E-001, 1.611271E+000
1.333200E-001, 1.829603E+000, 3.726407E+000, 6.041669E+000, 3.309493E-001, 1.364337E+000, -9.220112E-001, 1.677538E+000
1.333280E-001, 1.814054E+000, 3.579853E+000, 6.176470E+000, 4.919212E-001, 1.649460E+000, -9.322899E-001, 1.740267E+000
1.333360E-001, 1.865885E+000, 3.803259E+000, 6.105010E+000, 5.988606E-001, 1.752663E+000, -9.046437E-001, 1.779886E+000
1.333440E-001, 1.748403E+000, 3.987345E+000, 5.936103E+000, 5.842268E-001, 1.694253E+000, -8.605753E-001, 1.810778E+000
1.333520E-001, 1.653381E+000, 3.853302E+000, 5.845153E+000, 4.187522E-001, 1.524637E+000, -7.759827E-001, 1.822098E+000
1.333600E-001, 1.675841E+000, 3.799685E+000, 5.871139E+000, 2.971790E-001, 1.251220E+000, -6.319628E-001, 1.805355E+000
1.333680E-001, 1.584274E+000, 3.894408E+000, 5.877635E+000, 3.320750E-001, 9.650220E-001, -4.610056E-001, 1.802996E+000
1.333760E-001, 1.503074E+000, 3.767514E+000, 5.793181E+000, 2.656600E-001, 7.537181E-001, -2.834322E-001, 1.832946E+000
1.333840E-001, 1.636104E+000, 3.583428E+000, 5.720097E+000, 3.039330E-002, 6.300892E-001, -8.825504E-002, 1.863957E+000
1.333920E-001, 1.736309E+000, 3.640620E+000, 5.804550E+000, -8.442584E-002, 6.183833E-001, 1.193274E-001, 1.896972E+000
1.334000E-001, 1.731126E+000, 3.774663E+000, 5.949096E+000, -4.390144E-002, 6.557706E-001, 3.188760E-001, 1.939421E+000
1.334080E-001, 1.855518E+000, 3.772876E+000, 5.970209E+000, 2.476491E-002, 5.967632E-001, 5.021204E-001, 1.948500E+000
1.334160E-001, 2.005826E+000, 3.767514E+000, 6.027052E+000, 9.905966E-002, 3.649142E-001, 6.512206E-001, 1.912891E+000
1.334240E-001, 1.874523E+000, 3.990920E+000, 6.111506E+000, 1.857368E-001, -5.769348E-002, 7.477459E-001, 1.858179E+000
1.334320E-001, 1.629194E+000, 4.185730E+000, 5.931231E+000, 3.422061E-001, -6.024967E-001, 8.057556E-001, 1.771632E+000
1.334400E-001, 1.724216E+000, 4.057048E+000, 5.733089E+000, 5.110577E-001, -1.112421E+000, 8.304480E-001, 1.660912E+000
1.334480E-001, 1.978183E+000, 3.981983E+000, 5.801302E+000, 6.191229E-001, -1.500747E+000, 8.126080E-001, 1.565639E+000
1.334560E-001, 1.907349E+000, 4.146410E+000, 5.789933E+000, 7.339420E-001, -1.750872E+000, 7.779912E-001, 1.479681E+000
1.334640E-001, 1.729398E+000, 4.112453E+000, 5.627523E+000, 7.485758E-001, -1.824929E+000, 7.501088E-001, 1.395138E+000
1.334720E-001, 1.741492E+000, 3.885472E+000, 5.786685E+000, 5.729700E-001, -1.743944E+000, 7.158465E-001, 1.338776E+000
1.334800E-001, 1.700028E+000, 3.871174E+000, 6.259300E+000, 4.018670E-001, -1.610281E+000, 6.846559E-001, 1.303756E+000
1.334880E-001, 1.503074E+000, 3.915855E+000, 6.475306E+000, 3.039330E-001, -1.499553E+000, 6.851285E-001, 1.254704E+000
1.334960E-001, 1.444333E+000, 3.765727E+000, 6.238186E+000, 1.305786E-001, -1.461926E+000, 7.085214E-001, 1.210134E+000
1.335040E-001, 1.470248E+000, 3.688875E+000, 5.966961E+000, -7.091770E-002, -1.546257E+000, 7.411297E-001, 1.198106E+000
1.335120E-001, 1.162722E+000, 3.787174E+000, 5.932855E+000, -1.114421E-001, -1.755888E+000, 7.856707E-001, 1.198460E+000
1.335200E-001, 8.672908E-001, 3.771089E+000, 5.770444E+000, -4.052440E-002, -2.038622E+000, 8.445074E-001, 1.217916E+000
1.335280E-001, 1.202459E+000, 3.656705E+000, 5.366042E+000, 6.754067E-003, -2.280983E+000, 9.345347E-001, 1.273924E+000
1.335360E-001, 1.627466E+000, 3.706748E+000, 5.177646E+000, 1.069394E-001, -2.374272E+000, 1.059888E+000, 1.356109E+000
1.335440E-001, 1.594640E+000, 3.871174E+000, 5.185766E+000, 2.645343E-001, -2.303319E+000, 1.193983E+000, 1.475790E+000
1.335520E-001, 1.684479E+000, 4.001643E+000, 5.198759E+000, 3.028074E-001, -2.078637E+000, 1.329142E+000, 1.626246E+000
1.335600E-001, 2.183776E+000, 4.076707E+000, 5.356297E+000, 2.195072E-001, -1.679322E+000, 1.469500E+000, 1.782598E+000
1.335680E-001, 2.470569E+000, 3.983771E+000, 5.689239E+000, 1.575949E-001, -1.121738E+000, 1.592726E+000, 1.932110E+000
1.335760E-001, 2.332356E+000, 3.774663E+000, 6.088768E+000, 1.272016E-001, -4.891403E-001, 1.693741E+000, 2.046014E+000
1.335840E-001, 2.195870E+000, 3.783599E+000, 6.282037E+000, 5.628389E-002, 1.722443E-001, 1.805625E+000, 2.111691E+000
1.335920E-001, 2.138857E+000, 3.926579E+000, 6.169974E+000, -1.013110E-002, 8.841555E-001, 1.931332E+000, 2.131382E+000
1.336000E-001, 1.953996E+000, 3.874749E+000, 6.103385E+000, 3.827305E-002, 1.597381E+000, 2.033410E+000, 2.086575E+000
1.336080E-001, 1.741492E+000, 3.728195E+000, 6.111506E+000, 1.620976E-001, 2.235592E+000, 2.102526E+000, 1.974559E+000
1.336160E-001, 1.693117E+000, 3.603087E+000, 5.874387E+000, 2.656600E-001, 2.771676E+000, 2.131708E+000, 1.817500E+000
1.336240E-001, 1.798505E+000, 3.456533E+000, 5.500843E+000, 3.793534E-001, 3.086661E+000, 2.065901E+000, 1.628486E+000
1.336320E-001, 1.791595E+000, 3.411852E+000, 5.271844E+000, 4.930469E-001, 3.052618E+000, 1.877221E+000, 1.405043E+000
1.336400E-001, 1.556631E+000, 3.488704E+000, 5.262099E+000, 5.639646E-001, 2.677312E+000, 1.589063E+000, 1.164384E+000
1.336480E-001, 1.492708E+000, 3.520874E+000, 5.437502E+000, 5.864782E-001, 1.998129E+000, 1.220448E+000, 9.407040E-001
1.336560E-001, 1.641287E+000, 3.515512E+000, 5.520332E+000, 4.986753E-001, 1.107404E+000, 8.051648E-001, 7.476816E-001
1.336640E-001, 1.634377E+000, 3.485129E+000, 5.268596E+000, 2.892992E-001, 1.728415E-001, 4.093758E-001, 6.025317E-001
1.336720E-001, 1.615372E+000, 3.508363E+000, 5.026604E+000, 8.667719E-002, -7.051027E-001, 9.865189E-002, 5.190498E-001
1.336800E-001, 1.696573E+000, 3.728195E+000, 5.262099E+000, 7.879745E-003, -1.456790E+000, -7.360494E-002, 4.769551E-001
1.336880E-001, 1.587730E+000, 3.840791E+000, 5.741210E+000, 1.125678E-003, -2.000877E+000, -6.108147E-002, 4.724744E-001
1.336960E-001, 1.458154E+000, 3.719258E+000, 5.906869E+000, -6.303796E-002, -2.314309E+000, 1.553620E-001, 5.258887E-001
1.337040E-001, 1.611917E+000, 3.794323E+000, 5.772068E+000, -9.568262E-002, -2.394459E+000, 5.537502E-001, 6.197468E-001
1.337120E-001, 1.765680E+000, 3.983771E+000, 5.729841E+000, 2.701627E-002, -2.265574E+000, 1.095804E+000, 7.242171E-001
1.337200E-001, 1.763952E+000, 3.921217E+000, 5.846777E+000, 1.350814E-001, -2.018674E+000, 1.742535E+000, 8.403606E-001
1.337280E-001, 1.860702E+000, 3.830068E+000, 5.927982E+000, 1.283273E-001, -1.738330E+000, 2.436406E+000, 9.536744E-001
1.337360E-001, 2.017920E+000, 3.797897E+000, 5.947472E+000, 2.059990E-001, -1.475902E+000, 3.094007E+000, 1.028077E+000
1.337440E-001, 2.052473E+000, 3.585215E+000, 5.895500E+000, 3.647196E-001, -1.231153E+000, 3.649529E+000, 1.060621E+000
1.337520E-001, 2.066294E+000, 3.368958E+000, 5.781813E+000, 3.804791E-001, -9.425657E-001, 4.083125E+000, 1.069818E+000
1.337600E-001, 2.090482E+000, 3.483342E+000, 5.755827E+000, 3.073101E-001, -5.881629E-001, 4.375536E+000, 1.045056E+000
1.337680E-001, 2.042107E+000, 3.713897E+000, 5.773692E+000, 2.397694E-001, -1.856225E-001, 4.489665E+000, 9.685313E-001
1.337760E-001, 2.111214E+000, 3.721046E+000, 5.715224E+000, 1.429611E-001, 2.674445E-001, 4.425394E+000, 8.480250E-001
1.337840E-001, 2.365181E+000, 3.663854E+000, 5.747706E+000, 1.148191E-001, 7.196754E-001, 4.209423E+000, 6.837732E-001
1.337920E-001, 2.399735E+000, 3.624534E+000, 5.817543E+000, 1.767314E-001, 1.080170E+000, 3.859238E+000, 4.753043E-001
1.338000E-001, 2.092209E+000, 3.481555E+000, 5.606410E+000, 2.307640E-001, 1.331370E+000, 3.404022E+000, 2.472620E-001
1.338080E-001, 1.867612E+000, 3.320703E+000, 5.349801E+000, 3.489601E-001, 1.493341E+000, 2.880753E+000, 1.450321E-002
1.338160E-001, 1.786412E+000, 3.261724E+000, 5.419637E+000, 5.527079E-001, 1.547690E+000, 2.324758E+000, -2.186093E-001
1.338240E-001, 1.700028E+000, 3.404703E+000, 5.534949E+000, 6.630242E-001, 1.483427E+000, 1.771717E+000, -4.347425E-001
1.338320E-001, 1.717305E+000, 3.528023E+000, 5.492722E+000, 6.438878E-001, 1.328025E+000, 1.241951E+000, -6.129079E-001
1.338400E-001, 1.812327E+000, 3.435086E+000, 5.559310E+000, 5.943579E-001, 1.095340E+000, 7.540076E-001, -7.311739E-001
1.338480E-001, 1.791595E+000, 3.483342E+000, 5.648636E+000, 5.043037E-001, 7.803550E-001, 3.339987E-001, -7.934316E-001
1.338560E-001, 1.677568E+000, 3.626322E+000, 5.544693E+000, 3.906102E-001, 3.804425E-001, -1.205089E-002, -8.255037E-001
1.338640E-001, 1.672385E+000, 3.535172E+000, 5.406644E+000, 2.836708E-001, -8.922780E-002, -2.958375E-001, -8.239709E-001
1.338720E-001, 1.655109E+000, 3.515512E+000, 5.348177E+000, 1.080651E-001, -5.749041E-001, -5.251589E-001, -7.613595E-001
1.338800E-001, 1.373498E+000, 3.694237E+000, 5.331936E+000, -3.939873E-002, -1.019013E+000, -7.033230E-001, -6.309485E-001
1.338880E-001, 1.154084E+000, 3.733556E+000, 5.305950E+000, 2.251356E-002, -1.405308E+000, -8.360009E-001, -4.669325E-001
1.338960E-001, 1.383864E+000, 3.787174E+000, 5.223121E+000, 1.733544E-001, -1.740599E+000, -9.419779E-001, -2.925403E-001
1.339040E-001, 1.706939E+000, 4.055261E+000, 5.128922E+000, 2.082504E-001, -2.002429E+000, -1.043229E+000, -9.940004E-002
1.339120E-001, 1.732854E+000, 4.103516E+000, 5.180894E+000, 2.059990E-001, -2.177660E+000, -1.137273E+000, 1.021120E-001
1.339200E-001, 1.691390E+000, 3.769301E+000, 5.437502E+000, 2.994303E-001, -2.311203E+000, -1.207688E+000, 2.984359E-001
1.339280E-001, 1.693117E+000, 3.547683E+000, 5.617778E+000, 4.480198E-001, -2.409987E+000, -1.260972E+000, 4.803745E-001
1.339360E-001, 1.643015E+000, 3.747854E+000, 5.573927E+000, 5.527079E-001, -2.429098E+000, -1.308112E+000, 6.395561E-001
1.339440E-001, 1.674113E+000, 3.989132E+000, 5.687614E+000, 4.998010E-001, -2.344887E+000, -1.315674E+000, 7.969689E-001
1.339520E-001, 1.770863E+000, 3.883685E+000, 5.942599E+000, 2.881735E-001, -2.142542E+000, -1.247031E+000, 9.561505E-001
1.339600E-001, 1.857246E+000, 3.645981E+000, 5.918238E+000, 7.316906E-002, -1.831021E+000, -1.114471E+000, 1.091750E+000
1.339680E-001, 1.983366E+000, 3.476193E+000, 5.786685E+000, 1.238246E-002, -1.445681E+000, -9.314629E-001, 1.216147E+000
1.339760E-001, 2.050745E+000, 3.295681E+000, 5.762323E+000, 1.440868E-001, -1.016743E+000, -6.840652E-001, 1.342313E+000
1.339840E-001, 1.964362E+000, 3.295681E+000, 5.742834E+000, 2.363923E-001, -5.722763E-001, -3.657799E-001, 1.438058E+000
1.339920E-001, 1.782956E+000, 3.624534E+000, 5.814295E+000, 1.125678E-001, -1.023671E-001, 3.071795E-003, 1.497604E+000
1.340000E-001, 1.575636E+000, 3.878323E+000, 5.936103E+000, 3.151898E-002, 4.290579E-001, 3.800756E-001, 1.553140E+000
1.340080E-001, 1.504801E+000, 3.746067E+000, 5.994570E+000, 2.825451E-001, 9.971535E-001, 7.482185E-001, 1.612332E+000
1.340160E-001, 1.687934E+000, 3.422575E+000, 6.033549E+000, 6.337566E-001, 1.575999E+000, 1.131720E+000, 1.661737E+000
1.340240E-001, 1.879706E+000, 3.204532E+000, 6.057910E+000, 6.979203E-001, 2.187096E+000, 1.518767E+000, 1.704658E+000
1.340320E-001, 1.819237E+000, 3.175936E+000, 5.979953E+000, 5.977349E-001, 2.789593E+000, 1.865525E+000, 1.750643E+000
1.340400E-001, 1.674113E+000, 3.281383E+000, 5.734714E+000, 5.898552E-001, 3.309193E+000, 2.172941E+000, 1.786724E+000
1.340480E-001, 1.701756E+000, 3.402916E+000, 5.541445E+000, 5.493308E-001, 3.720214E+000, 2.461453E+000, 1.811840E+000
1.340560E-001, 1.862429E+000, 3.451171E+000, 5.557686E+000, 4.255062E-001, 3.977744E+000, 2.723855E+000, 1.847567E+000
1.340640E-001, 2.042107E+000, 3.536959E+000, 5.601537E+000, 3.309493E-001, 4.005815E+000, 2.940181E+000, 1.871503E+000
1.340720E-001, 2.142312E+000, 3.681726E+000, 5.612906E+000, 2.285126E-001, 3.749718E+000, 3.105231E+000, 1.850279E+000
1.340800E-001, 2.059384E+000, 3.681726E+000, 5.596665E+000, 2.296383E-001, 3.219846E+000, 3.231883E+000, 1.802053E+000
1.340880E-001, 2.066294E+000, 3.599513E+000, 5.539821E+000, 3.579656E-001, 2.524657E+000, 3.313995E+000, 1.737437E+000
1.340960E-001, 2.309896E+000, 3.633471E+000, 5.518708E+000, 2.915506E-001, 1.792320E+000, 3.337033E+000, 1.644404E+000
1.341040E-001, 2.372092E+000, 3.710322E+000, 5.544693E+000, 1.463381E-001, 1.082081E+000, 3.327109E+000, 1.535100E+000
1.341120E-001, 2.216602E+000, 3.774663E+000, 5.609658E+000, 2.983046E-001, 4.124546E-001, 3.319547E+000, 1.419546E+000
1.341200E-001, 2.214874E+000, 3.856876E+000, 5.669750E+000, 5.639646E-001, -1.734388E-001, 3.313049E+000, 1.292672E+000
1.341280E-001, 2.289164E+000, 3.835429E+000, 5.697359E+000, 5.763471E-001, -6.186222E-001, 3.292138E+000, 1.163794E+000
1.341360E-001, 2.112942E+000, 3.588789E+000, 5.694111E+000, 4.412657E-001, -9.015949E-001, 3.252795E+000, 1.039279E+000
1.341440E-001, 1.751858E+000, 3.313554E+000, 5.523580E+000, 4.378887E-001, -1.028688E+000, 3.188760E+000, 9.165320E-001
1.341520E-001, 1.572181E+000, 3.347511E+000, 5.231241E+000, 4.378887E-001, -1.042663E+000, 3.080538E+000, 8.062840E-001
1.341600E-001, 1.681024E+000, 3.569130E+000, 5.172773E+000, 2.453978E-001, -1.059983E+000, 2.924349E+000, 6.972152E-001
1.341680E-001, 1.800233E+000, 3.629896E+000, 5.348177E+000, 6.641500E-002, -1.173220E+000, 2.729527E+000, 5.497069E-001
1.341760E-001, 1.691390E+000, 3.583428E+000, 5.395276E+000, 1.272016E-001, -1.349645E+000, 2.480947E+000, 3.656459E-001
1.341840E-001, 1.501346E+000, 3.638832E+000, 5.232865E+000, 3.118128E-001, -1.518187E+000, 2.179084E+000, 1.779296E-001
1.341920E-001, 1.454699E+000, 3.738918E+000, 5.055838E+000, 4.176265E-001, -1.632259E+000, 1.866234E+000, -5.777701E-003
1.342000E-001, 1.359677E+000, 3.703173E+000, 5.057462E+000, 4.952983E-001, -1.651013E+000, 1.570514E+000, -1.793445E-001
1.342080E-001, 1.224919E+000, 3.617385E+000, 5.216624E+000, 5.932323E-001, -1.570983E+000, 1.305513E+000, -3.313335E-001
1.342160E-001, 1.314758E+000, 3.660279E+000, 5.362794E+000, 6.033633E-001, -1.375924E+000, 1.097340E+000, -4.638668E-001
1.342240E-001, 1.383864E+000, 3.790748E+000, 5.492722E+000, 6.292539E-001, -1.025582E+000, 9.478852E-001, -5.647997E-001
1.342320E-001, 1.459882E+000, 3.874749E+000, 5.505715E+000, 7.654610E-001, -5.735902E-001, 8.526595E-001, -6.258783E-001
1.342400E-001, 1.719033E+000, 3.826493E+000, 5.284837E+000, 8.138651E-001, -8.851111E-002, 8.380094E-001, -6.712745E-001
1.342480E-001, 1.675841E+000, 3.728195E+000, 5.172773E+000, 6.776581E-001, 4.467362E-001, 9.012175E-001, -7.051153E-001
1.342560E-001, 1.447788E+000, 3.699599E+000, 5.362794E+000, 4.705333E-001, 9.975119E-001, 1.006131E+000, -7.060586E-001
1.342640E-001, 1.553176E+000, 3.747854E+000, 5.601537E+000, 3.061844E-001, 1.494655E+000, 1.141172E+000, -6.908479E-001
1.342720E-001, 1.674113E+000, 3.910494E+000, 5.682742E+000, 2.442721E-001, 1.934225E+000, 1.289445E+000, -6.886076E-001
1.342800E-001, 1.580819E+000, 4.053473E+000, 5.606410E+000, 2.363923E-001, 2.218870E+000, 1.409009E+000, -7.104214E-001
1.342880E-001, 1.530716E+000, 3.973047E+000, 5.625899E+000, 1.260759E-001, 2.183871E+000, 1.482259E+000, -7.843524E-001
1.342960E-001, 1.613645E+000, 3.805046E+000, 5.863018E+000, -6.979203E-002, 1.869722E+000, 1.491711E+000, -9.206589E-001
1.343040E-001, 1.693117E+000, 3.760365E+000, 5.947472E+000, -7.204338E-002, 1.432542E+000, 1.392114E+000, -1.080902E+000
1.343120E-001, 1.758769E+000, 3.742493E+000, 5.723345E+000, 2.161302E-001, 9.331293E-001, 1.196346E+000, -1.262369E+000
1.343200E-001, 1.865885E+000, 3.624534E+000, 5.547942E+000, 4.795388E-001, 4.141269E-001, 9.532017E-001, -1.490411E+000
1.343280E-001, 1.829603E+000, 3.567343E+000, 5.611282E+000, 4.919212E-001, -6.318809E-002, 6.671703E-001, -1.724938E+000
1.343360E-001, 1.689662E+000, 3.649556E+000, 5.812671E+000, 4.637793E-001, -4.828096E-001, 3.590456E-001, -1.927512E+000
1.343440E-001, 1.826148E+000, 3.696024E+000, 5.996194E+000, 5.459538E-001, -7.973167E-001, 6.781579E-002, -2.106856E+000
1.343520E-001, 2.202780E+000, 3.663854E+000, 5.926358E+000, 5.639646E-001, -9.217817E-001, -1.804089E-001, -2.244931E+000
1.343600E-001, 2.323717E+000, 3.610236E+000, 5.770444E+000, 4.705333E-001, -8.888140E-001, -3.632989E-001, -2.310019E+000
1.343680E-001, 2.114669E+000, 3.519087E+000, 5.846777E+000, 4.187522E-001, -7.599294E-001, -4.672673E-001, -2.311080E+000
1.343760E-001, 2.007554E+000, 3.451171E+000, 5.845153E+000, 5.099321E-001, -5.249748E-001, -4.907784E-001, -2.260732E+000
1.343840E-001, 2.031741E+000, 3.547683E+000, 5.606410E+000, 6.405107E-001, -2.368658E-001, -4.591153E-001, -2.144234E+000
1.343920E-001, 1.872795E+000, 3.706748E+000, 5.608034E+000, 6.799095E-001, 6.712988E-002, -3.785397E-001, -1.975974E+000
1.344000E-001, 1.729398E+000, 3.665641E+000, 5.781813E+000, 6.585215E-001, 3.901178E-001, -2.417267E-001, -1.799105E+000
1.344080E-001, 1.850335E+000, 3.667428E+000, 5.616154E+000, 5.121834E-001, 6.495593E-001, -7.076944E-002, -1.630609E+000
1.344160E-001, 1.890072E+000, 3.787174E+000, 5.351425E+000, 2.600316E-001, 7.915832E-001, 1.251166E-001, -1.472488E+000
1.344240E-001, 1.741492E+000, 3.606662E+000, 5.361170E+000, 1.958680E-001, 8.249092E-001, 3.386064E-001, -1.329579E+000
1.344320E-001, 1.724216E+000, 3.361809E+000, 5.340056E+000, 3.185668E-001, 7.602878E-001, 5.464251E-001, -1.202116E+000
1.344400E-001, 1.795050E+000, 3.522661E+000, 5.245858E+000, 3.692223E-001, 6.666403E-001, 7.462100E-001, -1.081373E+000
1.344480E-001, 1.791595E+000, 3.755003E+000, 5.479729E+000, 3.163155E-001, 6.333143E-001, 9.384335E-001, -9.706537E-001
1.344560E-001, 1.846880E+000, 3.683513E+000, 5.772068E+000, 2.341410E-001, 6.796602E-001, 1.107264E+000, -8.744373E-001
1.344640E-001, 2.102576E+000, 3.590577E+000, 5.669750E+000, 1.767314E-001, 7.856107E-001, 1.255655E+000, -7.738581E-001
1.344720E-001, 2.214874E+000, 3.699599E+000, 5.431006E+000, 2.014963E-001, 9.277541E-001, 1.404637E+000, -6.824762E-001
1.344800E-001, 1.867612E+000, 3.880111E+000, 5.359546E+000, 2.510262E-001, 1.046844E+000, 1.551139E+000, -6.297694E-001
1.344880E-001, 1.516895E+000, 4.039176E+000, 5.465112E+000, 3.016817E-001, 1.101790E+000, 1.673892E+000, -5.960464E-001
1.344960E-001, 1.624011E+000, 4.073133E+000, 5.736338E+000, 3.849818E-001, 1.128308E+000, 1.772662E+000, -5.622057E-001
1.345040E-001, 1.950540E+000, 3.990920E+000, 5.895500E+000, 3.737251E-001, 1.142044E+000, 1.855837E+000, -5.354396E-001
1.345120E-001, 2.112942E+000, 3.899770E+000, 5.723345E+000, 2.994303E-001, 1.087695E+000, 1.905576E+000, -5.248275E-001
1.345200E-001, 2.061111E+000, 3.808621E+000, 5.557686E+000, 4.829158E-001, 9.233345E-001, 1.911484E+000, -5.486457E-001
1.345280E-001, 2.012737E+000, 3.780025E+000, 5.580424E+000, 8.273733E-001, 6.599513E-001, 1.887264E+000, -6.041824E-001
1.345360E-001, 2.097392E+000, 3.901557E+000, 5.695735E+000, 8.262476E-001, 3.462803E-001, 1.824410E+000, -6.670296E-001
1.345440E-001, 2.169955E+000, 4.067771E+000, 5.806174E+000, 5.155604E-001, 4.049294E-002, 1.708036E+000, -7.317635E-001
1.345520E-001, 2.133673E+000, 4.076707E+000, 5.749331E+000, 3.804791E-001, -2.409270E-001, 1.560708E+000, -7.844703E-001
1.345600E-001, 2.169955E+000, 3.940877E+000, 5.643764E+000, 4.480198E-001, -4.973823E-001, 1.404401E+000, -8.059303E-001
1.345680E-001, 2.245972E+000, 3.906919E+000, 5.554438E+000, 4.277576E-001, -6.939940E-001, 1.250575E+000, -8.095856E-001
1.345760E-001, 2.144040E+000, 3.915855E+000, 5.349801E+000, 4.378887E-001, -7.927777E-001, 1.118252E+000, -8.014496E-001
1.345840E-001, 2.076660E+000, 3.914068E+000, 5.276716E+000, 6.427621E-001, -7.563459E-001, 1.010148E+000, -7.416681E-001
1.345920E-001, 2.249428E+000, 4.121388E+000, 5.403396E+000, 6.934175E-001, -5.764570E-001, 9.189394E-001, -6.086631E-001
1.346000E-001, 2.384186E+000, 4.289390E+000, 5.392027E+000, 4.513968E-001, -3.213156E-001, 8.567946E-001, -4.458263E-001
1.346080E-001, 2.332356E+000, 4.107090E+000, 5.273468E+000, 3.422061E-001, -5.100438E-002, 8.417901E-001, -2.793341E-001
1.346160E-001, 2.283981E+000, 3.897983E+000, 5.219872E+000, 4.266319E-001, 2.202625E-001, 8.669552E-001, -9.102827E-002
1.346240E-001, 2.290892E+000, 3.931941E+000, 5.244234E+000, 4.266319E-001, 4.666841E-001, 9.155132E-001, 1.106017E-001
1.346320E-001, 2.273615E+000, 4.026665E+000, 5.299454E+000, 4.029927E-001, 6.832436E-001, 9.754131E-001, 3.042136E-001
1.346400E-001, 2.256338E+000, 3.990920E+000, 5.245858E+000, 4.401400E-001, 9.009977E-001, 1.035786E+000, 4.993584E-001
1.346480E-001, 2.283981E+000, 3.885472E+000, 5.190639E+000, 5.099321E-001, 1.111227E+000, 1.104074E+000, 6.965077E-001
1.346560E-001, 2.437744E+000, 3.776450E+000, 5.367666E+000, 6.585215E-001, 1.297207E+000, 1.180869E+000, 8.698387E-001
1.346640E-001, 2.586323E+000, 3.662066E+000, 5.585296E+000, 7.035487E-001, 1.494177E+000, 1.241832E+000, 1.006145E+000
1.346720E-001, 2.437744E+000, 3.713897E+000, 5.510587E+000, 4.964240E-001, 1.694970E+000, 1.274086E+000, 1.114860E+000
1.346800E-001, 2.256338E+000, 3.994494E+000, 5.263723E+000, 3.793534E-001, 1.839144E+000, 1.289209E+000, 1.205063E+000
1.346880E-001, 2.292619E+000, 4.119601E+000, 5.309198E+000, 5.380740E-001, 1.919174E+000, 1.296298E+000, 1.280173E+000
1.346960E-001, 2.218329E+000, 3.896196E+000, 5.674622E+000, 6.528932E-001, 1.964206E+000, 1.273850E+000, 1.333823E+000
1.347040E-001, 2.085299E+000, 3.694237E+000, 5.871139E+000, 5.954836E-001, 2.000877E+000, 1.206034E+000, 1.356463E+000
1.347120E-001, 2.087026E+000, 3.699599E+000, 5.728217E+000, 5.628389E-001, 2.031336E+000, 1.126286E+000, 1.353869E+000
1.347200E-001, 1.914259E+000, 3.746067E+000, 5.619402E+000, 5.538335E-001, 2.013777E+000, 1.061778E+000, 1.332998E+000
1.347280E-001, 1.660292E+000, 3.706748E+000, 5.742834E+000, 4.153751E-001, 1.947603E+000, 9.877003E-001, 1.296092E+000
1.347360E-001, 1.739765E+000, 3.420788E+000, 5.903621E+000, 3.568399E-001, 1.876292E+000, 8.798330E-001, 1.259421E+000
1.347440E-001, 1.936719E+000, 3.183085E+000, 6.020556E+000, 5.425767E-001, 1.781809E+000, 7.537713E-001, 1.231122E+000
1.347520E-001, 1.877978E+000, 3.406490E+000, 6.197584E+000, 6.551445E-001, 1.643846E+000, 6.333806E-001, 1.197281E+000
1.347600E-001, 1.687934E+000, 3.594151E+000, 6.433079E+000, 5.549592E-001, 1.498955E+000, 5.225596E-001, 1.150588E+000
1.347680E-001, 1.641287E+000, 3.404703E+000, 6.483426E+000, 4.739104E-001, 1.347734E+000, 4.218993E-001, 1.100357E+000
1.347760E-001, 1.827876E+000, 3.343937E+000, 6.148860E+000, 4.739104E-001, 1.189943E+000, 3.499484E-001, 1.056848E+000
1.347840E-001, 1.967817E+000, 3.511938E+000, 5.793181E+000, 3.939873E-001, 1.072047E+000, 3.187578E-001, 1.029374E+000
1.347920E-001, 1.845152E+000, 3.554832E+000, 5.869514E+000, 2.915506E-001, 9.854476E-001, 3.227748E-001, 1.018998E+000
1.348000E-001, 1.774318E+000, 3.431512E+000, 6.038421E+000, 3.388290E-001, 9.030283E-001, 3.614085E-001, 1.013692E+000
1.348080E-001, 1.884889E+000, 3.335001E+000, 5.880883E+000, 4.063697E-001, 8.553685E-001, 4.399756E-001, 1.018644E+000
1.348160E-001, 1.998915E+000, 3.422575E+000, 5.695735E+000, 4.041184E-001, 8.364957E-001, 5.623748E-001, 1.044113E+000
1.348240E-001, 2.009281E+000, 3.594151E+000, 5.681118E+000, 4.874185E-001, 8.108143E-001, 7.217538E-001, 1.070761E+000
1.348320E-001, 1.948813E+000, 3.647768E+000, 5.612906E+000, 6.112431E-001, 8.001834E-001, 8.942469E-001, 1.085736E+000
1.348400E-001, 2.036924E+000, 3.610236E+000, 5.484601E+000, 5.684673E-001, 8.241925E-001, 1.052562E+000, 1.101300E+000
1.348480E-001, 2.197597E+000, 3.672790E+000, 5.401772E+000, 4.074954E-001, 8.636104E-001, 1.182169E+000, 1.110969E+000
1.348560E-001, 2.190687E+000, 3.830068E+000, 5.307574E+000, 3.939873E-001, 8.872612E-001, 1.284956E+000, 1.087505E+000
1.348640E-001, 2.135401E+000, 3.810408E+000, 5.164653E+000, 5.076807E-001, 8.642077E-001, 1.361987E+000, 1.027605E+000
1.348720E-001, 2.076660E+000, 3.722833E+000, 5.067207E+000, 5.279430E-001, 8.306427E-001, 1.414798E+000, 9.501370E-001
1.348800E-001, 1.955723E+000, 3.885472E+000, 5.185766E+000, 5.448281E-001, 8.394819E-001, 1.446934E+000, 8.629998E-001
1.348880E-001, 1.867612E+000, 3.921217E+000, 5.491098E+000, 6.596472E-001, 8.766303E-001, 1.445162E+000, 7.811687E-001
1.348960E-001, 1.827876E+000, 3.637045E+000, 5.521956E+000, 6.776581E-001, 9.442379E-001, 1.409954E+000, 7.197365E-001
1.349040E-001, 1.850335E+000, 3.587002E+000, 5.234489E+000, 5.031780E-001, 1.046127E+000, 1.376873E+000, 6.501682E-001
1.349120E-001, 1.986822E+000, 3.767514E+000, 5.193887E+000, 3.298236E-001, 1.140850E+000, 1.357733E+000, 5.543056E-001
1.349200E-001, 2.045562E+000, 3.735344E+000, 5.432630E+000, 3.523372E-001, 1.218252E+000, 1.322881E+000, 4.708236E-001
1.349280E-001, 1.934991E+000, 3.578066E+000, 5.482977E+000, 4.919212E-001, 1.276782E+000, 1.271251E+000, 4.167019E-001
1.349360E-001, 1.924625E+000, 3.561981E+000, 5.327064E+000, 5.594619E-001, 1.316319E+000, 1.244077E+000, 3.624623E-001
1.349440E-001, 2.068022E+000, 3.644194E+000, 5.271844E+000, 5.301943E-001, 1.372101E+000, 1.252347E+000, 3.016196E-001
1.349520E-001, 2.064567E+000, 3.551257E+000, 5.453743E+000, 5.234402E-001, 1.406980E+000, 1.272078E+000, 2.383007E-001
1.349600E-001, 1.838242E+000, 3.304617E+000, 5.767196E+000, 5.831012E-001, 1.356573E+000, 1.307403E+000, 1.620114E-001
1.349680E-001, 1.725943E+000, 3.349298E+000, 5.827288E+000, 6.022376E-001, 1.291832E+000, 1.375455E+000, 8.713716E-002
1.349760E-001, 1.909076E+000, 3.688875E+000, 5.554438E+000, 4.851672E-001, 1.287771E+000, 1.457567E+000, 3.997226E-002
1.349840E-001, 2.043835E+000, 3.830068E+000, 5.442375E+000, 4.198779E-001, 1.305688E+000, 1.540269E+000, 1.627189E-002
1.349920E-001, 1.915987E+000, 3.717471E+000, 5.629147E+000, 5.763471E-001, 1.320500E+000, 1.637976E+000, 4.244841E-003
1.350000E-001, 1.779501E+000, 3.721046E+000, 5.720097E+000, 6.664013E-001, 1.331370E+000, 1.741944E+000, 2.759147E-002
1.350080E-001, 1.814054E+000, 3.794323E+000, 5.622651E+000, 5.583363E-001, 1.310944E+000, 1.833744E+000, 9.751344E-002
1.350160E-001, 1.834786E+000, 3.685301E+000, 5.583672E+000, 4.649050E-001, 1.244889E+000, 1.912074E+000, 1.791087E-001
1.350240E-001, 1.681024E+000, 3.579853E+000, 5.580424E+000, 4.446428E-001, 1.124485E+000, 1.962877E+000, 2.634160E-001
1.350320E-001, 1.532444E+000, 3.612024E+000, 5.512211E+000, 5.335713E-001, 9.559439E-001, 1.979300E+000, 3.707162E-001
1.350400E-001, 1.658564E+000, 3.533385E+000, 5.611282E+000, 6.686527E-001, 7.853718E-001, 1.969493E+000, 5.014808E-001
1.350480E-001, 1.896983E+000, 3.299256E+000, 5.848401E+000, 6.326309E-001, 6.476481E-001, 1.930033E+000, 6.583042E-001
1.350560E-001, 1.838242E+000, 3.222404E+000, 5.880883E+000, 5.200632E-001, 5.364418E-001, 1.864816E+000, 8.364696E-001
1.350640E-001, 1.703483E+000, 3.442235E+000, 5.812671E+000, 5.605876E-001, 4.548587E-001, 1.779397E+000, 1.005556E+000
1.350720E-001, 1.867612E+000, 3.613811E+000, 5.833784E+000, 6.573959E-001, 4.254745E-001, 1.668576E+000, 1.162143E+000
1.350800E-001, 1.922898E+000, 3.460108E+000, 5.824039E+000, 6.056147E-001, 4.522308E-001, 1.546531E+000, 1.317552E+000
1.350880E-001, 1.682751E+000, 3.352873E+000, 5.809422E+000, 4.874185E-001, 5.207941E-001, 1.428267E+000, 1.445368E+000
1.350960E-001, 1.705211E+000, 3.572704E+000, 5.882507E+000, 4.829158E-001, 6.027356E-001, 1.305749E+000, 1.534274E+000
1.351040E-001, 1.986822E+000, 3.576279E+000, 5.942599E+000, 5.729700E-001, 6.429896E-001, 1.174135E+000, 1.607970E+000
1.351120E-001, 2.145767E+000, 3.247426E+000, 5.918238E+000, 6.303796E-001, 6.081107E-001, 1.029760E+000, 1.668694E+000
1.351200E-001, 2.263249E+000, 3.243851E+000, 5.759075E+000, 6.146201E-001, 5.225858E-001, 8.636470E-001, 1.714208E+000
1.351280E-001, 2.256338E+000, 3.411852E+000, 5.510587E+000, 6.033633E-001, 3.989570E-001, 6.811115E-001, 1.755124E+000
1.351360E-001, 2.071477E+000, 3.333213E+000, 5.435878E+000, 6.236256E-001, 2.200236E-001, 5.003482E-001, 1.788257E+000
1.351440E-001, 1.997187E+000, 3.385043E+000, 5.621027E+000, 5.864782E-001, 2.030619E-002, 3.368342E-001, 1.816203E+000
1.351520E-001, 1.990277E+000, 3.558406E+000, 5.841905E+000, 4.952983E-001, -1.466824E-001, 2.029748E-001, 1.851576E+000
1.351600E-001, 1.955723E+000, 3.452959E+000, 5.931231E+000, 4.727847E-001, -2.600387E-001, 1.066858E-001, 1.891666E+000
1.351680E-001, 1.909076E+000, 3.329639E+000, 5.863018E+000, 6.179972E-001, -2.589637E-001, 5.281125E-002, 1.939893E+000
1.351760E-001, 1.800233E+000, 3.377894E+000, 5.660005E+000, 8.386300E-001, -1.278096E-001, 3.095425E-002, 2.021370E+000
1.351840E-001, 1.846880E+000, 3.342149E+000, 5.455368E+000, 8.104881E-001, 5.422948E-002, 4.430474E-002, 2.127137E+000
1.351920E-001, 2.021375E+000, 3.292107E+000, 5.406644E+000, 5.391997E-001, 2.913342E-001, 1.127113E-001, 2.216750E+000
1.352000E-001, 2.002371E+000, 3.422575E+000, 5.518708E+000, 4.727847E-001, 6.241168E-001, 2.090002E-001, 2.299525E+000
1.352080E-001, 1.874523E+000, 3.547683E+000, 5.632395E+000, 6.112431E-001, 1.006590E+000, 3.096606E-001, 2.398689E+000
1.352160E-001, 1.750131E+000, 3.553045E+000, 5.622651E+000, 5.538335E-001, 1.380941E+000, 4.315872E-001, 2.485708E+000
1.352240E-001, 1.618828E+000, 3.510151E+000, 5.552814E+000, 4.108724E-001, 1.726504E+000, 5.650922E-001, 2.535349E+000
1.352320E-001, 1.753586E+000, 3.519087E+000, 5.531701E+000, 4.907956E-001, 2.050687E+000, 6.731958E-001, 2.561998E+000
1.352400E-001, 2.125035E+000, 3.656705E+000, 5.625899E+000, 6.337566E-001, 2.367583E+000, 7.485729E-001, 2.574142E+000
1.352480E-001, 2.233878E+000, 3.676364E+000, 5.677870E+000, 6.258769E-001, 2.621290E+000, 7.967765E-001, 2.557871E+000
1.352560E-001, 2.130218E+000, 3.397554E+000, 5.621027E+000, 5.763471E-001, 2.759731E+000, 8.046922E-001, 2.523794E+000
1.352640E-001, 2.088754E+000, 3.111595E+000, 5.658381E+000, 5.470794E-001, 2.828055E+000, 7.665311E-001, 2.493608E+000
1.352720E-001, 1.960906E+000, 3.141978E+000, 5.655133E+000, 4.671563E-001, 2.825428E+000, 6.959980E-001, 2.455169E+000
1.352800E-001, 1.801961E+000, 3.304617E+000, 5.481353E+000, 4.423914E-001, 2.721030E+000, 6.086881E-001, 2.393501E+000
1.352880E-001, 1.750131E+000, 3.293894E+000, 5.458616E+000, 5.414510E-001, 2.553444E+000, 5.127535E-001, 2.321103E+000
1.352960E-001, 1.822693E+000, 3.209893E+000, 5.630771E+000, 6.472648E-001, 2.307978E+000, 4.142198E-001, 2.262029E+000
1.353040E-001, 1.945357E+000, 3.081212E+000, 5.647012E+000, 6.123688E-001, 1.943900E+000, 3.243107E-001, 2.205549E+000
1.353120E-001, 1.903893E+000, 2.932870E+000, 5.560935E+000, 4.390144E-001, 1.522964E+000, 2.727990E-001, 2.134330E+000
1.353200E-001, 1.910804E+000, 3.175936E+000, 5.711976E+000, 3.455831E-001, 1.167128E+000, 2.869766E-001, 2.071247E+000
1.353280E-001, 2.100848E+000, 3.560194E+000, 5.793181E+000, 3.962386E-001, 9.567800E-001, 3.486488E-001, 2.037406E+000
1.353360E-001, 2.078388E+000, 3.454746E+000, 5.421261E+000, 4.671563E-001, 8.195341E-001, 4.325324E-001, 2.032572E+000
1.353440E-001, 1.725943E+000, 3.090148E+000, 5.177646E+000, 5.572106E-001, 6.500371E-001, 5.502058E-001, 2.034104E+000
1.353520E-001, 1.392503E+000, 2.914998E+000, 5.416389E+000, 5.864782E-001, 4.842430E-001, 7.024959E-001, 2.023374E+000
1.353600E-001, 1.376954E+000, 2.918572E+000, 5.599913E+000, 4.919212E-001, 3.177322E-001, 8.618749E-001, 2.018186E+000
1.353680E-001, 1.605006E+000, 3.029382E+000, 5.580424E+000, 4.615279E-001, 1.207621E-001, 1.023144E+000, 2.026086E+000
1.353760E-001, 1.729398E+000, 3.143765E+000, 5.562559E+000, 5.178118E-001, 7.405788E-003, 1.179097E+000, 2.052381E+000
1.353840E-001, 1.656836E+000, 3.100871E+000, 5.481353E+000, 5.482051E-001, 2.054509E-002, 1.290272E+000, 2.110394E+000
1.353920E-001, 1.708666E+000, 2.973977E+000, 5.320567E+000, 5.887296E-001, 1.002170E-001, 1.363523E+000, 2.173948E+000
1.354000E-001, 1.933264E+000, 2.925721E+000, 5.195511E+000, 6.011120E-001, 2.701918E-001, 1.438545E+000, 2.224533E+000
1.354080E-001, 1.988549E+000, 3.047254E+000, 5.305950E+000, 5.020523E-001, 5.044297E-001, 1.500572E+000, 2.286555E+000
1.354160E-001, 1.815782E+000, 3.313554E+000, 5.635643E+000, 3.872332E-001, 7.072527E-001, 1.529045E+000, 2.363080E+000
1.354240E-001, 1.662019E+000, 3.372533E+000, 5.789933E+000, 3.962386E-001, 9.106730E-001, 1.542750E+000, 2.428403E+000
1.354320E-001, 1.769135E+000, 3.009722E+000, 5.647012E+000, 4.570252E-001, 1.157453E+000, 1.549366E+000, 2.491250E+000
1.354400E-001, 1.934991E+000, 2.696954E+000, 5.489474E+000, 3.410804E-001, 1.393244E+000, 1.551493E+000, 2.576501E+000
1.354480E-001, 1.696573E+000, 2.791678E+000, 5.484601E+000, 1.069394E-001, 1.616851E+000, 1.551611E+000, 2.656209E+000
1.354560E-001, 1.444333E+000, 2.988275E+000, 5.557686E+000, 1.159448E-001, 1.811193E+000, 1.525146E+000, 2.697125E+000
1.354640E-001, 1.667202E+000, 2.932870E+000, 5.630771E+000, 3.410804E-001, 1.873664E+000, 1.480369E+000, 2.701606E+000
1.354720E-001, 1.867612E+000, 2.700528E+000, 5.737962E+000, 3.635940E-001, 1.797456E+000, 1.463120E+000, 2.665996E+000
1.354800E-001, 1.739765E+000, 2.772018E+000, 5.871139E+000, 2.206329E-001, 1.678008E+000, 1.468200E+000, 2.599140E+000
1.354880E-001, 1.719033E+000, 3.154489E+000, 6.041669E+000, 3.073101E-001, 1.567399E+000, 1.470445E+000, 2.516719E+000
1.354960E-001, 1.934991E+000, 3.202744E+000, 6.067655E+000, 5.054294E-001, 1.443054E+000, 1.485213E+000, 2.403759E+000
1.355040E-001, 2.007554E+000, 2.934658E+000, 5.763947E+000, 4.570252E-001, 1.287771E+000, 1.516049E+000, 2.266627E+000
1.355120E-001, 1.919442E+000, 2.884615E+000, 5.557686E+000, 3.118128E-001, 1.171428E+000, 1.547830E+000, 2.133622E+000
1.355200E-001, 1.903893E+000, 3.032956E+000, 5.736338E+000, 3.230695E-001, 1.170115E+000, 1.575595E+000, 1.996490E+000
1.355280E-001, 1.829603E+000, 3.174148E+000, 5.874387E+000, 3.647196E-001, 1.258745E+000, 1.577603E+000, 1.845798E+000
1.355360E-001, 1.700028E+000, 3.276021E+000, 5.858146E+000, 3.568399E-001, 1.376760E+000, 1.534007E+000, 1.694871E+000
1.355440E-001, 1.796778E+000, 3.213468E+000, 5.861394E+000, 4.277576E-001, 1.501942E+000, 1.464419E+000, 1.539816E+000
1.355520E-001, 1.938447E+000, 3.009722E+000, 5.806174E+000, 5.313200E-001, 1.648266E+000, 1.384553E+000, 1.376154E+000
1.355600E-001, 1.803688E+000, 2.959679E+000, 5.749331E+000, 5.425767E-001, 1.846191E+000, 1.273968E+000, 1.217444E+000
1.355680E-001, 1.584274E+000, 3.077637E+000, 5.739586E+000, 4.874185E-001, 2.090821E+000, 1.110100E+000, 1.067342E+000
1.355760E-001, 1.532444E+000, 3.136616E+000, 5.635643E+000, 3.906102E-001, 2.332584E+000, 8.981457E-001, 9.325681E-001
1.355840E-001, 1.637832E+000, 3.077637E+000, 5.409893E+000, 2.960533E-001, 2.531704E+000, 6.721324E-001, 8.271545E-001
1.355920E-001, 1.715577E+000, 3.004360E+000, 5.240986E+000, 3.343263E-001, 2.708966E+000, 4.775460E-001, 7.413144E-001
1.356000E-001, 1.579091E+000, 3.040105E+000, 5.309198E+000, 5.031780E-001, 2.942845E+000, 3.323446E-001, 6.702133E-001
1.356080E-001, 1.466793E+000, 3.133042E+000, 5.452119E+000, 6.157458E-001, 3.225579E+000, 2.123083E-001, 6.298873E-001
1.356160E-001, 1.665475E+000, 3.150914E+000, 5.413141E+000, 5.515822E-001, 3.396987E+000, 1.071584E-001, 6.222230E-001
1.356240E-001, 1.976455E+000, 3.086573E+000, 5.255603E+000, 4.311346E-001, 3.367125E+000, 3.981519E-002, 6.364903E-001
1.356320E-001, 2.049018E+000, 3.007935E+000, 5.112681E+000, 4.345117E-001, 3.171947E+000, 1.394122E-002, 6.692700E-001
1.356400E-001, 1.820965E+000, 3.065126E+000, 5.070455E+000, 4.998010E-001, 2.811333E+000, 1.866706E-002, 7.139587E-001
1.356480E-001, 1.608462E+000, 3.306405E+000, 5.263723E+000, 4.829158E-001, 2.356116E+000, 6.072703E-002, 7.710283E-001
1.356560E-001, 1.613645E+000, 3.351086E+000, 5.491098E+000, 4.592766E-001, 1.963131E+000, 1.389397E-001, 8.641790E-001
1.356640E-001, 1.660292E+000, 3.041892E+000, 5.348177E+000, 4.637793E-001, 1.648743E+000, 2.482247E-001, 9.820912E-001
1.356720E-001, 1.656836E+000, 2.990062E+000, 5.068831E+000, 3.602169E-001, 1.387988E+000, 4.090213E-001, 1.075596E+000
1.356800E-001, 1.682751E+000, 3.377894E+000, 5.085072E+000, 2.285126E-001, 1.257192E+000, 6.248741E-001, 1.149409E+000
1.356880E-001, 1.791595E+000, 3.499427E+000, 5.236114E+000, 2.465235E-001, 1.292429E+000, 8.456889E-001, 1.225108E+000
1.356960E-001, 1.900438E+000, 3.222404E+000, 5.377411E+000, 3.354520E-001, 1.442815E+000, 1.034604E+000, 1.270151E+000
1.357040E-001, 1.819237E+000, 3.090148E+000, 5.565807E+000, 3.804791E-001, 1.642293E+000, 1.185831E+000, 1.272863E+000
1.357120E-001, 1.608462E+000, 3.122318E+000, 5.668126E+000, 3.973643E-001, 1.835560E+000, 1.269360E+000, 1.252110E+000
1.357200E-001, 1.532444E+000, 3.061552E+000, 5.567431E+000, 4.198779E-001, 1.977704E+000, 1.269951E+000, 1.194451E+000
1.357280E-001, 1.568725E+000, 3.079424E+000, 5.325439E+000, 4.086211E-001, 2.012941E+000, 1.195755E+000, 1.081138E+000
1.357360E-001, 1.551448E+000, 3.204532E+000, 5.236114E+000, 2.521518E-001, 1.913441E+000, 1.039094E+000, 9.270262E-001
1.357440E-001, 1.594640E+000, 3.268872E+000, 5.481353E+000, 1.114421E-001, 1.692700E+000, 8.154435E-001, 7.615953E-001
1.357520E-001, 1.724216E+000, 3.374320E+000, 5.726593E+000, 2.127531E-001, 1.361948E+000, 5.614297E-001, 5.915658E-001
1.357600E-001, 1.803688E+000, 3.329639E+000, 5.698983E+000, 3.388290E-001, 9.388628E-001, 3.041077E-001, 4.262528E-001
1.357680E-001, 1.922898E+000, 2.981126E+000, 5.578800E+000, 3.196925E-001, 4.493641E-001, 7.797635E-002, 3.051569E-001
1.357760E-001, 1.950540E+000, 2.825635E+000, 5.559310E+000, 3.399547E-001, -8.456932E-002, -8.305662E-002, 2.430172E-001
1.357840E-001, 1.744948E+000, 2.941807E+000, 5.603161E+000, 4.615279E-001, -6.060801E-001, -1.613874E-001, 2.401873E-001
1.357920E-001, 1.618828E+000, 3.002573E+000, 5.590168E+000, 4.401400E-001, -1.026060E+000, -1.390578E-001, 3.148257E-001
1.358000E-001, 1.696573E+000, 3.115169E+000, 5.609658E+000, 2.127531E-001, -1.310466E+000, -4.016963E-003, 4.434680E-001
1.358080E-001, 1.902166E+000, 3.213468E+000, 5.718472E+000, 1.575949E-001, -1.458582E+000, 2.288488E-001, 5.818970E-001
1.358160E-001, 2.057656E+000, 3.059765E+000, 5.690863E+000, 3.579656E-001, -1.413789E+000, 5.448892E-001, 7.369516E-001
1.358240E-001, 1.950540E+000, 2.877466E+000, 5.551190E+000, 4.356374E-001, -1.135713E+000, 9.532017E-001, 9.047408E-001
1.358320E-001, 1.850335E+000, 2.879253E+000, 5.525204E+000, 2.994303E-001, -6.716572E-001, 1.431693E+000, 1.055079E+000
1.358400E-001, 1.957451E+000, 3.020445E+000, 5.504091E+000, 1.317043E-001, -7.166892E-002, 1.918927E+000, 1.193626E+000
1.358480E-001, 2.049018E+000, 3.227766E+000, 5.426134E+000, 6.979203E-002, 6.281781E-001, 2.385603E+000, 1.311656E+000
1.358560E-001, 1.988549E+000, 3.276021E+000, 5.476481E+000, 1.463381E-001, 1.331608E+000, 2.816836E+000, 1.357288E+000
1.358640E-001, 1.867612E+000, 3.158063E+000, 5.583672E+000, 2.352667E-001, 1.935061E+000, 3.165249E+000, 1.324273E+000
1.358720E-001, 1.852063E+000, 3.209893E+000, 5.567431E+000, 2.735397E-001, 2.394100E+000, 3.386182E+000, 1.239022E+000
1.358800E-001, 1.895255E+000, 3.225979E+000, 5.531701E+000, 2.926762E-001, 2.676237E+000, 3.469593E+000, 1.085736E+000
1.358880E-001, 1.827876E+000, 2.909636E+000, 5.437502E+000, 2.375180E-001, 2.770601E+000, 3.424461E+000, 8.639431E-001
1.358960E-001, 1.706939E+000, 2.759507E+000, 5.239362E+000, 1.722287E-001, 2.737036E+000, 3.249014E+000, 6.145587E-001
1.359040E-001, 1.786412E+000, 2.956105E+000, 5.289709E+000, 2.420207E-001, 2.639208E+000, 2.947624E+000, 3.582174E-001
1.359120E-001, 2.024830E+000, 2.981126E+000, 5.409893E+000, 3.725994E-001, 2.492286E+000, 2.558451E+000, 1.153182E-001
1.359200E-001, 2.033469E+000, 2.834572E+000, 5.266972E+000, 4.581509E-001, 2.332704E+000, 2.114459E+000, -7.746835E-002
1.359280E-001, 1.805416E+000, 2.948956E+000, 5.273468E+000, 5.358227E-001, 2.202983E+000, 1.634549E+000, -2.076435E-001
1.359360E-001, 1.658564E+000, 3.240277E+000, 5.396900E+000, 5.504565E-001, 2.088671E+000, 1.145425E+000, -2.706086E-001
1.359440E-001, 1.734582E+000, 3.324277E+000, 5.325439E+000, 3.804791E-001, 1.990126E+000, 6.733139E-001, -2.434888E-001
1.359520E-001, 1.905621E+000, 3.252787E+000, 5.357922E+000, 2.307640E-001, 1.922399E+000, 2.462162E-001, -1.273452E-001
1.359600E-001, 1.934991E+000, 3.165212E+000, 5.497594E+000, 3.365777E-001, 1.838547E+000, -1.206270E-001, 3.667071E-002
1.359680E-001, 1.810599E+000, 3.050828E+000, 5.502467E+000, 4.727847E-001, 1.722085E+000, -4.300514E-001, 2.186093E-001
1.359760E-001, 1.662019E+000, 3.075850E+000, 5.439126E+000, 4.896699E-001, 1.613626E+000, -6.809934E-001, 4.179990E-001
1.359840E-001, 1.535899E+000, 3.184872E+000, 5.328688E+000, 5.301943E-001, 1.500628E+000, -8.829049E-001, 6.305947E-001
1.359920E-001, 1.546265E+000, 3.220617E+000, 5.164653E+000, 5.448281E-001, 1.349287E+000, -1.049845E+000, 8.356442E-001
1.360000E-001, 1.663747E+000, 3.252787E+000, 5.099689E+000, 4.097467E-001, 1.142283E+000, -1.181342E+000, 1.009211E+000
1.360080E-001, 1.606734E+000, 3.231340E+000, 5.211752E+000, 2.138788E-001, 8.394819E-001, -1.290627E+000, 1.127005E+000
1.360160E-001, 1.492708E+000, 3.193808E+000, 5.372539E+000, 2.082504E-001, 4.247578E-001, -1.391051E+000, 1.186433E+000
1.360240E-001, 1.684479E+000, 3.200957E+000, 5.484601E+000, 3.669710E-001, -4.980990E-002, -1.459694E+000, 1.208601E+000
1.360320E-001, 1.891800E+000, 3.183085E+000, 5.486226E+000, 3.568399E-001, -5.012046E-001, -1.475643E+000, 1.189970E+000
1.360400E-001, 1.774318E+000, 3.268872E+000, 5.370914E+000, 2.487748E-001, -8.675522E-001, -1.457567E+000, 1.115922E+000
1.360480E-001, 1.758769E+000, 3.454746E+000, 5.292957E+000, 3.039330E-001, -1.132249E+000, -1.415625E+000, 1.009329E+000
1.360560E-001, 2.014464E+000, 3.508363E+000, 5.291333E+000, 3.996156E-001, -1.286696E+000, -1.313783E+000, 9.033258E-001
1.360640E-001, 2.011009E+000, 3.481555E+000, 5.344929E+000, 3.647196E-001, -1.311183E+000, -1.124750E+000, 8.006243E-001
1.360720E-001, 1.731126E+000, 3.467257E+000, 5.510587E+000, 1.733544E-001, -1.210607E+000, -8.643559E-001, 6.939136E-001
1.360800E-001, 1.732854E+000, 3.374320E+000, 5.564183E+000, -3.602169E-002, -9.921367E-001, -5.389819E-001, 5.870851E-001
1.360880E-001, 2.016192E+000, 3.326064E+000, 5.377411E+000, 2.476491E-002, -6.568456E-001, -1.345683E-001, 4.827328E-001
1.360960E-001, 2.133673E+000, 3.411852E+000, 5.270220E+000, 3.286979E-001, -2.581275E-001, 3.223022E-001, 3.829790E-001
1.361040E-001, 2.090482E+000, 3.331426E+000, 5.344929E+000, 4.930469E-001, 1.559993E-001, 7.881518E-001, 2.895925E-001
1.361120E-001, 2.164772E+000, 3.145552E+000, 5.392027E+000, 4.457684E-001, 5.813543E-001, 1.254592E+000, 1.905462E-001
1.361200E-001, 2.207963E+000, 3.224191E+000, 5.307574E+000, 4.772874E-001, 9.468658E-001, 1.718788E+000, 7.947286E-002
1.361280E-001, 1.985094E+000, 3.386831E+000, 5.174397E+000, 6.416364E-001, 1.186598E+000, 2.160772E+000, -4.256633E-002
1.361360E-001, 1.689662E+000, 3.335001E+000, 5.167901E+000, 6.652756E-001, 1.356931E+000, 2.550771E+000, -1.820565E-001
1.361440E-001, 1.682751E+000, 3.166999E+000, 5.276716E+000, 4.694077E-001, 1.500986E+000, 2.868584E+000, -3.308618E-001
1.361520E-001, 1.922898E+000, 3.172361E+000, 5.349801E+000, 2.960533E-001, 1.603234E+000, 3.119172E+000, -4.737715E-001
1.361600E-001, 2.068022E+000, 3.392192E+000, 5.348177E+000, 2.791681E-001, 1.686011E+000, 3.321792E+000, -6.067765E-001
1.361680E-001, 2.049018E+000, 3.461895E+000, 5.325439E+000, 3.230695E-001, 1.771417E+000, 3.478572E+000, -7.171423E-001
1.361760E-001, 1.998915E+000, 3.360022E+000, 5.344929E+000, 3.354520E-001, 1.860525E+000, 3.572734E+000, -8.012138E-001
1.361840E-001, 2.005826E+000, 3.313554E+000, 5.398524E+000, 3.050587E-001, 1.960025E+000, 3.616684E+000, -8.685417E-001
1.361920E-001, 2.055928E+000, 3.284958E+000, 5.448871E+000, 2.881735E-001, 2.048059E+000, 3.642795E+000, -9.078065E-001
1.362000E-001, 2.031741E+000, 3.427937E+000, 5.431006E+000, 2.499005E-001, 2.118653E+000, 3.652719E+000, -9.172395E-001
1.362080E-001, 1.928081E+000, 3.724620E+000, 5.327064E+000, 1.643490E-001, 2.206686E+000, 3.634170E+000, -9.003780E-001
1.362160E-001, 1.820965E+000, 3.640620E+000, 5.253979E+000, 2.544032E-001, 2.316936E+000, 3.578642E+000, -8.438981E-001
1.362240E-001, 1.786412E+000, 3.358235E+000, 5.296206E+000, 5.020523E-001, 2.422290E+000, 3.486015E+000, -7.606520E-001
1.362320E-001, 1.846880E+000, 3.524449E+000, 5.398524E+000, 5.673416E-001, 2.514026E+000, 3.369169E+000, -6.689162E-001
1.362400E-001, 1.831331E+000, 3.758578E+000, 5.424510E+000, 4.187522E-001, 2.596804E+000, 3.223140E+000, -5.626773E-001
1.362480E-001, 1.748403E+000, 3.583428E+000, 5.372539E+000, 2.600316E-001, 2.647689E+000, 3.034816E+000, -4.450009E-001
1.362560E-001, 1.789867E+000, 3.365384E+000, 5.392027E+000, 1.823598E-001, 2.634072E+000, 2.816128E+000, -3.316872E-001
1.362640E-001, 1.846880E+000, 3.360022E+000, 5.437502E+000, 2.386437E-001, 2.555833E+000, 2.569557E+000, -2.288677E-001
1.362720E-001, 1.846880E+000, 3.402916E+000, 5.461864E+000, 3.771021E-001, 2.425754E+000, 2.287306E+000, -1.355991E-001
1.362800E-001, 1.945357E+000, 3.352873E+000, 5.530077E+000, 3.771021E-001, 2.257929E+000, 1.986979E+000, -6.272932E-002
1.362880E-001, 2.016192E+000, 3.265298E+000, 5.463488E+000, 2.183815E-001, 2.070037E+000, 1.683580E+000, -9.904630E-003
1.362960E-001, 1.922898E+000, 3.259936E+000, 5.232865E+000, 1.924909E-001, 1.870081E+000, 1.374983E+000, 3.950061E-002
1.363040E-001, 1.850335E+000, 3.335001E+000, 5.124050E+000, 3.590913E-001, 1.664869E+000, 1.071820E+000, 7.569967E-002
1.363120E-001, 1.795050E+000, 3.438661E+000, 5.192263E+000, 4.604023E-001, 1.467302E+000, 7.955950E-001, 8.442517E-002
1.363200E-001, 1.675841E+000, 3.565555E+000, 5.271844E+000, 4.221292E-001, 1.291474E+000, 5.559949E-001, 8.996706E-002
1.363280E-001, 1.729398E+000, 3.665641E+000, 5.279964E+000, 3.545885E-001, 1.167606E+000, 3.536109E-001, 1.055315E-001
1.363360E-001, 1.962634E+000, 3.678152E+000, 5.262099E+000, 3.253209E-001, 1.113616E+000, 1.980127E-001, 1.148465E-001
1.363440E-001, 1.967817E+000, 3.603087E+000, 5.349801E+000, 3.320750E-001, 1.099043E+000, 9.097240E-002, 1.226287E-001
1.363520E-001, 1.667202E+000, 3.544108E+000, 5.500843E+000, 2.971790E-001, 1.104537E+000, 1.453196E-002, 1.391365E-001
1.363600E-001, 1.608462E+000, 3.613811E+000, 5.431006E+000, 2.116274E-001, 1.145986E+000, -3.414419E-002, 1.554084E-001
1.363680E-001, 1.973000E+000, 3.733556E+000, 5.117554E+000, 2.150045E-001, 1.215027E+000, -5.493788E-002, 1.689683E-001
1.363760E-001, 2.164772E+000, 3.746067E+000, 4.898300E+000, 4.165008E-001, 1.285979E+000, -6.805208E-002, 1.755714E-001
1.363840E-001, 1.902166E+000, 3.608449E+000, 4.932406E+000, 6.528932E-001, 1.361590E+000, -7.514084E-002, 1.759251E-001
1.363920E-001, 1.658564E+000, 3.354660E+000, 5.059086E+000, 6.224999E-001, 1.444248E+000, -6.899725E-002, 1.883059E-001
1.364000E-001, 1.803688E+000, 3.238489E+000, 5.127298E+000, 4.592766E-001, 1.498836E+000, -6.438956E-002, 2.085868E-001
1.364080E-001, 2.133673E+000, 3.438661E+000, 5.098064E+000, 5.268173E-001, 1.495611E+000, -6.722506E-002, 2.072898E-001
1.364160E-001, 2.239061E+000, 3.712109E+000, 5.007115E+000, 6.270026E-001, 1.455596E+000, -7.384124E-002, 1.879521E-001
1.364240E-001, 2.021375E+000, 3.830068E+000, 4.921037E+000, 4.165008E-001, 1.403039E+000, -7.998482E-002, 1.739206E-001
1.364320E-001, 1.890072E+000, 3.767514E+000, 4.864193E+000, 1.519665E-001, 1.333281E+000, -7.620415E-002, 1.480978E-001
1.364400E-001, 2.102576E+000, 3.545896E+000, 4.849576E+000, 1.587206E-001, 1.243217E+000, -6.521658E-002, 9.550893E-002
1.364480E-001, 2.311624E+000, 3.411852E+000, 4.860945E+000, 2.769168E-001, 1.127830E+000, -5.375642E-002, 4.221259E-002
1.364560E-001, 2.316807E+000, 3.485129E+000, 4.906420E+000, 3.748507E-001, 9.938089E-001, -4.016963E-002, -8.371770E-003
1.364640E-001, 2.169955E+000, 3.510151E+000, 5.015235E+000, 4.570252E-001, 8.794971E-001, -1.370493E-002, -7.404890E-002
1.364720E-001, 1.891800E+000, 3.494066E+000, 5.104561E+000, 4.716590E-001, 7.970778E-001, 3.887003E-002, -1.385469E-001
1.364800E-001, 1.820965E+000, 3.549470E+000, 5.052590E+000, 5.380740E-001, 7.153752E-001, 1.155468E-001, -1.966777E-001
1.364880E-001, 2.016192E+000, 3.563768E+000, 4.990874E+000, 5.966093E-001, 6.171888E-001, 2.082914E-001, -2.677788E-001
1.364960E-001, 2.004098E+000, 3.653130E+000, 5.091568E+000, 4.581509E-001, 5.053853E-001, 3.048166E-001, -3.454829E-001
1.365040E-001, 1.819237E+000, 3.751429E+000, 5.203631E+000, 3.298236E-001, 3.883261E-001, 3.917721E-001, -4.228334E-001
1.365120E-001, 1.805416E+000, 3.612024E+000, 5.265347E+000, 3.534628E-001, 2.879896E-001, 4.801452E-001, -5.052540E-001
1.365200E-001, 1.914259E+000, 3.612024E+000, 5.328688E+000, 4.041184E-001, 2.313711E-001, 5.816326E-001, -5.777701E-001
1.365280E-001, 2.085299E+000, 3.833642E+000, 5.236114E+000, 3.849818E-001, 2.136928E-001, 6.805208E-001, -6.386128E-001
1.365360E-001, 2.214874E+000, 3.688875E+000, 5.169525E+000, 3.264466E-001, 1.858614E-001, 7.625141E-001, -7.073556E-001
1.365440E-001, 2.066294E+000, 3.419001E+000, 5.296206E+000, 3.500858E-001, 1.387988E-001, 8.259585E-001, -7.745656E-001
1.365520E-001, 1.795050E+000, 3.599513E+000, 5.271844E+000, 3.771021E-001, 1.128785E-001, 8.684911E-001, -8.220842E-001
1.365600E-001, 1.739765E+000, 3.749642E+000, 5.059086E+000, 2.949276E-001, 9.245290E-002, 8.911751E-001, -8.530952E-001
1.365680E-001, 1.890072E+000, 3.579853E+000, 4.992498E+000, 1.902396E-001, 6.342699E-002, 8.889303E-001, -8.680701E-001
1.365760E-001, 2.014464E+000, 3.662066E+000, 5.115930E+000, 1.384584E-001, 6.438258E-002, 8.575035E-001, -8.655939E-001
1.365840E-001, 1.919442E+000, 3.871174E+000, 5.190639E+000, 1.969936E-001, 6.736878E-002, 8.188698E-001, -8.470817E-001
1.365920E-001, 1.772590E+000, 3.788961E+000, 5.062335E+000, 3.377034E-001, 3.284825E-002, 7.895696E-001, -8.008600E-001
1.366000E-001, 1.881434E+000, 3.729982E+000, 4.934030E+000, 3.647196E-001, 4.061238E-003, 7.553072E-001, -7.152557E-001
1.366080E-001, 1.997187E+000, 3.756791E+000, 5.005491E+000, 2.634086E-001, -4.061238E-003, 7.110025E-001, -5.971076E-001
1.366160E-001, 1.891800E+000, 3.558406E+000, 5.145164E+000, 2.026220E-001, -1.779778E-002, 6.749679E-001, -4.585608E-001
1.366240E-001, 1.839970E+000, 3.313554E+000, 5.236114E+000, 2.352667E-001, -2.890646E-002, 6.548831E-001, -3.053927E-001
1.366320E-001, 1.912532E+000, 3.356447E+000, 5.284837E+000, 3.444574E-001, -1.779778E-002, 6.493303E-001, -1.350095E-001
1.366400E-001, 1.865885E+000, 3.608449E+000, 5.180894E+000, 4.131238E-001, 3.452053E-002, 6.619719E-001, 5.695162E-002
1.366480E-001, 1.731126E+000, 3.746067E+000, 4.937278E+000, 3.151898E-001, 1.227927E-001, 6.902088E-001, 2.537472E-001
1.366560E-001, 1.776046E+000, 3.601300E+000, 4.880435E+000, 1.733544E-001, 2.335212E-001, 7.342772E-001, 4.335634E-001
1.366640E-001, 2.007554E+000, 3.492278E+000, 5.034725E+000, 1.463381E-001, 4.023015E-001, 7.963039E-001, 5.936882E-001
1.366720E-001, 2.164772E+000, 3.737131E+000, 5.008739E+000, 2.240099E-001, 6.084691E-001, 8.656555E-001, 7.253962E-001
1.366800E-001, 2.090482E+000, 4.023090E+000, 4.825215E+000, 2.881735E-001, 7.570626E-001, 9.237834E-001, 8.164245E-001
1.366880E-001, 1.879706E+000, 3.933728E+000, 4.815470E+000, 2.510262E-001, 8.554879E-001, 9.575731E-001, 8.697208E-001
1.366960E-001, 1.755314E+000, 3.717471E+000, 4.971385E+000, 2.093761E-001, 9.669331E-001, 9.653708E-001, 8.862286E-001
1.367040E-001, 1.801961E+000, 3.722833E+000, 5.096441E+000, 2.296383E-001, 1.062014E+000, 9.455222E-001, 8.586371E-001
1.367120E-001, 1.845152E+000, 3.731769E+000, 5.091568E+000, 2.735397E-001, 1.105374E+000, 8.960190E-001, 7.995631E-001
1.367200E-001, 1.836514E+000, 3.594151E+000, 5.063959E+000, 3.714737E-001, 1.123291E+000, 8.267855E-001, 7.386024E-001
1.367280E-001, 1.993732E+000, 3.579853E+000, 5.159781E+000, 4.378887E-001, 1.116243E+000, 7.367583E-001, 6.772880E-001
1.367360E-001, 2.145767E+000, 3.694237E+000, 5.226369E+000, 3.782278E-001, 1.075153E+000, 6.209753E-001, 6.011167E-001
1.367440E-001, 1.979911E+000, 3.728195E+000, 5.089944E+000, 3.433318E-001, 1.015907E+000, 4.885336E-001, 5.290723E-001
1.367520E-001, 1.758769E+000, 3.701386E+000, 4.932406E+000, 3.241952E-001, 9.204677E-001, 3.438048E-001, 4.906329E-001
1.367600E-001, 1.769135E+000, 3.590577E+000, 5.068831E+000, 2.217585E-001, 7.819079E-001, 2.040381E-001, 4.859164E-001
1.367680E-001, 1.883161E+000, 3.383256E+000, 5.353049E+000, 1.823598E-001, 6.480064E-001, 9.404419E-002, 4.995942E-001
1.367760E-001, 1.915987E+000, 3.331426E+000, 5.353049E+000, 2.093761E-001, 5.403836E-001, 1.654044E-003, 5.289544E-001
1.367840E-001, 1.836514E+000, 3.603087E+000, 5.203631E+000, 2.127531E-001, 4.642951E-001, -9.144498E-002, 5.758834E-001
1.367920E-001, 1.817510E+000, 3.871174E+000, 5.309198E+000, 2.251356E-001, 4.273856E-001, -1.636322E-001, 6.360188E-001
1.368000E-001, 1.883161E+000, 3.747854E+000, 5.523580E+000, 2.059990E-001, 3.858176E-001, -1.975401E-001, 7.049974E-001
1.368080E-001, 1.912532E+000, 3.642407E+000, 5.414765E+000, 1.789828E-001, 3.142682E-001, -2.062829E-001, 7.677267E-001
1.368160E-001, 2.014464E+000, 3.864025E+000, 5.068831E+000, 2.352667E-001, 2.314906E-001, -2.014389E-001, 8.087602E-001
1.368240E-001, 2.166499E+000, 3.872962E+000, 5.011987E+000, 3.377034E-001, 1.362904E-001, -1.781641E-001, 8.391815E-001
1.368320E-001, 2.093937E+000, 3.574492E+000, 5.288085E+000, 3.624683E-001, 4.216521E-002, -1.392941E-001, 8.652402E-001
1.368400E-001, 1.953996E+000, 3.460108E+000, 5.482977E+000, 2.420207E-001, -3.738729E-002, -1.049136E-001, 8.699567E-001
1.368480E-001, 2.004098E+000, 3.558406E+000, 5.431006E+000, 1.170705E-001, -1.260178E-001, -7.998482E-002, 8.575758E-001
1.368560E-001, 1.948813E+000, 3.572704E+000, 5.302702E+000, 1.654747E-001, -2.096316E-001, -4.359587E-002, 8.512086E-001
1.368640E-001, 1.675841E+000, 3.506576E+000, 5.304326E+000, 2.780424E-001, -2.549025E-001, 1.299606E-002, 8.494399E-001
1.368720E-001, 1.497891E+000, 3.549470E+000, 5.413141E+000, 2.240099E-001, -2.908563E-001, 7.147831E-002, 8.396532E-001
1.368800E-001, 1.473703E+000, 3.567343E+000, 5.453743E+000, 1.283273E-001, -3.425774E-001, 1.222811E-001, 8.252679E-001
1.368880E-001, 1.656836E+000, 3.488704E+000, 5.364418E+000, 1.913652E-001, -3.614502E-001, 1.874977E-001, 8.049870E-001
1.368960E-001, 1.955723E+000, 3.531598E+000, 5.270220E+000, 2.746654E-001, -3.115209E-001, 2.846136E-001, 7.792821E-001
1.369040E-001, 1.978183E+000, 3.576279E+000, 5.252355E+000, 2.847965E-001, -2.194263E-001, 3.998060E-001, 7.727969E-001
1.369120E-001, 1.834786E+000, 3.486917E+000, 5.271844E+000, 2.791681E-001, -9.555855E-002, 5.233867E-001, 7.931958E-001
1.369200E-001, 1.860702E+000, 3.486917E+000, 5.374163E+000, 2.251356E-001, 5.088493E-002, 6.721324E-001, 8.143021E-001
1.369280E-001, 1.953996E+000, 3.665641E+000, 5.564183E+000, 1.418354E-001, 1.882503E-001, 8.492333E-001, 8.255037E-001
1.369360E-001, 1.950540E+000, 3.738918E+000, 5.598289E+000, 1.317043E-001, 3.299159E-001, 1.019127E+000, 8.357621E-001
1.369440E-001, 1.940174E+000, 3.578066E+000, 5.359546E+000, 1.801085E-001, 4.890209E-001, 1.162202E+000, 8.422472E-001
1.369520E-001, 2.000643E+000, 3.554832E+000, 5.125674E+000, 1.846112E-001, 6.425118E-001, 1.297125E+000, 8.438981E-001
1.369600E-001, 1.988549E+000, 3.728195E+000, 5.120802E+000, 1.575949E-001, 7.862080E-001, 1.423423E+000, 8.493220E-001
1.369680E-001, 2.023103E+000, 3.690662E+000, 5.263723E+000, 1.620976E-001, 9.052978E-001, 1.523256E+000, 8.534489E-001
1.369760E-001, 2.180321E+000, 3.503002E+000, 5.367666E+000, 2.026220E-001, 9.788779E-001, 1.598161E+000, 8.471996E-001
1.369840E-001, 2.157861E+000, 3.524449E+000, 5.318943E+000, 2.780424E-001, 1.027971E+000, 1.641166E+000, 8.401248E-001
1.369920E-001, 2.024830E+000, 3.715684E+000, 5.193887E+000, 3.658453E-001, 1.057117E+000, 1.637858E+000, 8.368233E-001
1.370000E-001, 1.941902E+000, 3.735344E+000, 5.094817E+000, 3.883589E-001, 1.054250E+000, 1.600760E+000, 8.286874E-001
1.370080E-001, 1.817510E+000, 3.476193E+000, 5.008739E+000, 2.442721E-001, 1.033346E+000, 1.540978E+000, 8.247963E-001
1.370160E-001, 1.850335E+000, 3.297468E+000, 5.104561E+000, 5.853525E-002, 9.829392E-001, 1.451896E+000, 8.375308E-001
1.370240E-001, 2.109486E+000, 3.393980E+000, 5.435878E+000, 8.217449E-002, 8.946670E-001, 1.345564E+000, 8.555713E-001
1.370320E-001, 2.178593E+000, 3.454746E+000, 5.546318E+000, 1.981193E-001, 8.013779E-001, 1.230490E+000, 8.646506E-001
1.370400E-001, 2.014464E+000, 3.347511E+000, 5.284837E+000, 2.240099E-001, 7.080889E-001, 1.089778E+000, 8.718432E-001
1.370480E-001, 2.019647E+000, 3.345724E+000, 5.115930E+000, 2.217585E-001, 5.931797E-001, 9.417416E-001, 8.904734E-001
1.370560E-001, 2.083571E+000, 3.545896E+000, 5.193887E+000, 2.487748E-001, 4.591588E-001, 8.270218E-001, 9.127588E-001
1.370640E-001, 1.931536E+000, 3.656705E+000, 5.263723E+000, 3.669710E-001, 3.422191E-001, 7.276611E-001, 9.297382E-001
1.370720E-001, 1.727671E+000, 3.578066E+000, 5.292957E+000, 4.604023E-001, 2.682806E-001, 6.109328E-001, 9.482504E-001
1.370800E-001, 1.750131E+000, 3.594151E+000, 5.409893E+000, 3.106871E-001, 2.130956E-001, 5.010571E-001, 9.655835E-001
1.370880E-001, 1.971272E+000, 3.644194E+000, 5.517084E+000, 8.104881E-002, 1.657941E-001, 4.260344E-001, 9.849211E-001
1.370960E-001, 2.000643E+000, 3.535172E+000, 5.411517E+000, 3.602169E-002, 1.468018E-001, 3.682610E-001, 1.024540E+000
1.371040E-001, 1.843425E+000, 3.490491E+000, 5.215000E+000, 1.260759E-001, 1.526548E-001, 3.133231E-001, 1.077718E+000
1.371120E-001, 1.872795E+000, 3.535172E+000, 5.211752E+000, 1.497152E-001, 1.866975E-001, 2.705543E-001, 1.123350E+000
1.371200E-001, 1.891800E+000, 3.524449E+000, 5.314071E+000, 8.330017E-002, 2.562164E-001, 2.416085E-001, 1.160728E+000
1.371280E-001, 1.651653E+000, 3.551257E+000, 5.348177E+000, 5.853525E-002, 3.291992E-001, 2.236503E-001, 1.204592E+000
1.371360E-001, 1.565270E+000, 3.560194E+000, 5.393651E+000, 5.740957E-002, 3.860565E-001, 2.121902E-001, 1.260954E+000
1.371440E-001, 1.865885E+000, 3.451171E+000, 5.398524E+000, 4.727847E-002, 4.504391E-001, 1.954134E-001, 1.313189E+000
1.371520E-001, 2.118124E+000, 3.349298E+000, 5.294581E+000, 1.069394E-001, 5.388308E-001, 1.750923E-001, 1.352218E+000
1.371600E-001, 2.052473E+000, 3.263511E+000, 5.322191E+000, 1.823598E-001, 6.385700E-001, 1.635140E-001, 1.389242E+000
1.371680E-001, 1.884889E+000, 3.175936E+000, 5.448871E+000, 1.823598E-001, 7.239755E-001, 1.597334E-001, 1.425559E+000
1.371760E-001, 1.769135E+000, 3.168787E+000, 5.387156E+000, 1.317043E-001, 7.790411E-001, 1.607967E-001, 1.451028E+000
1.371840E-001, 1.776046E+000, 3.193808E+000, 5.325439E+000, 8.892855E-002, 7.979139E-001, 1.667040E-001, 1.459164E+000
1.371920E-001, 1.953996E+000, 3.265298E+000, 5.491098E+000, 1.035624E-001, 7.727103E-001, 1.721387E-001, 1.445722E+000
1.372000E-001, 2.104303E+000, 3.442235E+000, 5.621027E+000, 1.497152E-001, 7.260061E-001, 1.779278E-001, 1.417070E+000
1.372080E-001, 2.081843E+000, 3.545896E+000, 5.627523E+000, 2.206329E-001, 7.048638E-001, 1.856073E-001, 1.384290E+000
1.372160E-001, 1.953996E+000, 3.374320E+000, 5.617778E+000, 3.084357E-001, 7.121501E-001, 1.997848E-001, 1.351039E+000
1.372240E-001, 1.694845E+000, 3.109807E+000, 5.442375E+000, 2.589059E-001, 7.080889E-001, 2.327476E-001, 1.319084E+000
1.372320E-001, 1.475431E+000, 3.124105E+000, 5.206880E+000, 8.667719E-002, 6.788241E-001, 2.763434E-001, 1.282767E+000
1.372400E-001, 1.655109E+000, 3.327852E+000, 5.236114E+000, 1.688517E-002, 6.573234E-001, 3.176945E-001, 1.241380E+000
1.372480E-001, 2.061111E+000, 3.363596E+000, 5.453743E+000, 7.879745E-002, 6.581596E-001, 3.594001E-001, 1.210959E+000
1.372560E-001, 2.199325E+000, 3.399341E+000, 5.482977E+000, 2.037477E-001, 6.526649E-001, 4.032322E-001, 1.190088E+000
1.372640E-001, 2.047290E+000, 3.617385E+000, 5.294581E+000, 3.140641E-001, 6.170694E-001, 4.481277E-001, 1.157781E+000
1.372720E-001, 1.898710E+000, 3.617385E+000, 5.309198E+000, 2.746654E-001, 5.534035E-001, 4.862888E-001, 1.113799E+000
1.372800E-001, 1.826148E+000, 3.420788E+000, 5.500843E+000, 1.463381E-001, 4.887820E-001, 5.168886E-001, 1.076775E+000
1.372880E-001, 1.791595E+000, 3.477980E+000, 5.531701E+000, 1.530922E-001, 4.516336E-001, 5.509147E-001, 1.050362E+000
1.372960E-001, 1.865885E+000, 3.588789E+000, 5.612906E+000, 2.307640E-001, 4.427944E-001, 5.782064E-001, 1.020884E+000
1.373040E-001, 1.969545E+000, 3.410065E+000, 5.765572E+000, 1.981193E-001, 4.474529E-001, 5.847044E-001, 9.846853E-001
1.373120E-001, 1.983366E+000, 3.240277E+000, 5.586920E+000, 1.519665E-001, 4.427944E-001, 5.874218E-001, 9.469534E-001
1.373200E-001, 2.000643E+000, 3.311766E+000, 5.338432E+000, 1.564692E-001, 4.146047E-001, 6.011267E-001, 9.126409E-001
1.373280E-001, 1.981638E+000, 3.404703E+000, 5.528452E+000, 2.296383E-001, 3.713644E-001, 6.163675E-001, 8.854032E-001
1.373360E-001, 1.819237E+000, 3.444022E+000, 5.833784E+000, 3.692223E-001, 3.300354E-001, 6.233382E-001, 8.652402E-001
1.373440E-001, 1.715577E+000, 3.452959E+000, 5.729841E+000, 3.332007E-001, 3.019650E-001, 6.214478E-001, 8.530952E-001
1.373520E-001, 1.789867E+000, 3.349298E+000, 5.447247E+000, 9.568262E-002, 2.765226E-001, 6.142409E-001, 8.502653E-001
1.373600E-001, 1.933264E+000, 3.175936E+000, 5.476481E+000, 6.866635E-002, 2.630249E-001, 6.065614E-001, 8.573400E-001
1.373680E-001, 1.997187E+000, 3.159850E+000, 5.679494E+000, 3.095614E-001, 3.062652E-001, 5.938017E-001, 8.758523E-001
1.373760E-001, 1.864157E+000, 3.301043E+000, 5.650260E+000, 3.332007E-001, 3.977625E-001, 5.701725E-001, 9.019108E-001
1.373840E-001, 1.639560E+000, 3.315341E+000, 5.495970E+000, 1.418354E-001, 4.896181E-001, 5.454800E-001, 9.252575E-001
1.373920E-001, 1.539355E+000, 3.170574E+000, 5.531701E+000, 1.823598E-001, 5.487450E-001, 5.255133E-001, 9.420010E-001
1.374000E-001, 1.788139E+000, 3.141978E+000, 5.746082E+000, 2.791681E-001, 5.568675E-001, 5.024748E-001, 9.575654E-001
1.374080E-001, 2.283981E+000, 3.292107E+000, 5.911741E+000, 1.384584E-001, 5.462366E-001, 4.723476E-001, 9.673522E-001
1.374160E-001, 2.396280E+000, 3.440448E+000, 5.866266E+000, 5.403254E-002, 5.506561E-001, 4.313509E-001, 9.640507E-001
1.374240E-001, 2.000643E+000, 3.456533E+000, 5.757451E+000, 8.330017E-002, 5.422948E-001, 3.799574E-001, 9.556789E-001
1.374320E-001, 1.755314E+000, 3.331426E+000, 5.724969E+000, -1.801085E-002, 5.068187E-001, 3.249014E-001, 9.443593E-001
1.374400E-001, 1.777773E+000, 3.224191E+000, 5.664877E+000, -6.528932E-002, 4.554560E-001, 2.653559E-001, 9.276158E-001
1.374480E-001, 1.679296E+000, 3.399341E+000, 5.690863E+000, 8.104881E-002, 3.827120E-001, 2.051014E-001, 9.218380E-001
1.374560E-001, 1.598096E+000, 3.594151E+000, 5.819167E+000, 1.519665E-001, 3.130737E-001, 1.466192E-001, 9.269083E-001
1.374640E-001, 1.729398E+000, 3.411852E+000, 5.775316E+000, 1.609719E-001, 2.838089E-001, 7.833078E-002, 9.264366E-001
1.374720E-001, 1.934991E+000, 3.166999E+000, 5.681118E+000, 3.016817E-001, 2.703113E-001, 7.206904E-003, 9.258471E-001
1.374800E-001, 2.080116E+000, 3.127680E+000, 5.684366E+000, 3.748507E-001, 2.406881E-001, -4.477732E-002, 9.197156E-001
1.374880E-001, 1.914259E+000, 3.170574E+000, 5.622651E+000, 2.285126E-001, 2.172763E-001, -8.553769E-002, 8.975481E-001
1.374960E-001, 1.679296E+000, 3.184872E+000, 5.627523E+000, 1.249502E-001, 2.318489E-001, -1.385852E-001, 8.845778E-001
1.375040E-001, 1.872795E+000, 3.211681E+000, 5.841905E+000, 1.688517E-001, 2.842867E-001, -1.987215E-001, 8.909450E-001
1.375120E-001, 2.133673E+000, 3.438661E+000, 6.015684E+000, 1.317043E-001, 3.203600E-001, -2.440896E-001, 8.838703E-001
1.375200E-001, 2.095665E+000, 3.678152E+000, 6.001067E+000, 6.303796E-002, 2.907369E-001, -2.846136E-001, 8.461384E-001
1.375280E-001, 1.903893E+000, 3.617385E+000, 5.991322E+000, 1.812341E-001, 2.314906E-001, -3.419144E-001, 8.023929E-001
1.375360E-001, 1.667202E+000, 3.422575E+000, 6.059535E+000, 2.836708E-001, 1.728415E-001, -4.064221E-001, 7.710283E-001
1.375440E-001, 1.591185E+000, 3.427937E+000, 5.989698E+000, 1.497152E-001, 1.165814E-001, -4.651407E-001, 7.286978E-001
1.375520E-001, 1.701756E+000, 3.615598E+000, 5.796430E+000, 1.238246E-002, 9.113897E-002, -5.165342E-001, 6.664401E-001
1.375600E-001, 1.703483E+000, 3.595938E+000, 5.778564E+000, 7.992313E-002, 7.823856E-002, -5.557587E-001, 6.114930E-001
1.375680E-001, 1.637832E+000, 3.393980E+000, 5.975081E+000, 2.386437E-001, 4.204576E-002, -5.883669E-001, 5.662147E-001
1.375760E-001, 1.724216E+000, 3.460108E+000, 6.160229E+000, 3.230695E-001, 1.027254E-002, -6.158950E-001, 5.185781E-001
1.375840E-001, 1.852063E+000, 3.561981E+000, 6.127747E+000, 2.465235E-001, 2.962315E-002, -6.246378E-001, 4.787238E-001
1.375920E-001, 1.834786E+000, 3.356447E+000, 5.853273E+000, 1.238246E-001, 1.410683E-001, -6.181397E-001, 4.474770E-001
1.376000E-001, 1.772590E+000, 3.281383E+000, 5.716848E+000, 1.429611E-001, 3.334993E-001, -6.149498E-001, 4.057361E-001
1.376080E-001, 1.829603E+000, 3.427937E+000, 5.970209E+000, 2.048734E-001, 5.124328E-001, -6.085699E-001, 3.526756E-001
1.376160E-001, 2.007554E+000, 3.261724E+000, 6.114754E+000, 2.014963E-001, 5.986744E-001, -5.804512E-001, 3.075152E-001
1.376240E-001, 2.116397E+000, 2.972190E+000, 5.788309E+000, 2.476491E-001, 5.768153E-001, -5.393364E-001, 2.648309E-001
1.376320E-001, 2.007554E+000, 3.079424E+000, 5.617778E+000, 2.983046E-001, 4.662063E-001, -5.076733E-001, 1.919612E-001
1.376400E-001, 1.985094E+000, 3.293894E+000, 5.958840E+000, 2.532775E-001, 3.201211E-001, -4.916054E-001, 9.692388E-002
1.376480E-001, 2.190687E+000, 3.276021E+000, 6.147236E+000, 1.947423E-001, 1.881309E-001, -4.750650E-001, 2.735564E-002
1.376560E-001, 2.125035E+000, 3.379682E+000, 5.976705E+000, 1.080651E-001, 1.041588E-001, -4.412752E-001, -1.049419E-002
1.376640E-001, 1.720760E+000, 3.644194E+000, 5.861394E+000, 6.754067E-003, 1.362904E-001, -3.983882E-001, -4.256633E-002
1.376720E-001, 1.560087E+000, 3.569130E+000, 5.859770E+000, 7.542042E-002, 3.343355E-001, -3.563282E-001, -6.862494E-002
1.376800E-001, 1.755314E+000, 3.259936E+000, 5.911741E+000, 1.924909E-001, 6.415563E-001, -3.003271E-001, -7.216230E-002
1.376880E-001, 1.905621E+000, 3.274234E+000, 6.002691E+000, 1.756057E-001, 9.309792E-001, -2.305028E-001, -5.341425E-002
1.376960E-001, 1.896983E+000, 3.445810E+000, 6.012435E+000, 2.206329E-001, 1.072047E+000, -1.727294E-001, -4.492457E-002
1.377040E-001, 1.871068E+000, 3.381469E+000, 5.918238E+000, 3.534628E-001, 9.946451E-001, -1.306694E-001, -7.251604E-002
1.377120E-001, 1.890072E+000, 3.349298E+000, 5.867890E+000, 3.422061E-001, 7.549126E-001, -1.000696E-001, -1.144928E-001
1.377200E-001, 1.929808E+000, 3.465469E+000, 5.900373E+000, 2.397694E-001, 4.916488E-001, -9.936076E-002, -1.436171E-001
1.377280E-001, 1.979911E+000, 3.490491E+000, 5.900373E+000, 2.431464E-001, 3.202406E-001, -1.327961E-001, -1.601249E-001
1.377360E-001, 2.055928E+000, 3.594151E+000, 5.906869E+000, 2.915506E-001, 3.005317E-001, -1.658770E-001, -1.616577E-001
1.377440E-001, 2.116397E+000, 3.740705E+000, 6.004315E+000, 2.566546E-001, 4.186659E-001, -1.787549E-001, -1.405514E-001
1.377520E-001, 2.052473E+000, 3.565555E+000, 6.051414E+000, 1.958680E-001, 5.777709E-001, -1.804089E-001, -1.075360E-001
1.377600E-001, 1.865885E+000, 3.315341E+000, 5.908493E+000, 1.924909E-001, 7.066555E-001, -1.684762E-001, -7.852957E-002
1.377680E-001, 1.796778E+000, 3.386831E+000, 5.850025E+000, 2.251356E-001, 8.056781E-001, -1.483913E-001, -5.199930E-002
1.377760E-001, 1.943630E+000, 3.538747E+000, 6.082272E+000, 2.510262E-001, 8.597881E-001, -1.404756E-001, -1.521068E-002
1.377840E-001, 2.100848E+000, 3.479767E+000, 6.163477E+000, 2.386437E-001, 8.508295E-001, -1.483913E-001, 3.678862E-002
1.377920E-001, 2.078388E+000, 3.411852E+000, 5.861394E+000, 2.318897E-001, 7.933749E-001, -1.641048E-001, 8.454309E-002
1.378000E-001, 1.874523E+000, 3.469044E+000, 5.624275E+000, 3.028074E-001, 6.857521E-001, -1.818267E-001, 1.005792E-001
1.378080E-001, 1.760497E+000, 3.479767E+000, 5.734714E+000, 3.467088E-001, 5.541202E-001, -2.039199E-001, 9.421189E-002
1.378160E-001, 1.827876E+000, 3.563768E+000, 5.885756E+000, 2.667857E-001, 4.960683E-001, -2.373553E-001, 1.017583E-001
1.378240E-001, 1.919442E+000, 3.703173E+000, 5.760699E+000, 2.138788E-001, 5.461171E-001, -2.749257E-001, 1.267557E-001
1.378320E-001, 2.085299E+000, 3.545896E+000, 5.640516E+000, 2.870479E-001, 6.403617E-001, -2.972553E-001, 1.436171E-001
1.378400E-001, 2.240789E+000, 3.383256E+000, 5.845153E+000, 2.904249E-001, 7.470290E-001, -2.990275E-001, 1.498665E-001
1.378480E-001, 2.085299E+000, 3.565555E+000, 6.041669E+000, 1.789828E-001, 8.532184E-001, -2.973734E-001, 1.570591E-001
1.378560E-001, 1.850335E+000, 3.728195E+000, 5.908493E+000, 1.981193E-001, 9.129425E-001, -3.057618E-001, 1.582382E-001
1.378640E-001, 1.879706E+000, 3.588789E+000, 5.835408E+000, 2.847965E-001, 9.072090E-001, -3.153316E-001, 1.483336E-001
1.378720E-001, 1.952268E+000, 3.392192E+000, 6.074152E+000, 1.981193E-001, 8.422292E-001, -3.193486E-001, 1.420843E-001
1.378800E-001, 1.902166E+000, 3.452959E+000, 6.100137E+000, 6.416364E-002, 7.383093E-001, -3.319902E-001, 1.391365E-001
1.378880E-001, 1.979911E+000, 3.540534E+000, 5.845153E+000, 8.555152E-002, 6.519482E-001, -3.603452E-001, 1.210959E-001
1.378960E-001, 2.166499E+000, 3.495853E+000, 5.869514E+000, 1.688517E-001, 6.155165E-001, -3.888184E-001, 1.027016E-001
1.379040E-001, 2.112942E+000, 3.610236E+000, 6.014060E+000, 1.924909E-001, 6.274614E-001, -4.068947E-001, 9.668805E-002
1.379120E-001, 1.902166E+000, 3.642407E+000, 5.890628E+000, 2.116274E-001, 7.021165E-001, -4.133928E-001, 7.852957E-002
1.379200E-001, 1.874523E+000, 3.477980E+000, 5.869514E+000, 2.656600E-001, 8.182201E-001, -4.079581E-001, 5.376799E-002
1.379280E-001, 1.921170E+000, 3.592364E+000, 6.163477E+000, 2.116274E-001, 9.038644E-001, -3.992153E-001, 4.704699E-002
1.379360E-001, 1.973000E+000, 3.769301E+000, 6.311271E+000, 1.125678E-002, 9.267985E-001, -3.917721E-001, 4.315589E-002
1.379440E-001, 2.144040E+000, 3.642407E+000, 6.087144E+000, -3.151898E-002, 8.978921E-001, -3.895273E-001, 2.983180E-002
1.379520E-001, 2.154406E+000, 3.563768E+000, 5.869514E+000, 1.508408E-001, 8.115310E-001, -4.128020E-001, 2.452575E-002
1.379600E-001, 1.973000E+000, 3.696024E+000, 5.908493E+000, 1.857368E-001, 6.907689E-001, -4.529717E-001, 2.440784E-002
1.379680E-001, 2.004098E+000, 3.755003E+000, 5.936103E+000, 7.091770E-002, 6.139637E-001, -4.821537E-001, 1.025837E-002
1.379760E-001, 2.161316E+000, 3.746067E+000, 5.895500E+000, 9.117991E-002, 6.181444E-001, -5.170068E-001, -1.886596E-003
1.379840E-001, 2.180321E+000, 3.842578E+000, 6.010811E+000, 2.037477E-001, 6.575623E-001, -5.576490E-001, 6.249350E-003
1.379920E-001, 2.114669E+000, 3.917643E+000, 6.126123E+000, 2.116274E-001, 6.874244E-001, -5.724173E-001, 1.556442E-002
1.380000E-001, 2.095665E+000, 3.844366E+000, 6.020556E+000, 9.455694E-002, 7.042665E-001, -5.808056E-001, 1.143749E-002
1.380080E-001, 2.204508E+000, 3.740705E+000, 5.897124E+000, 4.840415E-002, 6.922023E-001, -6.112873E-001, 2.947806E-003
1.380160E-001, 2.237334E+000, 3.692450E+000, 6.035173E+000, 1.429611E-001, 6.272225E-001, -6.394060E-001, -8.607595E-003
1.380240E-001, 2.090482E+000, 3.671003E+000, 6.243059E+000, 1.722287E-001, 5.344112E-001, -6.485032E-001, -2.747356E-002
1.380320E-001, 2.100848E+000, 3.758578E+000, 6.194335E+000, 8.217449E-002, 4.485280E-001, -6.580731E-001, -3.796775E-002
1.380400E-001, 2.278798E+000, 3.847940E+000, 6.028677E+000, 4.052440E-002, 3.788897E-001, -6.727232E-001, -2.865268E-002
1.380480E-001, 2.223512E+000, 3.606662E+000, 5.921486E+000, 1.148191E-001, 3.577473E-001, -6.827656E-001, -1.580024E-002
1.380560E-001, 1.978183E+000, 3.440448E+000, 5.874387E+000, 1.891139E-001, 4.113796E-001, -6.830019E-001, -9.550893E-003
1.380640E-001, 1.938447E+000, 3.747854E+000, 5.913365E+000, 2.206329E-001, 5.012046E-001, -6.640985E-001, -8.253858E-004
1.380720E-001, 2.156133E+000, 3.824706E+000, 5.939351E+000, 2.949276E-001, 5.617648E-001, -6.318446E-001, 6.720999E-003
1.380800E-001, 2.209691E+000, 3.449384E+000, 5.999443E+000, 2.938019E-001, 5.584203E-001, -5.986456E-001, -1.202705E-002
1.380880E-001, 1.986822E+000, 3.393980E+000, 6.105010E+000, 1.193219E-001, 4.941572E-001, -5.585942E-001, -4.964106E-002
1.380960E-001, 1.886617E+000, 3.781812E+000, 6.105010E+000, 9.905966E-002, 4.023015E-001, -5.099180E-001, -6.390844E-002
1.381040E-001, 2.050745E+000, 4.028452E+000, 6.100137E+000, 4.018670E-001, 3.334993E-001, -4.605330E-001, -5.306052E-002
1.381120E-001, 2.192414E+000, 3.965898E+000, 6.022180E+000, 5.853525E-001, 3.084152E-001, -4.117387E-001, -3.726028E-002
1.381200E-001, 2.156133E+000, 3.840791E+000, 5.812671E+000, 3.455831E-001, 3.254963E-001, -3.582186E-001, -1.226288E-002
1.381280E-001, 2.121580E+000, 3.765727E+000, 5.807798E+000, 5.178118E-002, 3.824731E-001, -3.022174E-001, 2.287498E-002
1.381360E-001, 2.130218E+000, 3.797897E+000, 5.859770E+000, 5.515822E-002, 4.502002E-001, -2.495243E-001, 5.247096E-002
1.381440E-001, 2.059384E+000, 3.849727E+000, 5.702231E+000, 1.902396E-001, 5.135078E-001, -1.977764E-001, 6.638460E-002
1.381520E-001, 2.123307E+000, 3.733556E+000, 5.716848E+000, 2.037477E-001, 5.900741E-001, -1.563071E-001, 6.850702E-002
1.381600E-001, 2.339266E+000, 3.712109E+000, 5.932855E+000, 9.793398E-002, 6.613846E-001, -1.317328E-001, 6.744581E-002
1.381680E-001, 2.382458E+000, 3.914068E+000, 5.940975E+000, 2.251356E-002, 6.801380E-001, -1.063314E-001, 6.508756E-002
1.381760E-001, 2.270159E+000, 3.862238E+000, 5.893876E+000, 5.178118E-002, 6.632958E-001, -6.876095E-002, 5.412173E-002
1.381840E-001, 2.232151E+000, 3.553045E+000, 6.049790E+000, 8.555152E-002, 6.402423E-001, -4.454103E-002, 3.525576E-002
1.381920E-001, 2.278798E+000, 3.442235E+000, 6.066031E+000, 3.602169E-002, 5.830266E-001, -5.753709E-002, 1.804058E-002
1.382000E-001, 2.270159E+000, 3.442235E+000, 5.848401E+000, -7.879745E-003, 5.021602E-001, -7.313236E-002, 4.716490E-003
1.382080E-001, 2.244245E+000, 3.388618E+000, 5.882507E+000, 7.316906E-002, 4.464974E-001, -7.265978E-002, 3.065719E-003
1.382160E-001, 2.290892E+000, 3.533385E+000, 6.189463E+000, 2.397694E-001, 4.291773E-001, -9.498936E-002, 1.108375E-002
1.382240E-001, 2.321990E+000, 3.810408E+000, 6.282037E+000, 3.208182E-001, 4.418389E-001, -1.361042E-001, 2.311080E-002
1.382320E-001, 2.266704E+000, 3.765727E+000, 6.096889E+000, 2.453978E-001, 4.601144E-001, -1.591426E-001, 5.942778E-002
1.382400E-001, 2.178593E+000, 3.529810E+000, 5.908493E+000, 1.317043E-001, 4.721787E-001, -1.701302E-001, 1.058852E-001
1.382480E-001, 2.194142E+000, 3.729982E+000, 5.874387E+000, 1.249502E-001, 4.810179E-001, -1.981308E-001, 1.240437E-001
1.382560E-001, 2.278798E+000, 4.203602E+000, 6.004315E+000, 2.442721E-001, 4.608311E-001, -2.476340E-001, 1.314722E-001
1.382640E-001, 2.244245E+000, 4.217900E+000, 6.059535E+000, 3.005560E-001, 3.946568E-001, -3.020993E-001, 1.555263E-001
1.382720E-001, 2.169955E+000, 3.869387E+000, 5.952344E+000, 1.891139E-001, 3.116403E-001, -3.550287E-001, 1.736848E-001
1.382800E-001, 2.156133E+000, 3.696024E+000, 5.890628E+000, 8.892855E-002, 2.433160E-001, -4.057133E-001, 1.650772E-001
1.382880E-001, 2.090482E+000, 3.722833E+000, 5.845153E+000, 1.474638E-001, 1.956561E-001, -4.449377E-001, 1.572950E-001
1.382960E-001, 1.976455E+000, 3.808621E+000, 5.807798E+000, 2.555289E-001, 1.776195E-001, -4.787275E-001, 1.700295E-001
1.383040E-001, 2.021375E+000, 3.912281E+000, 5.937727E+000, 2.453978E-001, 1.821585E-001, -5.178338E-001, 1.812311E-001
1.383120E-001, 2.245972E+000, 3.890834E+000, 6.152109E+000, 1.913652E-001, 1.730804E-001, -5.477247E-001, 1.883059E-001
1.383200E-001, 2.296075E+000, 3.647768E+000, 6.243059E+000, 2.228842E-001, 1.530131E-001, -5.626111E-001, 2.104734E-001
1.383280E-001, 2.093937E+000, 3.440448E+000, 6.153733E+000, 2.634086E-001, 1.237483E-001, -5.800967E-001, 2.372395E-001
1.383360E-001, 2.030013E+000, 3.510151E+000, 6.044918E+000, 2.296383E-001, 4.562921E-002, -6.013630E-001, 2.458471E-001
1.383440E-001, 2.102576E+000, 3.637045E+000, 6.040045E+000, 1.226989E-001, -4.849597E-002, -6.105784E-001, 2.427813E-001
1.383520E-001, 2.074933E+000, 3.654917E+000, 6.048166E+000, 1.688517E-002, -8.898890E-002, -6.015993E-001, 2.428993E-001
1.383600E-001, 2.116397E+000, 3.672790E+000, 5.971833E+000, 8.442584E-002, -9.233345E-002, -5.929747E-001, 2.388902E-001
1.383680E-001, 2.228695E+000, 3.629896E+000, 5.807798E+000, 2.926762E-001, -7.393843E-002, -5.978186E-001, 2.305185E-001
1.383760E-001, 2.225240E+000, 3.470831E+000, 5.690863E+000, 3.647196E-001, -5.494617E-003, -6.001815E-001, 2.405410E-001
1.383840E-001, 2.266704E+000, 3.342149E+000, 5.744458E+000, 1.958680E-001, 8.946670E-002, -5.920295E-001, 2.701370E-001
1.383920E-001, 2.380730E+000, 3.449384E+000, 5.864642E+000, 3.827305E-002, 1.568355E-001, -5.808056E-001, 2.920687E-001
1.384000E-001, 2.335811E+000, 3.722833E+000, 5.911741E+000, 1.024367E-001, 1.881309E-001, -5.693455E-001, 2.998509E-001
1.384080E-001, 2.147495E+000, 3.755003E+000, 5.880883E+000, 2.589059E-001, 1.863392E-001, -5.614297E-001, 3.059823E-001
1.384160E-001, 2.031741E+000, 3.494066E+000, 5.936103E+000, 3.444574E-001, 1.466824E-001, -5.562313E-001, 3.121138E-001
1.384240E-001, 2.144040E+000, 3.313554E+000, 6.100137E+000, 2.611573E-001, 9.161676E-002, -5.525687E-001, 3.182452E-001
1.384320E-001, 2.315079E+000, 3.420788E+000, 6.111506E+000, 9.905966E-002, 3.440108E-002, -5.524506E-001, 3.213109E-001
1.384400E-001, 2.214874E+000, 3.628109E+000, 5.991322E+000, 1.834855E-001, -2.460633E-002, -5.512691E-001, 3.137645E-001
1.384480E-001, 2.024830E+000, 3.608449E+000, 6.012435E+000, 3.883589E-001, -5.829072E-002, -5.510328E-001, 2.953702E-001
1.384560E-001, 2.080116E+000, 3.411852E+000, 6.004315E+000, 3.545885E-001, -5.948520E-002, -5.609571E-001, 2.707265E-001
1.384640E-001, 2.166499E+000, 3.386831E+000, 5.837032E+000, 2.093761E-001, -5.088493E-002, -5.724173E-001, 2.563412E-001
1.384720E-001, 2.145767E+000, 3.610236E+000, 5.921486E+000, 1.958680E-001, -4.586811E-002, -5.708814E-001, 2.641235E-001
1.384800E-001, 2.150950E+000, 3.790748E+000, 6.176470E+000, 2.442721E-001, -6.366589E-002, -5.684003E-001, 2.779192E-001
1.384880E-001, 2.100848E+000, 3.755003E+000, 6.087144E+000, 2.026220E-001, -9.866421E-002, -5.744257E-001, 2.934836E-001
1.384960E-001, 2.017920E+000, 3.640620E+000, 5.971833E+000, 1.159448E-001, -1.146703E-001, -5.699362E-001, 3.214288E-001
1.385040E-001, 2.019647E+000, 3.535172E+000, 6.153733E+000, 9.680830E-002, -1.287652E-001, -5.511510E-001, 3.524397E-001
1.385120E-001, 2.074933E+000, 3.472618E+000, 6.145612E+000, 1.666003E-001, -1.625690E-001, -5.391001E-001, 3.794416E-001
1.385200E-001, 2.252883E+000, 3.522661E+000, 5.906869E+000, 2.453978E-001, -1.757083E-001, -5.321295E-001, 4.030241E-001
1.385280E-001, 2.337539E+000, 3.504789E+000, 5.889004E+000, 1.789828E-001, -1.661524E-001, -5.119265E-001, 4.248379E-001
1.385360E-001, 2.033469E+000, 3.356447E+000, 5.965337E+000, 3.151898E-002, -1.569549E-001, -4.771916E-001, 4.474770E-001
1.385440E-001, 1.762224E+000, 3.429724E+000, 5.898748E+000, 6.754067E-003, -1.016504E-001, -4.360768E-001, 4.596220E-001
1.385520E-001, 1.846880E+000, 3.674577E+000, 5.949096E+000, 1.080651E-001, 1.122813E-002, -3.914176E-001, 4.674042E-001
1.385600E-001, 1.902166E+000, 3.635258E+000, 6.161853E+000, 2.408951E-001, 1.102507E-001, -3.455770E-001, 4.777805E-001
1.385680E-001, 1.879706E+000, 3.411852E+000, 6.178094E+000, 2.960533E-001, 1.752305E-001, -3.039896E-001, 4.731819E-001
1.385760E-001, 2.028286E+000, 3.503002E+000, 6.014060E+000, 2.183815E-001, 2.282655E-001, -2.673644E-001, 4.639847E-001
1.385840E-001, 2.154406E+000, 3.783599E+000, 5.949096E+000, 1.789828E-001, 2.664889E-001, -2.333383E-001, 4.622160E-001
1.385920E-001, 2.095665E+000, 3.674577E+000, 5.953968E+000, 2.983046E-001, 2.957537E-001, -2.071099E-001, 4.483024E-001
1.386000E-001, 1.997187E+000, 3.365384E+000, 5.877635E+000, 3.771021E-001, 3.090125E-001, -1.994304E-001, 4.248379E-001
1.386080E-001, 2.040379E+000, 3.435086E+000, 5.684366E+000, 2.656600E-001, 2.959926E-001, -2.067555E-001, 4.092734E-001
1.386160E-001, 2.211419E+000, 3.687088E+000, 5.497594E+000, 1.407097E-001, 2.882285E-001, -2.117176E-001, 3.979539E-001
1.386240E-001, 2.213146E+000, 3.610236E+000, 5.536573E+000, 1.643490E-001, 2.864368E-001, -2.163253E-001, 3.895821E-001
1.386320E-001, 1.955723E+000, 3.318915E+000, 5.749331E+000, 1.722287E-001, 2.651750E-001, -2.414904E-001, 3.836865E-001
1.386400E-001, 1.782956E+000, 3.218830E+000, 5.889004E+000, 1.125678E-003, 2.527524E-001, -2.831959E-001, 3.759043E-001
1.386480E-001, 1.933264E+000, 3.236702E+000, 5.924734E+000, -7.429474E-002, 2.566942E-001, -3.156860E-001, 3.735460E-001
1.386560E-001, 2.112942E+000, 3.336788E+000, 5.869514E+000, 8.217449E-002, 2.326851E-001, -3.384882E-001, 3.763759E-001
1.386640E-001, 2.061111E+000, 3.567343E+000, 5.757451E+000, 1.148191E-001, 1.904004E-001, -3.773582E-001, 3.731923E-001
1.386720E-001, 2.055928E+000, 3.622747E+000, 5.762323E+000, 6.979203E-002, 1.690192E-001, -4.241441E-001, 3.746072E-001
1.386800E-001, 2.062839E+000, 3.465469E+000, 5.859770E+000, 2.172558E-001, 1.421434E-001, -4.506087E-001, 3.976001E-001
1.386880E-001, 1.862429E+000, 3.406490E+000, 5.859770E+000, 2.532775E-001, 9.543911E-002, -4.646681E-001, 4.220080E-001
1.386960E-001, 1.857246E+000, 3.495853E+000, 5.799678E+000, 1.170705E-001, 7.489402E-002, -4.793182E-001, 4.176452E-001
1.387040E-001, 2.150950E+000, 3.540534E+000, 5.825664E+000, 2.150045E-001, 8.468877E-002, -4.878247E-001, 3.945344E-001
1.387120E-001, 2.204508E+000, 3.524449E+000, 5.921486E+000, 3.680967E-001, 9.376683E-002, -4.899513E-001, 3.731923E-001
1.387200E-001, 1.936719E+000, 3.588789E+000, 5.957216E+000, 2.577802E-001, 1.096534E-001, -4.879429E-001, 3.576279E-001
1.387280E-001, 1.881434E+000, 3.651343E+000, 5.939351E+000, 2.037477E-001, 1.407100E-001, -4.742379E-001, 3.432426E-001
1.387360E-001, 2.182048E+000, 3.658492E+000, 5.976705E+000, 3.703480E-001, 1.690192E-001, -4.526172E-001, 3.243766E-001
1.387440E-001, 2.420467E+000, 3.681726E+000, 6.010811E+000, 4.536482E-001, 2.055703E-001, -4.378490E-001, 3.018554E-001
1.387520E-001, 2.508578E+000, 3.671003E+000, 5.949096E+000, 4.255062E-001, 2.676834E-001, -4.331231E-001, 2.806312E-001
1.387600E-001, 2.498212E+000, 3.561981E+000, 5.835408E+000, 4.119981E-001, 3.105653E-001, -4.377308E-001, 2.635339E-001
1.387680E-001, 2.168227E+000, 3.340362E+000, 5.783437E+000, 2.431464E-001, 3.016067E-001, -4.478914E-001, 2.485590E-001
1.387760E-001, 1.788139E+000, 3.284958E+000, 5.793181E+000, -7.879745E-003, 2.685195E-001, -4.630141E-001, 2.325230E-001
1.387840E-001, 1.912532E+000, 3.522661E+000, 5.710352E+000, 8.442584E-002, 2.291016E-001, -4.914873E-001, 2.221467E-001
1.387920E-001, 2.261521E+000, 3.658492E+000, 5.556062E+000, 4.277576E-001, 1.862197E-001, -5.259859E-001, 2.269811E-001
1.388000E-001, 2.232151E+000, 3.536959E+000, 5.557686E+000, 4.862928E-001, 1.479963E-001, -5.613115E-001, 2.383007E-001
1.388080E-001, 2.021375E+000, 3.472618E+000, 5.638892E+000, 2.318897E-001, 1.125202E-001, -6.051437E-001, 2.433709E-001
1.388160E-001, 2.043835E+000, 3.637045E+000, 5.590168E+000, 8.667719E-002, 8.755553E-002, -6.450770E-001, 2.492665E-001
1.388240E-001, 2.088754E+000, 3.792536E+000, 5.539821E+000, 2.127531E-001, 8.182201E-002, -6.692969E-001, 2.605861E-001
1.388320E-001, 2.000643E+000, 3.822919E+000, 5.543069E+000, 3.692223E-001, 9.281124E-002, -6.834745E-001, 2.701370E-001
1.388400E-001, 2.021375E+000, 3.917643E+000, 5.517084E+000, 3.151898E-001, 1.159842E-001, -6.880822E-001, 2.727311E-001
1.388480E-001, 2.221785E+000, 3.981983E+000, 5.616154E+000, 1.756057E-001, 1.318708E-001, -6.815841E-001, 2.661280E-001
1.388560E-001, 2.328900E+000, 3.837217E+000, 5.854897E+000, 1.789828E-001, 1.470407E-001, -6.614993E-001, 2.590532E-001
1.388640E-001, 2.275342E+000, 3.610236E+000, 5.939351E+000, 2.476491E-001, 1.827557E-001, -6.249922E-001, 2.602324E-001
1.388720E-001, 2.349632E+000, 3.474406E+000, 5.755827E+000, 2.307640E-001, 2.058092E-001, -5.813963E-001, 2.622369E-001
1.388800E-001, 2.541404E+000, 3.494066E+000, 5.580424E+000, 1.744801E-001, 2.022258E-001, -5.353194E-001, 2.551621E-001
1.388880E-001, 2.562136E+000, 3.599513E+000, 5.721721E+000, 1.305786E-001, 2.023452E-001, -4.770734E-001, 2.347633E-001
1.388960E-001, 2.410101E+000, 3.744280E+000, 5.984826E+000, 1.272016E-001, 2.041370E-001, -4.118569E-001, 2.134212E-001
1.389040E-001, 2.308168E+000, 3.905132E+000, 5.927982E+000, 2.431464E-001, 2.170374E-001, -3.622355E-001, 2.044599E-001
1.389120E-001, 2.354815E+000, 3.899770E+000, 5.661629E+000, 3.455831E-001, 2.703113E-001, -3.241926E-001, 1.914895E-001
1.389200E-001, 2.444654E+000, 3.790748E+000, 5.603161E+000, 2.825451E-001, 3.426969E-001, -2.820144E-001, 1.732131E-001
1.389280E-001, 2.512033E+000, 3.837217E+000, 5.702231E+000, 2.228842E-001, 4.150825E-001, -2.424355E-001, 1.733310E-001
1.389360E-001, 2.610511E+000, 3.872962E+000, 5.736338E+000, 2.938019E-001, 4.892598E-001, -1.949409E-001, 1.854760E-001
1.389440E-001, 2.665796E+000, 3.781812E+000, 5.703856E+000, 3.782278E-001, 5.379947E-001, -1.439018E-001, 1.918432E-001
1.389520E-001, 2.556953E+000, 3.821131E+000, 5.713600E+000, 3.129385E-001, 5.620037E-001, -1.304332E-001, 1.937298E-001
1.389600E-001, 2.441199E+000, 3.944451E+000, 5.781813E+000, 1.193219E-001, 5.792043E-001, -1.402393E-001, 1.912537E-001
1.389680E-001, 2.413556E+000, 3.905132E+000, 5.720097E+000, 3.827305E-002, 5.746652E-001, -1.325598E-001, 1.954985E-001
1.389760E-001, 2.290892E+000, 3.840791E+000, 5.617778E+000, 1.778571E-001, 5.854156E-001, -1.186186E-001, 2.163690E-001
1.389840E-001, 2.221785E+000, 3.939090E+000, 5.672998E+000, 3.399547E-001, 6.331949E-001, -1.222811E-001, 2.275707E-001
1.389920E-001, 2.408373E+000, 4.064197E+000, 5.716848E+000, 3.489601E-001, 6.484842E-001, -1.404756E-001, 2.161332E-001
1.390000E-001, 2.524127E+000, 4.044537E+000, 5.682742E+000, 3.005560E-001, 6.410785E-001, -1.603241E-001, 2.137749E-001
1.390080E-001, 2.465386E+000, 3.899770E+000, 5.708728E+000, 3.084357E-001, 6.588762E-001, -1.911602E-001, 2.328767E-001
1.390160E-001, 2.501667E+000, 3.756791E+000, 5.676246E+000, 2.960533E-001, 6.601902E-001, -2.440896E-001, 2.496203E-001
1.390240E-001, 2.531038E+000, 3.708535E+000, 5.455368E+000, 2.960533E-001, 6.323587E-001, -2.973734E-001, 2.551621E-001
1.390320E-001, 2.394552E+000, 3.878323E+000, 5.325439E+000, 3.984900E-001, 5.918658E-001, -3.401423E-001, 2.568129E-001
1.390400E-001, 2.185504E+000, 4.166070E+000, 5.473233E+000, 4.007413E-001, 5.291555E-001, -3.891729E-001, 2.504456E-001
1.390480E-001, 2.033469E+000, 4.182155E+000, 5.582048E+000, 2.273869E-001, 4.763594E-001, -4.413933E-001, 2.410127E-001
1.390560E-001, 2.154406E+000, 3.989132E+000, 5.422885E+000, 2.138788E-001, 4.625034E-001, -4.855800E-001, 2.449038E-001
1.390640E-001, 2.446382E+000, 3.862238E+000, 5.218248E+000, 4.108724E-001, 4.707453E-001, -5.333109E-001, 2.538651E-001
1.390720E-001, 2.475752E+000, 3.722833E+000, 5.336808E+000, 4.829158E-001, 4.873486E-001, -5.821052E-001, 2.486770E-001
1.390800E-001, 2.301258E+000, 3.651343E+000, 5.679494E+000, 4.029927E-001, 4.935599E-001, -6.057344E-001, 2.375932E-001
1.390880E-001, 2.287436E+000, 3.717471E+000, 5.762323E+000, 3.140641E-001, 4.862736E-001, -6.132957E-001, 2.386544E-001
1.390960E-001, 2.506850E+000, 3.735344E+000, 5.638892E+000, 2.363923E-001, 5.019213E-001, -6.238108E-001, 2.486770E-001
1.391040E-001, 2.734903E+000, 3.662066E+000, 5.648636E+000, 2.690370E-001, 5.385919E-001, -6.279458E-001, 2.577562E-001
1.391120E-001, 2.589779E+000, 3.579853E+000, 5.624275E+000, 3.208182E-001, 5.561508E-001, -6.227474E-001, 2.650667E-001
1.391200E-001, 2.182048E+000, 3.574492E+000, 5.476481E+000, 2.251356E-001, 5.571064E-001, -6.034896E-001, 2.709624E-001
1.391280E-001, 2.154406E+000, 3.608449E+000, 5.439126E+000, 1.587206E-001, 5.636760E-001, -5.623748E-001, 2.802774E-001
1.391360E-001, 2.501667E+000, 3.536959E+000, 5.534949E+000, 2.127531E-001, 5.843406E-001, -5.053104E-001, 2.918328E-001
1.391440E-001, 2.527582E+000, 3.465469E+000, 5.736338E+000, 2.375180E-001, 6.310448E-001, -4.378490E-001, 2.860551E-001
1.391520E-001, 2.149223E+000, 3.565555E+000, 5.960464E+000, 2.757911E-001, 6.917245E-001, -3.689699E-001, 2.617652E-001
1.391600E-001, 2.071477E+000, 3.647768E+000, 5.887380E+000, 3.827305E-001, 7.221838E-001, -3.051710E-001, 2.383007E-001
1.391680E-001, 2.437744E+000, 3.572704E+000, 5.523580E+000, 3.939873E-001, 7.127473E-001, -2.372371E-001, 2.190810E-001
1.391760E-001, 2.579413E+000, 3.572704E+000, 5.309198E+000, 3.230695E-001, 6.969802E-001, -1.598515E-001, 1.979747E-001
1.391840E-001, 2.280525E+000, 3.662066E+000, 5.435878E+000, 3.984900E-001, 6.875438E-001, -8.211146E-002, 1.742743E-001
1.391920E-001, 2.038652E+000, 3.624534E+000, 5.656757E+000, 5.515822E-001, 6.776296E-001, -1.866706E-002, 1.518710E-001
1.392000E-001, 2.163044E+000, 3.531598E+000, 5.739586E+000, 5.144348E-001, 6.649681E-001, 2.481066E-002, 1.346558E-001
1.392080E-001, 2.358271E+000, 3.510151E+000, 5.736338E+000, 3.996156E-001, 6.502759E-001, 5.446529E-002, 1.219213E-001
1.392160E-001, 2.358271E+000, 3.579853E+000, 5.700607E+000, 4.952983E-001, 6.530232E-001, 7.667673E-002, 1.136674E-001
1.392240E-001, 2.351360E+000, 3.561981E+000, 5.609658E+000, 6.630242E-001, 6.911272E-001, 9.298088E-002, 1.140212E-001
1.392320E-001, 2.411829E+000, 3.351086E+000, 5.651885E+000, 6.438878E-001, 7.384287E-001, 9.534380E-002, 1.249870E-001
1.392400E-001, 2.353088E+000, 3.286745E+000, 5.871139E+000, 4.840415E-001, 7.841774E-001, 7.395938E-002, 1.326513E-001
1.392480E-001, 2.202780E+000, 3.442235E+000, 5.945848E+000, 3.309493E-001, 8.652827E-001, 3.095425E-002, 1.341842E-001
1.392560E-001, 2.145767E+000, 3.551257E+000, 5.827288E+000, 2.273869E-001, 9.738611E-001, -3.473492E-002, 1.550546E-001
1.392640E-001, 2.207963E+000, 3.574492E+000, 5.621027E+000, 1.969936E-001, 1.052697E+000, -1.246440E-001, 1.976209E-001
1.392720E-001, 2.256338E+000, 3.472618E+000, 5.354673E+000, 2.791681E-001, 1.074436E+000, -2.228233E-001, 2.374753E-001
1.392800E-001, 2.168227E+000, 3.379682E+000, 5.333560E+000, 3.816048E-001, 1.042305E+000, -3.212389E-001, 2.625906E-001
1.392880E-001, 2.033469E+000, 3.476193E+000, 5.663253E+000, 4.131238E-001, 9.732639E-001, -4.372582E-001, 2.772117E-001
1.392960E-001, 2.093937E+000, 3.570917E+000, 5.885756E+000, 4.300089E-001, 8.849916E-001, -5.760798E-001, 2.940732E-001
1.393040E-001, 2.339266E+000, 3.587002E+000, 5.773692E+000, 4.840415E-001, 7.784439E-001, -7.315599E-001, 3.189526E-001
1.393120E-001, 2.370364E+000, 3.576279E+000, 5.596665E+000, 5.099321E-001, 6.537399E-001, -8.973187E-001, 3.487844E-001
1.393200E-001, 2.042107E+000, 3.567343E+000, 5.593417E+000, 3.984900E-001, 5.286777E-001, -1.045119E+000, 3.793238E-001
1.393280E-001, 1.850335E+000, 3.660279E+000, 5.707104E+000, 2.971790E-001, 4.190243E-001, -1.157594E+000, 4.083301E-001
1.393360E-001, 1.979911E+000, 3.676364E+000, 5.728217E+000, 4.029927E-001, 3.256158E-001, -1.249512E+000, 4.381619E-001
1.393440E-001, 2.088754E+000, 3.477980E+000, 5.658381E+000, 5.819755E-001, 2.552608E-001, -1.312720E+000, 4.664609E-001
1.393520E-001, 2.223512E+000, 3.329639E+000, 5.635643E+000, 6.022376E-001, 2.188291E-001, -1.329260E+000, 4.926374E-001
1.393600E-001, 2.434288E+000, 3.311766E+000, 5.635643E+000, 4.480198E-001, 2.279072E-001, -1.308821E+000, 5.237663E-001
1.393680E-001, 2.356543E+000, 3.195595E+000, 5.606410E+000, 3.410804E-001, 2.876312E-001, -1.257309E+000, 5.416889E-001
1.393760E-001, 2.014464E+000, 3.018658E+000, 5.551190E+000, 3.714737E-001, 3.770979E-001, -1.166219E+000, 5.331993E-001
1.393840E-001, 1.947085E+000, 3.102659E+000, 5.531701E+000, 3.590913E-001, 4.800623E-001, -1.047955E+000, 5.274215E-001
1.393920E-001, 2.225240E+000, 3.399341E+000, 5.601537E+000, 2.825451E-001, 5.774125E-001, -9.286274E-001, 5.274215E-001
1.394000E-001, 2.332356E+000, 3.554832E+000, 5.669750E+000, 2.352667E-001, 6.555316E-001, -8.042197E-001, 5.100884E-001
1.394080E-001, 2.185504E+000, 3.531598E+000, 5.713600E+000, 2.690370E-001, 7.266033E-001, -6.759131E-001, 4.907508E-001
1.394160E-001, 2.081843E+000, 3.419001E+000, 5.736338E+000, 3.816048E-001, 7.600489E-001, -5.789153E-001, 4.766014E-001
1.394240E-001, 2.116397E+000, 3.159850E+000, 5.681118E+000, 4.165008E-001, 7.281561E-001, -5.236229E-001, 4.437038E-001
1.394320E-001, 2.235606E+000, 3.056190E+000, 5.630771E+000, 3.827305E-001, 6.868271E-001, -4.918417E-001, 3.990151E-001
1.394400E-001, 2.270159E+000, 3.258149E+000, 5.578800E+000, 4.232549E-001, 6.673570E-001, -4.783731E-001, 3.616369E-001
1.394480E-001, 2.173410E+000, 3.286745E+000, 5.567431E+000, 4.513968E-001, 6.409590E-001, -4.978671E-001, 3.298006E-001
1.394560E-001, 2.064567E+000, 3.072275E+000, 5.749331E+000, 3.613426E-001, 6.127692E-001, -5.532776E-001, 2.999688E-001
1.394640E-001, 1.921170E+000, 2.986488E+000, 5.827288E+000, 2.577802E-001, 5.959270E-001, -6.183760E-001, 2.770938E-001
1.394720E-001, 1.962634E+000, 3.047254E+000, 5.655133E+000, 3.061844E-001, 5.774125E-001, -6.763857E-001, 2.740281E-001
1.394800E-001, 2.339266E+000, 3.102659E+000, 5.572303E+000, 4.862928E-001, 5.586592E-001, -7.303784E-001, 2.881775E-001
1.394880E-001, 2.420467E+000, 3.111595E+000, 5.632395E+000, 5.695930E-001, 5.289166E-001, -7.867340E-001, 3.025629E-001
1.394960E-001, 2.059384E+000, 3.127680E+000, 5.754203E+000, 4.255062E-001, 4.627423E-001, -8.563220E-001, 3.170661E-001
1.395040E-001, 1.978183E+000, 3.127680E+000, 5.859770E+000, 2.634086E-001, 3.769785E-001, -9.315810E-001, 3.332200E-001
1.395120E-001, 2.195870E+000, 3.129467E+000, 5.820791E+000, 2.870479E-001, 2.933648E-001, -9.882911E-001, 3.443038E-001
1.395200E-001, 2.206236E+000, 3.227766E+000, 5.700607E+000, 3.793534E-001, 2.175152E-001, -1.016882E+000, 3.568025E-001
1.395280E-001, 2.050745E+000, 3.209893E+000, 5.562559E+000, 3.861075E-001, 1.694970E-001, -1.039330E+000, 3.826253E-001
1.395360E-001, 2.059384E+000, 3.125893E+000, 5.489474E+000, 3.658453E-001, 1.323486E-001, -1.079500E+000, 4.230692E-001
1.395440E-001, 2.306441E+000, 3.356447E+000, 5.531701E+000, 4.435171E-001, 6.557706E-002, -1.116716E+000, 4.692908E-001
1.395520E-001, 2.451565E+000, 3.610236E+000, 5.647012E+000, 5.358227E-001, -1.122813E-002, -1.131248E+000, 5.044286E-001
1.395600E-001, 2.297802E+000, 3.452959E+000, 5.824039E+000, 4.975496E-001, -6.474092E-002, -1.143180E+000, 5.231767E-001
1.395680E-001, 2.137129E+000, 3.127680E+000, 5.910117E+000, 3.872332E-001, -9.508076E-002, -1.160902E+000, 5.400382E-001
1.395760E-001, 2.116397E+000, 3.056190E+000, 5.793181E+000, 2.960533E-001, -8.934725E-002, -1.165037E+000, 5.663326E-001
1.395840E-001, 2.163044E+000, 3.224191E+000, 5.702231E+000, 3.140641E-001, -4.467363E-002, -1.145425E+000, 5.995839E-001
1.395920E-001, 2.245972E+000, 3.340362E+000, 5.864642E+000, 5.031780E-001, 3.941790E-003, -1.108446E+000, 6.238738E-001
1.396000E-001, 2.285709E+000, 3.335001E+000, 6.106634E+000, 5.977349E-001, 6.318809E-002, -1.066149E+000, 6.308306E-001
1.396080E-001, 2.290892E+000, 3.240277E+000, 6.075776E+000, 4.446428E-001, 1.644802E-001, -1.022435E+000, 6.480458E-001
1.396160E-001, 2.302985E+000, 3.163425E+000, 5.733089E+000, 3.602169E-001, 2.770004E-001, -9.667885E-001, 6.862494E-001
1.396240E-001, 2.268432E+000, 3.276021E+000, 5.479729E+000, 4.885442E-001, 3.755451E-001, -8.897573E-001, 7.173782E-001
1.396320E-001, 2.185504E+000, 3.440448E+000, 5.557686E+000, 6.022376E-001, 4.737315E-001, -7.958313E-001, 7.383665E-001
1.396400E-001, 2.123307E+000, 3.343937E+000, 5.720097E+000, 5.279430E-001, 5.691707E-001, -6.899725E-001, 7.623028E-001
1.396480E-001, 2.135401E+000, 3.075850E+000, 5.827288E+000, 4.446428E-001, 6.562484E-001, -5.764342E-001, 7.898942E-001
1.396560E-001, 2.214874E+000, 3.006147E+000, 5.923110E+000, 5.459538E-001, 7.286339E-001, -4.623052E-001, 8.089960E-001
1.396640E-001, 2.249428E+000, 3.131254E+000, 5.927982E+000, 5.527079E-001, 7.838190E-001, -3.494758E-001, 8.058124E-001
1.396720E-001, 2.206236E+000, 3.166999E+000, 5.815919E+000, 3.579656E-001, 8.354207E-001, -2.456255E-001, 7.995631E-001
1.396800E-001, 2.195870E+000, 3.138403E+000, 5.765572E+000, 3.230695E-001, 8.708968E-001, -1.547712E-001, 8.065199E-001
1.396880E-001, 2.199325E+000, 3.199170E+000, 5.924734E+000, 4.210035E-001, 8.772275E-001, -6.096332E-002, 8.043974E-001
1.396960E-001, 2.156133E+000, 3.224191E+000, 6.130995E+000, 4.018670E-001, 8.650438E-001, 3.095425E-002, 7.868285E-001
1.397040E-001, 2.214874E+000, 3.095510E+000, 6.127747E+000, 3.309493E-001, 8.387652E-001, 1.032596E-001, 7.687879E-001
1.397120E-001, 2.423922E+000, 2.959679E+000, 5.953968E+000, 3.084357E-001, 8.142783E-001, 1.683580E-001, 7.534593E-001
1.397200E-001, 2.493029E+000, 2.918572E+000, 5.889004E+000, 3.928616E-001, 8.072309E-001, 2.357012E-001, 7.390741E-001
1.397280E-001, 2.347905E+000, 2.940019E+000, 6.009187E+000, 5.166861E-001, 7.973167E-001, 2.966645E-001, 7.182035E-001
1.397360E-001, 2.213146E+000, 3.024020E+000, 6.150485E+000, 5.121834E-001, 7.655435E-001, 3.484125E-001, 6.903763E-001
1.397440E-001, 2.021375E+000, 3.099084E+000, 6.181343E+000, 4.131238E-001, 7.301868E-001, 3.876369E-001, 6.801179E-001
1.397520E-001, 1.834786E+000, 3.057977E+000, 6.077400E+000, 3.185668E-001, 7.015193E-001, 4.051225E-001, 6.886076E-001
1.397600E-001, 1.953996E+000, 2.975764E+000, 5.924734E+000, 2.780424E-001, 6.699849E-001, 4.040592E-001, 6.835374E-001
1.397680E-001, 2.168227E+000, 2.968615E+000, 5.802926E+000, 3.759764E-001, 6.587568E-001, 3.959072E-001, 6.656147E-001
1.397760E-001, 2.118124E+000, 2.998998E+000, 5.814295E+000, 4.896699E-001, 6.776296E-001, 3.833837E-001, 6.629027E-001
1.397840E-001, 1.915987E+000, 3.034743E+000, 5.949096E+000, 4.018670E-001, 6.837214E-001, 3.660162E-001, 6.722178E-001
1.397920E-001, 1.877978E+000, 3.040105E+000, 5.965337E+000, 2.397694E-001, 6.739267E-001, 3.461677E-001, 6.697416E-001
1.398000E-001, 2.031741E+000, 2.965041E+000, 5.804550E+000, 2.082504E-001, 6.841992E-001, 3.224204E-001, 6.583042E-001
1.398080E-001, 2.109486E+000, 2.991849E+000, 5.609658E+000, 2.634086E-001, 7.023554E-001, 2.907572E-001, 6.531160E-001
1.398160E-001, 2.123307E+000, 3.149127E+000, 5.614530E+000, 3.388290E-001, 7.006831E-001, 2.524779E-001, 6.443905E-001
1.398240E-001, 2.207963E+000, 3.161638E+000, 5.927982E+000, 3.996156E-001, 6.994886E-001, 2.079369E-001, 6.238738E-001
1.398320E-001, 2.157861E+000, 3.133042E+000, 6.041669E+000, 3.838561E-001, 7.240949E-001, 1.535898E-001, 6.067765E-001
1.398400E-001, 1.959179E+000, 3.259936E+000, 5.854897E+000, 3.039330E-001, 7.514486E-001, 9.676155E-002, 5.945136E-001
1.398480E-001, 2.057656E+000, 3.372533E+000, 6.044918E+000, 2.251356E-001, 7.557487E-001, 3.981519E-002, 5.719923E-001
1.398560E-001, 2.372092E+000, 3.336788E+000, 6.363242E+000, 2.296383E-001, 7.432066E-001, -3.544379E-002, 5.396844E-001
1.398640E-001, 2.247700E+000, 3.229553E+000, 6.126123E+000, 3.872332E-001, 7.208698E-001, -1.340957E-001, 5.091451E-001
1.398720E-001, 1.819237E+000, 3.145552E+000, 5.806174E+000, 5.662160E-001, 6.895744E-001, -2.379460E-001, 4.860343E-001
1.398800E-001, 1.751858E+000, 3.140191E+000, 5.811047E+000, 5.358227E-001, 6.561289E-001, -3.376612E-001, 4.715311E-001
1.398880E-001, 2.000643E+000, 3.211681E+000, 5.841905E+000, 3.602169E-001, 6.232806E-001, -4.424567E-001, 4.586787E-001
1.398960E-001, 2.190687E+000, 3.141978E+000, 5.893876E+000, 2.791681E-001, 5.938964E-001, -5.490243E-001, 4.422889E-001
1.399040E-001, 2.239061E+000, 2.954317E+000, 5.999443E+000, 3.286979E-001, 5.755014E-001, -6.331443E-001, 4.327380E-001
1.399120E-001, 2.206236E+000, 2.968615E+000, 6.002691E+000, 3.951129E-001, 5.664233E-001, -6.997786E-001, 4.366291E-001
1.399200E-001, 2.140584E+000, 3.041892E+000, 6.010811E+000, 4.333860E-001, 5.666622E-001, -7.720839E-001, 4.493636E-001
1.399280E-001, 2.061111E+000, 3.040105E+000, 6.022180E+000, 4.390144E-001, 5.848184E-001, -8.310388E-001, 4.653997E-001
1.399360E-001, 1.948813E+000, 3.099084E+000, 5.958840E+000, 4.097467E-001, 6.144415E-001, -8.527777E-001, 4.790775E-001
1.399440E-001, 1.838242E+000, 3.090148E+000, 5.939351E+000, 3.996156E-001, 6.343893E-001, -8.585668E-001, 4.896896E-001
1.399520E-001, 1.857246E+000, 2.970402E+000, 5.882507E+000, 3.951129E-001, 6.377339E-001, -8.666007E-001, 4.942882E-001
1.399600E-001, 2.031741E+000, 2.870317E+000, 5.750955E+000, 3.377034E-001, 6.443036E-001, -8.681366E-001, 4.796671E-001
1.399680E-001, 2.163044E+000, 2.759507E+000, 5.744458E+000, 3.275723E-001, 6.617430E-001, -8.590394E-001, 4.573817E-001
1.399760E-001, 2.100848E+000, 2.750571E+000, 5.837032E+000, 4.536482E-001, 6.679543E-001, -8.446256E-001, 4.556130E-001
1.399840E-001, 1.953996E+000, 3.013296E+000, 5.947472E+000, 4.671563E-001, 6.646097E-001, -8.271400E-001, 4.703520E-001
1.399920E-001, 1.907349E+000, 3.236702E+000, 6.067655E+000, 2.510262E-001, 6.778685E-001, -8.082366E-001, 4.738894E-001
1.400000E-001, 1.992005E+000, 3.099084E+000, 6.072527E+000, 1.711030E-001, 7.036693E-001, -7.944135E-001, 4.599757E-001
1.400080E-001, 2.061111E+000, 2.827423E+000, 5.984826E+000, 2.960533E-001, 7.207504E-001, -7.882699E-001, 4.480666E-001
1.400160E-001, 2.049018E+000, 2.759507E+000, 6.018932E+000, 3.095614E-001, 7.199143E-001, -7.824808E-001, 4.455904E-001
1.400240E-001, 2.087026E+000, 2.943594E+000, 6.109882E+000, 2.172558E-001, 7.058194E-001, -7.757465E-001, 4.360395E-001
1.400320E-001, 2.218329E+000, 3.127680E+000, 6.022180E+000, 1.924909E-001, 6.925606E-001, -7.816538E-001, 4.213005E-001
1.400400E-001, 2.280525E+000, 3.175936E+000, 5.796430E+000, 2.825451E-001, 6.787046E-001, -8.072914E-001, 4.303797E-001
1.400480E-001, 2.156133E+000, 3.229553E+000, 5.689239E+000, 3.838561E-001, 6.507537E-001, -8.339924E-001, 4.596220E-001
1.400560E-001, 2.052473E+000, 3.206319E+000, 5.840281E+000, 3.422061E-001, 6.196972E-001, -8.428534E-001, 4.683475E-001
1.400640E-001, 2.228695E+000, 2.997211E+000, 6.056286E+000, 2.544032E-001, 5.972410E-001, -8.456889E-001, 4.574996E-001
1.400720E-001, 2.396280E+000, 2.797040E+000, 6.127747E+000, 2.938019E-001, 5.743069E-001, -8.552587E-001, 4.577354E-001
1.400800E-001, 2.245972E+000, 2.777380E+000, 6.064407E+000, 3.793534E-001, 5.523284E-001, -8.609297E-001, 4.635131E-001
1.400880E-001, 2.199325E+000, 2.940019E+000, 5.957216E+000, 3.680967E-001, 5.388308E-001, -8.556132E-001, 4.596220E-001
1.400960E-001, 2.458476E+000, 3.086573E+000, 5.897124E+000, 3.185668E-001, 5.285583E-001, -8.472248E-001, 4.563204E-001
1.401040E-001, 2.451565E+000, 3.000786E+000, 5.884131E+000, 3.298236E-001, 5.204358E-001, -8.306844E-001, 4.609190E-001
1.401120E-001, 2.173410E+000, 2.916785E+000, 5.858146E+000, 3.433318E-001, 5.081326E-001, -7.993757E-001, 4.628056E-001
1.401200E-001, 2.125035E+000, 3.082999E+000, 5.742834E+000, 3.906102E-001, 4.782706E-001, -7.696029E-001, 4.523114E-001
1.401280E-001, 2.221785E+000, 3.202744E+000, 5.679494E+000, 5.144348E-001, 4.479307E-001, -7.424293E-001, 4.354500E-001
1.401360E-001, 2.311624E+000, 3.016871E+000, 5.854897E+000, 4.964240E-001, 4.436306E-001, -7.002512E-001, 4.281394E-001
1.401440E-001, 2.387641E+000, 2.861380E+000, 5.932855E+000, 3.005560E-001, 4.549782E-001, -6.470855E-001, 4.280215E-001
1.401520E-001, 2.356543E+000, 2.972190E+000, 5.765572E+000, 2.150045E-001, 4.718204E-001, -5.958102E-001, 4.203572E-001
1.401600E-001, 2.264977E+000, 3.038318E+000, 5.815919E+000, 2.904249E-001, 4.982184E-001, -5.471340E-001, 4.131646E-001
1.401680E-001, 2.106031E+000, 3.006147E+000, 6.079024E+000, 3.703480E-001, 5.201969E-001, -4.953861E-001, 4.119854E-001
1.401760E-001, 1.986822E+000, 3.066914E+000, 6.122875E+000, 3.973643E-001, 5.379947E-001, -4.366675E-001, 4.059719E-001
1.401840E-001, 2.090482E+000, 3.102659E+000, 6.044918E+000, 3.838561E-001, 5.684540E-001, -3.779490E-001, 4.037316E-001
1.401920E-001, 2.218329E+000, 3.158063E+000, 6.075776E+000, 3.118128E-001, 6.057218E-001, -3.270281E-001, 4.051465E-001
1.402000E-001, 2.152678E+000, 3.306405E+000, 6.038421E+000, 1.879882E-001, 6.454980E-001, -2.777612E-001, 3.875776E-001
1.402080E-001, 2.005826E+000, 3.326064E+000, 5.892252E+000, 1.530922E-001, 6.793019E-001, -2.303846E-001, 3.615190E-001
1.402160E-001, 2.017920E+000, 3.225979E+000, 5.791557E+000, 2.814195E-001, 6.949496E-001, -1.870251E-001, 3.516144E-001
1.402240E-001, 2.242517E+000, 3.149127E+000, 5.694111E+000, 3.759764E-001, 7.104778E-001, -1.363405E-001, 3.460725E-001
1.402320E-001, 2.444654E+000, 3.086573E+000, 5.708728E+000, 3.039330E-001, 7.332925E-001, -8.601027E-002, 3.268528E-001
1.402400E-001, 2.475752E+000, 3.015084E+000, 5.903621E+000, 1.958680E-001, 7.451178E-001, -5.375642E-002, 2.958418E-001
1.402480E-001, 2.436016E+000, 2.959679E+000, 6.002691E+000, 1.767314E-001, 7.428483E-001, -2.870947E-002, 2.627085E-001
1.402560E-001, 2.411829E+000, 2.923934E+000, 5.940975E+000, 2.026220E-001, 7.421316E-001, 0.000000E+000, 2.375932E-001
1.402640E-001, 2.380730E+000, 2.947168E+000, 5.897124E+000, 2.037477E-001, 7.461929E-001, 2.232959E-002, 2.233258E-001
1.402720E-001, 2.251155E+000, 3.183085E+000, 5.892252E+000, 2.577802E-001, 7.453567E-001, 4.028778E-002, 2.146003E-001
1.402800E-001, 2.133673E+000, 3.426150E+000, 5.828912E+000, 3.692223E-001, 7.361592E-001, 6.155405E-002, 2.074077E-001
1.402880E-001, 2.244245E+000, 3.376107E+000, 5.736338E+000, 4.052441E-001, 7.275589E-001, 8.671915E-002, 2.084689E-001
1.402960E-001, 2.296075E+000, 3.242064E+000, 5.692487E+000, 3.422061E-001, 7.305452E-001, 1.102302E-001, 2.176660E-001
1.403040E-001, 2.192414E+000, 3.147340E+000, 5.622651E+000, 2.521518E-001, 7.386676E-001, 1.181460E-001, 2.217930E-001
1.403120E-001, 2.282253E+000, 3.125893E+000, 5.507339E+000, 2.330153E-001, 7.423705E-001, 1.114117E-001, 2.210855E-001
1.403200E-001, 2.359998E+000, 3.247426E+000, 5.521956E+000, 3.399547E-001, 7.393843E-001, 1.045592E-001, 2.239154E-001
1.403280E-001, 2.176865E+000, 3.229553E+000, 5.739586E+000, 4.502712E-001, 7.232588E-001, 1.027870E-001, 2.269811E-001
1.403360E-001, 2.057656E+000, 3.158063E+000, 5.936103E+000, 3.917359E-001, 6.975774E-001, 9.758858E-002, 2.338200E-001
1.403440E-001, 2.209691E+000, 3.333213E+000, 5.953968E+000, 2.836708E-001, 6.732100E-001, 7.974853E-002, 2.439605E-001
1.403520E-001, 2.320262E+000, 3.397554E+000, 5.897124E+000, 2.971790E-001, 6.658042E-001, 6.793393E-002, 2.474978E-001
1.403600E-001, 2.190687E+000, 3.224191E+000, 5.889004E+000, 3.241952E-001, 6.734489E-001, 6.297180E-002, 2.524501E-001
1.403680E-001, 2.221785E+000, 3.225979E+000, 5.872763E+000, 3.174412E-001, 6.629375E-001, 4.123294E-002, 2.596428E-001
1.403760E-001, 2.458476E+000, 3.340362E+000, 5.679494E+000, 3.602169E-001, 6.391672E-001, 1.583156E-002, 2.565771E-001
1.403840E-001, 2.413556E+000, 3.211681E+000, 5.456992E+000, 4.119981E-001, 6.334338E-001, -9.451678E-004, 2.493844E-001
1.403920E-001, 2.296075E+000, 2.961466E+000, 5.619402E+000, 4.221292E-001, 6.300892E-001, -1.984852E-002, 2.459650E-001
1.404000E-001, 2.461931E+000, 2.829210E+000, 5.989698E+000, 3.939873E-001, 6.119331E-001, -4.170553E-002, 2.444321E-001
1.404080E-001, 2.494757E+000, 2.725550E+000, 6.041669E+000, 4.041184E-001, 5.884018E-001, -6.616174E-002, 2.386544E-001
1.404160E-001, 2.321990E+000, 2.707677E+000, 5.921486E+000, 4.468941E-001, 5.606898E-001, -8.801875E-002, 2.275707E-001
1.404240E-001, 2.290892E+000, 2.972190E+000, 5.971833E+000, 3.692223E-001, 5.479088E-001, -1.045592E-001, 2.286319E-001
1.404320E-001, 2.187231E+000, 3.209893E+000, 5.957216E+000, 3.208182E-001, 5.694095E-001, -1.300787E-001, 2.449038E-001
1.404400E-001, 1.976455E+000, 3.206319E+000, 5.767196E+000, 4.930469E-001, 5.848184E-001, -1.613874E-001, 2.515068E-001
1.404480E-001, 2.024830E+000, 3.251000E+000, 5.729841E+000, 5.729700E-001, 5.679762E-001, -1.814722E-001, 2.410127E-001
1.404560E-001, 2.232151E+000, 3.283170E+000, 5.856522E+000, 3.894846E-001, 5.522090E-001, -1.923416E-001, 2.329946E-001
1.404640E-001, 2.323717E+000, 3.131254E+000, 5.828912E+000, 3.151898E-001, 5.486255E-001, -2.019115E-001, 2.274527E-001
1.404720E-001, 2.299530E+000, 3.147340E+000, 5.630771E+000, 4.851672E-001, 5.390697E-001, -2.090002E-001, 2.144824E-001
1.404800E-001, 2.240789E+000, 3.383256E+000, 5.482977E+000, 5.853525E-001, 5.291555E-001, -2.144349E-001, 2.151899E-001
1.404880E-001, 2.187231E+000, 3.420788E+000, 5.460240E+000, 5.121834E-001, 5.291555E-001, -2.216419E-001, 2.335842E-001
1.404960E-001, 2.066294E+000, 3.174148E+000, 5.421261E+000, 4.029927E-001, 5.246165E-001, -2.199878E-001, 2.332304E-001
1.405040E-001, 1.884889E+000, 2.879253E+000, 5.310822E+000, 3.106871E-001, 5.074159E-001, -2.030929E-001, 2.125958E-001
1.405120E-001, 1.971272E+000, 2.857806E+000, 5.348177E+000, 3.129385E-001, 4.979795E-001, -1.841896E-001, 1.973851E-001
1.405200E-001, 2.372092E+000, 3.188446E+000, 5.567431E+000, 3.939873E-001, 5.087299E-001, -1.651681E-001, 1.878342E-001
1.405280E-001, 2.506850E+000, 3.363596E+000, 5.710352E+000, 3.906102E-001, 5.184051E-001, -1.446107E-001, 1.811132E-001
1.405360E-001, 2.228695E+000, 3.197383E+000, 5.742834E+000, 3.343263E-001, 5.164940E-001, -1.266525E-001, 1.791087E-001
1.405440E-001, 2.107759E+000, 3.100871E+000, 5.674622E+000, 3.320750E-001, 5.198385E-001, -1.049136E-001, 1.743922E-001
1.405520E-001, 2.277070E+000, 3.131254E+000, 5.504091E+000, 3.602169E-001, 5.322611E-001, -8.092999E-002, 1.635443E-001
1.405600E-001, 2.323717E+000, 3.108020E+000, 5.460240E+000, 4.063697E-001, 5.454004E-001, -5.860040E-002, 1.534038E-001
1.405680E-001, 2.232151E+000, 3.077637E+000, 5.586920E+000, 3.996156E-001, 5.580620E-001, -3.189941E-002, 1.486874E-001
1.405760E-001, 2.354815E+000, 3.125893E+000, 5.660005E+000, 2.701627E-001, 5.659455E-001, -1.547712E-002, 1.430276E-001
1.405840E-001, 2.608783E+000, 3.218830E+000, 5.616154E+000, 2.555289E-001, 5.642732E-001, -1.583156E-002, 1.376036E-001
1.405920E-001, 2.627787E+000, 3.183085E+000, 5.526828E+000, 4.750361E-001, 5.599731E-001, -1.146016E-002, 1.403156E-001
1.406000E-001, 2.470569E+000, 3.059765E+000, 5.517084E+000, 6.056147E-001, 5.649899E-001, 5.198423E-003, 1.445604E-001
1.406080E-001, 2.337539E+000, 3.150914E+000, 5.660005E+000, 5.031780E-001, 5.762181E-001, 1.724931E-002, 1.412589E-001
1.406160E-001, 2.225240E+000, 3.317128E+000, 5.687614E+000, 3.298236E-001, 5.803987E-001, 1.736746E-002, 1.322976E-001
1.406240E-001, 2.242517E+000, 3.256362E+000, 5.471609E+000, 1.868625E-001, 5.799209E-001, 2.906391E-002, 1.294677E-001
1.406320E-001, 2.423922E+000, 3.272447E+000, 5.408268E+000, 1.992450E-001, 5.829072E-001, 5.800967E-002, 1.366603E-001
1.406400E-001, 2.451565E+000, 3.420788E+000, 5.638892E+000, 2.971790E-001, 5.906713E-001, 6.923354E-002, 1.450321E-001
1.406480E-001, 2.271887E+000, 3.199170E+000, 5.750955E+000, 2.679113E-001, 5.919852E-001, 6.013630E-002, 1.508098E-001
1.406560E-001, 2.214874E+000, 2.920360E+000, 5.567431E+000, 1.722287E-001, 5.772931E-001, 5.789153E-002, 1.502202E-001
1.406640E-001, 2.282253E+000, 3.108020E+000, 5.372539E+000, 1.812341E-001, 5.707235E-001, 6.958798E-002, 1.529322E-001
1.406720E-001, 2.320262E+000, 3.329639E+000, 5.338432E+000, 3.748507E-001, 5.789654E-001, 8.754617E-002, 1.739206E-001
1.406800E-001, 2.379003E+000, 3.272447E+000, 5.372539E+000, 5.684673E-001, 5.729930E-001, 9.156313E-002, 1.938478E-001
1.406880E-001, 2.349632E+000, 3.149127E+000, 5.450495E+000, 4.795388E-001, 5.596148E-001, 8.010297E-002, 2.018658E-001
1.406960E-001, 2.190687E+000, 3.090148E+000, 5.643764E+000, 2.938019E-001, 5.559119E-001, 8.270218E-002, 2.242691E-001
1.407040E-001, 2.190687E+000, 3.090148E+000, 5.724969E+000, 2.926762E-001, 5.553147E-001, 1.050318E-001, 2.640055E-001
1.407120E-001, 2.385913E+000, 3.095510E+000, 5.497594E+000, 3.377034E-001, 5.590175E-001, 1.255892E-001, 2.952523E-001
1.407200E-001, 2.444654E+000, 3.233128E+000, 5.354673E+000, 2.622829E-001, 5.622426E-001, 1.322054E-001, 3.145899E-001
1.407280E-001, 2.256338E+000, 3.504789E+000, 5.473233E+000, 1.609719E-001, 5.626010E-001, 1.196819E-001, 3.371111E-001
1.407360E-001, 2.100848E+000, 3.574492E+000, 5.473233E+000, 1.530922E-001, 5.707235E-001, 9.995149E-002, 3.629339E-001
1.407440E-001, 2.206236E+000, 3.415426E+000, 5.408268E+000, 2.420207E-001, 5.780098E-001, 9.770672E-002, 3.815641E-001
1.407520E-001, 2.394552E+000, 3.276021E+000, 5.512211E+000, 3.264466E-001, 5.807571E-001, 1.078673E-001, 3.930016E-001
1.407600E-001, 2.342722E+000, 3.217042E+000, 5.559310E+000, 3.557142E-001, 5.965242E-001, 1.072765E-001, 4.025525E-001
1.407680E-001, 2.106031E+000, 3.170574E+000, 5.479729E+000, 3.771021E-001, 6.115748E-001, 9.203571E-002, 4.121034E-001
1.407760E-001, 1.936719E+000, 3.136616E+000, 5.507339E+000, 3.951129E-001, 6.014217E-001, 6.946983E-002, 4.220080E-001
1.407840E-001, 1.917715E+000, 3.134829E+000, 5.585296E+000, 3.827305E-001, 5.821905E-001, 4.430474E-002, 4.303797E-001
1.407920E-001, 2.068022E+000, 3.193808E+000, 5.517084E+000, 3.669710E-001, 5.732319E-001, 2.705543E-002, 4.329738E-001
1.408000E-001, 2.230423E+000, 3.411852E+000, 5.370914E+000, 3.804791E-001, 5.732319E-001, 2.740987E-002, 4.327380E-001
1.408080E-001, 2.239061E+000, 3.620960E+000, 5.377411E+000, 4.232549E-001, 5.766959E-001, 2.729172E-002, 4.421710E-001
1.408160E-001, 2.252883E+000, 3.444022E+000, 5.565807E+000, 4.232549E-001, 5.665427E-001, 1.370493E-002, 4.605653E-001
1.408240E-001, 2.351360E+000, 3.166999E+000, 5.651885E+000, 3.253209E-001, 5.438476E-001, 1.134201E-002, 4.696445E-001
1.408320E-001, 2.344449E+000, 3.317128E+000, 5.453743E+000, 2.453978E-001, 5.310667E-001, 1.476825E-002, 4.669325E-001
1.408400E-001, 2.242517E+000, 3.595938E+000, 5.193887E+000, 2.318897E-001, 5.186440E-001, 1.417752E-003, 4.636310E-001
1.408480E-001, 2.249428E+000, 3.594151E+000, 5.219872E+000, 2.240099E-001, 4.954711E-001, -1.772190E-003, 4.648101E-001
1.408560E-001, 2.244245E+000, 3.427937E+000, 5.439126E+000, 3.129385E-001, 4.898570E-001, 1.512268E-002, 4.767193E-001
1.408640E-001, 2.104303E+000, 3.224191E+000, 5.445623E+000, 4.480198E-001, 5.058631E-001, 1.677673E-002, 4.902792E-001
1.408720E-001, 2.163044E+000, 3.193808E+000, 5.325439E+000, 4.626536E-001, 5.072964E-001, 4.725839E-004, 4.907508E-001
1.408800E-001, 2.403190E+000, 3.444022E+000, 5.379035E+000, 4.390144E-001, 4.892598E-001, 1.181460E-004, 4.860343E-001
1.408880E-001, 2.418739E+000, 3.622747E+000, 5.387156E+000, 4.727847E-001, 4.769566E-001, 1.772190E-002, 4.826149E-001
1.408960E-001, 2.290892E+000, 3.520874E+000, 5.234489E+000, 4.311346E-001, 4.789872E-001, 2.079369E-002, 4.839119E-001
1.409040E-001, 2.182048E+000, 3.438661E+000, 5.146788E+000, 3.039330E-001, 4.855569E-001, 7.443196E-003, 4.978256E-001
1.409120E-001, 2.055928E+000, 3.597726E+000, 5.167901E+000, 3.793534E-001, 4.846013E-001, 5.789153E-003, 5.079660E-001
1.409200E-001, 2.131946E+000, 3.637045E+000, 5.239362E+000, 6.123688E-001, 4.696703E-001, 1.583156E-002, 4.925195E-001
1.409280E-001, 2.441199E+000, 3.351086E+000, 5.289709E+000, 6.011120E-001, 4.498419E-001, 2.102998E-002, 4.691729E-001
1.409360E-001, 2.560408E+000, 3.222404E+000, 5.242610E+000, 4.480198E-001, 4.487669E-001, 2.055740E-002, 4.641027E-001
1.409440E-001, 2.444654E+000, 3.447597E+000, 5.114305E+000, 4.502712E-001, 4.593977E-001, 1.665858E-002, 4.681117E-001
1.409520E-001, 2.436016E+000, 3.590577E+000, 5.057462E+000, 4.761617E-001, 4.509169E-001, 1.205089E-002, 4.598578E-001
1.409600E-001, 2.434288E+000, 3.545896E+000, 5.171149E+000, 4.300089E-001, 4.312080E-001, 1.524083E-002, 4.424068E-001
1.409680E-001, 2.237334E+000, 3.594151E+000, 5.223121E+000, 3.804791E-001, 4.196215E-001, 1.795819E-002, 4.350962E-001
1.409760E-001, 2.168227E+000, 3.599513E+000, 5.094817E+000, 2.983046E-001, 4.080350E-001, 1.181460E-002, 4.425247E-001
1.409840E-001, 2.365181E+000, 3.363596E+000, 5.008739E+000, 2.566546E-001, 3.988375E-001, 1.405937E-002, 4.468875E-001
1.409920E-001, 2.396280E+000, 3.279596E+000, 5.037973E+000, 3.613426E-001, 3.922679E-001, 2.374734E-002, 4.381619E-001
1.410000E-001, 2.180321E+000, 3.485129E+000, 5.059086E+000, 4.547739E-001, 3.711255E-001, 2.705543E-002, 4.280215E-001
1.410080E-001, 2.130218E+000, 3.544108E+000, 5.127298E+000, 4.536482E-001, 3.505805E-001, 3.390789E-002, 4.258991E-001
1.410160E-001, 2.176865E+000, 3.465469E+000, 5.239362E+000, 4.637793E-001, 3.475942E-001, 4.489547E-002, 4.328559E-001
1.410240E-001, 2.125035E+000, 3.490491E+000, 5.166277E+000, 4.570252E-001, 3.426969E-001, 4.973945E-002, 4.460621E-001
1.410320E-001, 2.228695E+000, 3.395767E+000, 5.099689E+000, 4.255062E-001, 3.235852E-001, 5.162979E-002, 4.537264E-001
1.410400E-001, 2.429105E+000, 3.175936E+000, 5.307574E+000, 4.108724E-001, 2.914536E-001, 5.434715E-002, 4.595041E-001
1.410480E-001, 2.358271E+000, 3.174148E+000, 5.482977E+000, 4.311346E-001, 2.629055E-001, 6.108147E-002, 4.750685E-001
1.410560E-001, 2.226968E+000, 3.267085E+000, 5.434254E+000, 4.919212E-001, 2.584859E-001, 7.490455E-002, 4.863881E-001
1.410640E-001, 2.321990E+000, 3.252787E+000, 5.305950E+000, 4.570252E-001, 2.488106E-001, 8.045741E-002, 4.889821E-001
1.410720E-001, 2.379003E+000, 3.354660E+000, 5.184142E+000, 3.467088E-001, 2.226514E-001, 6.982427E-002, 5.005375E-001
1.410800E-001, 2.259794E+000, 3.606662E+000, 5.111057E+000, 3.275723E-001, 2.090343E-001, 6.958798E-002, 5.158662E-001
1.410880E-001, 2.049018E+000, 3.620960E+000, 5.119178E+000, 3.095614E-001, 1.976868E-001, 8.482881E-002, 5.122108E-001
1.410960E-001, 1.929808E+000, 3.327852E+000, 5.213376E+000, 2.656600E-001, 1.938644E-001, 9.865189E-002, 4.984151E-001
1.411040E-001, 2.161316E+000, 3.136616E+000, 5.299454E+000, 3.579656E-001, 2.038981E-001, 1.109391E-001, 5.091451E-001
1.411120E-001, 2.499940E+000, 3.181297E+000, 5.260475E+000, 4.356374E-001, 1.941033E-001, 1.213359E-001, 5.356754E-001
1.411200E-001, 2.575957E+000, 3.299256E+000, 5.154908E+000, 3.523372E-001, 1.716471E-001, 1.344501E-001, 5.524189E-001
1.411280E-001, 2.493029E+000, 3.367171E+000, 5.148412E+000, 3.906102E-001, 1.595828E-001, 1.509906E-001, 5.652714E-001
1.411360E-001, 2.370364E+000, 3.356447E+000, 5.232865E+000, 5.819755E-001, 1.469213E-001, 1.602059E-001, 5.708132E-001
1.411440E-001, 2.150950E+000, 3.286745E+000, 5.299454E+000, 6.134945E-001, 1.310347E-001, 1.625689E-001, 5.706953E-001
1.411520E-001, 1.992005E+000, 3.141978E+000, 5.318943E+000, 4.862928E-001, 1.238678E-001, 1.612692E-001, 5.851985E-001
1.411600E-001, 2.106031E+000, 3.086573E+000, 5.200383E+000, 4.547739E-001, 1.155064E-001, 1.591426E-001, 6.066586E-001
1.411680E-001, 2.311624E+000, 3.240277E+000, 5.057462E+000, 5.448281E-001, 9.293069E-002, 1.638685E-001, 6.078377E-001
1.411760E-001, 2.384186E+000, 3.368958E+000, 5.171149E+000, 5.504565E-001, 7.393843E-002, 1.719024E-001, 5.933345E-001
1.411840E-001, 2.425650E+000, 3.281383E+000, 5.349801E+000, 4.829158E-001, 6.689098E-002, 1.771008E-001, 5.928628E-001
1.411920E-001, 2.448110E+000, 3.066914E+000, 5.309198E+000, 4.682820E-001, 6.079913E-002, 1.865525E-001, 6.019421E-001
1.412000E-001, 2.292619E+000, 2.998998E+000, 5.224745E+000, 4.142494E-001, 5.303500E-002, 1.980127E-001, 6.026496E-001
1.412080E-001, 2.088754E+000, 3.104446E+000, 5.245858E+000, 3.253209E-001, 4.634590E-002, 2.026203E-001, 6.060690E-001
1.412160E-001, 2.045562E+000, 3.122318E+000, 5.343305E+000, 3.140641E-001, 3.655115E-002, 2.085276E-001, 6.177423E-001
1.412240E-001, 2.102576E+000, 3.106233E+000, 5.469985E+000, 3.455831E-001, 1.994785E-002, 2.209330E-001, 6.241096E-001
1.412320E-001, 2.225240E+000, 3.152701E+000, 5.530077E+000, 3.838561E-001, 3.702894E-003, 2.353468E-001, 6.264678E-001
1.412400E-001, 2.296075E+000, 3.106233E+000, 5.491098E+000, 3.962386E-001, -1.206427E-002, 2.489336E-001, 6.355471E-001
1.412480E-001, 2.251155E+000, 3.090148E+000, 5.343305E+000, 3.253209E-001, -3.189267E-002, 2.589760E-001, 6.504040E-001
1.412560E-001, 2.315079E+000, 3.249213E+000, 5.216624E+000, 2.892992E-001, -4.837652E-002, 2.616933E-001, 6.677371E-001
1.412640E-001, 2.439471E+000, 3.390405E+000, 5.292957E+000, 4.018670E-001, -7.226615E-002, 2.600393E-001, 6.847165E-001
1.412720E-001, 2.396280E+000, 3.399341E+000, 5.429382E+000, 5.403254E-001, -9.866421E-002, 2.740987E-001, 6.945032E-001
1.412800E-001, 2.254611E+000, 3.374320E+000, 5.447247E+000, 5.527079E-001, -9.316959E-002, 3.041077E-001, 6.992197E-001
1.412880E-001, 2.164772E+000, 3.413639E+000, 5.437502E+000, 4.671563E-001, -7.907470E-002, 3.146227E-001, 6.998093E-001
1.412960E-001, 2.149223E+000, 3.435086E+000, 5.416389E+000, 4.221292E-001, -9.006394E-002, 3.025718E-001, 6.879001E-001
1.413040E-001, 2.230423E+000, 3.302830E+000, 5.270220E+000, 4.637793E-001, -1.034421E-001, 2.984367E-001, 6.756372E-001
1.413120E-001, 2.418739E+000, 3.202744E+000, 5.169525E+000, 5.133091E-001, -1.263762E-001, 2.990275E-001, 6.845986E-001
1.413200E-001, 2.534493E+000, 3.258149E+000, 5.288085E+000, 4.694077E-001, -1.655552E-001, 3.007996E-001, 7.044078E-001
1.413280E-001, 2.387641E+000, 3.106233E+000, 5.405020E+000, 3.782278E-001, -1.766639E-001, 3.110783E-001, 7.161990E-001
1.413360E-001, 2.099120E+000, 2.847082E+000, 5.395276E+000, 3.984900E-001, -1.729610E-001, 3.055255E-001, 7.150199E-001
1.413440E-001, 1.995460E+000, 2.979339E+000, 5.396900E+000, 4.367630E-001, -1.923116E-001, 2.860314E-001, 7.014600E-001
1.413520E-001, 2.133673E+000, 3.254575E+000, 5.413141E+000, 3.827305E-001, -2.078398E-001, 2.891032E-001, 6.948569E-001
1.413600E-001, 2.287436E+000, 3.218830E+000, 5.377411E+000, 3.872332E-001, -2.156040E-001, 2.977279E-001, 7.048795E-001
1.413680E-001, 2.239061E+000, 3.115169E+000, 5.359546E+000, 4.671563E-001, -2.317295E-001, 2.837866E-001, 7.101855E-001
1.413760E-001, 2.012737E+000, 3.249213E+000, 5.456992E+000, 5.223145E-001, -2.319684E-001, 2.666555E-001, 7.072377E-001
1.413840E-001, 1.981638E+000, 3.374320E+000, 5.510587E+000, 5.245659E-001, -2.264738E-001, 2.538957E-001, 7.121900E-001
1.413920E-001, 2.161316E+000, 3.204532E+000, 5.434254E+000, 4.277576E-001, -2.449882E-001, 2.410178E-001, 7.159632E-001
1.414000E-001, 2.156133E+000, 2.881040E+000, 5.429382E+000, 3.039330E-001, -2.705502E-001, 2.419630E-001, 7.058228E-001
1.414080E-001, 2.080116E+000, 2.698741E+000, 5.593417E+000, 2.915506E-001, -2.875118E-001, 2.426718E-001, 6.991018E-001
1.414160E-001, 2.180321E+000, 2.791678E+000, 5.798054E+000, 3.478345E-001, -3.007706E-001, 2.217600E-001, 7.077094E-001
1.414240E-001, 2.316807E+000, 3.168787E+000, 5.713600E+000, 4.243806E-001, -3.112820E-001, 2.071099E-001, 7.130154E-001
1.414320E-001, 2.411829E+000, 3.536959E+000, 5.388779E+000, 5.054294E-001, -3.201211E-001, 2.132535E-001, 7.091243E-001
1.414400E-001, 2.377275E+000, 3.367171E+000, 5.364418E+000, 4.975496E-001, -3.281242E-001, 2.152620E-001, 7.191468E-001
1.414480E-001, 2.145767E+000, 2.864955E+000, 5.539821E+000, 4.570252E-001, -3.301548E-001, 2.127809E-001, 7.439085E-001
1.414560E-001, 2.055928E+000, 2.684443E+000, 5.466736E+000, 4.975496E-001, -3.290798E-001, 2.164434E-001, 7.562892E-001
1.414640E-001, 2.207963E+000, 2.856019E+000, 5.414765E+000, 5.785984E-001, -3.356494E-001, 2.139624E-001, 7.506294E-001
1.414720E-001, 2.277070E+000, 3.170574E+000, 5.573927E+000, 6.258769E-001, -3.491471E-001, 2.039199E-001, 7.457950E-001
1.414800E-001, 2.296075E+000, 3.343937E+000, 5.663253E+000, 5.774727E-001, -3.540444E-001, 2.009663E-001, 7.539310E-001
1.414880E-001, 2.429105E+000, 3.068701E+000, 5.625899E+000, 4.367630E-001, -3.467581E-001, 2.046288E-001, 7.670193E-001
1.414960E-001, 2.501667E+000, 2.713039E+000, 5.520332E+000, 2.859222E-001, -3.432941E-001, 2.062829E-001, 7.641894E-001
1.415040E-001, 2.404918E+000, 2.779167E+000, 5.508963E+000, 2.082504E-001, -3.412635E-001, 2.066373E-001, 7.513369E-001
1.415120E-001, 2.254611E+000, 3.050828E+000, 5.734714E+000, 2.577802E-001, -3.309909E-001, 2.055740E-001, 7.572325E-001
1.415200E-001, 2.173410E+000, 3.116956E+000, 5.809422E+000, 4.502712E-001, -3.268102E-001, 2.054559E-001, 7.730328E-001
1.415280E-001, 2.247700E+000, 3.040105E+000, 5.577176E+000, 6.832865E-001, -3.290798E-001, 2.117176E-001, 7.698491E-001
1.415360E-001, 2.411829E+000, 3.013296E+000, 5.499218E+000, 7.046744E-001, -3.278853E-001, 2.127809E-001, 7.561713E-001
1.415440E-001, 2.436016E+000, 2.950743E+000, 5.660005E+000, 5.020523E-001, -3.247796E-001, 2.027385E-001, 7.519265E-001
1.415520E-001, 2.233878E+000, 2.923934E+000, 5.765572E+000, 3.917359E-001, -3.208379E-001, 1.980127E-001, 7.460309E-001
1.415600E-001, 2.016192E+000, 3.143765E+000, 5.768820E+000, 4.660307E-001, -3.270491E-001, 2.008482E-001, 7.317635E-001
1.415680E-001, 2.028286E+000, 3.290319E+000, 5.684366E+000, 4.772874E-001, -3.361272E-001, 1.973038E-001, 7.219768E-001
1.415760E-001, 2.209691E+000, 3.090148E+000, 5.595041E+000, 3.399547E-001, -3.258547E-001, 1.910420E-001, 7.136050E-001
1.415840E-001, 2.365181E+000, 2.902487E+000, 5.713600E+000, 2.589059E-001, -3.185683E-001, 1.895061E-001, 7.033466E-001
1.415920E-001, 2.436016E+000, 2.968615E+000, 5.757451E+000, 3.185668E-001, -3.332604E-001, 1.832444E-001, 6.983943E-001
1.416000E-001, 2.422194E+000, 3.050828E+000, 5.526828E+000, 3.883589E-001, -3.360078E-001, 1.687125E-001, 6.942674E-001
1.416080E-001, 2.392824E+000, 2.995424E+000, 5.499218E+000, 4.716590E-001, -3.191656E-001, 1.564253E-001, 6.894330E-001
1.416160E-001, 2.411829E+000, 2.938232E+000, 5.721721E+000, 5.819755E-001, -3.131932E-001, 1.518176E-001, 6.882539E-001
1.416240E-001, 2.425650E+000, 2.948956E+000, 5.880883E+000, 5.560849E-001, -3.142682E-001, 1.492184E-001, 6.828299E-001
1.416320E-001, 2.456748E+000, 2.968615E+000, 5.926358E+000, 4.187522E-001, -3.111625E-001, 1.544168E-001, 6.699774E-001
1.416400E-001, 2.515489E+000, 2.943594E+000, 5.817543E+000, 3.906102E-001, -3.092514E-001, 1.697758E-001, 6.614878E-001
1.416480E-001, 2.517216E+000, 2.914998E+000, 5.799678E+000, 4.423914E-001, -3.068624E-001, 1.733201E-001, 6.565354E-001
1.416560E-001, 2.470569E+000, 3.000786E+000, 5.955592E+000, 4.097467E-001, -3.103264E-001, 1.668221E-001, 6.488712E-001
1.416640E-001, 2.417011E+000, 3.122318E+000, 5.890628E+000, 3.545885E-001, -3.151043E-001, 1.715479E-001, 6.478099E-001
1.416720E-001, 2.349632E+000, 3.041892E+000, 5.734714E+000, 3.658453E-001, -3.057874E-001, 1.808815E-001, 6.502861E-001
1.416800E-001, 2.299530E+000, 2.791678E+000, 5.864642E+000, 3.703480E-001, -2.945592E-001, 1.923416E-001, 6.396740E-001
1.416880E-001, 2.239061E+000, 2.729124E+000, 6.059535E+000, 3.016817E-001, -2.902591E-001, 2.107724E-001, 6.229305E-001
1.416960E-001, 2.173410E+000, 2.943594E+000, 6.092017E+000, 2.442721E-001, -2.835700E-001, 2.215237E-001, 6.155020E-001
1.417040E-001, 2.304713E+000, 3.015084E+000, 6.126123E+000, 3.084357E-001, -2.759253E-001, 2.262495E-001, 6.061869E-001
1.417120E-001, 2.539676E+000, 2.920360E+000, 6.173222E+000, 3.996156E-001, -2.676834E-001, 2.379460E-001, 5.843732E-001
1.417200E-001, 2.574229E+000, 3.015084E+000, 6.121251E+000, 4.345117E-001, -2.595609E-001, 2.503513E-001, 5.614982E-001
1.417280E-001, 2.520672E+000, 3.122318E+000, 6.066031E+000, 4.907956E-001, -2.558580E-001, 2.635837E-001, 5.461696E-001
1.417360E-001, 2.515489E+000, 3.016871E+000, 6.002691E+000, 5.088064E-001, -2.491689E-001, 2.822507E-001, 5.396844E-001
1.417440E-001, 2.420467E+000, 2.836359E+000, 5.934479E+000, 3.838561E-001, -2.343574E-001, 2.979642E-001, 5.357933E-001
1.417520E-001, 2.280525E+000, 2.757720E+000, 6.046542E+000, 2.904249E-001, -2.184707E-001, 3.094243E-001, 5.176348E-001
1.417600E-001, 2.199325E+000, 2.909636E+000, 6.212201E+000, 3.883589E-001, -2.042564E-001, 3.212389E-001, 4.934628E-001
1.417680E-001, 2.245972E+000, 3.097297E+000, 6.187839E+000, 5.335713E-001, -1.876531E-001, 3.336442E-001, 4.891000E-001
1.417760E-001, 2.449837E+000, 3.036530E+000, 6.062783E+000, 4.885442E-001, -1.681831E-001, 3.474673E-001, 4.933449E-001
1.417840E-001, 2.508578E+000, 2.941807E+000, 5.960464E+000, 3.185668E-001, -1.398738E-001, 3.590456E-001, 4.799029E-001
1.417920E-001, 2.342722E+000, 2.988275E+000, 5.950720E+000, 3.624683E-001, -1.103701E-001, 3.676703E-001, 4.591503E-001
1.418000E-001, 2.356543E+000, 2.950743E+000, 6.095265E+000, 5.999863E-001, -1.004559E-001, 3.788942E-001, 4.523114E-001
1.418080E-001, 2.613966E+000, 2.881040E+000, 6.223569E+000, 5.898552E-001, -9.328904E-002, 3.909450E-001, 4.523114E-001
1.418160E-001, 2.712443E+000, 2.911423E+000, 6.079024E+000, 3.151898E-001, -7.752188E-002, 3.998060E-001, 4.461800E-001
1.418240E-001, 2.529310E+000, 2.788103E+000, 5.815919E+000, 1.812341E-001, -7.262450E-002, 4.105573E-001, 4.396948E-001
1.418320E-001, 2.306441E+000, 2.584357E+000, 5.905245E+000, 2.228842E-001, -6.151582E-002, 4.278066E-001, 4.356858E-001
1.418400E-001, 2.206236E+000, 2.636188E+000, 6.358370E+000, 2.757911E-001, -3.320660E-002, 4.439926E-001, 4.266066E-001
1.418480E-001, 2.220057E+000, 2.689805E+000, 6.598737E+000, 2.971790E-001, -1.755888E-002, 4.480095E-001, 4.208288E-001
1.418560E-001, 2.268432E+000, 2.607592E+000, 6.317767E+000, 2.960533E-001, -1.660330E-002, 4.437563E-001, 4.293185E-001
1.418640E-001, 2.351360E+000, 2.813125E+000, 5.999443E+000, 3.816048E-001, -1.755888E-002, 4.467099E-001, 4.359216E-001
1.418720E-001, 2.432561E+000, 3.192021E+000, 6.085520E+000, 4.457684E-001, -2.377019E-002, 4.554527E-001, 4.264886E-001
1.418800E-001, 2.420467E+000, 3.247426E+000, 6.265796E+000, 3.669710E-001, -2.150068E-002, 4.626596E-001, 4.217722E-001
1.418880E-001, 2.380730E+000, 3.016871E+000, 6.306398E+000, 3.467088E-001, -7.166891E-003, 4.679762E-001, 4.330917E-001
1.418960E-001, 2.325445E+000, 2.786316E+000, 6.324264E+000, 3.759764E-001, -4.777928E-004, 4.619507E-001, 4.358037E-001
1.419040E-001, 2.287436E+000, 2.750571E+000, 6.283661E+000, 2.983046E-001, 4.061238E-003, 4.498999E-001, 4.156407E-001
1.419120E-001, 2.460203E+000, 2.868529E+000, 6.301526E+000, 2.499005E-001, 1.696164E-002, 4.462374E-001, 3.912329E-001
1.419200E-001, 2.695167E+000, 2.925721E+000, 6.424958E+000, 3.377034E-001, 2.568136E-002, 4.494273E-001, 3.840402E-001
1.419280E-001, 2.655430E+000, 2.891764E+000, 6.358370E+000, 4.390144E-001, 3.726783E-002, 4.602967E-001, 3.917045E-001
1.419360E-001, 2.425650E+000, 2.829210E+000, 6.143988E+000, 3.782278E-001, 5.626010E-002, 4.665585E-001, 3.987793E-001
1.419440E-001, 2.225240E+000, 2.854231E+000, 5.984826E+000, 2.240099E-001, 6.402423E-002, 4.589971E-001, 3.986613E-001
1.419520E-001, 2.159589E+000, 3.006147E+000, 5.905245E+000, 2.499005E-001, 6.414368E-002, 4.581701E-001, 3.880492E-001
1.419600E-001, 2.366909E+000, 3.006147E+000, 5.950720E+000, 3.253209E-001, 6.306864E-002, 4.688032E-001, 3.749610E-001
1.419680E-001, 2.612238E+000, 2.861380E+000, 6.079024E+000, 1.317043E-001, 6.318809E-002, 4.788456E-001, 3.773192E-001
1.419760E-001, 2.525855E+000, 2.872104E+000, 6.174846E+000, -6.303796E-002, 6.748823E-002, 4.843985E-001, 3.881671E-001
1.419840E-001, 2.328900E+000, 2.925721E+000, 6.226818E+000, 4.502711E-002, 6.892160E-002, 4.827445E-001, 3.842761E-001
1.419920E-001, 2.263249E+000, 2.943594E+000, 6.262548E+000, 2.273869E-001, 7.859691E-002, 4.840440E-001, 3.648205E-001
1.420000E-001, 2.137129E+000, 3.095510E+000, 6.256052E+000, 3.185668E-001, 9.890310E-002, 4.950316E-001, 3.557413E-001
1.420080E-001, 2.040379E+000, 3.108020E+000, 6.212201E+000, 3.512115E-001, 1.114452E-001, 5.073188E-001, 3.638772E-001
1.420160E-001, 2.168227E+000, 2.911423E+000, 6.218697E+000, 3.073101E-001, 1.152675E-001, 5.211419E-001, 3.672967E-001
1.420240E-001, 2.214874E+000, 2.868529E+000, 6.342129E+000, 2.397694E-001, 1.135952E-001, 5.322476E-001, 3.617548E-001
1.420320E-001, 2.095665E+000, 2.857806E+000, 6.441199E+000, 2.059990E-001, 1.116841E-001, 5.331928E-001, 3.540905E-001
1.420400E-001, 2.138857E+000, 2.689805E+000, 6.377859E+000, 2.172558E-001, 1.210010E-001, 5.339016E-001, 3.454829E-001
1.420480E-001, 2.280525E+000, 2.634400E+000, 6.369739E+000, 3.016817E-001, 1.391571E-001, 5.411085E-001, 3.418276E-001
1.420560E-001, 2.294347E+000, 2.713039E+000, 6.551639E+000, 3.241952E-001, 1.531326E-001, 5.463070E-001, 3.405306E-001
1.420640E-001, 2.225240E+000, 2.612953E+000, 6.606858E+000, 1.812341E-001, 1.551632E-001, 5.447711E-001, 3.399411E-001
1.420720E-001, 2.159589E+000, 2.596868E+000, 6.384356E+000, 6.754068E-002, 1.534909E-001, 5.434715E-001, 3.420635E-001
1.420800E-001, 2.197597E+000, 2.823848E+000, 6.178094E+000, 1.204475E-001, 1.642413E-001, 5.520961E-001, 3.348708E-001
1.420880E-001, 2.251155E+000, 2.836359E+000, 6.161853E+000, 2.408951E-001, 1.833530E-001, 5.678095E-001, 3.256737E-001
1.420960E-001, 2.133673E+000, 2.764869E+000, 6.182967E+000, 2.994303E-001, 1.920727E-001, 5.810419E-001, 3.364037E-001
1.421040E-001, 2.099120E+000, 2.891764E+000, 6.054662E+000, 2.701627E-001, 1.932672E-001, 5.908480E-001, 3.477232E-001
1.421120E-001, 2.211419E+000, 2.830997E+000, 5.978329E+000, 1.891139E-001, 1.982840E-001, 5.987638E-001, 3.300364E-001
1.421200E-001, 2.270159E+000, 2.611166E+000, 6.210577E+000, 1.879882E-001, 1.963728E-001, 6.014811E-001, 3.096376E-001
1.421280E-001, 2.328900E+000, 2.752358E+000, 6.324264E+000, 3.861075E-001, 1.767833E-001, 6.004179E-001, 3.201318E-001
1.421360E-001, 2.266704E+000, 3.082999E+000, 6.069279E+000, 5.538335E-001, 1.558799E-001, 6.077429E-001, 3.340454E-001
1.421440E-001, 2.119852E+000, 3.116956E+000, 5.958840E+000, 4.401400E-001, 1.527742E-001, 6.203845E-001, 3.270886E-001
1.421520E-001, 2.133673E+000, 2.882827E+000, 6.119627E+000, 2.397694E-001, 1.607773E-001, 6.257011E-001, 3.262632E-001
1.421600E-001, 2.183776E+000, 2.573634E+000, 6.156981E+000, 1.891139E-001, 1.671080E-001, 6.329080E-001, 3.342813E-001
1.421680E-001, 2.183776E+000, 2.443165E+000, 6.184591E+000, 2.499005E-001, 1.753500E-001, 6.459041E-001, 3.295648E-001
1.421760E-001, 2.251155E+000, 2.637975E+000, 6.394100E+000, 3.106871E-001, 1.907588E-001, 6.492121E-001, 3.288573E-001
1.421840E-001, 2.323717E+000, 2.802401E+000, 6.465561E+000, 3.545885E-001, 2.004341E-001, 6.460222E-001, 3.431247E-001
1.421920E-001, 2.220057E+000, 2.734486E+000, 6.200832E+000, 3.669710E-001, 1.974479E-001, 6.427141E-001, 3.510248E-001
1.422000E-001, 1.985094E+000, 2.666571E+000, 5.970209E+000, 2.611573E-001, 1.999563E-001, 6.332624E-001, 3.526756E-001
1.422080E-001, 1.871068E+000, 2.720188E+000, 6.129371E+000, 1.699774E-001, 2.114233E-001, 6.260555E-001, 3.593966E-001
1.422160E-001, 1.912532E+000, 2.772018E+000, 6.314519E+000, 2.589059E-001, 2.099899E-001, 6.252285E-001, 3.599861E-001
1.422240E-001, 2.016192E+000, 2.666571E+000, 6.221945E+000, 3.512115E-001, 1.952978E-001, 6.145954E-001, 3.501994E-001
1.422320E-001, 2.109486E+000, 2.484272E+000, 6.199208E+000, 3.500858E-001, 1.945811E-001, 5.949831E-001, 3.466620E-001
1.422400E-001, 2.100848E+000, 2.528953E+000, 6.273916E+000, 3.084357E-001, 2.047342E-001, 5.844681E-001, 3.533830E-001
1.422480E-001, 2.090482E+000, 2.727337E+000, 6.200832E+000, 1.598463E-001, 1.913560E-001, 5.812782E-001, 3.622265E-001
1.422560E-001, 2.178593E+000, 2.755933E+000, 6.092017E+000, 5.290686E-002, 1.677053E-001, 5.720628E-001, 3.690654E-001
1.422640E-001, 2.178593E+000, 2.748784E+000, 6.048166E+000, 1.891139E-001, 1.699748E-001, 5.589486E-001, 3.734281E-001
1.422720E-001, 2.049018E+000, 2.827423E+000, 6.030301E+000, 3.185668E-001, 1.802473E-001, 5.502058E-001, 3.777909E-001
1.422800E-001, 2.057656E+000, 2.854231E+000, 6.057910E+000, 2.127531E-001, 1.737971E-001, 5.466614E-001, 3.814462E-001
1.422880E-001, 2.156133E+000, 2.957892E+000, 6.040045E+000, 1.001853E-001, 1.602995E-001, 5.471340E-001, 3.812103E-001
1.422960E-001, 2.033469E+000, 3.166999E+000, 5.957216E+000, 1.958680E-001, 1.445323E-001, 5.458344E-001, 3.827432E-001
1.423040E-001, 1.943630E+000, 3.152701E+000, 6.004315E+000, 3.658453E-001, 1.292429E-001, 5.357920E-001, 3.915866E-001
1.423120E-001, 2.245972E+000, 2.856019E+000, 6.116378E+000, 3.624683E-001, 1.219566E-001, 5.224415E-001, 4.003121E-001
1.423200E-001, 2.517216E+000, 2.655847E+000, 6.165102E+000, 1.801085E-001, 1.095340E-001, 5.076733E-001, 3.944165E-001
1.423280E-001, 2.339266E+000, 2.797040E+000, 6.221945E+000, 1.767314E-001, 8.492766E-002, 4.912510E-001, 3.767297E-001
1.423360E-001, 2.068022E+000, 3.024020E+000, 6.116378E+000, 4.142494E-001, 7.011609E-002, 4.887699E-001, 3.696549E-001
1.423440E-001, 2.009281E+000, 3.059765E+000, 5.885756E+000, 5.223145E-001, 6.999664E-002, 4.936139E-001, 3.767297E-001
1.423520E-001, 2.017920E+000, 3.018658E+000, 5.874387E+000, 4.615279E-001, 6.235196E-002, 4.813267E-001, 3.763759E-001
1.423600E-001, 2.107759E+000, 2.916785E+000, 5.931231E+000, 4.108724E-001, 4.992934E-002, 4.640774E-001, 3.664713E-001
1.423680E-001, 2.249428E+000, 2.645124E+000, 5.858146E+000, 3.647196E-001, 5.279610E-002, 4.660859E-001, 3.651743E-001
1.423760E-001, 2.144040E+000, 2.543251E+000, 5.827288E+000, 3.286979E-001, 6.306864E-002, 4.747105E-001, 3.751968E-001
1.423840E-001, 1.884889E+000, 2.845295E+000, 5.859770E+000, 3.298236E-001, 5.195996E-002, 4.685669E-001, 3.822715E-001
1.423920E-001, 1.819237E+000, 3.029382E+000, 5.749331E+000, 3.478345E-001, 2.448688E-002, 4.559253E-001, 3.772013E-001
1.424000E-001, 1.979911E+000, 2.825635E+000, 5.508963E+000, 3.208182E-001, 1.528937E-002, 4.438744E-001, 3.743714E-001
1.424080E-001, 2.156133E+000, 2.716614E+000, 5.510587E+000, 2.555289E-001, 1.803668E-002, 4.301695E-001, 3.825074E-001
1.424160E-001, 2.035196E+000, 2.923934E+000, 5.770444E+000, 3.388290E-001, 1.075034E-002, 4.230807E-001, 3.881671E-001
1.424240E-001, 1.663747E+000, 3.090148E+000, 5.854897E+000, 4.851672E-001, 3.463998E-003, 4.148105E-001, 3.978360E-001
1.424320E-001, 1.606734E+000, 3.040105E+000, 5.775316E+000, 3.827305E-001, 8.361373E-004, 4.014600E-001, 4.099809E-001
1.424400E-001, 2.007554E+000, 3.006147E+000, 5.877635E+000, 2.251356E-001, -1.182537E-002, 4.021689E-001, 3.981897E-001
1.424480E-001, 2.285709E+000, 3.031169E+000, 6.054662E+000, 2.769168E-001, -3.129543E-002, 4.128020E-001, 3.757864E-001
1.424560E-001, 2.182048E+000, 2.975764E+000, 6.001067E+000, 2.971790E-001, -3.965680E-002, 4.167008E-001, 3.796775E-001
1.424640E-001, 2.069750E+000, 2.850657E+000, 5.741210E+000, 2.150045E-001, -3.917901E-002, 4.162283E-001, 4.017271E-001
1.424720E-001, 2.093937E+000, 2.791678E+000, 5.557686E+000, 2.082504E-001, -4.789872E-002, 4.171734E-001, 4.067973E-001
1.424800E-001, 2.076660E+000, 2.902487E+000, 5.733089E+000, 2.059990E-001, -7.178836E-002, 4.249711E-001, 3.937090E-001
1.424880E-001, 2.009281E+000, 2.963253E+000, 5.975081E+000, 1.339557E-001, -1.010532E-001, 4.345409E-001, 3.869880E-001
1.424960E-001, 1.959179E+000, 2.777380E+000, 5.760699E+000, 9.680830E-002, -1.198065E-001, 4.280429E-001, 3.931195E-001
1.425040E-001, 1.934991E+000, 2.727337E+000, 5.395276E+000, 1.891139E-001, -1.213594E-001, 4.128020E-001, 3.948882E-001
1.425120E-001, 1.931536E+000, 3.011509E+000, 5.296206E+000, 3.343263E-001, -1.106090E-001, 4.130383E-001, 3.852193E-001
1.425200E-001, 1.933264E+000, 3.193808E+000, 5.226369E+000, 3.545885E-001, -9.555855E-002, 4.240259E-001, 3.816820E-001
1.425280E-001, 1.876251E+000, 3.143765E+000, 5.234489E+000, 2.667857E-001, -8.540545E-002, 4.218993E-001, 3.894642E-001
1.425360E-001, 1.874523E+000, 3.100871E+000, 5.481353E+000, 1.947423E-001, -8.444987E-002, 4.085488E-001, 3.925299E-001
1.425440E-001, 2.112942E+000, 3.007935E+000, 5.572303E+000, 2.138788E-001, -9.293069E-002, 4.038229E-001, 3.847477E-001
1.425520E-001, 2.334083E+000, 2.868529E+000, 5.528452E+000, 3.455831E-001, -1.125202E-001, 4.025233E-001, 3.813283E-001
1.425600E-001, 2.214874E+000, 2.807763E+000, 5.648636E+000, 4.153751E-001, -1.358126E-001, 3.969705E-001, 3.948882E-001
1.425680E-001, 1.962634E+000, 2.754146E+000, 5.650260E+000, 3.680967E-001, -1.478769E-001, 3.933080E-001, 4.044391E-001
1.425760E-001, 1.914259E+000, 2.856019E+000, 5.582048E+000, 3.680967E-001, -1.499075E-001, 3.833837E-001, 3.912329E-001
1.425840E-001, 2.043835E+000, 3.172361E+000, 5.703856E+000, 3.602169E-001, -1.614940E-001, 3.726324E-001, 3.888746E-001
1.425920E-001, 2.204508E+000, 3.268872E+000, 5.627523E+000, 2.960533E-001, -1.802473E-001, 3.818478E-001, 4.111601E-001
1.426000E-001, 2.363454E+000, 3.007935E+000, 5.354673E+000, 3.264466E-001, -1.820390E-001, 3.937805E-001, 4.216542E-001
1.426080E-001, 2.399735E+000, 2.793465E+000, 5.400148E+000, 3.962386E-001, -1.690192E-001, 3.920083E-001, 4.228334E-001
1.426160E-001, 2.187231E+000, 2.868529E+000, 5.549566E+000, 3.534628E-001, -1.618523E-001, 3.921265E-001, 4.314409E-001
1.426240E-001, 1.960906E+000, 3.054403E+000, 5.370914E+000, 2.544032E-001, -1.626884E-001, 3.943713E-001, 4.355679E-001
1.426320E-001, 1.898710E+000, 3.140191E+000, 5.169525E+000, 1.823598E-001, -1.697359E-001, 3.911813E-001, 4.391052E-001
1.426400E-001, 1.881434E+000, 3.143765E+000, 5.244234E+000, 2.048734E-001, -1.777389E-001, 3.889365E-001, 4.467695E-001
1.426480E-001, 1.952268E+000, 3.113382E+000, 5.354673E+000, 2.836708E-001, -1.731999E-001, 3.878732E-001, 4.506606E-001
1.426560E-001, 2.156133E+000, 2.963253E+000, 5.322191E+000, 2.431464E-001, -1.675858E-001, 3.848014E-001, 4.533726E-001
1.426640E-001, 2.251155E+000, 2.764869E+000, 5.379035E+000, 1.339557E-001, -1.735582E-001, 3.824385E-001, 4.572637E-001
1.426720E-001, 2.066294E+000, 2.802401E+000, 5.557686E+000, 1.452124E-001, -1.779778E-001, 3.835018E-001, 4.655176E-001
1.426800E-001, 1.824420E+000, 2.952530E+000, 5.539821E+000, 2.701627E-001, -1.819196E-001, 3.863373E-001, 4.791954E-001
1.426880E-001, 1.948813E+000, 2.947168E+000, 5.437502E+000, 3.658453E-001, -1.908782E-001, 3.858648E-001, 4.849731E-001
1.426960E-001, 2.283981E+000, 2.911423E+000, 5.401772E+000, 3.084357E-001, -1.938644E-001, 3.885821E-001, 4.778984E-001
1.427040E-001, 2.175138E+000, 2.909636E+000, 5.292957E+000, 1.114421E-001, -1.927894E-001, 4.055951E-001, 4.695266E-001
1.427120E-001, 1.800233E+000, 3.004360E+000, 5.213376E+000, 2.026220E-002, -1.878920E-001, 4.175279E-001, 4.712953E-001
1.427200E-001, 1.902166E+000, 3.263511E+000, 5.195511E+000, 2.037477E-001, -1.795306E-001, 4.063040E-001, 4.835582E-001
1.427280E-001, 2.270159E+000, 3.297468E+000, 5.167901E+000, 3.861075E-001, -1.826363E-001, 3.938987E-001, 4.924016E-001
1.427360E-001, 2.277070E+000, 3.016871E+000, 5.229617E+000, 3.264466E-001, -1.904004E-001, 3.936624E-001, 4.936986E-001
1.427440E-001, 2.068022E+000, 2.966828E+000, 5.361170E+000, 2.499005E-001, -1.925505E-001, 3.989789E-001, 4.985330E-001
1.427520E-001, 2.130218E+000, 3.057977E+000, 5.406644E+000, 2.701627E-001, -2.003146E-001, 4.103210E-001, 5.003017E-001
1.427600E-001, 2.325445E+000, 2.945381E+000, 5.286461E+000, 2.285126E-001, -2.037786E-001, 4.200089E-001, 4.909866E-001
1.427680E-001, 2.100848E+000, 2.984700E+000, 5.133795E+000, 1.981193E-001, -1.966117E-001, 4.183549E-001, 4.879209E-001
1.427760E-001, 1.717305E+000, 3.154489E+000, 5.167901E+000, 2.859222E-001, -2.019869E-001, 4.142198E-001, 4.988868E-001
1.427840E-001, 1.760497E+000, 3.057977E+000, 5.286461E+000, 3.669710E-001, -2.061676E-001, 4.170553E-001, 5.059615E-001
1.427920E-001, 1.995460E+000, 2.904274E+000, 5.216624E+000, 3.782278E-001, -1.821585E-001, 4.185912E-001, 5.084376E-001
1.428000E-001, 2.163044E+000, 2.897125E+000, 5.088320E+000, 3.714737E-001, -1.522964E-001, 4.100847E-001, 5.197572E-001
1.428080E-001, 2.268432E+000, 2.868529E+000, 5.146788E+000, 3.478345E-001, -1.389183E-001, 4.058314E-001, 5.255349E-001
1.428160E-001, 2.199325E+000, 2.772018E+000, 5.177646E+000, 2.915506E-001, -1.399933E-001, 4.152831E-001, 5.170453E-001
1.428240E-001, 2.116397E+000, 2.768444E+000, 5.067207E+000, 1.857368E-001, -1.377238E-001, 4.287517E-001, 5.151587E-001
1.428320E-001, 2.066294E+000, 2.922147E+000, 5.133795E+000, 9.568262E-002, -1.114452E-001, 4.442289E-001, 5.208185E-001
1.428400E-001, 1.846880E+000, 2.990062E+000, 5.294581E+000, 1.035624E-001, -8.743607E-002, 4.539168E-001, 5.136258E-001
1.428480E-001, 1.693117E+000, 2.841721E+000, 5.205256E+000, 1.069394E-001, -9.543911E-002, 4.455285E-001, 4.957031E-001
1.428560E-001, 1.838242E+000, 2.759507E+000, 5.002243E+000, 6.866635E-002, -1.215983E-001, 4.364312E-001, 4.882747E-001
1.428640E-001, 1.917715E+000, 2.763082E+000, 4.937278E+000, 1.024367E-001, -1.552826E-001, 4.376127E-001, 5.000659E-001
1.428720E-001, 1.858974E+000, 2.738060E+000, 4.971385E+000, 2.082504E-001, -1.775000E-001, 4.274521E-001, 5.115034E-001
1.428800E-001, 1.990277E+000, 2.925721E+000, 5.024980E+000, 2.859222E-001, -1.696164E-001, 4.086669E-001, 5.079660E-001
1.428880E-001, 2.057656E+000, 3.220617E+000, 5.091568E+000, 2.600316E-001, -1.556410E-001, 4.050044E-001, 5.023062E-001
1.428960E-001, 1.846880E+000, 3.206319E+000, 5.093193E+000, 1.722287E-001, -1.513409E-001, 4.079581E-001, 5.024241E-001
1.429040E-001, 1.777773E+000, 2.963253E+000, 4.943775E+000, 1.812341E-001, -1.446518E-001, 4.090213E-001, 5.058436E-001
1.429120E-001, 1.917715E+000, 2.798827E+000, 4.869066E+000, 2.791681E-001, -1.288846E-001, 4.242622E-001, 5.169274E-001
1.429200E-001, 1.997187E+000, 2.850657E+000, 5.072079E+000, 3.073101E-001, -1.102507E-001, 4.464736E-001, 5.302514E-001
1.429280E-001, 2.106031E+000, 2.988275E+000, 5.236114E+000, 1.812341E-001, -1.137147E-001, 4.501362E-001, 5.359112E-001
1.429360E-001, 2.244245E+000, 2.982913E+000, 5.166277E+000, 6.754067E-003, -1.447712E-001, 4.402119E-001, 5.405098E-001
1.429440E-001, 2.220057E+000, 2.931083E+000, 5.122426E+000, -2.026220E-002, -1.629273E-001, 4.382034E-001, 5.486457E-001
1.429520E-001, 2.074933E+000, 2.966828E+000, 5.096441E+000, 1.080651E-001, -1.458462E-001, 4.471825E-001, 5.538339E-001
1.429600E-001, 2.016192E+000, 2.936445E+000, 5.029852E+000, 2.679113E-001, -1.146703E-001, 4.598241E-001, 5.521831E-001
1.429680E-001, 2.119852E+000, 2.852444E+000, 5.133795E+000, 3.185668E-001, -9.257235E-002, 4.643137E-001, 5.479383E-001
1.429760E-001, 2.182048E+000, 2.811337E+000, 5.283213E+000, 2.420207E-001, -9.030283E-002, 4.527354E-001, 5.532443E-001
1.429840E-001, 2.049018E+000, 2.741635E+000, 5.221497E+000, 2.802938E-001, -9.090007E-002, 4.483640E-001, 5.660968E-001
1.429920E-001, 1.919442E+000, 2.682656E+000, 5.135419E+000, 4.232549E-001, -7.847746E-002, 4.636048E-001, 5.656251E-001
1.430000E-001, 2.023103E+000, 2.725550E+000, 5.111057E+000, 3.962386E-001, -7.943305E-002, 4.658496E-001, 5.517114E-001
1.430080E-001, 2.254611E+000, 2.897125E+000, 5.091568E+000, 2.014963E-001, -9.520021E-002, 4.483640E-001, 5.454621E-001
1.430160E-001, 2.259794E+000, 3.093722E+000, 5.106185E+000, 3.602169E-002, -9.818641E-002, 4.425748E-001, 5.523010E-001
1.430240E-001, 2.061111E+000, 2.998998E+000, 5.080200E+000, 6.866635E-002, -1.092951E-001, 4.490728E-001, 5.544235E-001
1.430320E-001, 2.071477E+000, 2.736273E+000, 5.081824E+000, 2.127531E-001, -1.410683E-001, 4.467099E-001, 5.422785E-001
1.430400E-001, 2.258066E+000, 2.761295E+000, 5.166277E+000, 2.971790E-001, -1.600606E-001, 4.314691E-001, 5.333171E-001
1.430480E-001, 2.296075E+000, 2.927509E+000, 5.180894E+000, 3.410804E-001, -1.576716E-001, 4.175279E-001, 5.348500E-001
1.430560E-001, 2.244245E+000, 2.968615E+000, 5.124050E+000, 2.780424E-001, -1.501464E-001, 4.210722E-001, 5.336709E-001
1.430640E-001, 2.209691E+000, 3.038318E+000, 5.050966E+000, 2.082504E-001, -1.396349E-001, 4.393849E-001, 5.362650E-001
1.430720E-001, 2.144040E+000, 3.016871E+000, 5.049342E+000, 3.579656E-001, -1.272123E-001, 4.565161E-001, 5.480562E-001
1.430800E-001, 2.078388E+000, 2.746997E+000, 5.249106E+000, 5.076807E-001, -1.290040E-001, 4.711661E-001, 5.538339E-001
1.430880E-001, 2.142312E+000, 2.614741E+000, 5.406644E+000, 4.142494E-001, -1.430989E-001, 4.942046E-001, 5.531264E-001
1.430960E-001, 2.359998E+000, 2.795252E+000, 5.270220E+000, 2.510262E-001, -1.439351E-001, 5.171250E-001, 5.596116E-001
1.431040E-001, 2.499940E+000, 2.961466E+000, 5.114305E+000, 2.656600E-001, -1.343792E-001, 5.211419E-001, 5.714028E-001
1.431120E-001, 2.358271E+000, 2.975764E+000, 5.172773E+000, 4.086211E-001, -1.371265E-001, 5.160616E-001, 5.750581E-001
1.431200E-001, 2.090482E+000, 2.907849E+000, 5.180894E+000, 4.401400E-001, -1.401127E-001, 5.233867E-001, 5.699878E-001
1.431280E-001, 2.031741E+000, 2.784529E+000, 4.992498E+000, 3.377034E-001, -1.296013E-001, 5.408723E-001, 5.668042E-001
1.431360E-001, 2.185504E+000, 2.768444E+000, 4.950271E+000, 3.219439E-001, -1.206427E-001, 5.596575E-001, 5.620877E-001
1.431440E-001, 2.290892E+000, 2.947168E+000, 5.229617E+000, 4.435171E-001, -1.145508E-001, 5.705269E-001, 5.544235E-001
1.431520E-001, 2.258066E+000, 2.902487E+000, 5.478105E+000, 5.391997E-001, -1.014115E-001, 5.730080E-001, 5.505323E-001
1.431600E-001, 2.163044E+000, 2.521804E+000, 5.405020E+000, 5.110577E-001, -9.066118E-002, 5.856496E-001, 5.442830E-001
1.431680E-001, 2.185504E+000, 2.389548E+000, 5.164653E+000, 4.086211E-001, -9.137787E-002, 6.049074E-001, 5.302514E-001
1.431760E-001, 2.404918E+000, 2.595081E+000, 5.059086E+000, 3.568399E-001, -9.436407E-002, 6.033715E-001, 5.136258E-001
1.431840E-001, 2.520672E+000, 2.718401E+000, 5.124050E+000, 3.455831E-001, -9.723083E-002, 5.878944E-001, 5.069048E-001
1.431920E-001, 2.403190E+000, 2.768444E+000, 5.215000E+000, 3.073101E-001, -1.102507E-001, 5.878944E-001, 5.144512E-001
1.432000E-001, 2.315079E+000, 2.832784E+000, 5.210128E+000, 3.647196E-001, -1.347376E-001, 6.039622E-001, 5.254170E-001
1.432080E-001, 2.354815E+000, 2.775593E+000, 5.125674E+000, 5.245659E-001, -1.542076E-001, 6.158950E-001, 5.361471E-001
1.432160E-001, 2.461931E+000, 2.623677E+000, 5.028228E+000, 5.909809E-001, -1.558799E-001, 6.242833E-001, 5.426322E-001
1.432240E-001, 2.503395E+000, 2.580783E+000, 4.945399E+000, 5.403254E-001, -1.567160E-001, 6.373975E-001, 5.341426E-001
1.432320E-001, 2.372092E+000, 2.730911E+000, 5.024980E+000, 4.986753E-001, -1.741555E-001, 6.425959E-001, 5.199931E-001
1.432400E-001, 2.278798E+000, 2.886402E+000, 5.270220E+000, 4.840415E-001, -1.917143E-001, 6.378701E-001, 5.182244E-001
1.432480E-001, 2.223512E+000, 2.859593E+000, 5.400148E+000, 4.412657E-001, -1.998368E-001, 6.357435E-001, 5.282469E-001
1.432560E-001, 2.076660E+000, 2.811337E+000, 5.361170E+000, 3.984900E-001, -2.153651E-001, 6.318446E-001, 5.440472E-001
1.432640E-001, 2.157861E+000, 2.857806E+000, 5.266972E+000, 4.266319E-001, -2.390158E-001, 6.280640E-001, 5.559563E-001
1.432720E-001, 2.458476E+000, 2.843508E+000, 5.148412E+000, 5.155604E-001, -2.657722E-001, 6.304269E-001, 5.521831E-001
1.432800E-001, 2.570774E+000, 2.763082E+000, 5.111057E+000, 6.337566E-001, -2.902591E-001, 6.291273E-001, 5.485278E-001
1.432880E-001, 2.544859E+000, 2.693379E+000, 5.205256E+000, 7.001716E-001, -2.924092E-001, 6.264099E-001, 5.613803E-001
1.432960E-001, 2.451565E+000, 2.666571E+000, 5.258851E+000, 6.179972E-001, -2.842867E-001, 6.308995E-001, 5.716386E-001
1.433040E-001, 2.239061E+000, 2.763082E+000, 5.171149E+000, 5.335713E-001, -2.963510E-001, 6.366886E-001, 5.684550E-001
1.433120E-001, 2.216602E+000, 2.841721E+000, 5.094817E+000, 6.382594E-001, -3.135515E-001, 6.443682E-001, 5.649176E-001
1.433200E-001, 2.461931E+000, 2.662996E+000, 5.158156E+000, 7.587069E-001, -3.081763E-001, 6.583093E-001, 5.677475E-001
1.433280E-001, 2.584596E+000, 2.423505E+000, 5.229617E+000, 7.114284E-001, -3.000539E-001, 6.774490E-001, 5.752939E-001
1.433360E-001, 2.467114E+000, 2.441378E+000, 5.255603E+000, 5.921066E-001, -3.162988E-001, 6.919810E-001, 5.749401E-001
1.433440E-001, 2.404918E+000, 2.612953E+000, 5.356297E+000, 5.256916E-001, -3.385162E-001, 6.935169E-001, 5.630310E-001
1.433520E-001, 2.480935E+000, 2.763082E+000, 5.500843E+000, 5.650903E-001, -3.426969E-001, 7.007238E-001, 5.605549E-001
1.433600E-001, 2.401463E+000, 2.804188E+000, 5.541445E+000, 6.371337E-001, -3.366050E-001, 7.235259E-001, 5.703416E-001
1.433680E-001, 2.218329E+000, 2.713039E+000, 5.455368E+000, 6.405107E-001, -3.266908E-001, 7.444378E-001, 5.810716E-001
1.433760E-001, 2.340994E+000, 2.621890E+000, 5.354673E+000, 6.630242E-001, -3.157016E-001, 7.561342E-001, 5.968719E-001
1.433840E-001, 2.626060E+000, 2.561123E+000, 5.294581E+000, 7.294393E-001, -3.062652E-001, 7.655859E-001, 6.096064E-001
1.433920E-001, 2.574229E+000, 2.500357E+000, 5.333560E+000, 7.035487E-001, -2.853617E-001, 7.797634E-001, 6.034749E-001
1.434000E-001, 2.297802E+000, 2.487846E+000, 5.479729E+000, 5.966093E-001, -2.620693E-001, 7.945317E-001, 5.933345E-001
1.434080E-001, 2.240789E+000, 2.503931E+000, 5.575552E+000, 5.133091E-001, -2.637416E-001, 8.009115E-001, 5.966361E-001
1.434160E-001, 2.415284E+000, 2.587932E+000, 5.655133E+000, 5.414510E-001, -2.789115E-001, 8.095362E-001, 6.009988E-001
1.434240E-001, 2.465386E+000, 2.691592E+000, 5.786685E+000, 6.528932E-001, -2.871535E-001, 8.279670E-001, 5.989943E-001
1.434320E-001, 2.271887E+000, 2.648698E+000, 5.708728E+000, 6.889148E-001, -2.916925E-001, 8.373005E-001, 5.993480E-001
1.434400E-001, 2.163044E+000, 2.566485E+000, 5.536573E+000, 6.348823E-001, -2.881090E-001, 8.312750E-001, 5.965181E-001
1.434480E-001, 2.249428E+000, 2.525378E+000, 5.763947E+000, 6.337566E-001, -2.756864E-001, 8.289121E-001, 5.909762E-001
1.434560E-001, 2.328900E+000, 2.496782E+000, 5.992946E+000, 6.956689E-001, -2.761642E-001, 8.384820E-001, 5.964002E-001
1.434640E-001, 2.415284E+000, 2.553974E+000, 5.731465E+000, 6.866635E-001, -2.930064E-001, 8.499421E-001, 6.071302E-001
1.434720E-001, 2.415284E+000, 2.559336E+000, 5.567431E+000, 5.718443E-001, -3.072208E-001, 8.546680E-001, 6.138512E-001
1.434800E-001, 2.299530E+000, 2.421718E+000, 5.760699E+000, 4.784131E-001, -3.133126E-001, 8.567946E-001, 6.206901E-001
1.434880E-001, 2.430833E+000, 2.368101E+000, 5.853273E+000, 4.671563E-001, -3.190461E-001, 8.585668E-001, 6.285902E-001
1.434960E-001, 2.645064E+000, 2.387760E+000, 5.778564E+000, 4.558995E-001, -3.309909E-001, 8.550224E-001, 6.367262E-001
1.435040E-001, 2.463659E+000, 2.369888E+000, 5.715224E+000, 4.694077E-001, -3.446080E-001, 8.489970E-001, 6.436830E-001
1.435120E-001, 2.100848E+000, 2.391335E+000, 5.739586E+000, 6.056147E-001, -3.545222E-001, 8.430897E-001, 6.505219E-001
1.435200E-001, 2.068022E+000, 2.410995E+000, 5.866266E+000, 7.902259E-001, -3.655115E-001, 8.384820E-001, 6.574787E-001
1.435280E-001, 2.379003E+000, 2.423505E+000, 6.057910E+000, 8.566409E-001, -3.714839E-001, 8.363553E-001, 6.631386E-001
1.435360E-001, 2.596689E+000, 2.539676E+000, 6.197584E+000, 7.463244E-001, -3.708866E-001, 8.313932E-001, 6.738685E-001
1.435440E-001, 2.510306E+000, 2.657634E+000, 6.085520E+000, 5.527079E-001, -3.750673E-001, 8.273762E-001, 6.895509E-001
1.435520E-001, 2.418739E+000, 2.589719E+000, 5.812671E+000, 4.255062E-001, -3.819953E-001, 8.323384E-001, 7.031108E-001
1.435600E-001, 2.525855E+000, 2.307334E+000, 5.788309E+000, 4.108724E-001, -3.921484E-001, 8.400179E-001, 7.134871E-001
1.435680E-001, 2.548315E+000, 2.100014E+000, 5.976705E+000, 4.840415E-001, -4.062433E-001, 8.402542E-001, 7.154916E-001
1.435760E-001, 2.392824E+000, 2.142908E+000, 6.031925E+000, 5.932323E-001, -4.135296E-001, 8.384820E-001, 7.154916E-001
1.435840E-001, 2.344449E+000, 2.194738E+000, 6.119627E+000, 5.853525E-001, -4.190243E-001, 8.502966E-001, 7.319993E-001
1.435920E-001, 2.496485E+000, 2.278738E+000, 6.252803E+000, 4.018670E-001, -4.346720E-001, 8.679003E-001, 7.535772E-001
1.436000E-001, 2.622604E+000, 2.486059E+000, 6.103385E+000, 3.151898E-001, -4.497224E-001, 8.653011E-001, 7.605340E-001
1.436080E-001, 2.439471E+000, 2.466399E+000, 5.911741E+000, 4.367630E-001, -4.496030E-001, 8.493514E-001, 7.564071E-001
1.436160E-001, 2.185504E+000, 2.242993E+000, 6.004315E+000, 5.099321E-001, -4.450639E-001, 8.468704E-001, 7.455592E-001
1.436240E-001, 2.342722E+000, 2.235844E+000, 6.126123E+000, 4.772874E-001, -4.424361E-001, 8.566765E-001, 7.334142E-001
1.436320E-001, 2.565591E+000, 2.369888E+000, 6.070903E+000, 4.705333E-001, -4.298940E-001, 8.700269E-001, 7.423756E-001
1.436400E-001, 2.427377E+000, 2.432441E+000, 6.113130E+000, 4.975496E-001, -4.155602E-001, 8.878670E-001, 7.694954E-001
1.436480E-001, 2.299530E+000, 2.505718E+000, 6.213825E+000, 5.054294E-001, -4.162770E-001, 9.034623E-001, 7.762164E-001
1.436560E-001, 2.384186E+000, 2.452101E+000, 6.124499E+000, 4.862928E-001, -4.288190E-001, 9.099603E-001, 7.532235E-001
1.436640E-001, 2.384186E+000, 2.203674E+000, 6.213825E+000, 5.425767E-001, -4.296551E-001, 9.114962E-001, 7.361262E-001
1.436720E-001, 2.275342E+000, 2.155418E+000, 6.499667E+000, 6.134945E-001, -4.069600E-001, 9.198846E-001, 7.476816E-001
1.436800E-001, 2.290892E+000, 2.389548E+000, 6.429831E+000, 5.515822E-001, -3.867733E-001, 9.342983E-001, 7.700850E-001
1.436880E-001, 2.408373E+000, 2.532527E+000, 6.124499E+000, 4.862928E-001, -3.812786E-001, 9.411508E-001, 7.814046E-001
1.436960E-001, 2.465386E+000, 2.453888E+000, 6.088768E+000, 4.772874E-001, -3.708866E-001, 9.406782E-001, 7.786925E-001
1.437040E-001, 2.410101E+000, 2.226908E+000, 6.244683E+000, 4.367630E-001, -3.539250E-001, 9.452859E-001, 7.687879E-001
1.437120E-001, 2.320262E+000, 2.051758E+000, 6.280413E+000, 4.570252E-001, -3.450858E-001, 9.536743E-001, 7.650147E-001
1.437200E-001, 2.256338E+000, 2.098227E+000, 6.262548E+000, 5.414510E-001, -3.361272E-001, 9.540287E-001, 7.713820E-001
1.437280E-001, 2.273615E+000, 2.144695E+000, 6.283661E+000, 4.998010E-001, -3.314687E-001, 9.485940E-001, 7.799896E-001
1.437360E-001, 2.417011E+000, 2.082141E+000, 6.280413E+000, 3.816048E-001, -3.898789E-001, 9.442226E-001, 7.877718E-001
1.437440E-001, 2.410101E+000, 2.175078E+000, 6.295030E+000, 3.590913E-001, -5.293944E-001, 9.423323E-001, 7.867106E-001
1.437520E-001, 2.204508E+000, 2.380611E+000, 6.273916E+000, 3.680967E-001, -6.635347E-001, 9.462311E-001, 7.699671E-001
1.437600E-001, 2.275342E+000, 2.330569E+000, 6.230066E+000, 3.410804E-001, -7.320980E-001, 9.514295E-001, 7.593549E-001
1.437680E-001, 2.463659E+000, 2.076780E+000, 6.301526E+000, 3.151898E-001, -7.601683E-001, 9.457585E-001, 7.703208E-001
1.437760E-001, 2.392824E+000, 1.937374E+000, 6.286909E+000, 2.453978E-001, -7.389065E-001, 9.348891E-001, 7.798717E-001
1.437840E-001, 2.252883E+000, 1.964183E+000, 6.218697E+000, 1.969936E-001, -6.367783E-001, 9.348891E-001, 7.869464E-001
1.437920E-001, 2.145767E+000, 2.098227E+000, 6.397348E+000, 3.118128E-001, -5.059825E-001, 9.417416E-001, 8.186648E-001
1.438000E-001, 2.093937E+000, 2.223334E+000, 6.515908E+000, 4.536482E-001, -3.939401E-001, 9.482396E-001, 8.529773E-001
1.438080E-001, 2.304713E+000, 2.194738E+000, 6.384356E+000, 3.861075E-001, -2.881090E-001, 9.515477E-001, 8.519161E-001
1.438160E-001, 2.719354E+000, 2.137546E+000, 6.408717E+000, 2.138788E-001, -2.294600E-001, 9.398512E-001, 8.392994E-001
1.438240E-001, 2.964683E+000, 2.242993E+000, 6.541894E+000, 1.958680E-001, -2.566942E-001, 9.157494E-001, 8.371770E-001
1.438320E-001, 2.902487E+000, 2.309121E+000, 6.498043E+000, 2.915506E-001, -3.133126E-001, 8.934199E-001, 8.244425E-001
1.438400E-001, 2.714171E+000, 2.160780E+000, 6.449320E+000, 3.140641E-001, -3.505805E-001, 8.660100E-001, 8.072273E-001
1.438480E-001, 2.541404E+000, 2.069631E+000, 6.426582E+000, 2.746654E-001, -3.761424E-001, 8.328110E-001, 8.026288E-001
1.438560E-001, 2.446382E+000, 2.189376E+000, 6.316143E+000, 3.230695E-001, -3.862954E-001, 8.163887E-001, 8.005064E-001
1.438640E-001, 2.380730E+000, 2.328781E+000, 6.338881E+000, 4.592766E-001, -3.661087E-001, 8.244226E-001, 8.005064E-001
1.438720E-001, 2.391097E+000, 2.323419E+000, 6.532149E+000, 5.009267E-001, -3.221518E-001, 8.458070E-001, 7.992093E-001
1.438800E-001, 2.484391E+000, 2.273376E+000, 6.558135E+000, 3.804791E-001, -2.609943E-001, 8.713266E-001, 7.906017E-001
1.438880E-001, 2.278798E+000, 2.366313E+000, 6.374611E+000, 2.791681E-001, -1.798890E-001, 8.976731E-001, 7.988555E-001
1.438960E-001, 1.983366E+000, 2.450314E+000, 6.382731E+000, 3.512115E-001, -1.032032E-001, 9.253193E-001, 8.223201E-001
1.439040E-001, 2.187231E+000, 2.343079E+000, 6.670198E+000, 4.221292E-001, -7.501347E-002, 9.560372E-001, 8.189006E-001
1.439120E-001, 2.622604E+000, 2.214397E+000, 6.675070E+000, 3.253209E-001, -1.135952E-001, 9.853374E-001, 7.961436E-001
1.439200E-001, 2.862751E+000, 2.212610E+000, 6.332384E+000, 2.161302E-001, -2.188291E-001, 1.004595E+000, 7.876539E-001
1.439280E-001, 2.810920E+000, 2.275164E+000, 6.262548E+000, 2.161302E-001, -3.569112E-001, 1.014992E+000, 7.798717E-001
1.439360E-001, 2.494757E+000, 2.343079E+000, 6.468809E+000, 2.802938E-001, -4.541420E-001, 1.018536E+000, 7.664297E-001
1.439440E-001, 2.266704E+000, 2.280525E+000, 6.571127E+000, 3.849818E-001, -4.924849E-001, 1.014992E+000, 7.628923E-001
1.439520E-001, 2.313351E+000, 2.108950E+000, 6.563007E+000, 4.074954E-001, -5.138661E-001, 1.012984E+000, 7.527519E-001
1.439600E-001, 2.446382E+000, 2.130397E+000, 6.389228E+000, 2.904249E-001, -5.166134E-001, 1.023380E+000, 7.374232E-001
1.439680E-001, 2.496485E+000, 2.275164E+000, 6.186215E+000, 2.566546E-001, -4.828096E-001, 1.042048E+000, 7.472100E-001
1.439760E-001, 2.418739E+000, 2.235844E+000, 6.252803E+000, 3.624683E-001, -4.441084E-001, 1.047482E+000, 7.654864E-001
1.439840E-001, 2.296075E+000, 2.189376E+000, 6.293406E+000, 4.288833E-001, -4.333580E-001, 1.040393E+000, 7.669013E-001
1.439920E-001, 2.299530E+000, 2.325207E+000, 6.181343E+000, 3.816048E-001, -4.591588E-001, 1.042520E+000, 7.658401E-001
1.440000E-001, 2.463659E+000, 2.425292E+000, 6.308022E+000, 2.904249E-001, -5.244970E-001, 1.038267E+000, 7.669013E-001
1.440080E-001, 2.461931E+000, 2.407420E+000, 6.595489E+000, 3.050587E-001, -6.050051E-001, 1.006958E+000, 7.518086E-001
1.440160E-001, 2.301258E+000, 2.393122E+000, 6.619851E+000, 3.872332E-001, -6.616235E-001, 9.728140E-001, 7.218589E-001
1.440240E-001, 2.468842E+000, 2.407420E+000, 6.468809E+000, 3.737251E-001, -6.681932E-001, 9.559191E-001, 6.982764E-001
1.440320E-001, 2.719354E+000, 2.409207E+000, 6.485050E+000, 3.906102E-001, -6.100219E-001, 9.509569E-001, 6.804717E-001
1.440400E-001, 2.482663E+000, 2.377037E+000, 6.574376E+000, 5.504565E-001, -5.088493E-001, 9.555646E-001, 6.583042E-001
1.440480E-001, 2.173410E+000, 2.352015E+000, 6.554886E+000, 5.785984E-001, -4.098268E-001, 9.651344E-001, 6.506398E-001
1.440560E-001, 2.277070E+000, 2.459250E+000, 6.548390E+000, 3.703480E-001, -3.349327E-001, 9.774216E-001, 6.684446E-001
1.440640E-001, 2.289164E+000, 2.552187E+000, 6.582496E+000, 2.667857E-001, -2.952759E-001, 9.972702E-001, 6.901404E-001
1.440720E-001, 1.993732E+000, 2.344867E+000, 6.485050E+000, 3.151898E-001, -2.924092E-001, 1.017473E+000, 7.097139E-001
1.440800E-001, 1.964362E+000, 2.135759E+000, 6.288533E+000, 3.061844E-001, -3.020845E-001, 1.034722E+000, 7.319993E-001
1.440880E-001, 2.197597E+000, 2.305547E+000, 6.259300E+000, 3.433318E-001, -3.135515E-001, 1.057170E+000, 7.410786E-001
1.440960E-001, 2.245972E+000, 2.402058E+000, 6.369739E+000, 4.221292E-001, -3.504610E-001, 1.082099E+000, 7.361262E-001
1.441040E-001, 2.230423E+000, 2.158993E+000, 6.385980E+000, 3.849818E-001, -4.054072E-001, 1.099821E+000, 7.357725E-001
1.441120E-001, 2.406646E+000, 2.210823E+000, 6.356746E+000, 4.333860E-001, -4.282218E-001, 1.107028E+000, 7.397815E-001
1.441200E-001, 2.537949E+000, 2.648698E+000, 6.332384E+000, 5.887296E-001, -4.131713E-001, 1.107855E+000, 7.419040E-001
1.441280E-001, 2.361726E+000, 2.746997E+000, 6.270668E+000, 4.378887E-001, -3.879677E-001, 1.105728E+000, 7.477995E-001
1.441360E-001, 2.138857E+000, 2.380611E+000, 6.228442E+000, 1.114421E-001, -3.571501E-001, 1.098639E+000, 7.579400E-001
1.441440E-001, 2.109486E+000, 2.133971E+000, 6.247931E+000, 1.609719E-001, -3.295576E-001, 1.090724E+000, 7.605340E-001
1.441520E-001, 2.149223E+000, 2.189376E+000, 6.330760E+000, 4.029927E-001, -3.139099E-001, 1.088243E+000, 7.463846E-001
1.441600E-001, 2.242517E+000, 2.250142E+000, 6.376235E+000, 3.827305E-001, -2.974260E-001, 1.091669E+000, 7.185573E-001
1.441680E-001, 2.432561E+000, 2.301972E+000, 6.290157E+000, 3.253209E-001, -2.826144E-001, 1.097340E+000, 6.868389E-001
1.441760E-001, 2.463659E+000, 2.353803E+000, 6.221945E+000, 4.322603E-001, -2.924092E-001, 1.097931E+000, 6.517010E-001
1.441840E-001, 2.223512E+000, 2.262653E+000, 6.335632E+000, 3.872332E-001, -3.293187E-001, 1.091905E+000, 6.131437E-001
1.441920E-001, 2.024830E+000, 2.182227E+000, 6.494795E+000, 1.485895E-001, -3.755451E-001, 1.085289E+000, 5.899150E-001
1.442000E-001, 2.099120E+000, 2.244781E+000, 6.493171E+000, 3.039330E-002, -4.258328E-001, 1.077728E+000, 5.867314E-001
1.442080E-001, 2.302985E+000, 2.368101E+000, 6.407093E+000, 1.283273E-001, -4.768372E-001, 1.058942E+000, 5.837836E-001
1.442160E-001, 2.427377E+000, 2.457463E+000, 6.355122E+000, 3.106871E-001, -5.168523E-001, 1.032596E+000, 5.847269E-001
1.442240E-001, 2.420467E+000, 2.494995E+000, 6.241435E+000, 4.086211E-001, -5.516117E-001, 1.012629E+000, 6.032391E-001
1.442320E-001, 2.337539E+000, 2.546825E+000, 6.160229E+000, 3.838561E-001, -5.887601E-001, 1.002705E+000, 6.262320E-001
1.442400E-001, 2.254611E+000, 2.500357E+000, 6.189463E+000, 3.782278E-001, -6.130081E-001, 1.010975E+000, 6.377874E-001
1.442480E-001, 2.228695E+000, 2.369888E+000, 6.152109E+000, 4.558995E-001, -6.171888E-001, 1.044647E+000, 6.336605E-001
1.442560E-001, 2.213146E+000, 2.326994E+000, 6.113130E+000, 4.581509E-001, -6.067968E-001, 1.093795E+000, 6.156199E-001
1.442640E-001, 2.135401E+000, 2.387760E+000, 6.194335E+000, 3.523372E-001, -5.775320E-001, 1.150624E+000, 6.021779E-001
1.442720E-001, 2.087026E+000, 2.523591E+000, 6.179718E+000, 3.084357E-001, -5.274832E-001, 1.210051E+000, 6.022958E-001
1.442800E-001, 2.112942E+000, 2.639762E+000, 5.966961E+000, 2.825451E-001, -4.684758E-001, 1.263689E+000, 5.987585E-001
1.442880E-001, 2.104303E+000, 2.666571E+000, 5.850025E+000, 1.666003E-001, -4.174714E-001, 1.311066E+000, 5.867314E-001
1.442960E-001, 2.062839E+000, 2.573634E+000, 5.897124E+000, 1.350814E-001, -3.953735E-001, 1.339421E+000, 5.788313E-001
1.443040E-001, 1.964362E+000, 2.500357E+000, 5.856522E+000, 2.814195E-001, -4.185465E-001, 1.327016E+000, 5.721103E-001
1.443120E-001, 1.888344E+000, 2.611166E+000, 5.825664E+000, 4.468941E-001, -4.767177E-001, 1.276213E+000, 5.550130E-001
1.443200E-001, 2.019647E+000, 2.657634E+000, 5.983202E+000, 4.727847E-001, -5.519701E-001, 1.202253E+000, 5.367366E-001
1.443280E-001, 2.156133E+000, 2.507506E+000, 6.079024E+000, 3.838561E-001, -6.411979E-001, 1.109863E+000, 5.341426E-001
1.443360E-001, 2.178593E+000, 2.377037E+000, 5.926358E+000, 3.512115E-001, -7.207504E-001, 1.009085E+000, 5.433397E-001
1.443440E-001, 2.270159E+000, 2.416356E+000, 5.747706E+000, 3.962386E-001, -7.561070E-001, 9.138591E-001, 5.618519E-001
1.443520E-001, 2.299530E+000, 2.607592E+000, 5.802926E+000, 4.221292E-001, -7.498958E-001, 8.280851E-001, 5.926270E-001
1.443600E-001, 2.104303E+000, 2.696954E+000, 5.944223E+000, 4.266319E-001, -7.153752E-001, 7.645226E-001, 6.129079E-001
1.443680E-001, 1.874523E+000, 2.550400E+000, 5.874387E+000, 4.018670E-001, -6.451397E-001, 7.421930E-001, 6.085452E-001
1.443760E-001, 1.796778E+000, 2.448527E+000, 5.755827E+000, 3.658453E-001, -5.446838E-001, 7.605056E-001, 5.999376E-001
1.443840E-001, 1.902166E+000, 2.602230E+000, 5.757451E+000, 3.748507E-001, -4.382554E-001, 8.116629E-001, 5.913300E-001
1.443920E-001, 2.130218E+000, 2.797040E+000, 5.750955E+000, 3.703480E-001, -3.363661E-001, 8.981457E-001, 5.705774E-001
1.444000E-001, 2.232151E+000, 2.789891E+000, 5.750955E+000, 3.185668E-001, -2.409270E-001, 1.017473E+000, 5.432218E-001
1.444080E-001, 2.064567E+000, 2.654060E+000, 5.765572E+000, 3.343263E-001, -1.681831E-001, 1.152868E+000, 5.110317E-001
1.444160E-001, 1.997187E+000, 2.530740E+000, 5.698983E+000, 4.604023E-001, -1.327069E-001, 1.279757E+000, 4.645743E-001
1.444240E-001, 2.182048E+000, 2.484272E+000, 5.661629E+000, 5.121834E-001, -1.248234E-001, 1.392823E+000, 4.165840E-001
1.444320E-001, 2.078388E+000, 2.670145E+000, 5.726593E+000, 4.547739E-001, -1.255400E-001, 1.506952E+000, 3.868701E-001
1.444400E-001, 1.725943E+000, 2.970402E+000, 5.798054E+000, 4.536482E-001, -1.280485E-001, 1.607730E+000, 3.690654E-001
1.444480E-001, 1.829603E+000, 2.932870E+000, 5.837032E+000, 4.592766E-001, -1.393960E-001, 1.658179E+000, 3.565667E-001
1.444560E-001, 2.311624E+000, 2.786316E+000, 5.734714E+000, 4.187522E-001, -1.765444E-001, 1.656407E+000, 3.542084E-001
1.444640E-001, 2.451565E+000, 2.995424E+000, 5.491098E+000, 4.018670E-001, -2.443910E-001, 1.623798E+000, 3.570383E-001
1.444720E-001, 2.169955E+000, 3.004360E+000, 5.422885E+000, 3.602169E-001, -3.229879E-001, 1.561653E+000, 3.657638E-001
1.444800E-001, 2.012737E+000, 2.671932E+000, 5.577176E+000, 3.534628E-001, -3.922679E-001, 1.457921E+000, 3.846298E-001
1.444880E-001, 2.068022E+000, 2.773805E+000, 5.608034E+000, 4.176265E-001, -4.460196E-001, 1.331269E+000, 4.046749E-001
1.444960E-001, 2.061111E+000, 3.127680E+000, 5.530077E+000, 3.635940E-001, -4.977406E-001, 1.212059E+000, 4.185885E-001
1.445040E-001, 2.023103E+000, 3.109807E+000, 5.549566E+000, 2.318897E-001, -5.664233E-001, 1.080681E+000, 4.312051E-001
1.445120E-001, 1.912532E+000, 2.838146E+000, 5.512211E+000, 2.082504E-001, -6.337921E-001, 9.185849E-001, 4.468875E-001
1.445200E-001, 1.706939E+000, 2.500357E+000, 5.335184E+000, 1.969936E-001, -6.763157E-001, 7.632230E-001, 4.599757E-001
1.445280E-001, 1.713850E+000, 2.348441E+000, 5.253979E+000, 1.553435E-001, -7.243338E-001, 6.373975E-001, 4.684654E-001
1.445360E-001, 1.922898E+000, 2.634400E+000, 5.403396E+000, 1.823598E-001, -8.020946E-001, 5.224415E-001, 4.775446E-001
1.445440E-001, 1.983366E+000, 2.940019E+000, 5.624275E+000, 1.992450E-001, -8.811693E-001, 4.176460E-001, 4.860343E-001
1.445520E-001, 1.914259E+000, 2.934658E+000, 5.585296E+000, 2.127531E-001, -9.447157E-001, 3.349438E-001, 4.881568E-001
1.445600E-001, 1.934991E+000, 2.807763E+000, 5.330312E+000, 2.938019E-001, -1.007187E+000, 2.738624E-001, 4.861522E-001
1.445680E-001, 2.055928E+000, 2.627251E+000, 5.281589E+000, 2.318897E-001, -1.057833E+000, 2.418448E-001, 4.906329E-001
1.445760E-001, 2.087026E+000, 2.553974E+000, 5.370914E+000, 6.528932E-002, -1.078378E+000, 2.271947E-001, 4.994763E-001
1.445840E-001, 1.983366E+000, 2.772018E+000, 5.340056E+000, 1.305786E-001, -1.081126E+000, 2.165616E-001, 5.037212E-001
1.445920E-001, 2.080116E+000, 2.959679E+000, 5.292957E+000, 2.814195E-001, -1.067867E+000, 2.417267E-001, 5.126825E-001
1.446000E-001, 2.328900E+000, 2.843508E+000, 5.237738E+000, 2.724141E-001, -1.025821E+000, 3.078884E-001, 5.267141E-001
1.446080E-001, 2.182048E+000, 2.637975E+000, 5.127298E+000, 2.521518E-001, -9.633496E-001, 3.809026E-001, 5.251812E-001
1.446160E-001, 1.864157E+000, 2.718401E+000, 5.140291E+000, 2.622829E-001, -8.884556E-001, 4.646681E-001, 5.091451E-001
1.446240E-001, 1.881434E+000, 3.007935E+000, 5.296206E+000, 2.195072E-001, -8.026918E-001, 5.658011E-001, 4.987689E-001
1.446320E-001, 1.912532E+000, 3.013296E+000, 5.315695E+000, 1.981193E-001, -7.193170E-001, 6.683518E-001, 5.030137E-001
1.446400E-001, 1.765680E+000, 2.791678E+000, 5.104561E+000, 1.677260E-001, -6.335532E-001, 7.757465E-001, 5.093809E-001
1.446480E-001, 1.772590E+000, 2.759507E+000, 4.838208E+000, 9.455694E-002, -5.365613E-001, 8.862129E-001, 5.025420E-001
1.446560E-001, 1.917715E+000, 2.873891E+000, 4.833335E+000, 1.654747E-001, -4.536642E-001, 9.848648E-001, 4.934628E-001
1.446640E-001, 1.990277E+000, 3.011509E+000, 5.138667E+000, 3.061844E-001, -3.910734E-001, 1.075128E+000, 4.868597E-001
1.446720E-001, 1.979911E+000, 3.158063E+000, 5.258851E+000, 2.994303E-001, -3.204795E-001, 1.161257E+000, 4.728281E-001
1.446800E-001, 1.990277E+000, 3.061552E+000, 5.072079E+000, 2.735397E-001, -2.431965E-001, 1.231317E+000, 4.687012E-001
1.446880E-001, 2.066294E+000, 2.811337E+000, 4.968136E+000, 2.926762E-001, -1.822779E-001, 1.290509E+000, 4.794312E-001
1.446960E-001, 2.142312E+000, 2.830997E+000, 4.956768E+000, 2.645343E-001, -1.378432E-001, 1.352417E+000, 4.787238E-001
1.447040E-001, 2.242517E+000, 3.022233E+000, 4.981129E+000, 3.545885E-001, -1.004559E-001, 1.400739E+000, 4.720028E-001
1.447120E-001, 2.230423E+000, 3.011509E+000, 5.080200E+000, 5.572106E-001, -6.115747E-002, 1.427085E+000, 4.715311E-001
1.447200E-001, 1.900438E+000, 2.820274E+000, 5.083448E+000, 5.414510E-001, -1.146703E-002, 1.453904E+000, 4.586787E-001
1.447280E-001, 1.712122E+000, 2.786316E+000, 5.088320E+000, 3.050587E-001, 3.882066E-002, 1.480960E+000, 4.414635E-001
1.447360E-001, 2.012737E+000, 2.948956E+000, 5.184142E+000, 2.138788E-001, 7.405788E-002, 1.494783E+000, 4.361574E-001
1.447440E-001, 2.309896E+000, 2.975764E+000, 5.179270E+000, 3.399547E-001, 9.018338E-002, 1.497028E+000, 4.234229E-001
1.447520E-001, 2.266704E+000, 2.902487E+000, 5.150036E+000, 3.669710E-001, 8.839166E-002, 1.483677E+000, 4.014913E-001
1.447600E-001, 2.125035E+000, 2.911423E+000, 5.213376E+000, 2.724141E-001, 8.062753E-002, 1.459103E+000, 3.901717E-001
1.447680E-001, 2.083571E+000, 2.881040E+000, 5.286461E+000, 2.645343E-001, 7.764132E-002, 1.444453E+000, 3.807387E-001
1.447760E-001, 2.038652E+000, 2.822061E+000, 5.229617E+000, 2.802938E-001, 5.900741E-002, 1.442444E+000, 3.629339E-001
1.447840E-001, 1.960906E+000, 2.780954E+000, 4.940526E+000, 3.467088E-001, 3.463998E-003, 1.430984E+000, 3.498457E-001
1.447920E-001, 2.036924E+000, 2.682656E+000, 4.784613E+000, 4.547739E-001, -7.202726E-002, 1.405465E+000, 3.346350E-001
1.448000E-001, 2.159589E+000, 2.680869E+000, 4.995746E+000, 3.410804E-001, -1.475185E-001, 1.380772E+000, 3.032703E-001
1.448080E-001, 2.054201E+000, 2.802401E+000, 5.102937E+000, 1.756057E-001, -2.175152E-001, 1.360805E+000, 2.806312E-001
1.448160E-001, 1.862429E+000, 2.757720E+000, 4.953519E+000, 2.318897E-001, -2.703113E-001, 1.341784E+000, 2.855835E-001
1.448240E-001, 1.858974E+000, 2.662996E+000, 4.989250E+000, 3.230695E-001, -3.073402E-001, 1.312720E+000, 2.933657E-001
1.448320E-001, 2.076660E+000, 2.766656E+000, 5.145164E+000, 3.422061E-001, -3.453247E-001, 1.267824E+000, 2.874701E-001
1.448400E-001, 2.290892E+000, 2.764869E+000, 5.016860E+000, 3.365777E-001, -3.877288E-001, 1.223874E+000, 2.803954E-001
1.448480E-001, 2.157861E+000, 2.661209E+000, 4.856073E+000, 2.577802E-001, -4.199798E-001, 1.185477E+000, 2.790983E-001
1.448560E-001, 1.796778E+000, 2.752358E+000, 5.015235E+000, 2.026220E-001, -4.252356E-001, 1.128176E+000, 2.814566E-001
1.448640E-001, 1.701756E+000, 2.729124E+000, 5.211752E+000, 2.791681E-001, -4.193826E-001, 1.048545E+000, 2.807491E-001
1.448720E-001, 1.886617E+000, 2.473548E+000, 5.086696E+000, 3.771021E-001, -4.365831E-001, 9.738773E-001, 2.703728E-001
1.448800E-001, 2.038652E+000, 2.450314E+000, 4.815470E+000, 3.849818E-001, -4.663257E-001, 9.086607E-001, 2.589353E-001
1.448880E-001, 2.080116E+000, 2.662996E+000, 4.782989E+000, 3.545885E-001, -4.897376E-001, 8.360009E-001, 2.543367E-001
1.448960E-001, 2.069750E+000, 2.732699E+000, 4.943775E+000, 4.345117E-001, -5.154189E-001, 7.590879E-001, 2.471441E-001
1.449040E-001, 2.095665E+000, 2.655847E+000, 5.099689E+000, 5.684673E-001, -5.308278E-001, 6.873733E-001, 2.252124E-001
1.449120E-001, 2.149223E+000, 2.679081E+000, 5.223121E+000, 5.200632E-001, -5.308278E-001, 6.189668E-001, 1.970314E-001
1.449200E-001, 2.062839E+000, 2.784529E+000, 5.158156E+000, 3.174412E-001, -5.353668E-001, 5.577672E-001, 1.768684E-001
1.449280E-001, 1.924625E+000, 2.789891E+000, 4.956768E+000, 2.071247E-001, -5.427726E-001, 5.089729E-001, 1.609502E-001
1.449360E-001, 1.998915E+000, 2.843508E+000, 4.911293E+000, 2.634086E-001, -5.559119E-001, 4.691577E-001, 1.460933E-001
1.449440E-001, 2.147495E+000, 3.036530E+000, 4.908044E+000, 3.286979E-001, -5.848184E-001, 4.425748E-001, 1.335946E-001
1.449520E-001, 2.164772E+000, 3.027594E+000, 4.886931E+000, 3.343263E-001, -6.150388E-001, 4.431655E-001, 1.206242E-001
1.449600E-001, 2.147495E+000, 2.721975E+000, 5.068831E+000, 4.367630E-001, -6.427507E-001, 4.587608E-001, 1.111913E-001
1.449680E-001, 2.119852E+000, 2.455676E+000, 5.273468E+000, 5.617133E-001, -6.698654E-001, 4.667947E-001, 1.114271E-001
1.449760E-001, 2.092209E+000, 2.462825E+000, 5.166277E+000, 4.840415E-001, -6.840798E-001, 4.812086E-001, 1.182660E-001
1.449840E-001, 2.145767E+000, 2.618315E+000, 4.942151E+000, 3.680967E-001, -6.826464E-001, 5.160616E-001, 1.330050E-001
1.449920E-001, 2.130218E+000, 2.625464E+000, 4.935654E+000, 4.502712E-001, -6.702238E-001, 5.555224E-001, 1.582382E-001
1.450000E-001, 2.030013E+000, 2.557549E+000, 4.968136E+000, 5.797241E-001, -6.506343E-001, 5.945106E-001, 1.870088E-001
1.450080E-001, 2.131946E+000, 2.680869E+000, 4.807350E+000, 5.527079E-001, -6.263863E-001, 6.331443E-001, 2.143645E-001
1.450160E-001, 2.391097E+000, 2.729124E+000, 4.807350E+000, 4.558995E-001, -5.894768E-001, 6.629171E-001, 2.365320E-001
1.450240E-001, 2.299530E+000, 2.537889E+000, 5.114305E+000, 4.345117E-001, -5.403836E-001, 6.965886E-001, 2.578741E-001
1.450320E-001, 1.871068E+000, 2.545038E+000, 5.245858E+000, 4.671563E-001, -4.966656E-001, 7.449104E-001, 2.821640E-001
1.450400E-001, 1.779501E+000, 2.730911E+000, 5.120802E+000, 4.840415E-001, -4.639368E-001, 7.861433E-001, 2.906537E-001
1.450480E-001, 1.985094E+000, 2.680869E+000, 5.072079E+000, 4.739104E-001, -4.269078E-001, 8.115447E-001, 2.821640E-001
1.450560E-001, 1.895255E+000, 2.625464E+000, 5.107809E+000, 4.221292E-001, -3.766201E-001, 8.400179E-001, 2.866447E-001
1.450640E-001, 1.719033E+000, 2.807763E+000, 5.104561E+000, 3.455831E-001, -3.299159E-001, 8.732169E-001, 3.050390E-001
1.450720E-001, 1.881434E+000, 2.843508E+000, 5.124050E+000, 3.928616E-001, -3.055485E-001, 8.985001E-001, 3.071614E-001
1.450800E-001, 2.131946E+000, 2.623677E+000, 5.174397E+000, 5.031780E-001, -2.967093E-001, 9.178761E-001, 2.924224E-001
1.450880E-001, 2.159589E+000, 2.514655E+000, 5.153284E+000, 4.682820E-001, -2.863173E-001, 9.377246E-001, 2.864089E-001
1.450960E-001, 2.049018E+000, 2.605804E+000, 5.073703E+000, 3.838561E-001, -2.693557E-001, 9.526110E-001, 2.931299E-001
1.451040E-001, 2.012737E+000, 2.641549E+000, 5.010363E+000, 4.131238E-001, -2.560969E-001, 9.639530E-001, 2.941911E-001
1.451120E-001, 2.074933E+000, 2.461037E+000, 4.990874E+000, 4.784131E-001, -2.562164E-001, 9.902996E-001, 2.851118E-001
1.451200E-001, 1.990277E+000, 2.282313E+000, 5.081824E+000, 4.626536E-001, -2.656528E-001, 1.029406E+000, 2.815745E-001
1.451280E-001, 1.767407E+000, 2.293036E+000, 5.271844E+000, 4.176265E-001, -2.736558E-001, 1.054689E+000, 2.914791E-001
1.451360E-001, 1.738037E+000, 2.273376E+000, 5.294581E+000, 4.491455E-001, -2.713863E-001, 1.066976E+000, 3.109346E-001
1.451440E-001, 1.962634E+000, 2.128610E+000, 5.098064E+000, 5.628389E-001, -2.620693E-001, 1.090960E+000, 3.342813E-001
1.451520E-001, 2.128490E+000, 2.026737E+000, 5.016860E+000, 6.540189E-001, -2.553802E-001, 1.122269E+000, 3.577458E-001
1.451600E-001, 2.036924E+000, 2.133971E+000, 5.102937E+000, 5.943579E-001, -2.515579E-001, 1.141526E+000, 3.862806E-001
1.451680E-001, 1.928081E+000, 2.396697E+000, 5.193887E+000, 4.435171E-001, -2.477355E-001, 1.155113E+000, 4.163482E-001
1.451760E-001, 1.959179E+000, 2.512867E+000, 5.283213E+000, 3.771021E-001, -2.529913E-001, 1.180515E+000, 4.303797E-001
1.451840E-001, 1.997187E+000, 2.387760E+000, 5.234489E+000, 3.399547E-001, -2.756864E-001, 1.213241E+000, 4.340350E-001
1.451920E-001, 2.095665E+000, 2.312696E+000, 5.083448E+000, 2.960533E-001, -3.041151E-001, 1.233444E+000, 4.477128E-001
1.452000E-001, 2.264977E+000, 2.469974E+000, 5.080200E+000, 3.185668E-001, -3.243018E-001, 1.243014E+000, 4.610369E-001
1.452080E-001, 2.225240E+000, 2.568272E+000, 5.062335E+000, 3.579656E-001, -3.441302E-001, 1.255655E+000, 4.587966E-001
1.452160E-001, 1.964362E+000, 2.341292E+000, 5.073703E+000, 4.615279E-001, -3.570306E-001, 1.264162E+000, 4.495994E-001
1.452240E-001, 1.874523E+000, 2.171504E+000, 5.362794E+000, 6.799095E-001, -3.425774E-001, 1.259436E+000, 4.316768E-001
1.452320E-001, 2.119852E+000, 2.326994E+000, 5.538197E+000, 7.879745E-001, -3.219129E-001, 1.248330E+000, 4.056182E-001
1.452400E-001, 2.280525E+000, 2.453888E+000, 5.346553E+000, 7.024230E-001, -3.147460E-001, 1.238524E+000, 3.891104E-001
1.452480E-001, 2.123307E+000, 2.444952E+000, 5.205256E+000, 6.360080E-001, -3.103264E-001, 1.231672E+000, 3.797954E-001
1.452560E-001, 1.940174E+000, 2.337718E+000, 5.379035E+000, 6.495162E-001, -3.253769E-001, 1.222338E+000, 3.676504E-001
1.452640E-001, 1.895255E+000, 2.057120E+000, 5.608034E+000, 6.393850E-001, -3.625253E-001, 1.193983E+000, 3.539726E-001
1.452720E-001, 1.995460E+000, 1.983843E+000, 5.481353E+000, 6.089917E-001, -3.862954E-001, 1.146134E+000, 3.374649E-001
1.452800E-001, 2.187231E+000, 2.239419E+000, 5.262099E+000, 6.315053E-001, -3.968069E-001, 1.107264E+000, 3.220184E-001
1.452880E-001, 2.239061E+000, 2.282313E+000, 5.411517E+000, 6.945432E-001, -4.074378E-001, 1.079500E+000, 3.156511E-001
1.452960E-001, 2.144040E+000, 2.107163E+000, 5.562559E+000, 7.035487E-001, -4.119768E-001, 1.038031E+000, 3.201318E-001
1.453040E-001, 2.130218E+000, 2.103588E+000, 5.471609E+000, 6.686527E-001, -4.107823E-001, 9.910084E-001, 3.320409E-001
1.453120E-001, 2.218329E+000, 2.074992E+000, 5.427758E+000, 6.967946E-001, -4.058850E-001, 9.640712E-001, 3.351066E-001
1.453200E-001, 2.330628E+000, 1.905204E+000, 5.486226E+000, 7.789691E-001, -4.015848E-001, 9.506025E-001, 3.213109E-001
1.453280E-001, 2.437744E+000, 2.019588E+000, 5.513835E+000, 7.598326E-001, -3.945374E-001, 9.276822E-001, 3.134108E-001
1.453360E-001, 2.365181E+000, 2.293036E+000, 5.432630E+000, 6.044890E-001, -3.757840E-001, 9.014538E-001, 3.195422E-001
1.453440E-001, 2.161316E+000, 2.135759E+000, 5.437502E+000, 4.862928E-001, -3.667060E-001, 8.872763E-001, 3.181273E-001
1.453520E-001, 2.154406E+000, 1.762224E+000, 5.643764E+000, 5.234402E-001, -3.804425E-001, 8.749891E-001, 3.090480E-001
1.453600E-001, 2.201053E+000, 1.772948E+000, 5.671374E+000, 6.360080E-001, -3.896400E-001, 8.598664E-001, 2.952523E-001
1.453680E-001, 1.993732E+000, 1.973119E+000, 5.505715E+000, 6.720297E-001, -3.894011E-001, 8.546680E-001, 2.746176E-001
1.453760E-001, 1.874523E+000, 1.942736E+000, 5.560935E+000, 6.123688E-001, -3.946568E-001, 8.554950E-001, 2.757968E-001
1.453840E-001, 2.126763E+000, 1.901629E+000, 5.690863E+000, 6.033633E-001, -3.915512E-001, 8.554950E-001, 3.069256E-001
1.453920E-001, 2.311624E+000, 1.960609E+000, 5.580424E+000, 6.641499E-001, -3.808008E-001, 8.569127E-001, 3.268528E-001
1.454000E-001, 2.138857E+000, 1.899842E+000, 5.450495E+000, 6.562702E-001, -3.821148E-001, 8.597482E-001, 3.152974E-001
1.454080E-001, 1.929808E+000, 1.894480E+000, 5.564183E+000, 5.673416E-001, -3.880872E-001, 8.630564E-001, 3.042136E-001
1.454160E-001, 1.988549E+000, 2.107163E+000, 5.723345E+000, 5.065550E-001, -3.778146E-001, 8.571491E-001, 3.129391E-001
1.454240E-001, 2.195870E+000, 2.191163E+000, 5.715224E+000, 5.279430E-001, -3.508193E-001, 8.426171E-001, 3.138824E-001
1.454320E-001, 2.233878E+000, 1.974907E+000, 5.736338E+000, 5.459538E-001, -3.311104E-001, 8.394272E-001, 2.985538E-001
1.454400E-001, 2.190687E+000, 1.776522E+000, 5.869514E+000, 4.874185E-001, -3.250185E-001, 8.458070E-001, 2.899463E-001
1.454480E-001, 2.290892E+000, 1.672862E+000, 5.848401E+000, 4.727847E-001, -3.090125E-001, 8.481699E-001, 2.849939E-001
1.454560E-001, 2.266704E+000, 1.574564E+000, 5.698983E+000, 5.819755E-001, -2.793893E-001, 8.434441E-001, 2.757968E-001
1.454640E-001, 2.031741E+000, 1.622819E+000, 5.687614E+000, 6.382594E-001, -2.554997E-001, 8.324565E-001, 2.684862E-001
1.454720E-001, 1.950540E+000, 1.780097E+000, 5.772068E+000, 5.774727E-001, -2.386575E-001, 8.302118E-001, 2.569308E-001
1.454800E-001, 2.092209E+000, 1.876608E+000, 5.804550E+000, 5.425767E-001, -2.172763E-001, 8.486425E-001, 2.372395E-001
1.454880E-001, 2.220057E+000, 1.919502E+000, 5.796430E+000, 5.391997E-001, -1.969701E-001, 8.655374E-001, 2.187272E-001
1.454960E-001, 2.278798E+000, 1.871246E+000, 5.840281E+000, 6.011120E-001, -1.819196E-001, 8.618749E-001, 2.070539E-001
1.455040E-001, 2.311624E+000, 1.701458E+000, 5.966961E+000, 7.373190E-001, -1.599411E-001, 8.602208E-001, 2.018658E-001
1.455120E-001, 2.211419E+000, 1.599585E+000, 5.996194E+000, 7.474501E-001, -1.404711E-001, 8.762887E-001, 2.029270E-001
1.455200E-001, 2.068022E+000, 1.667500E+000, 5.833784E+000, 6.472648E-001, -1.344987E-001, 8.907025E-001, 2.084689E-001
1.455280E-001, 2.156133E+000, 1.749714E+000, 5.685990E+000, 5.999863E-001, -1.256595E-001, 8.955465E-001, 2.088226E-001
1.455360E-001, 2.306441E+000, 1.728267E+000, 5.655133E+000, 5.594619E-001, -1.085784E-001, 9.035804E-001, 2.026912E-001
1.455440E-001, 2.232151E+000, 1.735416E+000, 5.677870E+000, 4.998010E-001, -8.552490E-002, 9.164583E-001, 2.098838E-001
1.455520E-001, 2.199325E+000, 1.867672E+000, 5.781813E+000, 5.256916E-001, -5.649899E-002, 9.217749E-001, 2.374753E-001
1.455600E-001, 2.359998E+000, 1.951672E+000, 5.893876E+000, 6.236256E-001, -4.025404E-002, 9.210660E-001, 2.611757E-001
1.455680E-001, 2.358271E+000, 1.881970E+000, 5.944223E+000, 6.641499E-001, -4.216521E-002, 9.257919E-001, 2.687220E-001
1.455760E-001, 2.175138E+000, 1.749714E+000, 6.001067E+000, 6.495162E-001, -4.252356E-002, 9.248467E-001, 2.783909E-001
1.455840E-001, 2.078388E+000, 1.694309E+000, 6.022180E+000, 6.540189E-001, -3.535666E-002, 9.068885E-001, 2.959598E-001
1.455920E-001, 2.064567E+000, 1.846225E+000, 6.014060E+000, 6.641499E-001, -2.448688E-002, 8.940106E-001, 3.057465E-001
1.456000E-001, 2.140584E+000, 1.989205E+000, 6.079024E+000, 6.405107E-001, -1.564771E-002, 8.951920E-001, 3.058644E-001
1.456080E-001, 2.294347E+000, 1.789033E+000, 6.056286E+000, 5.988606E-001, -1.815612E-002, 8.823141E-001, 3.086943E-001
1.456160E-001, 2.404918E+000, 1.556691E+000, 5.911741E+000, 5.785984E-001, -2.460633E-002, 8.478155E-001, 3.188348E-001
1.456240E-001, 2.321990E+000, 1.587074E+000, 5.975081E+000, 5.527079E-001, -2.484522E-002, 8.118991E-001, 3.290931E-001
1.456320E-001, 1.988549E+000, 1.563840E+000, 6.195960E+000, 5.324456E-001, -3.033984E-002, 7.822445E-001, 3.347529E-001
1.456400E-001, 1.755314E+000, 1.445882E+000, 6.234938E+000, 5.504565E-001, -5.040714E-002, 7.530624E-001, 3.385261E-001
1.456480E-001, 1.839970E+000, 1.463754E+000, 6.174846E+000, 5.527079E-001, -7.178836E-002, 7.199816E-001, 3.468979E-001
1.456560E-001, 2.059384E+000, 1.503074E+000, 6.152109E+000, 5.549592E-001, -7.465512E-002, 6.821749E-001, 3.684758E-001
1.456640E-001, 2.277070E+000, 1.540606E+000, 6.061159E+000, 6.011120E-001, -7.143002E-002, 6.416508E-001, 3.966568E-001
1.456720E-001, 2.339266E+000, 1.624606E+000, 5.936103E+000, 6.528932E-001, -8.946670E-002, 6.014811E-001, 4.162303E-001
1.456800E-001, 2.169955E+000, 1.621032E+000, 5.876011E+000, 6.303796E-001, -1.150286E-001, 5.574127E-001, 4.256633E-001
1.456880E-001, 1.997187E+000, 1.606734E+000, 5.916614E+000, 5.144348E-001, -1.317514E-001, 5.129898E-001, 4.315589E-001
1.456960E-001, 1.971272E+000, 1.733628E+000, 6.057910E+000, 4.660307E-001, -1.579105E-001, 4.809723E-001, 4.404023E-001
1.457040E-001, 1.893527E+000, 1.892693E+000, 6.194335E+000, 5.437024E-001, -1.877726E-001, 4.529717E-001, 4.564384E-001
1.457120E-001, 1.710394E+000, 1.855161E+000, 6.217073E+000, 5.380740E-001, -2.042564E-001, 4.157557E-001, 4.796671E-001
1.457200E-001, 1.753586E+000, 1.622819E+000, 6.220321E+000, 4.018670E-001, -2.296989E-001, 3.823204E-001, 5.013629E-001
1.457280E-001, 1.962634E+000, 1.383328E+000, 6.311271E+000, 3.579656E-001, -2.744919E-001, 3.630626E-001, 5.170453E-001
1.457360E-001, 1.917715E+000, 1.229625E+000, 6.272292E+000, 4.986753E-001, -3.060263E-001, 3.442774E-001, 5.355575E-001
1.457440E-001, 1.767407E+000, 1.206391E+000, 6.001067E+000, 6.371337E-001, -3.173738E-001, 3.163949E-001, 5.556026E-001
1.457520E-001, 1.839970E+000, 1.270732E+000, 5.828912E+000, 5.639646E-001, -3.325438E-001, 2.930020E-001, 5.715207E-001
1.457600E-001, 1.896983E+000, 1.377966E+000, 5.825664E+000, 3.917359E-001, -3.497443E-001, 2.867403E-001, 5.934524E-001
1.457680E-001, 1.769135E+000, 1.562053E+000, 5.822415E+000, 3.568399E-001, -3.600169E-001, 2.874492E-001, 6.159737E-001
1.457760E-001, 1.791595E+000, 1.647841E+000, 5.901997E+000, 4.288833E-001, -3.727978E-001, 2.856770E-001, 6.281186E-001
1.457840E-001, 2.016192E+000, 1.599585E+000, 6.080648E+000, 4.570252E-001, -3.817564E-001, 2.846136E-001, 6.427397E-001
1.457920E-001, 2.080116E+000, 1.517372E+000, 6.192711E+000, 4.333860E-001, -3.694533E-001, 2.843774E-001, 6.597191E-001
1.458000E-001, 2.004098E+000, 1.310051E+000, 6.155357E+000, 4.626536E-001, -3.420996E-001, 2.869766E-001, 6.665580E-001
1.458080E-001, 2.083571E+000, 1.209965E+000, 6.056286E+000, 5.346970E-001, -3.220323E-001, 3.000908E-001, 6.667938E-001
1.458160E-001, 2.057656E+000, 1.297540E+000, 5.978329E+000, 5.437024E-001, -3.122376E-001, 3.169856E-001, 6.645535E-001
1.458240E-001, 1.693117E+000, 1.177795E+000, 5.884131E+000, 5.110577E-001, -3.011289E-001, 3.269099E-001, 6.552384E-001
1.458320E-001, 1.494435E+000, 1.079496E+000, 5.889004E+000, 4.840415E-001, -2.871535E-001, 3.390789E-001, 6.388486E-001
1.458400E-001, 1.719033E+000, 1.317200E+000, 6.031925E+000, 4.356374E-001, -2.783143E-001, 3.602271E-001, 6.237559E-001
1.458480E-001, 1.955723E+000, 1.444095E+000, 5.940975E+000, 3.816048E-001, -2.767615E-001, 3.814934E-001, 6.149125E-001
1.458560E-001, 2.035196E+000, 1.394052E+000, 5.622651E+000, 3.545885E-001, -2.635027E-001, 3.969705E-001, 6.044182E-001
1.458640E-001, 2.017920E+000, 1.408350E+000, 5.634019E+000, 4.108724E-001, -2.344768E-001, 4.143379E-001, 5.869672E-001
1.458720E-001, 1.801961E+000, 1.352945E+000, 5.905245E+000, 5.268173E-001, -2.237265E-001, 4.438744E-001, 5.668042E-001
1.458800E-001, 1.482342E+000, 1.360094E+000, 5.892252E+000, 5.448281E-001, -2.331629E-001, 4.744742E-001, 5.488816E-001
1.458880E-001, 1.475431E+000, 1.497712E+000, 5.718472E+000, 4.401400E-001, -2.298183E-001, 4.942046E-001, 5.422785E-001
1.458960E-001, 1.801961E+000, 1.454818E+000, 5.765572E+000, 3.534628E-001, -2.191874E-001, 5.127535E-001, 5.393307E-001
1.459040E-001, 2.024830E+000, 1.324349E+000, 5.986450E+000, 3.264466E-001, -2.142901E-001, 5.412267E-001, 5.256528E-001
1.459120E-001, 1.981638E+000, 1.413711E+000, 6.140740E+000, 3.275723E-001, -1.981646E-001, 5.727717E-001, 5.162199E-001
1.459200E-001, 1.838242E+000, 1.522733E+000, 6.088768E+000, 3.703480E-001, -1.716471E-001, 5.933291E-001, 5.243558E-001
1.459280E-001, 1.765680E+000, 1.469116E+000, 5.984826E+000, 3.838561E-001, -1.554021E-001, 6.078610E-001, 5.311947E-001
1.459360E-001, 1.743220E+000, 1.529882E+000, 5.944223E+000, 3.624683E-001, -1.516992E-001, 6.241652E-001, 5.263603E-001
1.459440E-001, 1.660292E+000, 1.647841E+000, 5.819167E+000, 3.658453E-001, -1.502658E-001, 6.378701E-001, 5.293081E-001
1.459520E-001, 1.615372E+000, 1.444095E+000, 5.650260E+000, 3.433318E-001, -1.444129E-001, 6.528746E-001, 5.399202E-001
1.459600E-001, 1.629194E+000, 1.109880E+000, 5.672998E+000, 2.994303E-001, -1.376043E-001, 6.662251E-001, 5.284827E-001
1.459680E-001, 1.568725E+000, 1.150986E+000, 5.923110E+000, 2.802938E-001, -1.393960E-001, 6.678792E-001, 5.045466E-001
1.459760E-001, 1.525533E+000, 1.524521E+000, 6.018932E+000, 3.174412E-001, -1.493102E-001, 6.683518E-001, 5.011271E-001
1.459840E-001, 1.598096E+000, 1.787246E+000, 5.778564E+000, 4.018670E-001, -1.589855E-001, 6.739047E-001, 5.060794E-001
1.459920E-001, 1.706939E+000, 1.797969E+000, 5.632395E+000, 4.761617E-001, -1.613745E-001, 6.713054E-001, 4.955852E-001
1.460000E-001, 1.758769E+000, 1.771160E+000, 5.689239E+000, 5.707187E-001, -1.543271E-001, 6.564190E-001, 4.784879E-001
1.460080E-001, 1.675841E+000, 1.797969E+000, 5.698983E+000, 6.202485E-001, -1.479963E-001, 6.331443E-001, 4.736536E-001
1.460160E-001, 1.560087E+000, 1.735416E+000, 5.653509E+000, 5.324456E-001, -1.494297E-001, 6.095151E-001, 4.823790E-001
1.460240E-001, 1.620555E+000, 1.660351E+000, 5.608034E+000, 4.660307E-001, -1.587466E-001, 5.961646E-001, 4.881568E-001
1.460320E-001, 1.731126E+000, 1.746139E+000, 5.702231E+000, 4.885442E-001, -1.708109E-001, 5.842319E-001, 4.796671E-001
1.460400E-001, 1.618828E+000, 1.796182E+000, 5.817543E+000, 3.861075E-001, -1.710498E-001, 5.609571E-001, 4.643385E-001
1.460480E-001, 1.496163E+000, 1.674649E+000, 5.655133E+000, 1.722287E-001, -1.626884E-001, 5.329565E-001, 4.546697E-001
1.460560E-001, 1.710394E+000, 1.646053E+000, 5.392027E+000, 1.159448E-001, -1.661524E-001, 5.108632E-001, 4.590324E-001
1.460640E-001, 1.893527E+000, 1.781884E+000, 5.270220E+000, 2.273869E-001, -1.832335E-001, 4.958586E-001, 4.728281E-001
1.460720E-001, 1.665475E+000, 1.733628E+000, 5.348177E+000, 2.847965E-001, -2.003146E-001, 4.868796E-001, 4.816716E-001
1.460800E-001, 1.565270E+000, 1.453031E+000, 5.521956E+000, 2.397694E-001, -2.083177E-001, 4.813267E-001, 4.808462E-001
1.460880E-001, 1.815782E+000, 1.335073E+000, 5.492722E+000, 2.487748E-001, -2.056898E-001, 4.730565E-001, 4.816716E-001
1.460960E-001, 1.808871E+000, 1.531670E+000, 5.304326E+000, 3.613426E-001, -1.992396E-001, 4.653770E-001, 4.942882E-001
1.461040E-001, 1.487525E+000, 1.737203E+000, 5.286461E+000, 4.266319E-001, -1.904004E-001, 4.628959E-001, 5.082018E-001
1.461120E-001, 1.383864E+000, 1.710394E+000, 5.521956E+000, 3.748507E-001, -1.843086E-001, 4.613600E-001, 5.158662E-001
1.461200E-001, 1.523806E+000, 1.669288E+000, 5.715224E+000, 3.332007E-001, -1.997174E-001, 4.597060E-001, 5.313126E-001
1.461280E-001, 1.587730E+000, 1.797969E+000, 5.616154E+000, 3.298236E-001, -2.209792E-001, 4.612419E-001, 5.488816E-001
1.461360E-001, 1.582546E+000, 1.846225E+000, 5.387156E+000, 2.465235E-001, -2.234876E-001, 4.618326E-001, 5.573713E-001
1.461440E-001, 1.639560E+000, 1.767586E+000, 5.242610E+000, 1.058137E-001, -2.323267E-001, 4.559253E-001, 5.685729E-001
1.461520E-001, 1.636104E+000, 1.898055E+000, 5.210128E+000, 9.905966E-002, -2.568136E-001, 4.458829E-001, 5.853165E-001
1.461600E-001, 1.489252E+000, 2.169716E+000, 5.239362E+000, 3.005560E-001, -2.673250E-001, 4.385579E-001, 6.027675E-001
1.461680E-001, 1.395958E+000, 2.191163E+000, 5.354673E+000, 4.941726E-001, -2.646972E-001, 4.378490E-001, 6.176244E-001
1.461760E-001, 1.413235E+000, 1.951672E+000, 5.504091E+000, 4.772874E-001, -2.695946E-001, 4.344228E-001, 6.287082E-001
1.461840E-001, 1.461610E+000, 1.719330E+000, 5.453743E+000, 3.489601E-001, -2.721030E-001, 4.215448E-001, 6.414427E-001
1.461920E-001, 1.594640E+000, 1.613883E+000, 5.307574E+000, 2.555289E-001, -2.586053E-001, 4.119750E-001, 6.538235E-001
1.462000E-001, 1.679296E+000, 1.654990E+000, 5.268596E+000, 2.172558E-001, -2.523940E-001, 4.107935E-001, 6.598370E-001
1.462080E-001, 1.534172E+000, 1.833714E+000, 5.205256E+000, 2.667857E-001, -2.657722E-001, 4.113843E-001, 6.585400E-001
1.462160E-001, 1.389047E+000, 2.049971E+000, 5.150036E+000, 3.861075E-001, -2.688779E-001, 4.150468E-001, 6.538235E-001
1.462240E-001, 1.399413E+000, 2.101801E+000, 5.193887E+000, 4.581509E-001, -2.566942E-001, 4.221356E-001, 6.562997E-001
1.462320E-001, 1.437422E+000, 1.892693E+000, 5.189014E+000, 5.031780E-001, -2.621888E-001, 4.269795E-001, 6.729252E-001
1.462400E-001, 1.487525E+000, 1.663926E+000, 5.099689E+000, 5.729700E-001, -2.772393E-001, 4.272158E-001, 6.879001E-001
1.462480E-001, 1.466793E+000, 1.747926E+000, 5.083448E+000, 5.369483E-001, -2.650555E-001, 4.295788E-001, 6.856598E-001
1.462560E-001, 1.363132E+000, 1.992779E+000, 5.167901E+000, 4.604023E-001, -2.412854E-001, 4.392667E-001, 6.818866E-001
1.462640E-001, 1.420146E+000, 2.005290E+000, 5.257227E+000, 5.482051E-001, -2.334018E-001, 4.430474E-001, 6.894330E-001
1.462720E-001, 1.430511E+000, 1.846225E+000, 5.273468E+000, 5.932323E-001, -2.308934E-001, 4.351316E-001, 6.988660E-001
1.462800E-001, 1.237012E+000, 1.840863E+000, 5.211752E+000, 4.018670E-001, -2.302961E-001, 4.352498E-001, 7.012242E-001
1.462880E-001, 1.238740E+000, 1.967758E+000, 5.115930E+000, 2.926762E-001, -2.219347E-001, 4.510813E-001, 7.006347E-001
1.462960E-001, 1.330307E+000, 1.965970E+000, 5.026604E+000, 4.682820E-001, -1.927894E-001, 4.624234E-001, 7.085348E-001
1.463040E-001, 1.321668E+000, 1.865885E+000, 5.037973E+000, 5.752214E-001, -1.752305E-001, 4.626596E-001, 7.180856E-001
1.463120E-001, 1.542810E+000, 1.955247E+000, 5.158156E+000, 4.468941E-001, -1.815612E-001, 4.719932E-001, 7.141945E-001
1.463200E-001, 1.689662E+000, 2.182227E+000, 5.276716E+000, 3.928616E-001, -1.767833E-001, 4.953861E-001, 7.057049E-001
1.463280E-001, 1.427056E+000, 2.200099E+000, 5.322191E+000, 5.200632E-001, -1.607773E-001, 5.158253E-001, 6.996914E-001
1.463360E-001, 1.268110E+000, 2.080354E+000, 5.292957E+000, 6.427621E-001, -1.614940E-001, 5.322476E-001, 6.881359E-001
1.463440E-001, 1.345856E+000, 2.067843E+000, 5.229617E+000, 5.864782E-001, -1.693775E-001, 5.445348E-001, 6.803538E-001
1.463520E-001, 1.409779E+000, 2.092865E+000, 5.049342E+000, 4.210035E-001, -1.601800E-001, 5.465433E-001, 6.899046E-001
1.463600E-001, 1.499618E+000, 2.160780E+000, 4.802478E+000, 4.356374E-001, -1.413072E-001, 5.517417E-001, 6.988660E-001
1.463680E-001, 1.560087E+000, 2.321632E+000, 4.787861E+000, 5.695930E-001, -1.311541E-001, 5.654466E-001, 6.909658E-001
1.463760E-001, 1.579091E+000, 2.291249E+000, 4.973009E+000, 6.033633E-001, -1.250623E-001, 5.770249E-001, 6.825941E-001
1.463840E-001, 1.641287E+000, 1.967758E+000, 5.088320E+000, 5.954836E-001, -1.092951E-001, 5.821052E-001, 6.861314E-001
1.463920E-001, 1.522078E+000, 1.797969E+000, 5.172773E+000, 4.964240E-001, -9.173621E-002, 5.753709E-001, 6.879001E-001
1.464000E-001, 1.216280E+000, 2.092865E+000, 5.227993E+000, 3.140641E-001, -8.779442E-002, 5.603663E-001, 6.781134E-001
1.464080E-001, 1.160995E+000, 2.466399E+000, 5.078576E+000, 3.028074E-001, -8.719718E-002, 5.512691E-001, 6.682088E-001
1.464160E-001, 1.385592E+000, 2.461037E+000, 4.943775E+000, 4.772874E-001, -7.811911E-002, 5.548135E-001, 6.690342E-001
1.464240E-001, 1.575636E+000, 2.328781E+000, 5.060710E+000, 5.740957E-001, -7.095223E-002, 5.653285E-001, 6.754014E-001
1.464320E-001, 1.566998E+000, 2.425292E+000, 5.138667E+000, 4.378887E-001, -6.521871E-002, 5.712358E-001, 6.751656E-001
1.464400E-001, 1.421873E+000, 2.555761E+000, 5.070455E+000, 3.298236E-001, -5.685734E-002, 5.725354E-001, 6.662043E-001
1.464480E-001, 1.444333E+000, 2.462825E+000, 5.099689E+000, 4.817901E-001, -5.422948E-002, 5.722991E-001, 6.577146E-001
1.464560E-001, 1.656836E+000, 2.330569E+000, 5.200383E+000, 5.324456E-001, -4.921265E-002, 5.661555E-001, 6.551205E-001
1.464640E-001, 1.677568E+000, 2.421718E+000, 5.161405E+000, 3.309493E-001, -3.858177E-002, 5.611933E-001, 6.566533E-001
1.464720E-001, 1.458154E+000, 2.471761E+000, 5.042845E+000, 2.802938E-001, -3.822342E-002, 5.676914E-001, 6.561817E-001
1.464800E-001, 1.252561E+000, 2.276951E+000, 5.057462E+000, 3.433318E-001, -4.073183E-002, 5.832867E-001, 6.488712E-001
1.464880E-001, 1.164450E+000, 2.096439E+000, 5.111057E+000, 2.904249E-001, -3.917901E-002, 5.948650E-001, 6.374336E-001
1.464960E-001, 1.195548E+000, 1.962396E+000, 5.062335E+000, 3.838561E-001, -4.276245E-002, 5.933291E-001, 6.226946E-001
1.465040E-001, 1.344128E+000, 1.930225E+000, 5.002243E+000, 6.056147E-001, -4.156797E-002, 5.876580E-001, 6.053615E-001
1.465120E-001, 1.532444E+000, 2.158993E+000, 4.919413E+000, 5.988606E-001, -3.535666E-002, 5.903754E-001, 6.031212E-001
1.465200E-001, 1.544538E+000, 2.364526E+000, 4.781364E+000, 5.223145E-001, -3.953735E-002, 6.043167E-001, 6.150303E-001
1.465280E-001, 1.370043E+000, 2.291249E+000, 4.823591E+000, 5.583363E-001, -3.882066E-002, 6.166039E-001, 6.088989E-001
1.465360E-001, 1.316485E+000, 2.130397E+000, 5.146788E+000, 5.211889E-001, -1.887281E-002, 6.181397E-001, 5.900329E-001
1.465440E-001, 1.437422E+000, 2.173291E+000, 5.393651E+000, 4.637793E-001, -2.508412E-003, 6.213297E-001, 5.862597E-001
1.465520E-001, 1.480614E+000, 2.337718E+000, 5.304326E+000, 5.245659E-001, -6.569650E-003, 6.338531E-001, 5.859060E-001
1.465600E-001, 1.363132E+000, 2.282313E+000, 5.150036E+000, 5.662160E-001, -1.015310E-002, 6.507480E-001, 5.775343E-001
1.465680E-001, 1.245651E+000, 2.137546E+000, 5.122426E+000, 5.425767E-001, 3.822342E-003, 6.653981E-001, 5.672759E-001
1.465760E-001, 1.278476E+000, 2.334143E+000, 5.124050E+000, 4.919212E-001, 1.301985E-002, 6.799301E-001, 5.547772E-001
1.465840E-001, 1.404596E+000, 2.600443E+000, 5.124050E+000, 4.131238E-001, 1.445323E-002, 6.950527E-001, 5.420427E-001
1.465920E-001, 1.499618E+000, 2.419931E+000, 5.047718E+000, 3.343263E-001, 2.771198E-002, 6.982427E-001, 5.277753E-001
1.466000E-001, 1.539355E+000, 2.117886E+000, 4.940526E+000, 2.634086E-001, 3.571501E-002, 6.937532E-001, 5.070227E-001
1.466080E-001, 1.522078E+000, 2.166142E+000, 5.075327E+000, 2.814195E-001, 2.818977E-002, 6.909177E-001, 4.841477E-001
1.466160E-001, 1.357949E+000, 2.375250E+000, 5.289709E+000, 3.928616E-001, 2.448688E-002, 6.796938E-001, 4.645743E-001
1.466240E-001, 1.090160E+000, 2.359164E+000, 5.216624E+000, 4.660307E-001, 2.902591E-002, 6.598453E-001, 4.534906E-001
1.466320E-001, 1.008960E+000, 2.062482E+000, 5.158156E+000, 4.671563E-001, 3.081763E-002, 6.476762E-001, 4.420530E-001
1.466400E-001, 1.183455E+000, 1.856948E+000, 5.351425E+000, 4.345117E-001, 1.970895E-002, 6.428322E-001, 4.240125E-001
1.466480E-001, 1.383864E+000, 2.016013E+000, 5.452119E+000, 4.480198E-001, 7.883580E-003, 6.284184E-001, 4.150512E-001
1.466560E-001, 1.487525E+000, 2.264440E+000, 5.409893E+000, 5.088064E-001, 1.075034E-003, 5.982912E-001, 4.105705E-001
1.466640E-001, 1.416690E+000, 2.377037E+000, 5.383907E+000, 4.558995E-001, -1.958950E-002, 5.659192E-001, 3.934732E-001
1.466720E-001, 1.330307E+000, 2.430654E+000, 5.338432E+000, 3.286979E-001, -4.324025E-002, 5.432352E-001, 3.766118E-001
1.466800E-001, 1.499618E+000, 2.377037E+000, 5.336808E+000, 3.804791E-001, -5.422948E-002, 5.284669E-001, 3.683579E-001
1.466880E-001, 1.644743E+000, 2.141120E+000, 5.452119E+000, 5.695930E-001, -6.486037E-002, 5.170068E-001, 3.570383E-001
1.466960E-001, 1.478886E+000, 2.008864E+000, 5.570679E+000, 5.909809E-001, -7.166892E-002, 5.010571E-001, 3.450113E-001
1.467040E-001, 1.256017E+000, 2.287674E+000, 5.580424E+000, 4.300089E-001, -8.098587E-002, 4.744742E-001, 3.419456E-001
1.467120E-001, 1.247378E+000, 2.525378E+000, 5.452119E+000, 3.692223E-001, -1.058311E-001, 4.490728E-001, 3.410023E-001
1.467200E-001, 1.421873E+000, 2.289462E+000, 5.281589E+000, 4.581509E-001, -1.131174E-001, 4.403301E-001, 3.321588E-001
1.467280E-001, 1.496163E+000, 2.032098E+000, 5.174397E+000, 5.009267E-001, -1.143119E-001, 4.331231E-001, 3.217826E-001
1.467360E-001, 1.389047E+000, 1.985630E+000, 5.120802E+000, 4.998010E-001, -1.409489E-001, 4.157557E-001, 3.127033E-001
1.467440E-001, 1.330307E+000, 2.039247E+000, 5.177646E+000, 5.166861E-001, -1.525353E-001, 4.033504E-001, 3.020912E-001
1.467520E-001, 1.256017E+000, 2.207248E+000, 5.335184E+000, 4.457684E-001, -1.567160E-001, 3.930717E-001, 2.990255E-001
1.467600E-001, 1.176544E+000, 2.158993E+000, 5.458616E+000, 3.512115E-001, -1.718860E-001, 3.855103E-001, 2.950165E-001
1.467680E-001, 1.408052E+000, 1.965970E+000, 5.541445E+000, 4.288833E-001, -1.700942E-001, 3.878732E-001, 2.878238E-001
1.467760E-001, 1.617100E+000, 2.192950E+000, 5.530077E+000, 5.819755E-001, -1.765444E-001, 3.838563E-001, 2.915970E-001
1.467840E-001, 1.404596E+000, 2.502144E+000, 5.393651E+000, 5.774727E-001, -1.914755E-001, 3.783034E-001, 2.910075E-001
1.467920E-001, 1.368315E+000, 2.330569E+000, 5.375787E+000, 4.694077E-001, -1.791723E-001, 3.791304E-001, 2.873522E-001
1.468000E-001, 1.786412E+000, 2.116099E+000, 5.465112E+000, 4.874185E-001, -1.723637E-001, 3.702695E-001, 2.914791E-001
1.468080E-001, 1.940174E+000, 2.232270E+000, 5.383907E+000, 5.999863E-001, -1.809640E-001, 3.649529E-001, 2.774476E-001
1.468160E-001, 1.643015E+000, 2.325207E+000, 5.250731E+000, 5.876039E-001, -1.704526E-001, 3.772401E-001, 2.549263E-001
1.468240E-001, 1.418418E+000, 2.173291E+000, 5.353049E+000, 4.998010E-001, -1.673469E-001, 3.864555E-001, 2.535114E-001
1.468320E-001, 1.435694E+000, 2.071418E+000, 5.526828E+000, 5.425767E-001, -1.820390E-001, 3.931898E-001, 2.541009E-001
1.468400E-001, 1.572181E+000, 2.237632E+000, 5.439126E+000, 6.236256E-001, -1.734388E-001, 4.098484E-001, 2.495023E-001
1.468480E-001, 1.786412E+000, 2.319845E+000, 5.236114E+000, 6.157458E-001, -1.620912E-001, 4.164646E-001, 2.614115E-001
1.468560E-001, 1.846880E+000, 2.091078E+000, 5.258851E+000, 5.369483E-001, -1.704526E-001, 4.107935E-001, 2.681325E-001
1.468640E-001, 1.603279E+000, 1.923076E+000, 5.406644E+000, 3.849818E-001, -1.672275E-001, 4.139835E-001, 2.489128E-001
1.468720E-001, 1.451244E+000, 2.098227E+000, 5.452119E+000, 2.735397E-001, -1.659135E-001, 4.236715E-001, 2.430172E-001
1.468800E-001, 1.579091E+000, 2.380611E+000, 5.544693E+000, 3.196925E-001, -1.769028E-001, 4.409208E-001, 2.544546E-001
1.468880E-001, 1.724216E+000, 2.357377E+000, 5.660005E+000, 4.390144E-001, -1.727221E-001, 4.697484E-001, 2.504456E-001
1.468960E-001, 1.871068E+000, 2.073205E+000, 5.533325E+000, 5.020523E-001, -1.742749E-001, 4.893606E-001, 2.511531E-001
1.469040E-001, 1.966089E+000, 1.906991E+000, 5.346553E+000, 5.301943E-001, -1.872948E-001, 4.945590E-001, 2.577562E-001
1.469120E-001, 1.746675E+000, 1.889119E+000, 5.309198E+000, 5.628389E-001, -1.841891E-001, 4.981034E-001, 2.357066E-001
1.469200E-001, 1.394230E+000, 1.962396E+000, 5.364418E+000, 4.941726E-001, -1.907588E-001, 4.978671E-001, 2.177839E-001
1.469280E-001, 1.333762E+000, 2.142908E+000, 5.512211E+000, 3.332007E-001, -2.073621E-001, 4.970401E-001, 2.352350E-001
1.469360E-001, 1.591185E+000, 2.221546E+000, 5.648636E+000, 2.757911E-001, -2.025841E-001, 5.005845E-001, 2.493844E-001
1.469440E-001, 1.731126E+000, 2.130397E+000, 5.651885E+000, 4.221292E-001, -2.028230E-001, 4.994030E-001, 2.478516E-001
1.469520E-001, 1.499618E+000, 2.057120E+000, 5.643764E+000, 6.157458E-001, -2.101094E-001, 4.900695E-001, 2.474978E-001
1.469600E-001, 1.378681E+000, 2.101801E+000, 5.672998E+000, 6.393850E-001, -1.974479E-001, 4.782549E-001, 2.377111E-001
1.469680E-001, 1.753586E+000, 2.217972E+000, 5.690863E+000, 5.482051E-001, -1.950589E-001, 4.729383E-001, 2.247408E-001
1.469760E-001, 2.069750E+000, 2.262653E+000, 5.723345E+000, 4.874185E-001, -2.093927E-001, 4.750650E-001, 2.234437E-001
1.469840E-001, 1.836514E+000, 2.055333E+000, 5.697359E+000, 3.906102E-001, -2.053314E-001, 4.747105E-001, 2.210855E-001
1.469920E-001, 1.558359E+000, 1.706820E+000, 5.604785E+000, 2.847965E-001, -1.995979E-001, 4.729383E-001, 2.232079E-001
1.470000E-001, 1.663747E+000, 1.642479E+000, 5.551190E+000, 3.253209E-001, -2.147678E-001, 4.749468E-001, 2.400694E-001
1.470080E-001, 1.795050E+000, 1.830140E+000, 5.497594E+000, 4.176265E-001, -2.265932E-001, 4.735291E-001, 2.538651E-001
1.470160E-001, 1.637832E+000, 1.824778E+000, 5.500843E+000, 4.288833E-001, -2.292211E-001, 4.670310E-001, 2.602324E-001
1.470240E-001, 1.458154E+000, 1.678224E+000, 5.565807E+000, 4.277576E-001, -2.294600E-001, 4.677399E-001, 2.589353E-001
1.470320E-001, 1.565270E+000, 1.814054E+000, 5.564183E+000, 4.604023E-001, -2.090343E-001, 4.775460E-001, 2.400694E-001
1.470400E-001, 1.796778E+000, 2.157206E+000, 5.598289E+000, 4.581509E-001, -1.856225E-001, 4.864070E-001, 2.259199E-001
1.470480E-001, 1.862429E+000, 2.284100E+000, 5.676246E+000, 4.198779E-001, -1.847863E-001, 4.972764E-001, 2.374753E-001
1.470560E-001, 1.845152E+000, 2.126822E+000, 5.608034E+000, 4.592766E-001, -1.809640E-001, 5.060192E-001, 2.464366E-001
1.470640E-001, 1.860702E+000, 1.962396E+000, 5.489474E+000, 4.682820E-001, -1.790528E-001, 5.012934E-001, 2.374753E-001
1.470720E-001, 1.751858E+000, 2.008864E+000, 5.559310E+000, 2.983046E-001, -1.931477E-001, 5.012934E-001, 2.342917E-001
1.470800E-001, 1.532444E+000, 2.148269E+000, 5.763947E+000, 1.913652E-001, -1.806057E-001, 5.187790E-001, 2.416022E-001
1.470880E-001, 1.449516E+000, 2.114312E+000, 5.867890E+000, 3.163155E-001, -1.582689E-001, 5.383912E-001, 2.452575E-001
1.470960E-001, 1.561814E+000, 1.944523E+000, 5.785061E+000, 4.615279E-001, -1.681831E-001, 5.507965E-001, 2.322872E-001
1.471040E-001, 1.793322E+000, 1.885544E+000, 5.694111E+000, 4.750361E-001, -1.642413E-001, 5.554042E-001, 2.063465E-001
1.471120E-001, 1.978183E+000, 1.973119E+000, 5.695735E+000, 4.288833E-001, -1.475185E-001, 5.585942E-001, 1.930224E-001
1.471200E-001, 1.896983E+000, 1.999928E+000, 5.690863E+000, 4.108724E-001, -1.587466E-001, 5.681640E-001, 1.934940E-001
1.471280E-001, 1.700028E+000, 1.883757E+000, 5.746082E+000, 3.962386E-001, -1.595828E-001, 5.715902E-001, 1.881880E-001
1.471360E-001, 1.667202E+000, 1.810480E+000, 5.884131E+000, 4.221292E-001, -1.488324E-001, 5.627293E-001, 1.853581E-001
1.471440E-001, 1.649926E+000, 1.812267E+000, 5.872763E+000, 5.335713E-001, -1.570744E-001, 5.596575E-001, 1.923149E-001
1.471520E-001, 1.572181E+000, 1.762224E+000, 5.754203E+000, 5.369483E-001, -1.476380E-001, 5.668644E-001, 1.943194E-001
1.471600E-001, 1.605006E+000, 1.735416E+000, 5.773692E+000, 4.074954E-001, -1.287652E-001, 5.691091E-001, 1.899567E-001
1.471680E-001, 1.637832E+000, 1.747926E+000, 5.838656E+000, 3.692223E-001, -1.438156E-001, 5.696999E-001, 1.850043E-001
1.471760E-001, 1.515167E+000, 1.676437E+000, 5.897124E+000, 4.660307E-001, -1.554021E-001, 5.776157E-001, 1.786371E-001
1.471840E-001, 1.418418E+000, 1.604947E+000, 5.983202E+000, 5.662160E-001, -1.415461E-001, 5.731261E-001, 1.765147E-001
1.471920E-001, 1.575636E+000, 1.722905E+000, 5.913365E+000, 5.752214E-001, -1.379627E-001, 5.555224E-001, 1.778117E-001
1.472000E-001, 1.751858E+000, 1.906991E+000, 5.770444E+000, 5.110577E-001, -1.472796E-001, 5.555224E-001, 1.699116E-001
1.472080E-001, 1.630921E+000, 1.915927E+000, 5.755827E+000, 4.502712E-001, -1.576716E-001, 5.632018E-001, 1.547009E-001
1.472160E-001, 1.566998E+000, 1.889119E+000, 5.746082E+000, 4.671563E-001, -1.681831E-001, 5.528050E-001, 1.473903E-001
1.472240E-001, 1.795050E+000, 1.912353E+000, 5.708728E+000, 5.133091E-001, -1.735582E-001, 5.407541E-001, 1.512814E-001
1.472320E-001, 1.843425E+000, 1.738990E+000, 5.687614E+000, 4.930469E-001, -1.831141E-001, 5.357920E-001, 1.515173E-001
1.472400E-001, 1.701756E+000, 1.538819E+000, 5.674622E+000, 4.671563E-001, -1.962534E-001, 5.310662E-001, 1.339483E-001
1.472480E-001, 1.758769E+000, 1.663926E+000, 5.718472E+000, 5.346970E-001, -1.945811E-001, 5.301210E-001, 1.163794E-001
1.472560E-001, 1.762224E+000, 1.930225E+000, 5.765572E+000, 6.742811E-001, -1.981646E-001, 5.165342E-001, 1.297035E-001
1.472640E-001, 1.644743E+000, 2.014226E+000, 5.835408E+000, 7.249365E-001, -2.182318E-001, 4.826263E-001, 1.488053E-001
1.472720E-001, 1.693117E+000, 1.960609E+000, 6.023804E+000, 6.371337E-001, -2.268321E-001, 4.607693E-001, 1.367782E-001
1.472800E-001, 1.624011E+000, 1.901629E+000, 6.143988E+000, 5.853525E-001, -2.293405E-001, 4.569886E-001, 1.274631E-001
1.472880E-001, 1.302664E+000, 1.758650E+000, 5.983202E+000, 5.572106E-001, -2.377019E-001, 4.548620E-001, 1.371320E-001
1.472960E-001, 1.171361E+000, 1.554904E+000, 5.746082E+000, 4.446428E-001, -2.431965E-001, 4.585245E-001, 1.307647E-001
1.473040E-001, 1.478886E+000, 1.440520E+000, 5.760699E+000, 3.996156E-001, -2.575303E-001, 4.527354E-001, 1.213317E-001
1.473120E-001, 1.917715E+000, 1.404775E+000, 5.749331E+000, 4.592766E-001, -2.732975E-001, 4.289880E-001, 1.286423E-001
1.473200E-001, 2.019647E+000, 1.540606E+000, 5.460240E+000, 5.313200E-001, -2.749697E-001, 4.189456E-001, 1.301751E-001
1.473280E-001, 1.848608E+000, 1.721118E+000, 5.408268E+000, 6.089917E-001, -2.814199E-001, 4.228444E-001, 1.238079E-001
1.473360E-001, 1.653381E+000, 1.572776E+000, 5.705480E+000, 6.022376E-001, -2.891841E-001, 4.109117E-001, 1.274631E-001
1.473440E-001, 1.459882E+000, 1.429797E+000, 5.815919E+000, 5.425767E-001, -2.841673E-001, 3.901180E-001, 1.376036E-001
1.473520E-001, 1.435694E+000, 1.638904E+000, 5.734714E+000, 5.538335E-001, -2.818977E-001, 3.842107E-001, 1.411410E-001
1.473600E-001, 1.587730E+000, 1.730054E+000, 5.843529E+000, 5.617133E-001, -2.841673E-001, 3.864555E-001, 1.427917E-001
1.473680E-001, 1.681024E+000, 1.547755E+000, 5.973457E+000, 5.493308E-001, -2.810616E-001, 3.812571E-001, 1.508098E-001
1.473760E-001, 1.630921E+000, 1.454818E+000, 5.776940E+000, 6.236256E-001, -2.919314E-001, 3.712147E-001, 1.519889E-001
1.473840E-001, 1.516895E+000, 1.544180E+000, 5.536573E+000, 6.844122E-001, -3.127154E-001, 3.650711E-001, 1.422022E-001
1.473920E-001, 1.532444E+000, 1.717543E+000, 5.583672E+000, 6.067404E-001, -3.055485E-001, 3.627082E-001, 1.381932E-001
1.474000E-001, 1.675841E+000, 1.876608E+000, 5.682742E+000, 6.134945E-001, -2.983816E-001, 3.508936E-001, 1.405514E-001
1.474080E-001, 1.803688E+000, 1.858736E+000, 5.630771E+000, 7.710894E-001, -3.234657E-001, 3.377793E-001, 1.407872E-001
1.474160E-001, 1.852063E+000, 1.628181E+000, 5.617778E+000, 7.789691E-001, -3.429358E-001, 3.401423E-001, 1.429097E-001
1.474240E-001, 1.675841E+000, 1.520946E+000, 5.682742E+000, 6.483905E-001, -3.587029E-001, 3.425052E-001, 1.543472E-001
1.474320E-001, 1.437422E+000, 1.658564E+000, 5.543069E+000, 5.864782E-001, -3.773368E-001, 3.330535E-001, 1.675533E-001
1.474400E-001, 1.451244E+000, 1.651415E+000, 5.343305E+000, 5.470794E-001, -3.665865E-001, 3.217115E-001, 1.733310E-001
1.474480E-001, 1.629194E+000, 1.449456E+000, 5.492722E+000, 4.874185E-001, -3.610919E-001, 3.159223E-001, 1.739206E-001
1.474560E-001, 1.788139E+000, 1.335073E+000, 5.747706E+000, 4.176265E-001, -3.871316E-001, 3.187578E-001, 1.741564E-001
1.474640E-001, 1.786412E+000, 1.322562E+000, 5.716848E+000, 3.275723E-001, -4.008681E-001, 3.249014E-001, 1.842969E-001
1.474720E-001, 1.586002E+000, 1.422648E+000, 5.565807E+000, 3.320750E-001, -4.070794E-001, 3.241926E-001, 1.991538E-001
1.474800E-001, 1.461610E+000, 1.653202E+000, 5.660005E+000, 4.266319E-001, -4.248772E-001, 3.172219E-001, 2.032807E-001
1.474880E-001, 1.618828E+000, 1.755075E+000, 5.879259E+000, 4.367630E-001, -4.276245E-001, 3.095424E-001, 2.041061E-001
1.474960E-001, 1.826148E+000, 1.549542E+000, 5.866266E+000, 4.029927E-001, -4.261912E-001, 3.041077E-001, 2.107092E-001
1.475040E-001, 1.755314E+000, 1.420860E+000, 5.809422E+000, 4.637793E-001, -4.370609E-001, 3.123780E-001, 2.181377E-001
1.475120E-001, 1.641287E+000, 1.774735E+000, 5.942599E+000, 6.078660E-001, -4.363442E-001, 3.401423E-001, 2.283960E-001
1.475200E-001, 1.789867E+000, 2.148269E+000, 5.936103E+000, 7.035487E-001, -4.362248E-001, 3.636533E-001, 2.467904E-001
1.475280E-001, 1.824420E+000, 1.932013E+000, 5.616154E+000, 6.202485E-001, -4.534253E-001, 3.677884E-001, 2.544546E-001
1.475360E-001, 1.679296E+000, 1.460180E+000, 5.393651E+000, 5.391997E-001, -4.623840E-001, 3.713328E-001, 2.471441E-001
1.475440E-001, 1.758769E+000, 1.285030E+000, 5.525204E+000, 6.315053E-001, -4.650118E-001, 3.824385E-001, 2.575204E-001
1.475520E-001, 1.860702E+000, 1.442307E+000, 5.703856E+000, 6.517675E-001, -4.742093E-001, 3.892910E-001, 2.773296E-001
1.475600E-001, 1.720760E+000, 1.715756E+000, 5.653509E+000, 4.919212E-001, -4.705064E-001, 3.904724E-001, 2.778013E-001
1.475680E-001, 1.643015E+000, 1.781884E+000, 5.440751E+000, 4.277576E-001, -4.635784E-001, 3.963797E-001, 2.734385E-001
1.475760E-001, 1.789867E+000, 1.587074E+000, 5.382283E+000, 5.560849E-001, -4.734926E-001, 4.139835E-001, 2.772117E-001
1.475840E-001, 1.843425E+000, 1.429797E+000, 5.530077E+000, 6.697783E-001, -4.767177E-001, 4.281610E-001, 2.864089E-001
1.475920E-001, 1.713850E+000, 1.377966E+000, 5.500843E+000, 6.641499E-001, -4.679980E-001, 4.216630E-001, 2.971389E-001
1.476000E-001, 1.643015E+000, 1.122390E+000, 5.362794E+000, 6.247512E-001, -4.647729E-001, 4.170553E-001, 3.020912E-001
1.476080E-001, 1.708666E+000, 8.167713E-001, 5.434254E+000, 5.752214E-001, -4.627423E-001, 4.379671E-001, 3.104630E-001
1.476160E-001, 1.810599E+000, 1.074135E+000, 5.562559E+000, 5.133091E-001, -4.717009E-001, 4.588790E-001, 3.269707E-001
1.476240E-001, 1.703483E+000, 1.599585E+000, 5.729841E+000, 4.874185E-001, -4.965461E-001, 4.543894E-001, 3.355783E-001
1.476320E-001, 1.451244E+000, 1.642479E+000, 5.903621E+000, 5.279430E-001, -4.975017E-001, 4.423385E-001, 3.342813E-001
1.476400E-001, 1.452971E+000, 1.338647E+000, 5.731465E+000, 6.652756E-001, -4.799428E-001, 4.434018E-001, 3.360499E-001
1.476480E-001, 1.586002E+000, 1.226051E+000, 5.429382E+000, 7.924773E-001, -4.929627E-001, 4.527354E-001, 3.400590E-001
1.476560E-001, 1.598096E+000, 1.460180E+000, 5.383907E+000, 7.339420E-001, -5.141050E-001, 4.625415E-001, 3.393515E-001
1.476640E-001, 1.587730E+000, 1.710394E+000, 5.408268E+000, 5.864782E-001, -5.152995E-001, 4.724658E-001, 3.413560E-001
1.476720E-001, 1.494435E+000, 1.572776E+000, 5.421261E+000, 5.797241E-001, -5.217497E-001, 4.804997E-001, 3.525577E-001
1.476800E-001, 1.306119E+000, 1.324349E+000, 5.502467E+000, 6.416364E-001, -5.198385E-001, 4.799089E-001, 3.626981E-001
1.476880E-001, 1.299209E+000, 1.444095E+000, 5.512211E+000, 5.763471E-001, -5.065798E-001, 4.703391E-001, 3.667071E-001
1.476960E-001, 1.520350E+000, 1.635330E+000, 5.468360E+000, 4.581509E-001, -5.231831E-001, 4.587608E-001, 3.674146E-001
1.477040E-001, 1.687934E+000, 1.476265E+000, 5.556062E+000, 4.952983E-001, -5.486255E-001, 4.494273E-001, 3.644668E-001
1.477120E-001, 1.608462E+000, 1.231412E+000, 5.690863E+000, 6.168715E-001, -5.520895E-001, 4.528535E-001, 3.609294E-001
1.477200E-001, 1.463337E+000, 1.217114E+000, 5.625899E+000, 5.797241E-001, -5.631982E-001, 4.624234E-001, 3.635235E-001
1.477280E-001, 1.568725E+000, 1.293966E+000, 5.473233E+000, 4.784131E-001, -5.799209E-001, 4.527354E-001, 3.683579E-001
1.477360E-001, 1.774318E+000, 1.320775E+000, 5.461864E+000, 5.234402E-001, -5.764570E-001, 4.319417E-001, 3.689474E-001
1.477440E-001, 1.727671E+000, 1.260008E+000, 5.442375E+000, 5.437024E-001, -5.771737E-001, 4.202452E-001, 3.749610E-001
1.477520E-001, 1.598096E+000, 1.188518E+000, 5.344929E+000, 3.973643E-001, -5.874462E-001, 4.162283E-001, 3.856910E-001
1.477600E-001, 1.561814E+000, 1.326136E+000, 5.336808E+000, 3.489601E-001, -5.864906E-001, 4.191819E-001, 3.958315E-001
1.477680E-001, 1.530716E+000, 1.506648E+000, 5.343305E+000, 4.840415E-001, -5.885212E-001, 4.272158E-001, 4.152870E-001
1.477760E-001, 1.577363E+000, 1.406562E+000, 5.262099E+000, 4.941726E-001, -5.962853E-001, 4.286336E-001, 4.281394E-001
1.477840E-001, 1.625738E+000, 1.150986E+000, 5.202007E+000, 3.804791E-001, -5.967632E-001, 4.145742E-001, 4.169377E-001
1.477920E-001, 1.506529E+000, 1.086645E+000, 5.190639E+000, 4.210035E-001, -5.938964E-001, 3.931898E-001, 4.071510E-001
1.478000E-001, 1.408052E+000, 1.265370E+000, 5.219872E+000, 4.772874E-001, -5.874462E-001, 3.832655E-001, 4.099809E-001
1.478080E-001, 1.566998E+000, 1.352945E+000, 5.307574E+000, 3.737251E-001, -5.815932E-001, 3.903543E-001, 4.062077E-001
1.478160E-001, 1.746675E+000, 1.306477E+000, 5.348177E+000, 3.714737E-001, -5.905519E-001, 4.040592E-001, 4.039674E-001
1.478240E-001, 1.587730E+000, 1.363668E+000, 5.307574E+000, 4.885442E-001, -6.001077E-001, 4.149287E-001, 4.168198E-001
1.478320E-001, 1.333762E+000, 1.413711E+000, 5.344929E+000, 4.547739E-001, -5.919852E-001, 4.176460E-001, 4.222438E-001
1.478400E-001, 1.325124E+000, 1.327924E+000, 5.456992E+000, 3.613426E-001, -5.870879E-001, 4.112661E-001, 4.104526E-001
1.478480E-001, 1.494435E+000, 1.290391E+000, 5.495970E+000, 3.545885E-001, -5.912685E-001, 4.038229E-001, 4.057361E-001
1.478560E-001, 1.781229E+000, 1.372605E+000, 5.427758E+000, 3.523372E-001, -5.832655E-001, 4.018145E-001, 4.111601E-001
1.478640E-001, 1.988549E+000, 1.376179E+000, 5.258851E+000, 2.994303E-001, -5.738291E-001, 4.077218E-001, 4.118675E-001
1.478720E-001, 1.907349E+000, 1.277881E+000, 5.197135E+000, 2.589059E-001, -5.808765E-001, 4.129202E-001, 4.161124E-001
1.478800E-001, 1.741492E+000, 1.279668E+000, 5.369290E+000, 3.208182E-001, -5.843406E-001, 4.080762E-001, 4.230692E-001
1.478880E-001, 1.651653E+000, 1.356519E+000, 5.452119E+000, 4.266319E-001, -5.690512E-001, 4.051225E-001, 4.185885E-001
1.478960E-001, 1.613645E+000, 1.267157E+000, 5.244234E+000, 4.649050E-001, -5.547174E-001, 4.042955E-001, 4.155228E-001
1.479040E-001, 1.670658E+000, 1.093794E+000, 5.007115E+000, 4.750361E-001, -5.531646E-001, 3.973249E-001, 4.207110E-001
1.479120E-001, 1.810599E+000, 1.117029E+000, 4.956768E+000, 4.322603E-001, -5.557925E-001, 3.931898E-001, 4.204751E-001
1.479200E-001, 1.924625E+000, 1.313626E+000, 4.998994E+000, 3.073101E-001, -5.550758E-001, 3.933080E-001, 4.222438E-001
1.479280E-001, 1.931536E+000, 1.519159E+000, 5.052590E+000, 2.622829E-001, -5.516117E-001, 3.902361E-001, 4.378082E-001
1.479360E-001, 1.843425E+000, 1.551329E+000, 5.171149E+000, 3.253209E-001, -5.550758E-001, 3.890547E-001, 4.433501E-001
1.479440E-001, 1.738037E+000, 1.385115E+000, 5.281589E+000, 3.467088E-001, -5.580620E-001, 3.936624E-001, 4.250737E-001
1.479520E-001, 1.667202E+000, 1.356519E+000, 5.265347E+000, 3.196925E-001, -5.498200E-001, 3.969705E-001, 4.178810E-001
1.479600E-001, 1.636104E+000, 1.481627E+000, 5.171149E+000, 3.568399E-001, -5.432504E-001, 3.934261E-001, 4.342709E-001
1.479680E-001, 1.637832E+000, 1.352945E+000, 5.096441E+000, 4.457684E-001, -5.424142E-001, 3.897636E-001, 4.395769E-001
1.479760E-001, 1.556631E+000, 1.052688E+000, 5.150036E+000, 5.065550E-001, -5.529257E-001, 3.922446E-001, 4.297902E-001
1.479840E-001, 1.342400E+000, 9.901341E-001, 5.331936E+000, 5.256916E-001, -5.778903E-001, 3.973249E-001, 4.335634E-001
1.479920E-001, 1.273293E+000, 1.049113E+000, 5.330312E+000, 4.378887E-001, -5.878046E-001, 3.996878E-001, 4.494815E-001
1.480000E-001, 1.458154E+000, 1.084858E+000, 5.054214E+000, 3.061844E-001, -5.798015E-001, 3.930717E-001, 4.620982E-001
1.480080E-001, 1.625738E+000, 1.347583E+000, 4.851201E+000, 3.647196E-001, -5.827878E-001, 3.731050E-001, 4.701162E-001
1.480160E-001, 1.613645E+000, 1.654990E+000, 4.875562E+000, 5.301943E-001, -5.942547E-001, 3.538472E-001, 4.788417E-001
1.480240E-001, 1.468520E+000, 1.531670E+000, 4.964888E+000, 5.031780E-001, -5.952103E-001, 3.520750E-001, 4.906329E-001
1.480320E-001, 1.321668E+000, 1.260008E+000, 5.028228E+000, 3.984900E-001, -5.832655E-001, 3.605815E-001, 4.962927E-001
1.480400E-001, 1.397686E+000, 1.326136E+000, 5.138667E+000, 4.187522E-001, -5.759792E-001, 3.667251E-001, 4.938166E-001
1.480480E-001, 1.618828E+000, 1.538819E+000, 5.333560E+000, 3.894846E-001, -5.868490E-001, 3.699150E-001, 4.925195E-001
1.480560E-001, 1.589457E+000, 1.588861E+000, 5.431006E+000, 3.084357E-001, -5.960464E-001, 3.696788E-001, 4.947598E-001
1.480640E-001, 1.356222E+000, 1.547755E+000, 5.202007E+000, 3.422061E-001, -5.841017E-001, 3.625900E-001, 4.999480E-001
1.480720E-001, 1.266383E+000, 1.495925E+000, 4.969760E+000, 3.478345E-001, -5.658261E-001, 3.492395E-001, 5.031316E-001
1.480800E-001, 1.338945E+000, 1.449456E+000, 5.140291E+000, 2.892992E-001, -5.610482E-001, 3.421507E-001, 5.047824E-001
1.480880E-001, 1.395958E+000, 1.490563E+000, 5.320567E+000, 3.568399E-001, -5.713207E-001, 3.485306E-001, 5.109138E-001
1.480960E-001, 1.342400E+000, 1.594223E+000, 5.182518E+000, 4.817901E-001, -5.866101E-001, 3.547924E-001, 5.155124E-001
1.481040E-001, 1.368315E+000, 1.654990E+000, 5.091568E+000, 4.547739E-001, -5.947325E-001, 3.498302E-001, 5.191677E-001
1.481120E-001, 1.542810E+000, 1.610308E+000, 5.150036E+000, 3.208182E-001, -5.940158E-001, 3.416781E-001, 5.223513E-001
1.481200E-001, 1.537627E+000, 1.478052E+000, 5.068831E+000, 2.994303E-001, -5.927019E-001, 3.396697E-001, 5.143332E-001
1.481280E-001, 1.433967E+000, 1.410137E+000, 4.886931E+000, 3.849818E-001, -5.907907E-001, 3.387245E-001, 5.046645E-001
1.481360E-001, 1.456427E+000, 1.436946E+000, 4.833335E+000, 4.086211E-001, -5.869684E-001, 3.285640E-001, 5.074944E-001
1.481440E-001, 1.352766E+000, 1.426222E+000, 4.872314E+000, 3.771021E-001, -5.906713E-001, 3.103695E-001, 5.157482E-001
1.481520E-001, 1.147173E+000, 1.456605E+000, 4.912917E+000, 4.018670E-001, -5.959270E-001, 3.000908E-001, 5.170453E-001
1.481600E-001, 1.131624E+000, 1.603159E+000, 5.015235E+000, 4.547739E-001, -5.901935E-001, 3.041077E-001, 5.111496E-001
1.481680E-001, 1.136807E+000, 1.692522E+000, 5.101313E+000, 4.322603E-001, -5.911491E-001, 3.090699E-001, 5.096168E-001
1.481760E-001, 1.091888E+000, 1.629968E+000, 5.011987E+000, 3.590913E-001, -6.033328E-001, 3.081247E-001, 5.182244E-001
1.481840E-001, 1.254289E+000, 1.515584E+000, 4.911293E+000, 3.241952E-001, -6.020189E-001, 3.064707E-001, 5.277753E-001
1.481920E-001, 1.418418E+000, 1.542393E+000, 4.961640E+000, 3.590913E-001, -5.980771E-001, 3.084791E-001, 5.218797E-001
1.482000E-001, 1.357949E+000, 1.713969E+000, 5.020108E+000, 4.446428E-001, -6.040495E-001, 3.159223E-001, 5.031316E-001
1.482080E-001, 1.399413E+000, 1.717543E+000, 5.037973E+000, 4.739104E-001, -5.956881E-001, 3.205300E-001, 5.052540E-001
1.482160E-001, 1.518623E+000, 1.522733E+000, 5.047718E+000, 3.635940E-001, -5.887601E-001, 3.147409E-001, 5.361471E-001
1.482240E-001, 1.416690E+000, 1.453031E+000, 4.995746E+000, 2.892992E-001, -6.094247E-001, 3.113146E-001, 5.561921E-001
1.482320E-001, 1.345856E+000, 1.506648E+000, 4.937278E+000, 3.816048E-001, -6.165916E-001, 3.141502E-001, 5.479383E-001
1.482400E-001, 1.518623E+000, 1.528095E+000, 4.925910E+000, 4.547739E-001, -6.014217E-001, 3.142683E-001, 5.296619E-001
1.482480E-001, 1.591185E+000, 1.688947E+000, 4.982753E+000, 4.457684E-001, -6.066774E-001, 3.171038E-001, 5.135079E-001
1.482560E-001, 1.420146E+000, 1.946311E+000, 5.120802E+000, 4.784131E-001, -6.159943E-001, 3.169856E-001, 5.015988E-001
1.482640E-001, 1.269838E+000, 1.915927E+000, 5.223121E+000, 5.324456E-001, -6.104997E-001, 3.050529E-001, 5.007734E-001
1.482720E-001, 1.259472E+000, 1.687160E+000, 5.166277E+000, 5.189375E-001, -6.149193E-001, 2.986730E-001, 5.113854E-001
1.482800E-001, 1.349311E+000, 1.705032E+000, 4.984377E+000, 3.816048E-001, -6.207722E-001, 2.960738E-001, 5.143332E-001
1.482880E-001, 1.406324E+000, 1.837289E+000, 4.935654E+000, 2.442721E-001, -6.159943E-001, 2.795334E-001, 5.072585E-001
1.482960E-001, 1.390775E+000, 1.760437E+000, 5.112681E+000, 3.016817E-001, -6.220862E-001, 2.687821E-001, 5.043107E-001
1.483040E-001, 1.556631E+000, 1.672862E+000, 5.182518E+000, 3.939873E-001, -6.337921E-001, 2.794152E-001, 4.991226E-001
1.483120E-001, 1.701756E+000, 1.719330E+000, 5.070455E+000, 3.388290E-001, -6.320004E-001, 2.869766E-001, 4.868597E-001
1.483200E-001, 1.423601E+000, 1.719330E+000, 4.987626E+000, 2.926762E-001, -6.292531E-001, 2.783519E-001, 4.799029E-001
1.483280E-001, 1.093616E+000, 1.656777E+000, 4.891803E+000, 3.861075E-001, -6.314031E-001, 2.666555E-001, 4.819074E-001
1.483360E-001, 1.152357E+000, 1.737203E+000, 4.849576E+000, 4.592766E-001, -6.303281E-001, 2.652377E-001, 4.874493E-001
1.483440E-001, 1.414962E+000, 1.942736E+000, 4.997370E+000, 4.412657E-001, -6.342699E-001, 2.709087E-001, 4.922837E-001
1.483520E-001, 1.594640E+000, 2.026737E+000, 5.080200E+000, 5.054294E-001, -6.336727E-001, 2.672462E-001, 4.920478E-001
1.483600E-001, 1.582546E+000, 2.008864E+000, 4.956768E+000, 5.763471E-001, -6.211306E-001, 2.555497E-001, 4.862702E-001
1.483680E-001, 1.397686E+000, 2.017800E+000, 4.942151E+000, 5.301943E-001, -6.253113E-001, 2.495243E-001, 4.846194E-001
1.483760E-001, 1.247378E+000, 2.005290E+000, 5.063959E+000, 5.166861E-001, -6.441841E-001, 2.466888E-001, 4.907508E-001
1.483840E-001, 1.344128E+000, 1.923076E+000, 5.049342E+000, 5.223145E-001, -6.456175E-001, 2.430263E-001, 4.940524E-001
1.483920E-001, 1.480614E+000, 1.856948E+000, 5.018484E+000, 4.592766E-001, -6.315226E-001, 2.457436E-001, 4.888642E-001
1.484000E-001, 1.435694E+000, 1.958821E+000, 5.013611E+000, 4.480198E-001, -6.254307E-001, 2.534231E-001, 4.793133E-001
1.484080E-001, 1.387320E+000, 2.042822E+000, 4.831711E+000, 5.245659E-001, -6.351060E-001, 2.625203E-001, 4.677579E-001
1.484160E-001, 1.385592E+000, 1.873034E+000, 4.649812E+000, 5.954836E-001, -6.488426E-001, 2.746894E-001, 4.612727E-001
1.484240E-001, 1.309574E+000, 1.803331E+000, 4.700159E+000, 6.236256E-001, -6.517093E-001, 2.834322E-001, 4.584429E-001
1.484320E-001, 1.309574E+000, 1.982056E+000, 4.773244E+000, 6.134945E-001, -6.425118E-001, 2.839048E-001, 4.478308E-001
1.484400E-001, 1.432239E+000, 2.021375E+000, 4.711528E+000, 6.146201E-001, -6.315226E-001, 2.775249E-001, 4.424068E-001
1.484480E-001, 1.404596E+000, 1.924864E+000, 4.773244E+000, 6.236256E-001, -6.253113E-001, 2.751620E-001, 4.455904E-001
1.484560E-001, 1.335490E+000, 1.899842E+000, 4.971385E+000, 5.831012E-001, -6.169499E-001, 2.986730E-001, 4.393411E-001
1.484640E-001, 1.471976E+000, 1.831927E+000, 4.934030E+000, 5.121834E-001, -6.057218E-001, 3.349438E-001, 4.398127E-001
1.484720E-001, 1.471976E+000, 1.717543E+000, 4.786237E+000, 4.750361E-001, -6.021383E-001, 3.434503E-001, 4.459442E-001
1.484800E-001, 1.328579E+000, 1.755075E+000, 4.896676E+000, 5.121834E-001, -6.078718E-001, 3.277369E-001, 4.299081E-001
1.484880E-001, 1.432239E+000, 1.889119E+000, 5.000618E+000, 5.718443E-001, -6.169499E-001, 3.230111E-001, 4.188243E-001
1.484960E-001, 1.482342E+000, 2.003502E+000, 4.843080E+000, 5.673416E-001, -6.081107E-001, 3.368342E-001, 4.255453E-001
1.485040E-001, 1.288842E+000, 1.990992E+000, 4.757003E+000, 5.628389E-001, -5.987938E-001, 3.473492E-001, 4.191781E-001
1.485120E-001, 1.238740E+000, 1.808693E+000, 4.914541E+000, 5.560849E-001, -6.072746E-001, 3.490032E-001, 4.099809E-001
1.485200E-001, 1.371771E+000, 1.780097E+000, 5.016860E+000, 4.739104E-001, -5.836239E-001, 3.575097E-001, 4.086839E-001
1.485280E-001, 1.439150E+000, 1.978481E+000, 4.922661E+000, 4.435171E-001, -5.461171E-001, 3.780671E-001, 4.012554E-001
1.485360E-001, 1.428784E+000, 2.019588E+000, 4.838208E+000, 5.358227E-001, -5.567480E-001, 3.943713E-001, 3.912329E-001
1.485440E-001, 1.454699E+000, 1.930225E+000, 4.862569E+000, 6.078660E-001, -5.664233E-001, 3.905906E-001, 3.884030E-001
1.485520E-001, 1.480614E+000, 1.951672E+000, 4.841456E+000, 5.999863E-001, -5.319028E-001, 3.845651E-001, 3.836865E-001
1.485600E-001, 1.383864E+000, 2.026737E+000, 4.821967E+000, 5.605876E-001, -5.089688E-001, 3.930717E-001, 3.636414E-001
1.485680E-001, 1.238740E+000, 2.057120E+000, 5.050966E+000, 5.031780E-001, -5.129105E-001, 4.033504E-001, 3.470158E-001
1.485760E-001, 1.300936E+000, 2.078567E+000, 5.270220E+000, 4.727847E-001, -5.007268E-001, 4.104391E-001, 3.512606E-001
1.485840E-001, 1.560087E+000, 2.128610E+000, 5.039597E+000, 5.493308E-001, -4.836457E-001, 4.197727E-001, 3.568025E-001
1.485920E-001, 1.610189E+000, 2.135759E+000, 4.687166E+000, 6.765324E-001, -4.885431E-001, 4.248529E-001, 3.578637E-001
1.486000E-001, 1.397686E+000, 2.153631E+000, 4.732641E+000, 7.260622E-001, -4.955905E-001, 4.141016E-001, 3.641131E-001
1.486080E-001, 1.373498E+000, 2.237632E+000, 4.955143E+000, 6.990460E-001, -4.961878E-001, 3.982701E-001, 3.582174E-001
1.486160E-001, 1.527261E+000, 2.194738E+000, 4.948647E+000, 6.889148E-001, -4.990546E-001, 3.972068E-001, 3.371111E-001
1.486240E-001, 1.553176E+000, 2.100014E+000, 4.831711E+000, 6.382594E-001, -4.943961E-001, 3.954346E-001, 3.248483E-001
1.486320E-001, 1.501346E+000, 2.214397E+000, 4.898300E+000, 4.952983E-001, -4.756427E-001, 3.827929E-001, 3.187168E-001
1.486400E-001, 1.487525E+000, 2.307334E+000, 5.063959E+000, 4.862928E-001, -4.573671E-001, 3.819659E-001, 3.142362E-001
1.486480E-001, 1.501346E+000, 2.141120E+000, 5.098064E+000, 6.528932E-001, -4.485280E-001, 3.857466E-001, 3.220184E-001
1.486560E-001, 1.503074E+000, 2.037460E+000, 5.091568E+000, 6.754068E-001, -4.394499E-001, 3.740501E-001, 3.235512E-001
1.486640E-001, 1.447788E+000, 2.128610E+000, 5.112681E+000, 5.437024E-001, -4.318052E-001, 3.628263E-001, 3.101092E-001
1.486720E-001, 1.337217E+000, 2.135759E+000, 5.132171E+000, 5.515822E-001, -4.328803E-001, 3.642440E-001, 3.070435E-001
1.486800E-001, 1.295753E+000, 2.035673E+000, 5.177646E+000, 6.438878E-001, -4.304913E-001, 3.631807E-001, 3.127033E-001
1.486880E-001, 1.423601E+000, 2.039247E+000, 5.096441E+000, 6.348823E-001, -4.162770E-001, 3.532565E-001, 3.057465E-001
1.486960E-001, 1.444333E+000, 2.196525E+000, 4.963264E+000, 6.472648E-001, -3.975236E-001, 3.435685E-001, 2.899463E-001
1.487040E-001, 1.235285E+000, 2.384186E+000, 4.964888E+000, 7.316906E-001, -3.867733E-001, 3.374249E-001, 2.814566E-001
1.487120E-001, 1.109165E+000, 2.323419E+000, 4.963264E+000, 7.373190E-001, -3.851010E-001, 3.345894E-001, 2.847581E-001
1.487200E-001, 1.164450E+000, 1.976694E+000, 4.925910E+000, 7.587069E-001, -3.782924E-001, 3.332898E-001, 2.901821E-001
1.487280E-001, 1.264655E+000, 1.898055E+000, 4.984377E+000, 8.904112E-001, -3.679004E-001, 3.310450E-001, 2.914791E-001
1.487360E-001, 1.356222E+000, 2.209036E+000, 5.114305E+000, 8.397557E-001, -3.614502E-001, 3.282095E-001, 2.865268E-001
1.487440E-001, 1.330307E+000, 2.307334E+000, 5.176022E+000, 5.740957E-001, -3.524916E-001, 3.206482E-001, 2.748535E-001
1.487520E-001, 1.138535E+000, 2.150057E+000, 5.177646E+000, 4.322603E-001, -3.511777E-001, 3.068251E-001, 2.669533E-001
1.487600E-001, 1.178272E+000, 2.074992E+000, 5.281589E+000, 4.964240E-001, -3.610919E-001, 2.963101E-001, 2.623548E-001
1.487680E-001, 1.603279E+000, 2.049971E+000, 5.393651E+000, 6.810351E-001, -3.521333E-001, 2.951286E-001, 2.535114E-001
1.487760E-001, 1.751858E+000, 2.003502E+000, 5.206880E+000, 8.678976E-001, -3.246602E-001, 3.015085E-001, 2.479695E-001
1.487840E-001, 1.402869E+000, 1.924864E+000, 4.896676E+000, 8.667720E-001, -3.137904E-001, 3.067069E-001, 2.474978E-001
1.487920E-001, 1.174816E+000, 1.846225E+000, 4.994122E+000, 6.956689E-001, -3.157016E-001, 2.976097E-001, 2.420739E-001
1.488000E-001, 1.262927E+000, 1.846225E+000, 5.276716E+000, 5.887296E-001, -3.071013E-001, 2.837866E-001, 2.311080E-001
1.488080E-001, 1.237012E+000, 1.978481E+000, 5.163029E+000, 5.909809E-001, -2.983816E-001, 2.881580E-001, 2.210855E-001
1.488160E-001, 1.059062E+000, 2.234057E+000, 4.963264E+000, 5.954836E-001, -2.959926E-001, 2.969008E-001, 2.141287E-001
1.488240E-001, 1.122986E+000, 2.282313E+000, 5.161405E+000, 6.506418E-001, -2.835700E-001, 2.811874E-001, 2.114167E-001
1.488320E-001, 1.238740E+000, 2.100014E+000, 5.512211E+000, 7.024230E-001, -2.734169E-001, 2.522416E-001, 2.125958E-001
1.488400E-001, 1.105709E+000, 2.169716E+000, 5.609658E+000, 6.247512E-001, -2.775976E-001, 2.449166E-001, 2.100017E-001
1.488480E-001, 1.162722E+000, 2.368101E+000, 5.421261E+000, 5.763471E-001, -2.614721E-001, 2.608663E-001, 1.965597E-001
1.488560E-001, 1.470248E+000, 2.305547E+000, 5.237738E+000, 6.213742E-001, -2.253987E-001, 2.674825E-001, 1.819386E-001
1.488640E-001, 1.573908E+000, 2.155418E+000, 5.275092E+000, 5.673416E-001, -2.175152E-001, 2.551953E-001, 1.789908E-001
1.488720E-001, 1.433967E+000, 2.051758E+000, 5.383907E+000, 4.570252E-001, -2.251598E-001, 2.476340E-001, 1.861835E-001
1.488800E-001, 1.243923E+000, 1.948098E+000, 5.474857E+000, 4.862928E-001, -2.127372E-001, 2.497606E-001, 1.892492E-001
1.488880E-001, 1.176544E+000, 1.987417E+000, 5.551190E+000, 5.999863E-001, -2.076010E-001, 2.449166E-001, 1.759251E-001
1.488960E-001, 1.288842E+000, 2.121461E+000, 5.401772E+000, 6.281282E-001, -2.257571E-001, 2.297939E-001, 1.623652E-001
1.489040E-001, 1.435694E+000, 2.048184E+000, 5.190639E+000, 5.831012E-001, -2.306545E-001, 2.147894E-001, 1.654309E-001
1.489120E-001, 1.530716E+000, 1.862310E+000, 5.312447E+000, 5.999863E-001, -2.166790E-001, 2.074643E-001, 1.657846E-001
1.489200E-001, 1.513440E+000, 2.030311E+000, 5.478105E+000, 6.618986E-001, -2.153651E-001, 2.107724E-001, 1.558800E-001
1.489280E-001, 1.294026E+000, 2.352015E+000, 5.440751E+000, 6.528932E-001, -2.261154E-001, 2.201059E-001, 1.587099E-001
1.489360E-001, 1.135080E+000, 2.203674E+000, 5.418013E+000, 6.697783E-001, -2.313711E-001, 2.257770E-001, 1.683787E-001
1.489440E-001, 1.295753E+000, 1.821203E+000, 5.418013E+000, 8.273733E-001, -2.337601E-001, 2.205785E-001, 1.592995E-001
1.489520E-001, 1.354494E+000, 1.835501E+000, 5.353049E+000, 8.926626E-001, -2.341185E-001, 2.055740E-001, 1.394902E-001
1.489600E-001, 1.237012E+000, 2.096439E+000, 5.229617E+000, 6.405107E-001, -2.258765E-001, 1.987215E-001, 1.289960E-001
1.489680E-001, 1.335490E+000, 2.108950E+000, 5.292957E+000, 4.165008E-001, -2.130956E-001, 2.001393E-001, 1.274631E-001
1.489760E-001, 1.345856E+000, 1.958821E+000, 5.660005E+000, 6.022376E-001, -2.021063E-001, 1.841896E-001, 1.284065E-001
1.489840E-001, 1.147173E+000, 1.969545E+000, 5.729841E+000, 8.431327E-001, -1.936255E-001, 1.609148E-001, 1.335946E-001
1.489920E-001, 1.242195E+000, 2.066056E+000, 5.304326E+000, 7.406961E-001, -1.968506E-001, 1.635140E-001, 1.348916E-001
1.490000E-001, 1.511712E+000, 2.089290E+000, 5.119178E+000, 5.346970E-001, -2.066454E-001, 1.786367E-001, 1.147286E-001
1.490080E-001, 1.478886E+000, 2.078567E+000, 5.323815E+000, 4.941726E-001, -1.992396E-001, 1.773371E-001, 8.808046E-002
1.490160E-001, 1.256017E+000, 2.007077E+000, 5.396900E+000, 4.998010E-001, -1.872948E-001, 1.658770E-001, 8.383562E-002
1.490240E-001, 1.185182E+000, 1.924864E+000, 5.346553E+000, 4.772874E-001, -1.861003E-001, 1.598515E-001, 9.421189E-002
1.490320E-001, 1.197276E+000, 2.035673E+000, 5.338432E+000, 5.166861E-001, -1.766639E-001, 1.586700E-001, 1.008150E-001
1.490400E-001, 1.045241E+000, 2.137546E+000, 5.284837E+000, 5.594619E-001, -1.680636E-001, 1.561890E-001, 1.010508E-001
1.490480E-001, 9.208485E-001, 1.937374E+000, 5.296206E+000, 5.684673E-001, -1.733193E-001, 1.550075E-001, 9.668805E-002
1.490560E-001, 1.019326E+000, 1.794395E+000, 5.456992E+000, 5.887296E-001, -1.697359E-001, 1.625689E-001, 9.409399E-002
1.490640E-001, 1.084977E+000, 1.962396E+000, 5.543069E+000, 5.583363E-001, -1.666302E-001, 1.691850E-001, 9.315068E-002
1.490720E-001, 1.100526E+000, 2.010651E+000, 5.489474E+000, 4.930469E-001, -1.812029E-001, 1.649318E-001, 8.584012E-002
1.490800E-001, 1.224919E+000, 1.881970E+000, 5.481353E+000, 4.547739E-001, -1.820390E-001, 1.593789E-001, 7.758626E-002
1.490880E-001, 1.288842E+000, 1.996354E+000, 5.570679E+000, 4.412657E-001, -1.726026E-001, 1.590245E-001, 8.183111E-002
1.490960E-001, 1.219736E+000, 2.155418E+000, 5.624275E+000, 4.772874E-001, -1.789334E-001, 1.604422E-001, 9.444772E-002
1.491040E-001, 1.083250E+000, 2.042822E+000, 5.510587E+000, 5.583363E-001, -1.791723E-001, 1.570160E-001, 1.022299E-001
1.491120E-001, 9.674957E-001, 1.928438E+000, 5.353049E+000, 6.044890E-001, -1.680636E-001, 1.485095E-001, 1.008150E-001
1.491200E-001, 1.026237E+000, 1.985630E+000, 5.439126E+000, 5.279430E-001, -1.622106E-001, 1.439018E-001, 9.161782E-002
1.491280E-001, 1.135080E+000, 2.026737E+000, 5.663253E+000, 3.253209E-001, -1.589855E-001, 1.437836E-001, 8.383562E-002
1.491360E-001, 1.088433E+000, 1.921289E+000, 5.586920E+000, 1.936166E-001, -1.654357E-001, 1.456740E-001, 8.584012E-002
1.491440E-001, 1.002049E+000, 1.805118E+000, 5.369290E+000, 3.286979E-001, -1.835919E-001, 1.508724E-001, 8.796255E-002
1.491520E-001, 9.968661E-001, 1.787246E+000, 5.469985E+000, 5.166861E-001, -1.862197E-001, 1.501635E-001, 7.864748E-002
1.491600E-001, 1.069428E+000, 1.808693E+000, 5.634019E+000, 4.716590E-001, -1.686608E-001, 1.381126E-001, 7.640714E-002
1.491680E-001, 1.135080E+000, 1.914140E+000, 5.523580E+000, 3.928616E-001, -1.623301E-001, 1.324416E-001, 9.055661E-002
1.491760E-001, 1.041785E+000, 1.998141E+000, 5.409893E+000, 4.660307E-001, -1.696164E-001, 1.370493E-001, 9.161782E-002
1.491840E-001, 9.001165E-001, 1.855161E+000, 5.435878E+000, 4.874185E-001, -1.649580E-001, 1.311420E-001, 7.923704E-002
1.491920E-001, 1.017598E+000, 1.744352E+000, 5.447247E+000, 4.513968E-001, -1.594633E-001, 1.244077E-001, 7.735045E-002
1.492000E-001, 1.295753E+000, 1.824778E+000, 5.448871E+000, 4.919212E-001, -1.657941E-001, 1.368130E-001, 7.794000E-002
1.492080E-001, 1.332034E+000, 1.903417E+000, 5.447247E+000, 5.324456E-001, -1.638829E-001, 1.459103E-001, 6.874285E-002
1.492160E-001, 1.166178E+000, 2.030311E+000, 5.450495E+000, 5.831012E-001, -1.617329E-001, 1.402393E-001, 6.202185E-002
1.492240E-001, 1.064245E+000, 2.144695E+000, 5.619402E+000, 5.718443E-001, -1.679442E-001, 1.410663E-001, 6.874285E-002
1.492320E-001, 9.640403E-001, 2.017800E+000, 5.851649E+000, 4.435171E-001, -1.575522E-001, 1.450832E-001, 7.923704E-002
1.492400E-001, 9.087549E-001, 1.840863E+000, 5.820791E+000, 4.874185E-001, -1.477574E-001, 1.385852E-001, 8.065198E-002
1.492480E-001, 1.083250E+000, 1.822991E+000, 5.564183E+000, 6.326309E-001, -1.631662E-001, 1.318509E-001, 6.945032E-002
1.492560E-001, 1.268110E+000, 1.794395E+000, 5.458616E+000, 5.572106E-001, -1.718860E-001, 1.340957E-001, 6.367262E-002
1.492640E-001, 1.209370E+000, 1.633543E+000, 5.598289E+000, 5.279430E-001, -1.632857E-001, 1.415389E-001, 8.065198E-002
1.492720E-001, 1.015870E+000, 1.545968E+000, 5.679494E+000, 6.641499E-001, -1.608967E-001, 1.519357E-001, 9.421189E-002
1.492800E-001, 8.327374E-001, 1.687160E+000, 5.638892E+000, 6.067404E-001, -1.650774E-001, 1.585519E-001, 8.654760E-002
1.492880E-001, 7.999116E-001, 1.856948E+000, 5.624275E+000, 4.570252E-001, -1.668691E-001, 1.546531E-001, 8.206693E-002
1.492960E-001, 1.026237E+000, 1.881970E+000, 5.632395E+000, 4.840415E-001, -1.524159E-001, 1.485095E-001, 8.584012E-002
1.493040E-001, 1.271566E+000, 1.856948E+000, 5.684366E+000, 5.380740E-001, -1.238678E-001, 1.534716E-001, 8.831628E-002
1.493120E-001, 1.193821E+000, 1.892693E+000, 5.682742E+000, 5.043037E-001, -1.202843E-001, 1.664677E-001, 9.444772E-002
1.493200E-001, 9.674957E-001, 1.978481E+000, 5.630771E+000, 4.153751E-001, -1.343792E-001, 1.745016E-001, 1.010508E-001
1.493280E-001, 9.778617E-001, 1.998141E+000, 5.707104E+000, 3.500858E-001, -1.251817E-001, 1.820629E-001, 1.036449E-001
1.493360E-001, 1.145446E+000, 1.939162E+000, 5.736338E+000, 4.345117E-001, -1.165814E-001, 1.947046E-001, 1.069464E-001
1.493440E-001, 1.176544E+000, 1.855161E+000, 5.619402E+000, 5.560849E-001, -1.242261E-001, 1.988397E-001, 1.008150E-001
1.493520E-001, 1.114348E+000, 1.806905E+000, 5.599913E+000, 4.716590E-001, -1.175370E-001, 1.944683E-001, 8.301023E-002
1.493600E-001, 1.185182E+000, 1.957034E+000, 5.596665E+000, 2.712884E-001, -1.101312E-001, 1.956497E-001, 7.381307E-002
1.493680E-001, 1.354494E+000, 2.057120E+000, 5.461864E+000, 2.814195E-001, -1.198065E-001, 1.988397E-001, 7.923704E-002
1.493760E-001, 1.352766E+000, 1.815842E+000, 5.460240E+000, 4.817901E-001, -1.208816E-001, 1.991941E-001, 9.279694E-002
1.493840E-001, 1.181727E+000, 1.715756E+000, 5.681118E+000, 4.829158E-001, -1.133563E-001, 2.020296E-001, 1.090688E-001
1.493920E-001, 1.126441E+000, 1.890906E+000, 5.802926E+000, 3.129385E-001, -1.159842E-001, 2.054559E-001, 1.143749E-001
1.494000E-001, 1.214553E+000, 1.876608E+000, 5.723345E+000, 3.692223E-001, -1.157453E-001, 2.062829E-001, 1.051777E-001
1.494080E-001, 1.157539E+000, 1.844438E+000, 5.638892E+000, 5.662160E-001, -1.070256E-001, 2.136079E-001, 1.035270E-001
1.494160E-001, 9.433083E-001, 1.937374E+000, 5.528452E+000, 5.988606E-001, -1.106090E-001, 2.256588E-001, 1.173227E-001
1.494240E-001, 8.828398E-001, 1.797969E+000, 5.429382E+000, 5.144348E-001, -1.195676E-001, 2.290850E-001, 1.236900E-001
1.494320E-001, 9.122102E-001, 1.604947E+000, 5.578800E+000, 4.468941E-001, -1.055922E-001, 2.257770E-001, 1.166152E-001
1.494400E-001, 8.258267E-001, 1.703245E+000, 5.703856E+000, 4.896699E-001, -8.863056E-002, 2.205785E-001, 1.148465E-001
1.494480E-001, 8.413757E-001, 1.910566E+000, 5.476481E+000, 6.416364E-001, -9.758917E-002, 2.077006E-001, 1.215675E-001
1.494560E-001, 1.019326E+000, 2.051758E+000, 5.322191E+000, 6.731554E-001, -1.033227E-001, 2.014389E-001, 1.286423E-001
1.494640E-001, 1.071156E+000, 2.098227E+000, 5.521956E+000, 5.515822E-001, -8.958615E-002, 2.163253E-001, 1.339483E-001
1.494720E-001, 9.968661E-001, 1.880183E+000, 5.708728E+000, 5.043037E-001, -7.716353E-002, 2.275492E-001, 1.392544E-001
1.494800E-001, 1.003777E+000, 1.461967E+000, 5.676246E+000, 5.358227E-001, -7.477457E-002, 2.160890E-001, 1.433813E-001
1.494880E-001, 1.048696E+000, 1.333285E+000, 5.523580E+000, 4.221292E-001, -8.683883E-002, 1.970675E-001, 1.464470E-001
1.494960E-001, 1.029692E+000, 1.606734E+000, 5.343305E+000, 2.949276E-001, -1.059505E-001, 1.930505E-001, 1.568233E-001
1.495040E-001, 1.026237E+000, 1.767586E+000, 5.375787E+000, 4.919212E-001, -1.118035E-001, 2.105361E-001, 1.620114E-001
1.495120E-001, 1.097071E+000, 1.640692E+000, 5.656757E+000, 6.844122E-001, -1.060700E-001, 2.205785E-001, 1.491590E-001
1.495200E-001, 1.176544E+000, 1.662139E+000, 5.799678E+000, 5.076807E-001, -1.005754E-001, 2.020296E-001, 1.483336E-001
1.495280E-001, 1.138535E+000, 1.958821E+000, 5.684366E+000, 3.377034E-001, -9.448352E-002, 1.814722E-001, 1.743922E-001
1.495360E-001, 1.040058E+000, 2.083929E+000, 5.603161E+000, 3.703480E-001, -8.863056E-002, 1.800545E-001, 1.962060E-001
1.495440E-001, 1.041785E+000, 1.756863E+000, 5.664877E+000, 4.221292E-001, -9.078062E-002, 1.835988E-001, 1.964418E-001
1.495520E-001, 1.002049E+000, 1.360094E+000, 5.687614E+000, 4.232549E-001, -1.008143E-001, 1.781641E-001, 1.866551E-001
1.495600E-001, 9.035718E-001, 1.424435E+000, 5.638892E+000, 3.534628E-001, -1.065478E-001, 1.610330E-001, 1.840610E-001
1.495680E-001, 9.830447E-001, 1.749714E+000, 5.588544E+000, 3.568399E-001, -9.758917E-002, 1.401211E-001, 1.989180E-001
1.495760E-001, 1.109165E+000, 1.821203E+000, 5.497594E+000, 5.245659E-001, -8.552490E-002, 1.311420E-001, 2.173123E-001
1.495840E-001, 1.135080E+000, 1.692522E+000, 5.395276E+000, 6.134945E-001, -8.982504E-002, 1.298424E-001, 2.134212E-001
1.495920E-001, 1.126441E+000, 1.547755E+000, 5.405020E+000, 5.065550E-001, -1.085784E-001, 1.180278E-001, 1.993896E-001
1.496000E-001, 1.053879E+000, 1.463754E+000, 5.466736E+000, 4.063697E-001, -1.310347E-001, 1.044410E-001, 2.015121E-001
1.496080E-001, 9.692234E-001, 1.637117E+000, 5.375787E+000, 3.793534E-001, -1.426211E-001, 1.066858E-001, 2.107092E-001
1.496160E-001, 9.415807E-001, 1.874821E+000, 5.312447E+000, 3.455831E-001, -1.352154E-001, 1.075128E-001, 2.247408E-001
1.496240E-001, 9.312146E-001, 1.856948E+000, 5.461864E+000, 3.737251E-001, -1.278096E-001, 8.742802E-002, 2.440784E-001
1.496320E-001, 1.002049E+000, 1.778309E+000, 5.508963E+000, 4.108724E-001, -1.264956E-001, 6.462584E-002, 2.395977E-001
1.496400E-001, 1.128169E+000, 1.787246E+000, 5.398524E+000, 3.669710E-001, -1.215983E-001, 5.954557E-002, 2.243870E-001
1.496480E-001, 1.062518E+000, 1.738990E+000, 5.414765E+000, 4.097467E-001, -1.278096E-001, 6.001816E-002, 2.352350E-001
1.496560E-001, 8.983889E-001, 1.631755E+000, 5.570679E+000, 4.671563E-001, -1.445323E-001, 4.749468E-002, 2.410127E-001
1.496640E-001, 1.003777E+000, 1.635330E+000, 5.599913E+000, 3.298236E-001, -1.470407E-001, 2.421992E-002, 2.249766E-001
1.496720E-001, 1.212825E+000, 1.794395E+000, 5.383907E+000, 2.251356E-001, -1.413072E-001, 7.915780E-003, 2.279244E-001
1.496800E-001, 1.128169E+000, 1.923076E+000, 5.286461E+000, 2.847965E-001, -1.439351E-001, 1.027870E-002, 2.457291E-001
1.496880E-001, 8.966612E-001, 1.912353E+000, 5.521956E+000, 3.253209E-001, -1.384405E-001, 1.618600E-002, 2.558696E-001
1.496960E-001, 8.690184E-001, 1.742565E+000, 5.655133E+000, 3.861075E-001, -1.221955E-001, 5.552861E-003, 2.686041E-001
1.497040E-001, 9.865001E-001, 1.570989E+000, 5.437502E+000, 5.031780E-001, -1.287652E-001, -6.852467E-003, 2.768580E-001
1.497120E-001, 9.294869E-001, 1.678224E+000, 5.192263E+000, 5.493308E-001, -1.452490E-001, -5.671007E-003, 2.723773E-001
1.497200E-001, 7.256218E-001, 1.792607E+000, 5.189014E+000, 5.448281E-001, -1.390377E-001, -1.193274E-002, 2.700191E-001
1.497280E-001, 6.910684E-001, 1.654990E+000, 5.340056E+000, 5.358227E-001, -1.372460E-001, -2.646470E-002, 2.682504E-001
1.497360E-001, 9.467636E-001, 1.642479E+000, 5.429382E+000, 5.324456E-001, -1.522964E-001, -2.469251E-002, 2.637697E-001
1.497440E-001, 1.309574E+000, 1.776522E+000, 5.382283E+000, 5.707187E-001, -1.573133E-001, -2.209330E-002, 2.792162E-001
1.497520E-001, 1.364860E+000, 1.760437E+000, 5.268596E+000, 6.101174E-001, -1.582689E-001, -2.930020E-002, 2.992613E-001
1.497600E-001, 1.021053E+000, 1.755075E+000, 5.197135E+000, 5.470794E-001, -1.579105E-001, -2.776430E-002, 2.831073E-001
1.497680E-001, 7.428985E-001, 1.899842E+000, 5.301078E+000, 3.680967E-001, -1.478769E-001, -2.575582E-002, 2.683683E-001
1.497760E-001, 7.688136E-001, 1.951672E+000, 5.442375E+000, 2.442721E-001, -1.538493E-001, -3.083610E-002, 2.984359E-001
1.497840E-001, 9.104825E-001, 1.713969E+000, 5.343305E+000, 3.298236E-001, -1.758277E-001, -3.473492E-002, 3.210751E-001
1.497920E-001, 1.024509E+000, 1.456605E+000, 5.159781E+000, 5.369483E-001, -1.739166E-001, -4.395030E-002, 3.058644E-001
1.498000E-001, 1.081522E+000, 1.637117E+000, 5.187390E+000, 6.506418E-001, -1.567160E-001, -5.907299E-002, 2.989076E-001
1.498080E-001, 1.060790E+000, 2.078567E+000, 5.320567E+000, 6.236256E-001, -1.677053E-001, -6.675248E-002, 3.056286E-001
1.498160E-001, 1.027964E+000, 2.135759E+000, 5.366042E+000, 5.391997E-001, -1.915949E-001, -6.427141E-002, 3.035062E-001
1.498240E-001, 1.084977E+000, 1.762224E+000, 5.374163E+000, 3.939873E-001, -1.932672E-001, -6.249922E-002, 3.073972E-001
1.498320E-001, 1.103982E+000, 1.583500E+000, 5.385531E+000, 2.679113E-001, -2.023452E-001, -7.017871E-002, 3.101092E-001
1.498400E-001, 1.014143E+000, 1.805118E+000, 5.307574E+000, 3.523372E-001, -2.259960E-001, -7.785819E-002, 3.000867E-001
1.498480E-001, 9.865001E-001, 2.037460E+000, 5.245858E+000, 4.840415E-001, -2.184707E-001, -7.679489E-002, 3.111705E-001
1.498560E-001, 1.003777E+000, 2.021375E+000, 5.385531E+000, 3.838561E-001, -1.985229E-001, -7.750376E-002, 3.372291E-001
1.498640E-001, 9.761341E-001, 1.848012E+000, 5.474857E+000, 2.499005E-001, -2.116622E-001, -8.329291E-002, 3.335738E-001
1.498720E-001, 9.519467E-001, 1.790820E+000, 5.283213E+000, 3.478345E-001, -2.349546E-001, -8.801875E-002, 3.134108E-001
1.498800E-001, 9.934108E-001, 1.905204E+000, 5.192263E+000, 5.020523E-001, -2.397325E-001, -9.628897E-002, 3.124675E-001
1.498880E-001, 1.008960E+000, 1.864097E+000, 5.335184E+000, 5.031780E-001, -2.375825E-001, -1.065677E-001, 3.213109E-001
1.498960E-001, 8.707461E-001, 1.742565E+000, 5.292957E+000, 5.144348E-001, -2.375825E-001, -1.155468E-001, 3.259095E-001
1.499040E-001, 8.431034E-001, 1.924864E+000, 5.145164E+000, 5.819755E-001, -2.377019E-001, -1.279521E-001, 3.361678E-001
1.499120E-001, 9.346699E-001, 2.194738E+000, 5.266972E+000, 4.311346E-001, -2.434354E-001, -1.403574E-001, 3.465441E-001
1.499200E-001, 7.757242E-001, 2.117886E+000, 5.455368E+000, 2.251356E-001, -2.538274E-001, -1.480369E-001, 3.460725E-001
1.499280E-001, 6.461489E-001, 1.853374E+000, 5.484601E+000, 2.679113E-001, -2.523940E-001, -1.512268E-001, 3.498457E-001
1.499360E-001, 8.638355E-001, 1.837289E+000, 5.398524E+000, 3.275723E-001, -2.449882E-001, -1.512268E-001, 3.578637E-001
1.499440E-001, 1.074611E+000, 1.969545E+000, 5.232865E+000, 3.557142E-001, -2.522746E-001, -1.498091E-001, 3.595145E-001
1.499520E-001, 1.091888E+000, 1.964183E+000, 5.197135E+000, 4.772874E-001, -2.592026E-001, -1.449651E-001, 3.662355E-001
1.499600E-001, 1.015870E+000, 1.923076E+000, 5.273468E+000, 4.941726E-001, -2.537079E-001, -1.423659E-001, 3.717774E-001
1.499680E-001, 8.500141E-001, 1.840863E+000, 5.091568E+000, 4.491455E-001, -2.590831E-001, -1.487458E-001, 3.608115E-001
1.499760E-001, 6.288722E-001, 1.774735E+000, 4.778116E+000, 5.346970E-001, -2.736558E-001, -1.513450E-001, 3.538547E-001
1.499840E-001, 6.064125E-001, 2.012439E+000, 4.810598E+000, 5.459538E-001, -2.830922E-001, -1.440199E-001, 3.590428E-001
1.499920E-001, 9.484913E-001, 2.176865E+000, 5.106185E+000, 4.367630E-001, -2.988594E-001, -1.444925E-001, 3.576279E-001
1.500000E-001, 1.176544E+000, 1.862310E+000, 5.255603E+000, 4.457684E-001, -3.087736E-001, -1.512268E-001, 3.618727E-001
1.500080E-001, 9.692234E-001, 1.615670E+000, 5.218248E+000, 4.817901E-001, -2.971871E-001, -1.435474E-001, 3.841581E-001
1.500160E-001, 8.085499E-001, 1.819416E+000, 5.154908E+000, 4.266319E-001, -2.971871E-001, -1.384671E-001, 3.937090E-001
1.500240E-001, 1.034875E+000, 2.033886E+000, 5.159781E+000, 3.996156E-001, -3.127154E-001, -1.564253E-001, 3.793238E-001
1.500320E-001, 1.373498E+000, 2.044609E+000, 5.190639E+000, 4.086211E-001, -3.053096E-001, -1.702483E-001, 3.764938E-001
1.500400E-001, 1.316485E+000, 2.148269E+000, 5.210128E+000, 4.604023E-001, -2.872729E-001, -1.622144E-001, 3.938269E-001
1.500480E-001, 8.845675E-001, 2.291249E+000, 5.307574E+000, 5.133091E-001, -2.883479E-001, -1.492184E-001, 4.024345E-001
1.500560E-001, 6.979790E-001, 2.207248E+000, 5.383907E+000, 4.176265E-001, -2.934842E-001, -1.411844E-001, 4.046749E-001
1.500640E-001, 8.811122E-001, 2.023162E+000, 5.244234E+000, 3.377034E-001, -2.926481E-001, -1.433111E-001, 4.137541E-001
1.500720E-001, 9.865001E-001, 1.923076E+000, 5.028228E+000, 4.007413E-001, -2.967093E-001, -1.555983E-001, 4.197676E-001
1.500800E-001, 9.657680E-001, 1.955247E+000, 5.036349E+000, 3.748507E-001, -3.097292E-001, -1.644592E-001, 4.218901E-001
1.500880E-001, 1.021053E+000, 2.112525E+000, 5.205256E+000, 2.330153E-001, -3.271686E-001, -1.638685E-001, 4.249558E-001
1.500960E-001, 1.024509E+000, 2.073205E+000, 5.187390E+000, 1.834855E-001, -3.369634E-001, -1.611511E-001, 4.254274E-001
1.501040E-001, 8.344650E-001, 1.815842E+000, 5.104561E+000, 2.499005E-001, -3.334993E-001, -1.583156E-001, 4.299081E-001
1.501120E-001, 7.031620E-001, 1.792607E+000, 5.200383E+000, 2.870479E-001, -3.247796E-001, -1.592608E-001, 4.392232E-001
1.501200E-001, 7.964563E-001, 2.024949E+000, 5.132171E+000, 2.690370E-001, -3.177322E-001, -1.704846E-001, 4.363933E-001
1.501280E-001, 9.070272E-001, 2.169716E+000, 4.921037E+000, 3.478345E-001, -3.191656E-001, -1.743835E-001, 4.240125E-001
1.501360E-001, 1.010687E+000, 2.119673E+000, 5.078576E+000, 5.099321E-001, -3.280047E-001, -1.625689E-001, 4.236588E-001
1.501440E-001, 1.186910E+000, 2.035673E+000, 5.314071E+000, 5.031780E-001, -3.305131E-001, -1.597334E-001, 4.273140E-001
1.501520E-001, 1.297481E+000, 2.137546E+000, 5.119178E+000, 2.949276E-001, -3.288409E-001, -1.752105E-001, 4.235408E-001
1.501600E-001, 1.292298E+000, 2.443165E+000, 4.862569E+000, 1.823598E-001, -3.264519E-001, -1.932868E-001, 4.334455E-001
1.501680E-001, 1.235285E+000, 2.575421E+000, 4.909668E+000, 2.746654E-001, -3.180905E-001, -1.945864E-001, 4.541980E-001
1.501760E-001, 1.204187E+000, 2.269802E+000, 4.997370E+000, 3.838561E-001, -3.162988E-001, -1.800545E-001, 4.543159E-001
1.501840E-001, 1.224919E+000, 2.032098E+000, 5.060710E+000, 3.365777E-001, -3.237046E-001, -1.761556E-001, 4.413456E-001
1.501920E-001, 1.219736E+000, 2.217972E+000, 5.138667E+000, 2.442721E-001, -3.333799E-001, -1.837170E-001, 4.416993E-001
1.502000E-001, 1.169633E+000, 2.301972E+000, 4.955143E+000, 3.478345E-001, -3.473553E-001, -1.792274E-001, 4.533726E-001
1.502080E-001, 1.022781E+000, 2.105376E+000, 4.700159E+000, 5.031780E-001, -3.465192E-001, -1.677673E-001, 4.617444E-001
1.502160E-001, 9.035718E-001, 2.010651E+000, 4.823591E+000, 4.446428E-001, -3.306326E-001, -1.698939E-001, 4.563204E-001
1.502240E-001, 1.000321E+000, 2.107163E+000, 5.049342E+000, 3.478345E-001, -3.256158E-001, -1.848985E-001, 4.445292E-001
1.502320E-001, 1.005504E+000, 2.266227E+000, 4.964888E+000, 3.883589E-001, -3.264519E-001, -1.970675E-001, 4.462979E-001
1.502400E-001, 8.655631E-001, 2.201887E+000, 4.843080E+000, 4.378887E-001, -3.270491E-001, -1.905695E-001, 4.536085E-001
1.502480E-001, 9.346699E-001, 1.978481E+000, 5.055838E+000, 4.232549E-001, -3.282436E-001, -1.753286E-001, 4.516039E-001
1.502560E-001, 9.951384E-001, 2.008864E+000, 5.383907E+000, 4.018670E-001, -3.289603E-001, -1.749742E-001, 4.500711E-001
1.502640E-001, 9.052995E-001, 2.117886E+000, 5.486226E+000, 4.356374E-001, -3.382773E-001, -1.812359E-001, 4.558488E-001
1.502720E-001, 9.260316E-001, 1.987417E+000, 5.325439E+000, 5.043037E-001, -3.449664E-001, -1.817085E-001, 4.574996E-001
1.502800E-001, 9.260316E-001, 1.833714E+000, 5.028228E+000, 5.358227E-001, -3.387551E-001, -1.822992E-001, 4.514861E-001
1.502880E-001, 9.588574E-001, 1.930225E+000, 4.836584E+000, 4.862928E-001, -3.307520E-001, -1.818267E-001, 4.543159E-001
1.502960E-001, 1.126441E+000, 2.166142E+000, 4.857697E+000, 4.007413E-001, -3.277658E-001, -1.828900E-001, 4.663430E-001
1.503040E-001, 1.017598E+000, 2.253717E+000, 4.899924E+000, 4.322603E-001, -3.379189E-001, -1.941138E-001, 4.691729E-001
1.503120E-001, 7.567198E-001, 2.150057E+000, 4.860945E+000, 5.605876E-001, -3.490276E-001, -2.055740E-001, 4.691729E-001
1.503200E-001, 8.845675E-001, 2.030311E+000, 4.958392E+000, 6.022376E-001, -3.395912E-001, -2.048651E-001, 4.787238E-001
1.503280E-001, 1.143718E+000, 2.017800E+000, 5.190639E+000, 5.425767E-001, -3.296770E-001, -2.025022E-001, 4.843836E-001
1.503360E-001, 1.098799E+000, 2.094652E+000, 5.176022E+000, 5.076807E-001, -3.389940E-001, -2.068736E-001, 4.816716E-001
1.503440E-001, 1.027964E+000, 2.096439E+000, 4.908044E+000, 5.695930E-001, -3.474748E-001, -2.090002E-001, 4.883926E-001
1.503520E-001, 1.173089E+000, 2.082141E+000, 4.836584E+000, 6.258769E-001, -3.477137E-001, -2.136079E-001, 4.986509E-001
1.503600E-001, 1.212825E+000, 2.205461E+000, 5.020108E+000, 5.358227E-001, -3.518944E-001, -2.315661E-001, 4.909866E-001
1.503680E-001, 9.640403E-001, 2.166142E+000, 5.161405E+000, 3.680967E-001, -3.478331E-001, -2.508239E-001, 4.821432E-001
1.503760E-001, 8.845675E-001, 1.898055E+000, 5.208504E+000, 3.365777E-001, -3.311104E-001, -2.531868E-001, 4.878030E-001
1.503840E-001, 1.169633E+000, 1.923076E+000, 5.166277E+000, 4.671563E-001, -3.282436E-001, -2.400726E-001, 4.845015E-001
1.503920E-001, 1.205914E+000, 2.167929E+000, 5.036349E+000, 5.335713E-001, -3.448469E-001, -2.293213E-001, 4.737715E-001
1.504000E-001, 9.122102E-001, 2.232270E+000, 5.067207E+000, 4.131238E-001, -3.636003E-001, -2.312117E-001, 4.797850E-001
1.504080E-001, 8.638355E-001, 2.309121E+000, 5.304326E+000, 2.926762E-001, -3.711255E-001, -2.374734E-001, 4.816716E-001
1.504160E-001, 9.674957E-001, 2.387760E+000, 5.260475E+000, 3.388290E-001, -3.565528E-001, -2.469251E-001, 4.674042E-001
1.504240E-001, 8.759291E-001, 2.182227E+000, 4.917789E+000, 4.423914E-001, -3.398301E-001, -2.652377E-001, 4.685833E-001
1.504320E-001, 7.688136E-001, 1.890906E+000, 4.899924E+000, 4.750361E-001, -3.539250E-001, -2.792971E-001, 4.781342E-001
1.504400E-001, 7.584475E-001, 1.822991E+000, 5.130547E+000, 5.065550E-001, -3.817564E-001, -2.796515E-001, 4.781342E-001
1.504480E-001, 7.567198E-001, 1.962396E+000, 5.120802E+000, 5.605876E-001, -3.896400E-001, -2.775249E-001, 4.905150E-001
1.504560E-001, 8.275543E-001, 2.112525E+000, 5.042845E+000, 5.133091E-001, -3.842648E-001, -2.815419E-001, 5.011271E-001
1.504640E-001, 8.793845E-001, 2.214397E+000, 5.094817E+000, 3.782278E-001, -3.843843E-001, -2.889850E-001, 4.854448E-001
1.504720E-001, 7.428985E-001, 2.291249E+000, 5.111057E+000, 3.422061E-001, -3.911928E-001, -2.958375E-001, 4.797850E-001
1.504800E-001, 6.565149E-001, 2.271589E+000, 5.010363E+000, 4.952983E-001, -4.039738E-001, -3.044622E-001, 4.928733E-001
1.504880E-001, 8.448310E-001, 2.162567E+000, 4.812222E+000, 6.146201E-001, -4.177103E-001, -3.134413E-001, 4.881568E-001
1.504960E-001, 1.067701E+000, 2.019588E+000, 4.786237E+000, 5.256916E-001, -4.189048E-001, -3.111965E-001, 4.711774E-001
1.505040E-001, 1.097071E+000, 1.958821E+000, 5.033101E+000, 4.288833E-001, -4.091101E-001, -3.004452E-001, 4.651639E-001
1.505120E-001, 1.019326E+000, 2.067843E+000, 5.198759E+000, 4.401400E-001, -4.079156E-001, -3.037533E-001, 4.656355E-001
1.505200E-001, 1.003777E+000, 2.209036E+000, 5.208504E+000, 4.491455E-001, -4.239216E-001, -3.238381E-001, 4.656355E-001
1.505280E-001, 1.055607E+000, 2.253717E+000, 5.255603E+000, 5.144348E-001, -4.450639E-001, -3.345894E-001, 4.691729E-001
1.505360E-001, 1.002049E+000, 2.126822E+000, 5.247482E+000, 6.303796E-001, -4.669230E-001, -3.313995E-001, 4.749506E-001
1.505440E-001, 9.674957E-001, 2.016013E+000, 5.057462E+000, 6.089917E-001, -4.985768E-001, -3.376612E-001, 4.789596E-001
1.505520E-001, 1.060790E+000, 2.137546E+000, 4.904796E+000, 5.020523E-001, -5.235415E-001, -3.521931E-001, 4.824970E-001
1.505600E-001, 8.707461E-001, 2.151844E+000, 4.976257E+000, 4.671563E-001, -5.216302E-001, -3.562101E-001, 4.810820E-001
1.505680E-001, 5.563100E-001, 1.937374E+000, 5.036349E+000, 4.626536E-001, -5.151801E-001, -3.550287E-001, 4.742431E-001
1.505760E-001, 7.342601E-001, 1.878395E+000, 4.981129E+000, 4.536482E-001, -5.151801E-001, -3.565646E-001, 4.720028E-001
1.505840E-001, 1.116075E+000, 2.049971E+000, 5.063959E+000, 5.200632E-001, -4.939183E-001, -3.467584E-001, 4.797850E-001
1.505920E-001, 1.207642E+000, 2.244781E+000, 5.210128E+000, 6.438878E-001, -4.517531E-001, -3.298635E-001, 4.936986E-001
1.506000E-001, 1.065973E+000, 2.268015E+000, 5.140291E+000, 6.067404E-001, -4.261912E-001, -3.311632E-001, 5.051361E-001
1.506080E-001, 9.502190E-001, 2.178653E+000, 5.036349E+000, 4.198779E-001, -4.395694E-001, -3.389608E-001, 5.034853E-001
1.506160E-001, 1.109165E+000, 2.162567E+000, 5.140291E+000, 4.074954E-001, -4.714620E-001, -3.306906E-001, 4.906329E-001
1.506240E-001, 1.295753E+000, 2.171504E+000, 5.262099E+000, 5.290686E-001, -4.862736E-001, -3.244289E-001, 4.852090E-001
1.506320E-001, 1.084977E+000, 2.250142E+000, 5.226369E+000, 5.335713E-001, -4.812568E-001, -3.310450E-001, 4.926374E-001
1.506400E-001, 8.085499E-001, 2.457463E+000, 5.189014E+000, 5.256916E-001, -4.851986E-001, -3.331716E-001, 5.019525E-001
1.506480E-001, 8.310097E-001, 2.577208E+000, 5.231241E+000, 6.224999E-001, -4.928432E-001, -3.297454E-001, 5.043107E-001
1.506560E-001, 8.344650E-001, 2.464612E+000, 5.179270E+000, 7.012973E-001, -4.681175E-001, -3.310450E-001, 4.986509E-001
1.506640E-001, 8.068223E-001, 2.346654E+000, 5.102937E+000, 6.652756E-001, -4.292968E-001, -3.308087E-001, 4.925195E-001
1.506720E-001, 9.709510E-001, 2.343079E+000, 5.218248E+000, 6.101174E-001, -4.128129E-001, -3.202937E-001, 4.900433E-001
1.506800E-001, 9.571297E-001, 2.185802E+000, 5.330312E+000, 6.078660E-001, -4.064822E-001, -3.069432E-001, 4.953494E-001
1.506880E-001, 6.634256E-001, 1.949885E+000, 5.315695E+000, 5.527079E-001, -3.985986E-001, -3.015085E-001, 5.090272E-001
1.506960E-001, 5.580377E-001, 2.046396E+000, 5.328688E+000, 4.986753E-001, -4.026599E-001, -3.018630E-001, 5.111496E-001
1.507040E-001, 7.325324E-001, 2.303760E+000, 5.161405E+000, 5.380740E-001, -4.220105E-001, -3.044622E-001, 4.984151E-001
1.507120E-001, 9.329423E-001, 2.225121E+000, 4.895051E+000, 4.896699E-001, -4.510364E-001, -3.012722E-001, 4.936986E-001
1.507200E-001, 1.064245E+000, 1.960609E+000, 5.080200E+000, 3.478345E-001, -4.911710E-001, -2.852044E-001, 4.997121E-001
1.507280E-001, 1.188638E+000, 1.994566E+000, 5.405020E+000, 3.388290E-001, -5.295138E-001, -2.738624E-001, 4.982972E-001
1.507360E-001, 1.266383E+000, 2.201887E+000, 5.357922E+000, 4.142494E-001, -5.506561E-001, -2.759890E-001, 4.878030E-001
1.507440E-001, 1.231829E+000, 2.257291E+000, 5.260475E+000, 4.446428E-001, -5.621232E-001, -2.748075E-001, 4.802566E-001
1.507520E-001, 1.124714E+000, 2.187589E+000, 5.242610E+000, 4.750361E-001, -5.712013E-001, -2.619296E-001, 4.814357E-001
1.507600E-001, 1.005504E+000, 2.078567E+000, 5.216624E+000, 5.178118E-001, -5.807571E-001, -2.481065E-001, 4.859164E-001
1.507680E-001, 9.156656E-001, 2.108950E+000, 5.320567E+000, 5.583363E-001, -5.844600E-001, -2.429081E-001, 4.845015E-001
1.507760E-001, 8.275543E-001, 2.373462E+000, 5.408268E+000, 6.078660E-001, -5.799209E-001, -2.426718E-001, 4.849731E-001
1.507840E-001, 8.465587E-001, 2.489633E+000, 5.370914E+000, 6.292539E-001, -5.839822E-001, -2.436170E-001, 4.980614E-001
1.507920E-001, 1.041785E+000, 2.251930E+000, 5.421261E+000, 6.067404E-001, -5.987938E-001, -2.418448E-001, 5.110317E-001
1.508000E-001, 1.076339E+000, 2.064269E+000, 5.564183E+000, 5.391997E-001, -6.097830E-001, -2.344016E-001, 5.132720E-001
1.508080E-001, 8.448310E-001, 2.062482E+000, 5.614530E+000, 5.065550E-001, -6.091858E-001, -2.351105E-001, 5.150408E-001
1.508160E-001, 8.275543E-001, 1.937374E+000, 5.559310E+000, 6.033633E-001, -6.018994E-001, -2.538957E-001, 5.138616E-001
1.508240E-001, 1.052152E+000, 1.867672E+000, 5.455368E+000, 6.832865E-001, -5.882823E-001, -2.644107E-001, 5.025420E-001
1.508320E-001, 1.046969E+000, 2.151844E+000, 5.333560E+000, 6.191229E-001, -5.540007E-001, -2.484610E-001, 5.044286E-001
1.508400E-001, 9.277592E-001, 2.403846E+000, 5.283213E+000, 5.043037E-001, -5.099244E-001, -2.268403E-001, 5.283648E-001
1.508480E-001, 1.007232E+000, 2.337718E+000, 5.317319E+000, 4.525225E-001, -4.889014E-001, -2.100635E-001, 5.438113E-001
1.508560E-001, 1.048696E+000, 2.219759E+000, 5.440751E+000, 4.694077E-001, -4.893792E-001, -1.949409E-001, 5.426322E-001
1.508640E-001, 8.914782E-001, 2.230483E+000, 5.531701E+000, 4.390144E-001, -4.910515E-001, -1.896243E-001, 5.435755E-001
1.508720E-001, 7.826349E-001, 2.359164E+000, 5.383907E+000, 3.793534E-001, -5.033547E-001, -1.865525E-001, 5.477024E-001
1.508800E-001, 8.258267E-001, 2.512867E+000, 5.242610E+000, 3.928616E-001, -5.352473E-001, -1.721387E-001, 5.500607E-001
1.508880E-001, 8.465587E-001, 2.555761E+000, 5.395276E+000, 4.277576E-001, -5.566286E-001, -1.558345E-001, 5.579608E-001
1.508960E-001, 8.240990E-001, 2.414569E+000, 5.595041E+000, 4.998010E-001, -5.555536E-001, -1.434292E-001, 5.709311E-001
1.509040E-001, 8.482864E-001, 2.107163E+000, 5.612906E+000, 5.853525E-001, -5.577036E-001, -1.297243E-001, 5.800104E-001
1.509120E-001, 8.828398E-001, 1.808693E+000, 5.515460E+000, 4.806645E-001, -5.653483E-001, -1.205089E-001, 5.866135E-001
1.509200E-001, 9.899554E-001, 1.710394E+000, 5.453743E+000, 3.219439E-001, -5.624815E-001, -1.153105E-001, 5.919195E-001
1.509280E-001, 1.195548E+000, 1.873034E+000, 5.473233E+000, 4.649050E-001, -5.581814E-001, -1.031414E-001, 5.919195E-001
1.509360E-001, 1.164450E+000, 2.080354E+000, 5.500843E+000, 7.395704E-001, -5.689318E-001, -9.239015E-002, 5.895613E-001
1.509440E-001, 8.845675E-001, 2.171504E+000, 5.538197E+000, 7.575812E-001, -5.777709E-001, -9.936076E-002, 5.899150E-001
1.509520E-001, 8.586524E-001, 2.330569E+000, 5.580424E+000, 5.650903E-001, -5.586592E-001, -1.147197E-001, 5.905046E-001
1.509600E-001, 1.155812E+000, 2.489633E+000, 5.510587E+000, 3.759764E-001, -5.323806E-001, -1.221629E-001, 5.758834E-001
1.509680E-001, 1.307847E+000, 2.391335E+000, 5.406644E+000, 2.589059E-001, -5.241387E-001, -1.254710E-001, 5.526547E-001
1.509760E-001, 1.133352E+000, 2.266227E+000, 5.419637E+000, 2.386437E-001, -5.227053E-001, -1.293698E-001, 5.506502E-001
1.509840E-001, 9.415807E-001, 2.266227E+000, 5.442375E+000, 3.196925E-001, -5.287971E-001, -1.310239E-001, 5.627952E-001
1.509920E-001, 9.415807E-001, 2.087503E+000, 5.377411E+000, 4.412657E-001, -5.566286E-001, -1.383489E-001, 5.653893E-001
1.510000E-001, 9.657680E-001, 1.878395E+000, 5.346553E+000, 5.470794E-001, -5.935380E-001, -1.560708E-001, 5.652714E-001
1.510080E-001, 9.312146E-001, 1.999928E+000, 5.396900E+000, 5.752214E-001, -6.142026E-001, -1.691850E-001, 5.708132E-001
1.510160E-001, 9.122102E-001, 2.241206E+000, 5.455368E+000, 4.975496E-001, -6.275808E-001, -1.720205E-001, 5.755298E-001
1.510240E-001, 8.396481E-001, 2.275164E+000, 5.515460E+000, 4.547739E-001, -6.601902E-001, -1.726113E-001, 5.815433E-001
1.510320E-001, 8.102776E-001, 2.123248E+000, 5.552814E+000, 5.583363E-001, -6.963829E-001, -1.649318E-001, 5.875568E-001
1.510400E-001, 9.795894E-001, 2.008864E+000, 5.512211E+000, 6.089917E-001, -7.062972E-001, -1.401211E-001, 5.853165E-001
1.510480E-001, 1.069428E+000, 2.001715E+000, 5.398524E+000, 4.345117E-001, -6.992497E-001, -1.101120E-001, 5.839015E-001
1.510560E-001, 9.692234E-001, 2.053545E+000, 5.393651E+000, 3.365777E-001, -6.926801E-001, -8.565583E-002, 5.888538E-001
1.510640E-001, 1.053879E+000, 2.266227E+000, 5.614530E+000, 5.335713E-001, -6.812130E-001, -6.320810E-002, 5.919195E-001
1.510720E-001, 1.250834E+000, 2.384186E+000, 5.789933E+000, 6.709040E-001, -6.618624E-001, -4.903058E-002, 5.967540E-001
1.510800E-001, 1.219736E+000, 2.082141E+000, 5.716848E+000, 5.673416E-001, -6.439452E-001, -4.796727E-002, 6.001734E-001
1.510880E-001, 1.074611E+000, 1.853374E+000, 5.461864E+000, 4.581509E-001, -6.300892E-001, -4.914872E-002, 5.968719E-001
1.510960E-001, 9.640403E-001, 2.098227E+000, 5.219872E+000, 4.131238E-001, -6.290142E-001, -5.647378E-002, 6.045362E-001
1.511040E-001, 8.811122E-001, 2.310909E+000, 5.331936E+000, 4.750361E-001, -6.489620E-001, -8.813690E-002, 6.222230E-001
1.511120E-001, 8.638355E-001, 2.058907E+000, 5.713600E+000, 6.236256E-001, -6.681932E-001, -1.281884E-001, 6.208081E-001
1.511200E-001, 8.379204E-001, 1.703245E+000, 5.841905E+000, 5.864782E-001, -6.806158E-001, -1.560708E-001, 6.083093E-001
1.511280E-001, 8.085499E-001, 1.715756E+000, 5.755827E+000, 4.536482E-001, -6.949496E-001, -1.897424E-001, 6.196289E-001
1.511360E-001, 8.344650E-001, 1.985630E+000, 5.822415E+000, 5.009267E-001, -6.864688E-001, -2.260132E-001, 6.483995E-001
1.511440E-001, 8.431034E-001, 2.083929E+000, 5.908493E+000, 5.313200E-001, -6.604291E-001, -2.460981E-001, 6.645535E-001
1.511520E-001, 8.690184E-001, 1.885544E+000, 5.822415E+000, 3.714737E-001, -6.536205E-001, -2.628748E-001, 6.643177E-001
1.511600E-001, 8.413757E-001, 1.835501E+000, 5.711976E+000, 2.127531E-001, -6.513510E-001, -2.681914E-001, 6.607803E-001
1.511680E-001, 6.927960E-001, 2.189376E+000, 5.720097E+000, 2.431464E-001, -6.322393E-001, -2.447985E-001, 6.580683E-001
1.511760E-001, 6.824300E-001, 2.305547E+000, 5.793181E+000, 4.401400E-001, -6.140832E-001, -2.069917E-001, 6.550026E-001
1.511840E-001, 8.033670E-001, 2.003502E+000, 5.830536E+000, 6.123688E-001, -5.991521E-001, -1.592608E-001, 6.493428E-001
1.511920E-001, 8.603801E-001, 1.980268E+000, 5.867890E+000, 5.988606E-001, -5.723957E-001, -1.065677E-001, 6.300052E-001
1.512000E-001, 8.949335E-001, 2.219759E+000, 5.945848E+000, 4.952983E-001, -5.471922E-001, -6.509843E-002, 5.984047E-001
1.512080E-001, 8.310097E-001, 2.398484E+000, 5.960464E+000, 4.491455E-001, -5.448032E-001, -1.913965E-002, 5.750581E-001
1.512160E-001, 6.927960E-001, 2.503931E+000, 5.895500E+000, 4.682820E-001, -5.634371E-001, 4.241440E-002, 5.665684E-001
1.512240E-001, 7.567198E-001, 2.359164E+000, 5.856522E+000, 5.121834E-001, -5.860128E-001, 9.498936E-002, 5.610265E-001
1.512320E-001, 9.536743E-001, 2.105376E+000, 5.856522E+000, 5.448281E-001, -5.943742E-001, 1.290154E-001, 5.558384E-001
1.512400E-001, 1.000321E+000, 2.010651E+000, 5.780189E+000, 5.346970E-001, -5.946131E-001, 1.509906E-001, 5.568996E-001
1.512480E-001, 9.208485E-001, 1.940949E+000, 5.590168E+000, 4.570252E-001, -6.026161E-001, 1.459103E-001, 5.577250E-001
1.512560E-001, 8.672908E-001, 1.898055E+000, 5.505715E+000, 3.241952E-001, -6.091858E-001, 1.076310E-001, 5.537159E-001
1.512640E-001, 8.949335E-001, 1.978481E+000, 5.726593E+000, 2.465235E-001, -6.222056E-001, 6.167220E-002, 5.506502E-001
1.512720E-001, 1.033147E+000, 2.128610E+000, 5.914989E+000, 2.926762E-001, -6.588762E-001, 2.114813E-002, 5.507681E-001
1.512800E-001, 1.057335E+000, 2.377037E+000, 5.726593E+000, 3.557142E-001, -6.918439E-001, -3.036352E-002, 5.547772E-001
1.512880E-001, 7.895456E-001, 2.512867E+000, 5.554438E+000, 3.635940E-001, -7.019970E-001, -1.047955E-001, 5.618519E-001
1.512960E-001, 6.599703E-001, 2.289462E+000, 5.731465E+000, 3.973643E-001, -7.110751E-001, -1.827718E-001, 5.675117E-001
1.513040E-001, 7.826349E-001, 2.066056E+000, 5.874387E+000, 4.446428E-001, -7.323369E-001, -2.452710E-001, 5.697520E-001
1.513120E-001, 8.310097E-001, 2.126822E+000, 5.736338E+000, 4.378887E-001, -7.627962E-001, -3.046985E-001, 5.735252E-001
1.513200E-001, 9.882277E-001, 2.189376E+000, 5.737962E+000, 4.390144E-001, -7.943305E-001, -3.727506E-001, 5.840194E-001
1.513280E-001, 1.065973E+000, 2.198312E+000, 5.984826E+000, 4.615279E-001, -8.229980E-001, -4.380853E-001, 5.952211E-001
1.513360E-001, 5.977741E-001, 2.328781E+000, 6.028677E+000, 5.144348E-001, -8.582352E-001, -4.854618E-001, 5.973435E-001
1.513440E-001, 2.505123E-001, 2.332356E+000, 5.876011E+000, 6.067404E-001, -8.969365E-001, -5.149983E-001, 5.896792E-001
1.513520E-001, 4.768372E-001, 2.083929E+000, 5.794806E+000, 5.482051E-001, -9.196316E-001, -5.383912E-001, 5.833119E-001
1.513600E-001, 6.737916E-001, 1.924864E+000, 5.737962E+000, 3.039330E-001, -9.295458E-001, -5.545772E-001, 5.926270E-001
1.513680E-001, 7.688136E-001, 1.974907E+000, 5.684366E+000, 2.622829E-001, -9.439991E-001, -5.519780E-001, 6.045362E-001
1.513760E-001, 1.021053E+000, 2.071418E+000, 5.645388E+000, 5.110577E-001, -9.537938E-001, -5.362646E-001, 5.985226E-001
1.513840E-001, 1.100526E+000, 2.094652E+000, 5.674622E+000, 5.268173E-001, -9.402962E-001, -5.173612E-001, 5.906225E-001
1.513920E-001, 9.001165E-001, 2.096439E+000, 5.863018E+000, 2.037477E-001, -9.127036E-001, -4.832170E-001, 5.929807E-001
1.514000E-001, 9.139379E-001, 2.318058E+000, 6.004315E+000, 1.181962E-001, -8.925169E-001, -4.380853E-001, 5.914479E-001
1.514080E-001, 1.147173E+000, 2.595081E+000, 5.952344E+000, 3.545885E-001, -8.728079E-001, -4.037048E-001, 5.842552E-001
1.514160E-001, 1.052152E+000, 2.537889E+000, 5.876011E+000, 4.390144E-001, -8.382874E-001, -3.654255E-001, 5.797746E-001
1.514240E-001, 7.653582E-001, 2.350228E+000, 5.814295E+000, 3.658453E-001, -8.038864E-001, -3.076521E-001, 5.744686E-001
1.514320E-001, 7.256218E-001, 2.262653E+000, 5.763947E+000, 3.951129E-001, -7.753382E-001, -2.443259E-001, 5.672759E-001
1.514400E-001, 8.120053E-001, 2.237632E+000, 5.807798E+000, 4.840415E-001, -7.325758E-001, -1.830081E-001, 5.629131E-001
1.514480E-001, 9.260316E-001, 2.353803E+000, 5.876011E+000, 4.795388E-001, -6.806158E-001, -1.260618E-001, 5.572534E-001
1.514560E-001, 1.022781E+000, 2.428867E+000, 5.889004E+000, 3.557142E-001, -6.334338E-001, -7.478640E-002, 5.445188E-001
1.514640E-001, 9.968661E-001, 2.294823E+000, 5.919862E+000, 2.251356E-001, -5.801598E-001, -2.256588E-002, 5.365008E-001
1.514720E-001, 9.484913E-001, 2.200099E+000, 5.944223E+000, 1.857368E-001, -5.260499E-001, 3.071795E-002, 5.388590E-001
1.514800E-001, 9.709510E-001, 2.166142E+000, 5.780189E+000, 2.983046E-001, -4.947544E-001, 8.364735E-002, 5.344962E-001
1.514880E-001, 1.062518E+000, 2.021375E+000, 5.543069E+000, 5.290686E-001, -4.841235E-001, 1.382308E-001, 5.238842E-001
1.514960E-001, 1.140263E+000, 1.915927E+000, 5.572303E+000, 6.044890E-001, -4.659674E-001, 1.858436E-001, 5.198752E-001
1.515040E-001, 1.105709E+000, 2.033886E+000, 5.806174E+000, 3.996156E-001, -4.301329E-001, 2.166797E-001, 5.165736E-001
1.515120E-001, 1.010687E+000, 2.185802E+000, 5.890628E+000, 2.386437E-001, -4.067211E-001, 2.392456E-001, 5.080839E-001
1.515200E-001, 1.000321E+000, 2.255504E+000, 5.864642E+000, 3.602169E-001, -4.135296E-001, 2.628748E-001, 4.959390E-001
1.515280E-001, 1.081522E+000, 2.339505E+000, 6.004315E+000, 5.054294E-001, -4.310885E-001, 2.892213E-001, 4.840298E-001
1.515360E-001, 1.079794E+000, 2.375250E+000, 6.004315E+000, 4.255062E-001, -4.472140E-001, 3.104876E-001, 4.754222E-001
1.515440E-001, 1.038330E+000, 2.282313E+000, 5.750955E+000, 2.926762E-001, -4.626229E-001, 3.102513E-001, 4.682296E-001
1.515520E-001, 1.166178E+000, 2.169716E+000, 5.791557E+000, 2.735397E-001, -4.749260E-001, 2.945379E-001, 4.636310E-001
1.515600E-001, 1.268110E+000, 2.187589E+000, 5.936103E+000, 2.881735E-001, -4.937988E-001, 2.818963E-001, 4.589145E-001
1.515680E-001, 1.081522E+000, 2.216185E+000, 5.856522E+000, 2.949276E-001, -5.291555E-001, 2.677188E-001, 4.493636E-001
1.515760E-001, 9.260316E-001, 2.023162E+000, 5.934479E+000, 3.422061E-001, -5.645121E-001, 2.440896E-001, 4.385157E-001
1.515840E-001, 1.173089E+000, 1.928438E+000, 6.083896E+000, 4.052441E-001, -5.930603E-001, 2.206967E-001, 4.275498E-001
1.515920E-001, 1.411507E+000, 2.225121E+000, 5.932855E+000, 4.288833E-001, -6.306865E-001, 1.990760E-001, 4.151691E-001
1.516000E-001, 1.071156E+000, 2.416356E+000, 5.690863E+000, 4.345117E-001, -6.638930E-001, 1.711935E-001, 4.012554E-001
1.516080E-001, 6.772470E-001, 2.251930E+000, 5.692487E+000, 4.029927E-001, -6.775101E-001, 1.361042E-001, 3.868701E-001
1.516160E-001, 8.759291E-001, 2.162567E+000, 5.835408E+000, 3.388290E-001, -6.868271E-001, 9.368975E-002, 3.788521E-001
1.516240E-001, 1.140263E+000, 2.212610E+000, 5.812671E+000, 4.074954E-001, -6.927995E-001, 5.411085E-002, 3.749610E-001
1.516320E-001, 1.090160E+000, 2.216185E+000, 5.747706E+000, 5.774727E-001, -6.913661E-001, 2.540138E-002, 3.698907E-001
1.516400E-001, 1.007232E+000, 2.234057E+000, 5.903621E+000, 5.617133E-001, -6.936356E-001, 2.953649E-003, 3.721311E-001
1.516480E-001, 8.431034E-001, 2.285887E+000, 6.004315E+000, 3.377034E-001, -6.974580E-001, -1.902150E-002, 3.741356E-001
1.516560E-001, 7.619029E-001, 2.389548E+000, 5.843529E+000, 2.251356E-001, -6.904106E-001, -5.092091E-002, 3.599861E-001
1.516640E-001, 1.034875E+000, 2.482484E+000, 5.781813E+000, 3.635940E-001, -6.760768E-001, -8.553769E-002, 3.460725E-001
1.516720E-001, 1.185182E+000, 2.360952E+000, 5.960464E+000, 4.784131E-001, -6.685515E-001, -1.092850E-001, 3.377007E-001
1.516800E-001, 9.726787E-001, 2.200099E+000, 6.101761E+000, 4.435171E-001, -6.692682E-001, -1.355134E-001, 3.236691E-001
1.516880E-001, 8.638355E-001, 2.187589E+000, 6.088768E+000, 4.401400E-001, -6.659237E-001, -1.704846E-001, 3.221363E-001
1.516960E-001, 1.014143E+000, 2.205461E+000, 5.944223E+000, 4.705333E-001, -6.563678E-001, -1.982489E-001, 3.296827E-001
1.517040E-001, 1.098799E+000, 2.373462E+000, 5.763947E+000, 4.581509E-001, -6.474092E-001, -2.123083E-001, 3.165944E-001
1.517120E-001, 1.031420E+000, 2.746997E+000, 5.749331E+000, 4.513968E-001, -6.358227E-001, -2.192789E-001, 2.919508E-001
1.517200E-001, 9.882277E-001, 2.836359E+000, 5.890628E+000, 4.322603E-001, -6.239973E-001, -2.237685E-001, 2.787446E-001
1.517280E-001, 9.795894E-001, 2.478910E+000, 5.932855E+000, 4.165008E-001, -6.181444E-001, -2.215237E-001, 2.767401E-001
1.517360E-001, 1.010687E+000, 2.309121E+000, 5.824039E+000, 4.671563E-001, -6.137248E-001, -2.128990E-001, 2.756789E-001
1.517440E-001, 1.098799E+000, 2.478910E+000, 5.760699E+000, 5.301943E-001, -6.124109E-001, -2.049833E-001, 2.682504E-001
1.517520E-001, 1.129897E+000, 2.382399E+000, 5.796430E+000, 5.234402E-001, -6.140832E-001, -1.876158E-001, 2.647130E-001
1.517600E-001, 1.152357E+000, 2.058907E+000, 5.757451E+000, 4.671563E-001, -6.047662E-001, -1.599696E-001, 2.792162E-001
1.517680E-001, 1.143718E+000, 2.007077E+000, 5.679494E+000, 4.423914E-001, -5.800404E-001, -1.376401E-001, 2.903000E-001
1.517760E-001, 9.985937E-001, 2.185802E+000, 5.815919E+000, 4.817901E-001, -5.479088E-001, -1.135383E-001, 2.799237E-001
1.517840E-001, 9.243039E-001, 2.384186E+000, 5.879259E+000, 4.716590E-001, -5.209135E-001, -8.104814E-002, 2.729669E-001
1.517920E-001, 1.084977E+000, 2.416356E+000, 5.661629E+000, 3.951129E-001, -5.086104E-001, -5.635563E-002, 2.792162E-001
1.518000E-001, 1.268110E+000, 2.234057E+000, 5.664877E+000, 4.243806E-001, -5.016824E-001, -3.851559E-002, 2.760326E-001
1.518080E-001, 1.185182E+000, 2.248355E+000, 5.846777E+000, 4.682820E-001, -4.814956E-001, -1.110572E-002, 2.689579E-001
1.518160E-001, 9.657680E-001, 2.428867E+000, 5.867890E+000, 3.309493E-001, -4.469751E-001, 2.292032E-002, 2.786267E-001
1.518240E-001, 9.450360E-001, 2.355590E+000, 5.882507E+000, 2.363923E-001, -4.131713E-001, 4.643137E-002, 2.906537E-001
1.518320E-001, 1.041785E+000, 2.266227E+000, 5.820791E+000, 3.613426E-001, -3.873705E-001, 5.588305E-002, 2.938373E-001
1.518400E-001, 1.124714E+000, 2.371675E+000, 5.724969E+000, 4.570252E-001, -3.664671E-001, 6.746135E-002, 2.985538E-001
1.518480E-001, 1.273293E+000, 2.455676E+000, 5.830536E+000, 3.827305E-001, -3.566723E-001, 9.558009E-002, 2.998509E-001
1.518560E-001, 1.332034E+000, 2.509293E+000, 5.879259E+000, 3.467088E-001, -3.577473E-001, 1.333868E-001, 2.946627E-001
1.518640E-001, 1.160995E+000, 2.534314E+000, 5.736338E+000, 4.018670E-001, -3.479526E-001, 1.599696E-001, 2.923045E-001
1.518720E-001, 9.260316E-001, 2.573634E+000, 5.642140E+000, 3.489601E-001, -3.311104E-001, 1.719024E-001, 2.907716E-001
1.518800E-001, 7.584475E-001, 2.700528E+000, 5.630771E+000, 3.050587E-001, -3.373217E-001, 1.926961E-001, 2.897104E-001
1.518880E-001, 7.411708E-001, 2.627251E+000, 5.595041E+000, 5.110577E-001, -3.563139E-001, 2.254225E-001, 2.967851E-001
1.518960E-001, 9.035718E-001, 2.380611E+000, 5.580424E+000, 6.742811E-001, -3.583446E-001, 2.466888E-001, 3.110525E-001
1.519040E-001, 1.083250E+000, 2.430654E+000, 5.604785E+000, 5.009267E-001, -3.530889E-001, 2.613389E-001, 3.198960E-001
1.519120E-001, 1.176544E+000, 2.629039E+000, 5.624275E+000, 2.870479E-001, -3.540444E-001, 2.815419E-001, 3.203676E-001
1.519200E-001, 1.176544E+000, 2.518229E+000, 5.720097E+000, 2.983046E-001, -3.498637E-001, 2.935928E-001, 3.228438E-001
1.519280E-001, 1.136807E+000, 2.264440E+000, 5.814295E+000, 3.951129E-001, -3.415024E-001, 2.976097E-001, 3.280319E-001
1.519360E-001, 1.112620E+000, 2.194738E+000, 5.726593E+000, 4.604023E-001, -3.420996E-001, 3.082429E-001, 3.341633E-001
1.519440E-001, 1.002049E+000, 2.262653E+000, 5.590168E+000, 5.628389E-001, -3.478331E-001, 3.172219E-001, 3.430068E-001
1.519520E-001, 9.277592E-001, 2.301972E+000, 5.573927E+000, 6.382594E-001, -3.496248E-001, 3.189941E-001, 3.499636E-001
1.519600E-001, 1.119531E+000, 2.348441E+000, 5.627523E+000, 5.740957E-001, -3.547611E-001, 3.223022E-001, 3.539726E-001
1.519680E-001, 1.264655E+000, 2.448527E+000, 5.715224E+000, 4.986753E-001, -3.710061E-001, 3.218296E-001, 3.596324E-001
1.519760E-001, 1.065973E+000, 2.459250E+000, 5.684366E+000, 4.817901E-001, -3.805619E-001, 3.100150E-001, 3.619906E-001
1.519840E-001, 8.551971E-001, 2.337718E+000, 5.453743E+000, 4.423914E-001, -3.782924E-001, 2.880399E-001, 3.514965E-001
1.519920E-001, 8.137330E-001, 2.212610E+000, 5.409893E+000, 4.119981E-001, -3.908345E-001, 2.641744E-001, 3.412381E-001
1.520000E-001, 8.482864E-001, 2.176865E+000, 5.710352E+000, 4.086211E-001, -4.116185E-001, 2.546046E-001, 3.499636E-001
1.520080E-001, 1.171361E+000, 2.235844E+000, 5.892252E+000, 3.725994E-001, -4.185465E-001, 2.599211E-001, 3.601040E-001
1.520160E-001, 1.485797E+000, 2.380611E+000, 5.708728E+000, 3.399547E-001, -4.328803E-001, 2.605119E-001, 3.531472E-001
1.520240E-001, 1.294026E+000, 2.568272E+000, 5.456992E+000, 3.500858E-001, -4.593977E-001, 2.404271E-001, 3.421814E-001
1.520320E-001, 1.138535E+000, 2.664783E+000, 5.437502E+000, 3.782278E-001, -4.712231E-001, 2.130172E-001, 3.365216E-001
1.520400E-001, 1.318213E+000, 2.561123E+000, 5.543069E+000, 4.502712E-001, -4.693120E-001, 2.095910E-001, 3.309797E-001
1.520480E-001, 1.204187E+000, 2.296611E+000, 5.515460E+000, 5.448281E-001, -4.662063E-001, 2.268403E-001, 3.250841E-001
1.520560E-001, 8.707461E-001, 2.130397E+000, 5.479729E+000, 5.313200E-001, -4.663257E-001, 2.314480E-001, 3.237871E-001
1.520640E-001, 9.813170E-001, 2.133971E+000, 5.638892E+000, 4.649050E-001, -4.736121E-001, 2.201059E-001, 3.257916E-001
1.520720E-001, 1.414962E+000, 2.119673E+000, 5.724969E+000, 4.896699E-001, -4.819734E-001, 2.111268E-001, 3.272065E-001
1.520800E-001, 1.508257E+000, 2.209036E+000, 5.528452E+000, 5.054294E-001, -4.911710E-001, 1.982489E-001, 3.294469E-001
1.520880E-001, 1.181727E+000, 2.459250E+000, 5.310822E+000, 4.671563E-001, -5.058631E-001, 1.780460E-001, 3.346350E-001
1.520960E-001, 9.778617E-001, 2.543251E+000, 5.374163E+000, 4.581509E-001, -5.170912E-001, 1.681217E-001, 3.395873E-001
1.521040E-001, 1.062518E+000, 2.389548E+000, 5.692487E+000, 3.624683E-001, -5.164940E-001, 1.612692E-001, 3.342813E-001
1.521120E-001, 1.159267E+000, 2.300185E+000, 5.863018E+000, 2.408951E-001, -5.117161E-001, 1.444925E-001, 3.177736E-001
1.521200E-001, 1.257744E+000, 2.432441E+000, 5.658381E+000, 3.973643E-001, -5.112383E-001, 1.371675E-001, 3.097555E-001
1.521280E-001, 1.281932E+000, 2.564698E+000, 5.429382E+000, 6.134945E-001, -5.050269E-001, 1.418933E-001, 3.171840E-001
1.521360E-001, 1.071156E+000, 2.491421E+000, 5.374163E+000, 5.549592E-001, -4.900959E-001, 1.395304E-001, 3.220184E-001
1.521440E-001, 1.040058E+000, 2.355590E+000, 5.367666E+000, 4.896699E-001, -4.892598E-001, 1.327961E-001, 3.117600E-001
1.521520E-001, 1.337217E+000, 2.332356E+000, 5.453743E+000, 5.740957E-001, -4.991740E-001, 1.312602E-001, 2.954881E-001
1.521600E-001, 1.411507E+000, 2.455676E+000, 5.638892E+000, 5.560849E-001, -4.927238E-001, 1.392941E-001, 2.910075E-001
1.521680E-001, 1.193821E+000, 2.629039E+000, 5.744458E+000, 4.119981E-001, -4.736121E-001, 1.580793E-001, 2.951344E-001
1.521760E-001, 1.117803E+000, 2.612953E+000, 5.736338E+000, 3.568399E-001, -4.693120E-001, 1.727294E-001, 2.932478E-001
1.521840E-001, 1.185182E+000, 2.466399E+000, 5.707104E+000, 4.513968E-001, -4.829291E-001, 1.778097E-001, 2.861730E-001
1.521920E-001, 1.160995E+000, 2.493208E+000, 5.533325E+000, 4.761617E-001, -4.848402E-001, 1.860799E-001, 2.783909E-001
1.522000E-001, 1.135080E+000, 2.570059E+000, 5.240986E+000, 3.467088E-001, -4.639368E-001, 1.977764E-001, 2.749714E-001
1.522080E-001, 1.221463E+000, 2.434229E+000, 5.250731E+000, 3.275723E-001, -4.449445E-001, 2.086458E-001, 2.749714E-001
1.522160E-001, 1.245651E+000, 2.250142E+000, 5.528452E+000, 4.457684E-001, -4.436306E-001, 2.235322E-001, 2.701370E-001
1.522240E-001, 1.183455E+000, 2.230483E+000, 5.682742E+000, 4.626536E-001, -4.518725E-001, 2.403089E-001, 2.703728E-001
1.522320E-001, 1.178272E+000, 2.316270E+000, 5.687614E+000, 4.390144E-001, -4.493641E-001, 2.546046E-001, 2.812207E-001
1.522400E-001, 1.150629E+000, 2.373462E+000, 5.577176E+000, 4.412657E-001, -4.333580E-001, 2.707906E-001, 2.819282E-001
1.522480E-001, 1.121258E+000, 2.310909E+000, 5.447247E+000, 3.793534E-001, -4.242800E-001, 2.840229E-001, 2.657742E-001
1.522560E-001, 1.242195E+000, 2.225121E+000, 5.408268E+000, 3.433318E-001, -4.228466E-001, 2.917024E-001, 2.485590E-001
1.522640E-001, 1.375226E+000, 2.251930E+000, 5.418013E+000, 3.906102E-001, -4.105434E-001, 3.054073E-001, 2.393619E-001
1.522720E-001, 1.304392E+000, 2.394909E+000, 5.604785E+000, 4.311346E-001, -3.889233E-001, 3.208845E-001, 2.361782E-001
1.522800E-001, 1.076339E+000, 2.605804E+000, 5.867890E+000, 4.119981E-001, -3.765007E-001, 3.308087E-001, 2.359424E-001
1.522880E-001, 9.156656E-001, 2.739848E+000, 5.820791E+000, 3.545885E-001, -3.701699E-001, 3.460495E-001, 2.381828E-001
1.522960E-001, 9.571297E-001, 2.648698E+000, 5.539821E+000, 3.467088E-001, -3.511777E-001, 3.616448E-001, 2.407768E-001
1.523040E-001, 1.071156E+000, 2.432441E+000, 5.385531E+000, 3.422061E-001, -3.373217E-001, 3.712147E-001, 2.400694E-001
1.523120E-001, 1.110892E+000, 2.373462E+000, 5.377411E+000, 2.532775E-001, -3.456831E-001, 3.918902E-001, 2.368857E-001
1.523200E-001, 1.147173E+000, 2.552187E+000, 5.408268E+000, 2.059990E-001, -3.422191E-001, 4.189456E-001, 2.340558E-001
1.523280E-001, 1.124714E+000, 2.671932E+000, 5.456992E+000, 2.926762E-001, -3.170155E-001, 4.293425E-001, 2.302826E-001
1.523360E-001, 9.692234E-001, 2.589719E+000, 5.426134E+000, 3.714737E-001, -3.045929E-001, 4.322961E-001, 2.245049E-001
1.523440E-001, 1.003777E+000, 2.478910E+000, 5.406644E+000, 3.647196E-001, -3.051901E-001, 4.419841E-001, 2.182556E-001
1.523520E-001, 1.278476E+000, 2.407420E+000, 5.546318E+000, 3.444574E-001, -3.010094E-001, 4.507269E-001, 2.154257E-001
1.523600E-001, 1.418418E+000, 2.436016E+000, 5.629147E+000, 3.557142E-001, -3.000539E-001, 4.585245E-001, 2.204959E-001
1.523680E-001, 1.439150E+000, 2.494995E+000, 5.546318E+000, 4.255062E-001, -3.026817E-001, 4.623052E-001, 2.266274E-001
1.523760E-001, 1.497891E+000, 2.352015E+000, 5.479729E+000, 4.975496E-001, -2.989788E-001, 4.578156E-001, 2.258020E-001
1.523840E-001, 1.421873E+000, 2.221546E+000, 5.474857E+000, 4.919212E-001, -2.969482E-001, 4.601786E-001, 2.267453E-001
1.523920E-001, 1.294026E+000, 2.441378E+000, 5.508963E+000, 4.727847E-001, -3.018456E-001, 4.677399E-001, 2.316976E-001
1.524000E-001, 1.408052E+000, 2.664783E+000, 5.604785E+000, 4.390144E-001, -2.959926E-001, 4.680943E-001, 2.253303E-001
1.524080E-001, 1.546265E+000, 2.611166E+000, 5.685990E+000, 3.602169E-001, -2.707891E-001, 4.702210E-001, 2.148361E-001
1.524160E-001, 1.454699E+000, 2.602230E+000, 5.567431E+000, 3.714737E-001, -2.484522E-001, 4.802634E-001, 2.203780E-001
1.524240E-001, 1.338945E+000, 2.682656E+000, 5.239362E+000, 4.558995E-001, -2.471383E-001, 4.855800E-001, 2.253303E-001
1.524320E-001, 1.269838E+000, 2.693379E+000, 5.086696E+000, 4.694077E-001, -2.577692E-001, 4.803815E-001, 2.155436E-001
1.524400E-001, 1.162722E+000, 2.743422E+000, 5.340056E+000, 4.468941E-001, -2.620693E-001, 4.714024E-001, 2.180198E-001
1.524480E-001, 1.169633E+000, 2.763082E+000, 5.645388E+000, 4.907956E-001, -2.534690E-001, 4.575793E-001, 2.301647E-001
1.524560E-001, 1.294026E+000, 2.736273E+000, 5.648636E+000, 5.887296E-001, -2.449882E-001, 4.444652E-001, 2.256841E-001
1.524640E-001, 1.325124E+000, 2.739848E+000, 5.405020E+000, 6.236256E-001, -2.423604E-001, 4.445833E-001, 2.225004E-001
1.524720E-001, 1.268110E+000, 2.655847E+000, 5.252355E+000, 5.369483E-001, -2.332823E-001, 4.482458E-001, 2.333484E-001
1.524800E-001, 1.264655E+000, 2.532527E+000, 5.437502E+000, 3.602169E-001, -2.209792E-001, 4.469462E-001, 2.368857E-001
1.524880E-001, 1.257744E+000, 2.509293E+000, 5.695735E+000, 2.735397E-001, -2.195458E-001, 4.465918E-001, 2.377111E-001
1.524960E-001, 1.247378E+000, 2.573634E+000, 5.630771E+000, 4.716590E-001, -2.267127E-001, 4.471825E-001, 2.564592E-001
1.525040E-001, 1.408052E+000, 2.650486E+000, 5.356297E+000, 6.776581E-001, -2.292211E-001, 4.478914E-001, 2.783909E-001
1.525120E-001, 1.470248E+000, 2.557549E+000, 5.245858E+000, 5.448281E-001, -2.242043E-001, 4.478914E-001, 2.834611E-001
1.525200E-001, 1.259472E+000, 2.385973E+000, 5.353049E+000, 3.635940E-001, -2.169179E-001, 4.441107E-001, 2.836969E-001
1.525280E-001, 1.292298E+000, 2.475335E+000, 5.492722E+000, 4.817901E-001, -2.028230E-001, 4.390304E-001, 2.919508E-001
1.525360E-001, 1.584274E+000, 2.655847E+000, 5.525204E+000, 6.371337E-001, -1.837113E-001, 4.328868E-001, 3.031524E-001
1.525440E-001, 1.466793E+000, 2.552187E+000, 5.408268E+000, 5.740957E-001, -1.683025E-001, 4.214267E-001, 3.134108E-001
1.525520E-001, 1.015870E+000, 2.477123E+000, 5.288085E+000, 5.470794E-001, -1.569549E-001, 4.061859E-001, 3.210751E-001
1.525600E-001, 9.830447E-001, 2.627251E+000, 5.223121E+000, 6.247512E-001, -1.565966E-001, 4.025233E-001, 3.246124E-001
1.525680E-001, 1.325124E+000, 2.539676E+000, 5.102937E+000, 5.695930E-001, -1.642413E-001, 4.102028E-001, 3.296827E-001
1.525760E-001, 1.356222E+000, 2.330569E+000, 5.068831E+000, 4.547739E-001, -1.642413E-001, 4.013419E-001, 3.427709E-001
1.525840E-001, 1.171361E+000, 2.446739E+000, 5.213376E+000, 4.378887E-001, -1.634051E-001, 3.807845E-001, 3.505532E-001
1.525920E-001, 1.202459E+000, 2.532527E+000, 5.331936E+000, 4.896699E-001, -1.649580E-001, 3.780671E-001, 3.385261E-001
1.526000E-001, 1.276749E+000, 2.209036E+000, 5.327064E+000, 5.538335E-001, -1.582689E-001, 3.814934E-001, 3.286215E-001
1.526080E-001, 1.280204E+000, 1.923076E+000, 5.305950E+000, 5.909809E-001, -1.548049E-001, 3.731050E-001, 3.306260E-001
1.526160E-001, 1.344128E+000, 2.142908E+000, 5.340056E+000, 6.224999E-001, -1.623301E-001, 3.594001E-001, 3.254378E-001
1.526240E-001, 1.406324E+000, 2.498569E+000, 5.405020E+000, 5.988606E-001, -1.662719E-001, 3.494758E-001, 3.187168E-001
1.526320E-001, 1.447788E+000, 2.528953E+000, 5.401772E+000, 4.547739E-001, -1.666302E-001, 3.497121E-001, 3.234333E-001
1.526400E-001, 1.523806E+000, 2.414569E+000, 5.327064E+000, 3.557142E-001, -1.743944E-001, 3.557375E-001, 3.336917E-001
1.526480E-001, 1.480614E+000, 2.300185E+000, 5.375787E+000, 4.288833E-001, -1.849058E-001, 3.573916E-001, 3.381723E-001
1.526560E-001, 1.275021E+000, 2.214397E+000, 5.492722E+000, 4.829158E-001, -1.889670E-001, 3.523113E-001, 3.273244E-001
1.526640E-001, 1.145446E+000, 2.337718E+000, 5.421261E+000, 3.928616E-001, -1.845475E-001, 3.478217E-001, 3.143541E-001
1.526720E-001, 1.199004E+000, 2.432441E+000, 5.232865E+000, 2.611573E-001, -1.797695E-001, 3.597545E-001, 3.193064E-001
1.526800E-001, 1.285387E+000, 2.268015E+000, 5.154908E+000, 2.059990E-001, -1.838308E-001, 3.855103E-001, 3.213109E-001
1.526880E-001, 1.190365E+000, 2.260866E+000, 5.197135E+000, 3.309493E-001, -1.755888E-001, 4.038229E-001, 3.015016E-001
1.526960E-001, 1.033147E+000, 2.423505E+000, 5.249106E+000, 5.650903E-001, -1.423822E-001, 4.093758E-001, 2.827536E-001
1.527040E-001, 1.121258E+000, 2.350228E+000, 5.336808E+000, 6.315053E-001, -1.107285E-001, 4.142198E-001, 2.794521E-001
1.527120E-001, 1.332034E+000, 2.221546E+000, 5.411517E+000, 4.558995E-001, -9.137787E-002, 4.231989E-001, 2.798058E-001
1.527200E-001, 1.347583E+000, 2.264440E+000, 5.357922E+000, 3.680967E-001, -8.731662E-002, 4.272158E-001, 2.765042E-001
1.527280E-001, 1.235285E+000, 2.348441E+000, 5.302702E+000, 5.133091E-001, -9.472241E-002, 4.241441E-001, 2.776834E-001
1.527360E-001, 1.197276E+000, 2.452101E+000, 5.278340E+000, 5.358227E-001, -8.767498E-002, 4.200089E-001, 2.812207E-001
1.527440E-001, 1.276749E+000, 2.627251E+000, 5.255603E+000, 3.883589E-001, -7.704408E-002, 4.174097E-001, 2.678967E-001
1.527520E-001, 1.411507E+000, 2.688018E+000, 5.388779E+000, 4.119981E-001, -8.397208E-002, 4.210722E-001, 2.499740E-001
1.527600E-001, 1.447788E+000, 2.462825E+000, 5.497594E+000, 5.324456E-001, -9.448352E-002, 4.254436E-001, 2.513889E-001
1.527680E-001, 1.335490E+000, 2.230483E+000, 5.357922E+000, 5.493308E-001, -1.090562E-001, 4.198908E-001, 2.607040E-001
1.527760E-001, 1.287115E+000, 2.264440E+000, 5.299454E+000, 5.425767E-001, -1.304374E-001, 4.109117E-001, 2.616473E-001
1.527840E-001, 1.351039E+000, 2.362739E+000, 5.474857E+000, 5.346970E-001, -1.366487E-001, 4.090213E-001, 2.537472E-001
1.527920E-001, 1.395958E+000, 2.373462E+000, 5.538197E+000, 4.739104E-001, -1.235094E-001, 4.083125E-001, 2.434888E-001
1.528000E-001, 1.428784E+000, 2.439590E+000, 5.346553E+000, 3.996156E-001, -1.110868E-001, 4.029959E-001, 2.354708E-001
1.528080E-001, 1.397686E+000, 2.480697E+000, 5.198759E+000, 4.682820E-001, -1.041588E-001, 4.002786E-001, 2.278065E-001
1.528160E-001, 1.378681E+000, 2.337718E+000, 5.325439E+000, 6.641499E-001, -9.269179E-002, 3.916539E-001, 2.213213E-001
1.528240E-001, 1.432239E+000, 2.176865E+000, 5.531701E+000, 6.832865E-001, -8.731662E-002, 3.701513E-001, 2.213213E-001
1.528320E-001, 1.302664E+000, 2.087503E+000, 5.505715E+000, 5.403254E-001, -9.735028E-002, 3.622355E-001, 2.235616E-001
1.528400E-001, 1.148901E+000, 2.060694E+000, 5.265347E+000, 4.964240E-001, -1.063089E-001, 3.714509E-001, 2.223825E-001
1.528480E-001, 1.287115E+000, 2.176865E+000, 5.067207E+000, 4.446428E-001, -1.063089E-001, 3.674340E-001, 2.194347E-001
1.528560E-001, 1.313030E+000, 2.305547E+000, 5.049342E+000, 3.253209E-001, -1.121619E-001, 3.568009E-001, 2.141287E-001
1.528640E-001, 1.046969E+000, 2.234057E+000, 5.218248E+000, 3.804791E-001, -1.275707E-001, 3.614085E-001, 2.137749E-001
1.528720E-001, 1.003777E+000, 2.092865E+000, 5.416389E+000, 5.324456E-001, -1.298402E-001, 3.647166E-001, 2.281602E-001
1.528800E-001, 1.233557E+000, 2.133971E+000, 5.408268E+000, 4.885442E-001, -1.084590E-001, 3.543198E-001, 2.459650E-001
1.528880E-001, 1.278476E+000, 2.264440E+000, 5.252355E+000, 3.725994E-001, -8.444987E-002, 3.447500E-001, 2.474978E-001
1.528960E-001, 1.166178E+000, 2.293036E+000, 5.210128E+000, 4.074954E-001, -7.584960E-002, 3.409693E-001, 2.358245E-001
1.529040E-001, 1.292298E+000, 2.234057E+000, 5.278340E+000, 5.009267E-001, -7.704408E-002, 3.349438E-001, 2.320513E-001
1.529120E-001, 1.466793E+000, 2.178653E+000, 5.286461E+000, 5.650903E-001, -8.122477E-002, 3.304543E-001, 2.426634E-001
1.529200E-001, 1.318213E+000, 2.305547E+000, 5.260475E+000, 6.033633E-001, -9.758917E-002, 3.383701E-001, 2.551621E-001
1.529280E-001, 1.140263E+000, 2.534314E+000, 5.244234E+000, 5.887296E-001, -1.198065E-001, 3.446318E-001, 2.586995E-001
1.529360E-001, 1.148901E+000, 2.568272E+000, 5.200383E+000, 5.189375E-001, -1.343792E-001, 3.345894E-001, 2.530397E-001
1.529440E-001, 1.081522E+000, 2.505718E+000, 5.245858E+000, 4.018670E-001, -1.483546E-001, 3.227748E-001, 2.471441E-001
1.529520E-001, 1.060790E+000, 2.527165E+000, 5.432630E+000, 4.119981E-001, -1.524159E-001, 3.225385E-001, 2.484411E-001
1.529600E-001, 1.299209E+000, 2.464612E+000, 5.479729E+000, 6.202485E-001, -1.349765E-001, 3.313995E-001, 2.571666E-001
1.529680E-001, 1.392503E+000, 2.223334E+000, 5.283213E+000, 6.618986E-001, -1.078617E-001, 3.432141E-001, 2.700191E-001
1.529760E-001, 1.257744E+000, 2.091078E+000, 5.163029E+000, 4.345117E-001, -8.433042E-002, 3.478217E-001, 2.795700E-001
1.529840E-001, 1.233557E+000, 2.264440E+000, 5.245858E+000, 3.782278E-001, -8.588325E-002, 3.429778E-001, 2.842865E-001
1.529920E-001, 1.209370E+000, 2.509293E+000, 5.255603E+000, 5.707187E-001, -1.090562E-001, 3.409693E-001, 2.878238E-001
1.530000E-001, 1.076339E+000, 2.571847E+000, 5.089944E+000, 6.652756E-001, -1.176565E-001, 3.478217E-001, 2.867626E-001
1.530080E-001, 1.069428E+000, 2.441378E+000, 4.995746E+000, 5.864782E-001, -1.201649E-001, 3.549105E-001, 2.795700E-001
1.530160E-001, 1.211097E+000, 2.237632E+000, 5.089944E+000, 3.984900E-001, -1.410683E-001, 3.547924E-001, 2.711982E-001
1.530240E-001, 1.314758E+000, 2.133971E+000, 5.276716E+000, 1.834855E-001, -1.475185E-001, 3.555012E-001, 2.683683E-001
1.530320E-001, 1.294026E+000, 2.266227E+000, 5.452119E+000, 1.339557E-001, -1.145508E-001, 3.651892E-001, 2.763863E-001
1.530400E-001, 1.276749E+000, 2.527165E+000, 5.505715E+000, 2.217585E-001, -7.859691E-002, 3.723961E-001, 2.833432E-001
1.530480E-001, 1.302664E+000, 2.550400E+000, 5.380659E+000, 3.028074E-001, -6.712988E-002, 3.723961E-001, 2.820461E-001
1.530560E-001, 1.209370E+000, 2.300185E+000, 5.169525E+000, 4.198779E-001, -6.701043E-002, 3.770038E-001, 2.832252E-001
1.530640E-001, 1.117803E+000, 2.214397E+000, 5.158156E+000, 5.369483E-001, -6.115747E-002, 3.840926E-001, 2.783909E-001
1.530720E-001, 1.166178E+000, 2.471761E+000, 5.414765E+000, 4.570252E-001, -4.240411E-002, 3.903543E-001, 2.708445E-001
1.530800E-001, 1.212825E+000, 2.598655E+000, 5.572303E+000, 2.408951E-001, -1.576716E-002, 4.044137E-001, 2.880597E-001
1.530880E-001, 1.257744E+000, 2.337718E+000, 5.429382E+000, 1.497152E-001, -1.791723E-003, 4.187093E-001, 3.026808E-001
1.530960E-001, 1.261200E+000, 2.141120E+000, 5.158156E+000, 2.217585E-001, -8.719718E-003, 4.247348E-001, 2.857014E-001
1.531040E-001, 1.148901E+000, 2.248355E+000, 5.005491E+000, 3.354520E-001, -1.242261E-002, 4.353679E-001, 2.829894E-001
1.531120E-001, 1.109165E+000, 2.368101E+000, 5.034725E+000, 4.682820E-001, -2.388964E-003, 4.549801E-001, 3.083405E-001
1.531200E-001, 1.119531E+000, 2.287674E+000, 5.236114E+000, 5.707187E-001, 1.445323E-002, 4.705754E-001, 3.227259E-001
1.531280E-001, 1.015870E+000, 2.257291E+000, 5.523580E+000, 5.155604E-001, 4.324025E-002, 4.813267E-001, 3.260274E-001
1.531360E-001, 9.761341E-001, 2.464612E+000, 5.583672E+000, 4.041184E-001, 6.629375E-002, 4.946772E-001, 3.274423E-001
1.531440E-001, 1.024509E+000, 2.477123E+000, 5.336808E+000, 4.142494E-001, 7.262450E-002, 5.110995E-001, 3.154153E-001
1.531520E-001, 1.007232E+000, 2.209036E+000, 5.137043E+000, 4.739104E-001, 8.994449E-002, 5.181882E-001, 2.990255E-001
1.531600E-001, 9.588574E-001, 2.219759E+000, 5.289709E+000, 4.896699E-001, 1.083395E-001, 5.062555E-001, 3.007942E-001
1.531680E-001, 9.588574E-001, 2.466399E+000, 5.456992E+000, 4.502712E-001, 1.036810E-001, 4.929050E-001, 3.230796E-001
1.531760E-001, 1.135080E+000, 2.410995E+000, 5.266972E+000, 4.029927E-001, 1.051144E-001, 4.869977E-001, 3.450113E-001
1.531840E-001, 1.375226E+000, 2.112525E+000, 5.159781E+000, 4.390144E-001, 1.223149E-001, 4.758920E-001, 3.465441E-001
1.531920E-001, 1.323396E+000, 1.928438E+000, 5.349801E+000, 4.558995E-001, 1.275707E-001, 4.764827E-001, 3.419456E-001
1.532000E-001, 1.097071E+000, 1.928438E+000, 5.487850E+000, 4.435171E-001, 1.266151E-001, 4.972764E-001, 3.537368E-001
1.532080E-001, 1.067701E+000, 2.064269E+000, 5.543069E+000, 5.358227E-001, 1.285263E-001, 4.970401E-001, 3.681221E-001
1.532160E-001, 1.183455E+000, 2.223334E+000, 5.452119E+000, 5.437024E-001, 1.230316E-001, 4.703391E-001, 3.734281E-001
1.532240E-001, 1.243923E+000, 2.364526E+000, 5.202007E+000, 3.861075E-001, 1.164620E-001, 4.548620E-001, 3.904075E-001
1.532320E-001, 1.129897E+000, 2.532527E+000, 5.284837E+000, 3.478345E-001, 1.102507E-001, 4.468281E-001, 4.210647E-001
1.532400E-001, 8.482864E-001, 2.537889E+000, 5.720097E+000, 4.952983E-001, 1.064283E-001, 4.260344E-001, 4.406381E-001
1.532480E-001, 6.858853E-001, 2.352015E+000, 5.835408E+000, 6.213742E-001, 1.231511E-001, 4.065403E-001, 4.483024E-001
1.532560E-001, 8.776568E-001, 2.234057E+000, 5.508963E+000, 5.279430E-001, 1.464435E-001, 3.946075E-001, 4.569100E-001
1.532640E-001, 1.259472E+000, 2.209036E+000, 5.356297E+000, 3.005560E-001, 1.434573E-001, 3.707421E-001, 4.651639E-001
1.532720E-001, 1.389047E+000, 2.216185E+000, 5.604785E+000, 2.544032E-001, 1.139536E-001, 3.397878E-001, 4.687012E-001
1.532800E-001, 1.166178E+000, 2.253717E+000, 5.710352E+000, 3.849818E-001, 7.752188E-002, 3.280914E-001, 4.690550E-001
1.532880E-001, 9.813170E-001, 2.212610E+000, 5.437502E+000, 4.795388E-001, 5.016824E-002, 3.296273E-001, 4.718848E-001
1.532960E-001, 1.015870E+000, 2.141120E+000, 5.216624E+000, 4.604023E-001, 4.670424E-002, 3.208845E-001, 4.774267E-001
1.533040E-001, 1.150629E+000, 2.201887E+000, 5.239362E+000, 3.163155E-001, 6.223251E-002, 3.024537E-001, 4.875672E-001
1.533120E-001, 1.204187E+000, 2.266227E+000, 5.351425E+000, 2.330153E-001, 6.414368E-002, 2.836685E-001, 5.044286E-001
1.533200E-001, 1.072884E+000, 2.133971E+000, 5.458616E+000, 3.343263E-001, 4.992934E-002, 2.678369E-001, 5.131541E-001
1.533280E-001, 8.897505E-001, 1.901629E+000, 5.461864E+000, 4.176265E-001, 4.718203E-002, 2.541320E-001, 5.094989E-001
1.533360E-001, 8.223713E-001, 1.780097E+000, 5.338432E+000, 3.872332E-001, 4.264300E-002, 2.342835E-001, 5.162199E-001
1.533440E-001, 9.640403E-001, 1.831927E+000, 5.208504E+000, 3.129385E-001, 2.054509E-002, 2.177430E-001, 5.366187E-001
1.533520E-001, 1.122986E+000, 1.903417E+000, 5.166277E+000, 2.330153E-001, 1.039199E-002, 2.144349E-001, 5.497069E-001
1.533600E-001, 1.050424E+000, 1.846225E+000, 5.253979E+000, 2.161302E-001, 1.767833E-002, 2.069917E-001, 5.540697E-001
1.533680E-001, 9.536743E-001, 1.967758E+000, 5.361170E+000, 2.363923E-001, 2.412853E-002, 2.028566E-001, 5.579608E-001
1.533760E-001, 9.865001E-001, 2.396697E+000, 5.333560E+000, 2.499005E-001, 3.165377E-002, 2.231777E-001, 5.605549E-001
1.533840E-001, 9.450360E-001, 2.491421E+000, 5.302702E+000, 3.737251E-001, 4.240411E-002, 2.419630E-001, 5.532443E-001
1.533920E-001, 8.379204E-001, 2.185802E+000, 5.435878E+000, 5.504565E-001, 6.462147E-002, 2.439714E-001, 5.355575E-001
1.534000E-001, 8.621078E-001, 2.049971E+000, 5.523580E+000, 5.223145E-001, 9.591690E-002, 2.554316E-001, 5.281290E-001
1.534080E-001, 9.104825E-001, 2.105376E+000, 5.427758E+000, 3.849818E-001, 1.094145E-001, 2.791789E-001, 5.334350E-001
1.534160E-001, 8.638355E-001, 2.187589E+000, 5.395276E+000, 3.613426E-001, 1.113257E-001, 2.948923E-001, 5.359112E-001
1.534240E-001, 8.828398E-001, 2.269802E+000, 5.533325E+000, 3.196925E-001, 1.081006E-001, 2.966645E-001, 5.302514E-001
1.534320E-001, 9.571297E-001, 2.182227E+000, 5.669750E+000, 2.273869E-001, 7.907470E-002, 3.002089E-001, 5.144512E-001
1.534400E-001, 9.795894E-001, 1.830140E+000, 5.663253E+000, 2.656600E-001, 4.467363E-002, 3.136775E-001, 4.993584E-001
1.534480E-001, 9.985937E-001, 1.572776E+000, 5.437502E+000, 3.872332E-001, 2.759253E-002, 3.174582E-001, 4.954673E-001
1.534560E-001, 9.329423E-001, 1.742565E+000, 5.250731E+000, 4.041184E-001, 9.555856E-003, 3.088336E-001, 4.927553E-001
1.534640E-001, 8.206437E-001, 2.116099E+000, 5.362794E+000, 2.971790E-001, -3.822342E-003, 2.998545E-001, 4.928733E-001
1.534720E-001, 8.085499E-001, 2.343079E+000, 5.429382E+000, 2.667857E-001, -1.911171E-003, 2.834322E-001, 5.038391E-001
1.534800E-001, 7.722689E-001, 2.287674E+000, 5.338432E+000, 4.086211E-001, -4.180687E-003, 2.639381E-001, 5.110317E-001
1.534880E-001, 7.619029E-001, 2.221546E+000, 5.432630E+000, 4.829158E-001, -7.644684E-003, 2.499969E-001, 5.086735E-001
1.534960E-001, 8.983889E-001, 2.321632E+000, 5.632395E+000, 4.333860E-001, -1.911171E-003, 2.305028E-001, 5.133899E-001
1.535040E-001, 9.363976E-001, 2.250142E+000, 5.591793E+000, 4.547739E-001, -9.078062E-003, 2.094728E-001, 5.254170E-001
1.535120E-001, 8.310097E-001, 2.176865E+000, 5.338432E+000, 4.626536E-001, -3.679004E-002, 1.919872E-001, 5.355575E-001
1.535200E-001, 7.791796E-001, 2.389548E+000, 5.240986E+000, 3.906102E-001, -6.975774E-002, 1.669403E-001, 5.416889E-001
1.535280E-001, 6.979790E-001, 2.409207E+000, 5.390403E+000, 3.793534E-001, -1.057116E-001, 1.415389E-001, 5.377978E-001
1.535360E-001, 5.355780E-001, 2.162567E+000, 5.495970E+000, 4.142494E-001, -1.341403E-001, 1.215722E-001, 5.265961E-001
1.535440E-001, 5.113906E-001, 2.133971E+000, 5.517084E+000, 4.131238E-001, -1.435767E-001, 9.735228E-002, 5.223513E-001
1.535520E-001, 7.584475E-001, 2.291249E+000, 5.538197E+000, 4.074954E-001, -1.408294E-001, 7.596786E-002, 5.270678E-001
1.535600E-001, 1.060790E+000, 2.341292E+000, 5.476481E+000, 3.332007E-001, -1.249428E-001, 6.498028E-002, 5.398023E-001
1.535680E-001, 1.022781E+000, 2.307334E+000, 5.439126E+000, 2.183815E-001, -1.022477E-001, 6.474400E-002, 5.541876E-001
1.535760E-001, 7.515368E-001, 2.264440E+000, 5.489474E+000, 2.510262E-001, -1.055922E-001, 7.254162E-002, 5.505323E-001
1.535840E-001, 6.668810E-001, 2.176865E+000, 5.499218E+000, 3.005560E-001, -1.354543E-001, 8.057556E-002, 5.422785E-001
1.535920E-001, 7.515368E-001, 2.012439E+000, 5.465112E+000, 2.341410E-001, -1.495491E-001, 9.227201E-002, 5.550130E-001
1.536000E-001, 7.843626E-001, 1.842650E+000, 5.491098E+000, 2.847965E-001, -1.438156E-001, 1.082217E-001, 5.718744E-001
1.536080E-001, 7.152557E-001, 1.928438E+000, 5.590168E+000, 4.536482E-001, -1.544465E-001, 1.235807E-001, 5.679833E-001
1.536160E-001, 6.530596E-001, 2.275164E+000, 5.608034E+000, 5.054294E-001, -1.831141E-001, 1.392941E-001, 5.537159E-001
1.536240E-001, 7.463538E-001, 2.425292E+000, 5.481353E+000, 4.266319E-001, -1.967312E-001, 1.507543E-001, 5.543056E-001
1.536320E-001, 8.016393E-001, 2.335930E+000, 5.359546E+000, 3.399547E-001, -1.874142E-001, 1.665858E-001, 5.617340E-001
1.536400E-001, 6.115955E-001, 2.357377E+000, 5.330312E+000, 3.377034E-001, -1.777389E-001, 1.963586E-001, 5.554847E-001
1.536480E-001, 5.977741E-001, 2.360952E+000, 5.322191E+000, 3.500858E-001, -1.745138E-001, 2.193971E-001, 5.480562E-001
1.536560E-001, 8.966612E-001, 2.226908E+000, 5.221497E+000, 2.735397E-001, -1.661524E-001, 2.292032E-001, 5.474666E-001
1.536640E-001, 9.640403E-001, 2.189376E+000, 5.215000E+000, 2.442721E-001, -1.593439E-001, 2.431444E-001, 5.419247E-001
1.536720E-001, 7.930009E-001, 2.207248E+000, 5.491098E+000, 3.039330E-001, -1.623301E-001, 2.655922E-001, 5.328455E-001
1.536800E-001, 8.120053E-001, 2.180440E+000, 5.685990E+000, 3.005560E-001, -1.600606E-001, 2.894576E-001, 5.249454E-001
1.536880E-001, 9.312146E-001, 2.171504E+000, 5.521956E+000, 2.296383E-001, -1.537298E-001, 3.033988E-001, 5.162199E-001
1.536960E-001, 8.120053E-001, 2.044609E+000, 5.314071E+000, 1.542179E-001, -1.647191E-001, 3.044622E-001, 5.168094E-001
1.537040E-001, 6.046848E-001, 1.880183E+000, 5.367666E+000, 1.564692E-001, -1.849058E-001, 3.031626E-001, 5.290723E-001
1.537120E-001, 6.375105E-001, 1.917715E+000, 5.528452E+000, 2.487748E-001, -1.929088E-001, 3.046985E-001, 5.352038E-001
1.537200E-001, 8.431034E-001, 1.971332E+000, 5.465112E+000, 2.746654E-001, -1.892059E-001, 3.071795E-001, 5.333171E-001
1.537280E-001, 9.398530E-001, 2.014226E+000, 5.249106E+000, 2.555289E-001, -1.786945E-001, 3.120235E-001, 5.330813E-001
1.537360E-001, 8.240990E-001, 2.146482E+000, 5.236114E+000, 3.230695E-001, -1.678247E-001, 3.103695E-001, 5.337888E-001
1.537440E-001, 7.273495E-001, 2.133971E+000, 5.408268E+000, 3.861075E-001, -1.638829E-001, 3.007996E-001, 5.365008E-001
1.537520E-001, 7.688136E-001, 2.021375E+000, 5.413141E+000, 4.221292E-001, -1.622106E-001, 3.028081E-001, 5.380337E-001
1.537600E-001, 7.688136E-001, 2.044609E+000, 5.262099E+000, 4.851672E-001, -1.571938E-001, 3.207663E-001, 5.250633E-001
1.537680E-001, 7.031620E-001, 2.057120E+000, 5.247482E+000, 4.457684E-001, -1.521770E-001, 3.422689E-001, 5.030137E-001
1.537760E-001, 6.046848E-001, 1.957034E+000, 5.409893E+000, 3.208182E-001, -1.483546E-001, 3.564464E-001, 4.975897E-001
1.537840E-001, 6.029571E-001, 1.989205E+000, 5.538197E+000, 3.365777E-001, -1.444129E-001, 3.589275E-001, 5.120929E-001
1.537920E-001, 8.517417E-001, 2.182227E+000, 5.443999E+000, 4.615279E-001, -1.416655E-001, 3.545561E-001, 5.208185E-001
1.538000E-001, 9.709510E-001, 2.223334E+000, 5.289709E+000, 5.054294E-001, -1.446518E-001, 3.404967E-001, 5.096168E-001
1.538080E-001, 8.171883E-001, 2.055333E+000, 5.346553E+000, 4.570252E-001, -1.607773E-001, 3.245470E-001, 4.903971E-001
1.538160E-001, 7.878179E-001, 2.060694E+000, 5.499218E+000, 3.917359E-001, -1.893254E-001, 3.201756E-001, 4.821432E-001
1.538240E-001, 8.690184E-001, 2.278738E+000, 5.554438E+000, 3.253209E-001, -2.202625E-001, 3.152135E-001, 4.934628E-001
1.538320E-001, 8.292820E-001, 2.294823E+000, 5.523580E+000, 2.870479E-001, -2.443910E-001, 3.055255E-001, 5.092630E-001
1.538400E-001, 7.498091E-001, 2.130397E+000, 5.440751E+000, 3.174412E-001, -2.577692E-001, 2.905209E-001, 5.044286E-001
1.538480E-001, 7.048897E-001, 2.096439E+000, 5.538197E+000, 3.253209E-001, -2.581275E-001, 2.598030E-001, 4.925195E-001
1.538560E-001, 6.340552E-001, 2.112525E+000, 5.869514E+000, 2.656600E-001, -2.511995E-001, 2.328657E-001, 5.028958E-001
1.538640E-001, 6.167785E-001, 2.008864E+000, 5.908493E+000, 2.983046E-001, -2.520357E-001, 2.267221E-001, 5.153945E-001
1.538720E-001, 7.964563E-001, 1.946311E+000, 5.567431E+000, 4.063697E-001, -2.539468E-001, 2.197515E-001, 5.041928E-001
1.538800E-001, 1.033147E+000, 2.112525E+000, 5.367666E+000, 4.210035E-001, -2.394936E-001, 2.064010E-001, 4.868597E-001
1.538880E-001, 1.100526E+000, 2.230483E+000, 5.348177E+000, 4.142494E-001, -2.209792E-001, 2.023841E-001, 4.761297E-001
1.538960E-001, 9.018442E-001, 2.078567E+000, 5.278340E+000, 5.110577E-001, -2.115427E-001, 2.084095E-001, 4.734177E-001
1.539040E-001, 5.908635E-001, 2.037460E+000, 5.253979E+000, 5.808498E-001, -1.986423E-001, 2.153801E-001, 4.784879E-001
1.539120E-001, 6.115955E-001, 2.248355E+000, 5.372539E+000, 4.975496E-001, -1.802473E-001, 2.154983E-001, 4.652818E-001
1.539200E-001, 9.363976E-001, 2.285887E+000, 5.590168E+000, 3.748507E-001, -1.702137E-001, 2.169160E-001, 4.336813E-001
1.539280E-001, 9.208485E-001, 2.198312E+000, 5.772068E+000, 3.500858E-001, -1.651969E-001, 2.305028E-001, 4.202393E-001
1.539360E-001, 5.563100E-001, 2.284100E+000, 5.760699E+000, 4.727847E-001, -1.663913E-001, 2.336927E-001, 4.233050E-001
1.539440E-001, 5.286673E-001, 2.371675E+000, 5.582048E+000, 6.450135E-001, -1.851447E-001, 2.186882E-001, 4.194139E-001
1.539520E-001, 8.033670E-001, 2.357377E+000, 5.484601E+000, 6.337566E-001, -2.056898E-001, 2.081732E-001, 4.161124E-001
1.539600E-001, 7.999116E-001, 2.251930E+000, 5.648636E+000, 4.739104E-001, -2.129761E-001, 1.936412E-001, 4.275498E-001
1.539680E-001, 6.375105E-001, 2.114312E+000, 5.835408E+000, 4.367630E-001, -2.160818E-001, 1.620963E-001, 4.421710E-001
1.539760E-001, 6.513319E-001, 2.141120E+000, 5.708728E+000, 4.739104E-001, -2.150067E-001, 1.298424E-001, 4.467695E-001
1.539840E-001, 7.204388E-001, 2.246568E+000, 5.491098E+000, 3.928616E-001, -2.109455E-001, 1.006604E-001, 4.512502E-001
1.539920E-001, 7.912732E-001, 2.242993E+000, 5.489474E+000, 3.422061E-001, -2.129761E-001, 6.498028E-002, 4.630415E-001
1.540000E-001, 8.396481E-001, 2.184014E+000, 5.492722E+000, 3.996156E-001, -2.210986E-001, 2.622841E-002, 4.756581E-001
1.540080E-001, 7.653582E-001, 2.184014E+000, 5.432630E+000, 4.119981E-001, -2.341185E-001, -4.371401E-003, 4.866239E-001
1.540160E-001, 7.308048E-001, 2.285887E+000, 5.505715E+000, 4.311346E-001, -2.508412E-001, -2.740987E-002, 4.942882E-001
1.540240E-001, 8.016393E-001, 2.371675E+000, 5.611282E+000, 4.513968E-001, -2.691168E-001, -5.257496E-002, 4.953494E-001
1.540320E-001, 7.273495E-001, 2.334143E+000, 5.572303E+000, 3.838561E-001, -2.851228E-001, -7.608601E-002, 4.953494E-001
1.540400E-001, 5.079352E-001, 2.260866E+000, 5.487850E+000, 4.074954E-001, -2.925286E-001, -9.274459E-002, 4.992405E-001
1.540480E-001, 5.131183E-001, 2.241206E+000, 5.505715E+000, 4.986753E-001, -2.908563E-001, -1.004241E-001, 5.044286E-001
1.540560E-001, 7.584475E-001, 2.373462E+000, 5.591793E+000, 4.243806E-001, -2.871535E-001, -9.522565E-002, 5.139796E-001
1.540640E-001, 8.085499E-001, 2.491421E+000, 5.554438E+000, 3.230695E-001, -2.878701E-001, -8.411993E-002, 5.248275E-001
1.540720E-001, 6.219615E-001, 2.285887E+000, 5.442375E+000, 3.861075E-001, -2.832116E-001, -6.852467E-002, 5.236483E-001
1.540800E-001, 4.975692E-001, 2.078567E+000, 5.569055E+000, 4.063697E-001, -2.582470E-001, -3.213571E-002, 5.157482E-001
1.540880E-001, 4.422837E-001, 2.203674E+000, 5.835408E+000, 3.061844E-001, -2.190680E-001, 3.367160E-002, 5.159841E-001
1.540960E-001, 5.200289E-001, 2.430654E+000, 5.833784E+000, 3.489601E-001, -1.804862E-001, 1.108209E-001, 5.184602E-001
1.541040E-001, 6.962513E-001, 2.489633E+000, 5.637268E+000, 5.043037E-001, -1.402322E-001, 1.781641E-001, 5.077302E-001
1.541120E-001, 6.876130E-001, 2.316270E+000, 5.582048E+000, 5.144348E-001, -9.030283E-002, 2.462162E-001, 4.872135E-001
1.541200E-001, 7.048897E-001, 2.194738E+000, 5.702231E+000, 4.063697E-001, -3.822342E-002, 3.280914E-001, 4.723565E-001
1.541280E-001, 8.983889E-001, 2.278738E+000, 5.832160E+000, 3.444574E-001, 1.313930E-002, 4.041774E-001, 4.697624E-001
1.541360E-001, 8.828398E-001, 2.259079E+000, 5.760699E+000, 4.086211E-001, 6.963830E-002, 4.554527E-001, 4.725923E-001
1.541440E-001, 5.908635E-001, 2.133971E+000, 5.567431E+000, 5.403254E-001, 1.175370E-001, 4.953861E-001, 4.628056E-001
1.541520E-001, 4.388284E-001, 2.014226E+000, 5.546318E+000, 5.876039E-001, 1.513409E-001, 5.388638E-001, 4.343888E-001
1.541600E-001, 6.565149E-001, 1.955247E+000, 5.573927E+000, 5.189375E-001, 1.933866E-001, 5.795060E-001, 4.136362E-001
1.541680E-001, 9.243039E-001, 2.192950E+000, 5.523580E+000, 4.221292E-001, 2.296989E-001, 6.093969E-001, 4.125750E-001
1.541760E-001, 9.070272E-001, 2.357377E+000, 5.543069E+000, 3.951129E-001, 2.305350E-001, 6.242833E-001, 3.993688E-001
1.541840E-001, 6.789746E-001, 2.205461E+000, 5.465112E+000, 4.874185E-001, 2.133345E-001, 6.155405E-001, 3.617548E-001
1.541920E-001, 4.647435E-001, 2.257291E+000, 5.291333E+000, 5.831012E-001, 1.899226E-001, 5.915569E-001, 3.382903E-001
1.542000E-001, 4.941139E-001, 2.350228E+000, 5.318943E+000, 5.729700E-001, 1.516992E-001, 5.739532E-001, 3.413560E-001
1.542080E-001, 7.394431E-001, 2.148269E+000, 5.344929E+000, 4.975496E-001, 1.107285E-001, 5.537502E-001, 3.305081E-001
1.542160E-001, 9.329423E-001, 2.101801E+000, 5.307574E+000, 4.322603E-001, 7.035498E-002, 5.046015E-001, 2.964314E-001
1.542240E-001, 1.017598E+000, 2.323419E+000, 5.556062E+000, 4.457684E-001, 1.206427E-002, 4.403301E-001, 2.750893E-001
1.542320E-001, 9.035718E-001, 2.439590E+000, 5.773692E+000, 4.975496E-001, -4.718203E-002, 3.843288E-001, 2.749714E-001
1.542400E-001, 5.753144E-001, 2.377037E+000, 5.645388E+000, 4.739104E-001, -7.943305E-002, 3.284458E-001, 2.658921E-001
1.542480E-001, 3.852706E-001, 2.423505E+000, 5.650260E+000, 4.412657E-001, -1.060700E-001, 2.672462E-001, 2.392440E-001
1.542560E-001, 3.921813E-001, 2.616528E+000, 5.785061E+000, 5.628389E-001, -1.401127E-001, 2.059284E-001, 2.191989E-001
1.542640E-001, 4.716541E-001, 2.527165E+000, 5.674622E+000, 7.024230E-001, -1.721248E-001, 1.452014E-001, 2.094122E-001
1.542720E-001, 6.858853E-001, 2.117886E+000, 5.552814E+000, 7.012973E-001, -2.281460E-001, 8.801875E-002, 1.930224E-001
1.542800E-001, 8.914782E-001, 1.944523E+000, 5.647012E+000, 6.844122E-001, -3.012483E-001, 3.154498E-002, 1.721519E-001
1.542880E-001, 8.983889E-001, 2.151844E+000, 5.804550E+000, 6.799095E-001, -3.478331E-001, -3.119054E-002, 1.585920E-001
1.542960E-001, 9.001165E-001, 2.294823E+000, 5.802926E+000, 6.776581E-001, -3.733951E-001, -9.097240E-002, 1.463291E-001
1.543040E-001, 1.027964E+000, 2.273376E+000, 5.625899E+000, 6.922919E-001, -3.859371E-001, -1.381126E-001, 1.254586E-001
1.543120E-001, 1.055607E+000, 2.337718E+000, 5.593417E+000, 6.067404E-001, -3.894011E-001, -1.769827E-001, 1.055315E-001
1.543200E-001, 9.968661E-001, 2.339505E+000, 5.742834E+000, 4.761617E-001, -3.993153E-001, -2.107724E-001, 9.975377E-002
1.543280E-001, 1.017598E+000, 2.171504E+000, 5.762323E+000, 4.682820E-001, -3.974041E-001, -2.437351E-001, 1.017583E-001
1.543360E-001, 9.484913E-001, 2.192950E+000, 5.716848E+000, 5.301943E-001, -3.742312E-001, -2.820144E-001, 1.018762E-001
1.543440E-001, 8.361927E-001, 2.459250E+000, 5.747706E+000, 5.335713E-001, -3.478331E-001, -3.084791E-001, 1.039986E-001
1.543520E-001, 9.415807E-001, 2.586145E+000, 5.716848E+000, 5.121834E-001, -3.228685E-001, -3.085973E-001, 1.076539E-001
1.543600E-001, 1.107437E+000, 2.537889E+000, 5.604785E+000, 5.200632E-001, -3.097292E-001, -3.083610E-001, 1.037628E-001
1.543680E-001, 1.121258E+000, 2.466399E+000, 5.458616E+000, 4.941726E-001, -3.078180E-001, -3.188760E-001, 1.034091E-001
1.543760E-001, 9.916831E-001, 2.328781E+000, 5.379035E+000, 3.872332E-001, -2.869146E-001, -3.133231E-001, 1.197989E-001
1.543840E-001, 7.377155E-001, 2.284100E+000, 5.492722E+000, 2.262613E-001, -2.451077E-001, -2.899302E-001, 1.364245E-001
1.543920E-001, 6.720639E-001, 2.468186E+000, 5.622651E+000, 2.262613E-001, -2.078398E-001, -2.672462E-001, 1.341842E-001
1.544000E-001, 9.139379E-001, 2.623677E+000, 5.635643E+000, 4.739104E-001, -1.777389E-001, -2.443259E-001, 1.236900E-001
1.544080E-001, 1.038330E+000, 2.652273E+000, 5.556062E+000, 5.921066E-001, -1.518186E-001, -2.147894E-001, 1.280527E-001
1.544160E-001, 9.830447E-001, 2.641549E+000, 5.416389E+000, 4.525225E-001, -1.329458E-001, -1.728476E-001, 1.455037E-001
1.544240E-001, 8.742015E-001, 2.612953E+000, 5.398524E+000, 3.669710E-001, -1.164620E-001, -1.206270E-001, 1.555263E-001
1.544320E-001, 6.997067E-001, 2.577208E+000, 5.565807E+000, 4.345117E-001, -1.005754E-001, -7.608601E-002, 1.596532E-001
1.544400E-001, 6.841577E-001, 2.419931E+000, 5.625899E+000, 5.178118E-001, -8.301649E-002, -3.934261E-002, 1.674354E-001
1.544480E-001, 7.688136E-001, 2.366313E+000, 5.473233E+000, 5.482051E-001, -6.366589E-002, 4.253255E-003, 1.697937E-001
1.544560E-001, 8.621078E-001, 2.541463E+000, 5.422885E+000, 5.110577E-001, -5.184051E-002, 4.832170E-002, 1.736848E-001
1.544640E-001, 9.778617E-001, 2.446739E+000, 5.518708E+000, 4.198779E-001, -5.088493E-002, 8.211146E-002, 1.911358E-001
1.544720E-001, 7.930009E-001, 2.214397E+000, 5.578800E+000, 3.883589E-001, -5.482672E-002, 1.159012E-001, 2.026912E-001
1.544800E-001, 6.582426E-001, 2.332356E+000, 5.731465E+000, 4.739104E-001, -4.610700E-002, 1.644592E-001, 1.971493E-001
1.544880E-001, 1.007232E+000, 2.475335E+000, 5.859770E+000, 5.504565E-001, -1.301985E-002, 2.151438E-001, 1.953806E-001
1.544960E-001, 1.242195E+000, 2.502144E+000, 5.682742E+000, 5.673416E-001, 1.134758E-002, 2.471614E-001, 2.101196E-001
1.545040E-001, 1.088433E+000, 2.673720E+000, 5.408268E+000, 5.729700E-001, 5.494617E-003, 2.758709E-001, 2.261557E-001
1.545120E-001, 9.398530E-001, 2.797040E+000, 5.387156E+000, 5.369483E-001, 5.255721E-003, 3.199393E-001, 2.280423E-001
1.545200E-001, 9.035718E-001, 2.691592E+000, 5.664877E+000, 4.919212E-001, 2.687584E-002, 3.629444E-001, 2.308722E-001
1.545280E-001, 9.104825E-001, 2.491421E+000, 5.911741E+000, 4.930469E-001, 4.837652E-002, 3.943713E-001, 2.412485E-001
1.545360E-001, 1.038330E+000, 2.319845E+000, 5.864642E+000, 4.660307E-001, 6.557706E-002, 4.247348E-001, 2.426634E-001
1.545440E-001, 1.178272E+000, 2.319845E+000, 5.715224E+000, 3.602169E-001, 7.692464E-002, 4.477732E-001, 2.458471E-001
1.545520E-001, 1.173089E+000, 2.503931E+000, 5.572303E+000, 2.926762E-001, 6.450202E-002, 4.522628E-001, 2.597607E-001
1.545600E-001, 1.209370E+000, 2.616528E+000, 5.372539E+000, 3.951129E-001, 2.974260E-002, 4.473006E-001, 2.630622E-001
1.545680E-001, 1.230102E+000, 2.596868E+000, 5.325439E+000, 5.234402E-001, -3.583446E-003, 4.360768E-001, 2.585816E-001
1.545760E-001, 1.043513E+000, 2.584357E+000, 5.536573E+000, 4.941726E-001, -3.619280E-002, 4.071310E-001, 2.631802E-001
1.545840E-001, 9.173932E-001, 2.525378E+000, 5.632395E+000, 4.649050E-001, -8.277760E-002, 3.516024E-001, 2.683683E-001
1.545920E-001, 9.726787E-001, 2.380611E+000, 5.431006E+000, 5.887296E-001, -1.317514E-001, 2.865040E-001, 2.643593E-001
1.546000E-001, 1.084977E+000, 2.278738E+000, 5.346553E+000, 7.103028E-001, -1.735582E-001, 2.364101E-001, 2.578741E-001
1.546080E-001, 1.247378E+000, 2.359164E+000, 5.583672E+000, 6.720297E-001, -2.096316E-001, 1.941138E-001, 2.542188E-001
1.546160E-001, 1.307847E+000, 2.596868E+000, 5.786685E+000, 5.313200E-001, -2.334018E-001, 1.454377E-001, 2.544546E-001
1.546240E-001, 1.192093E+000, 2.705890E+000, 5.668126E+000, 3.872332E-001, -2.558580E-001, 9.002724E-002, 2.661280E-001
1.546320E-001, 1.060790E+000, 2.564698E+000, 5.439126E+000, 3.196925E-001, -2.933648E-001, 4.016963E-002, 2.871163E-001
1.546400E-001, 1.045241E+000, 2.459250E+000, 5.468360E+000, 4.119981E-001, -3.340966E-001, 1.016055E-002, 2.969031E-001
1.546480E-001, 1.109165E+000, 2.450314E+000, 5.690863E+000, 4.581509E-001, -3.729173E-001, -1.051499E-002, 2.906537E-001
1.546560E-001, 1.102254E+000, 2.436016E+000, 5.820791E+000, 2.769168E-001, -4.112601E-001, -3.130868E-002, 2.855835E-001
1.546640E-001, 1.057335E+000, 2.530740E+000, 5.772068E+000, 1.688517E-001, -4.247578E-001, -4.324143E-002, 2.847581E-001
1.546720E-001, 1.084977E+000, 2.595081E+000, 5.617778E+000, 2.769168E-001, -4.168742E-001, -4.808541E-002, 2.840506E-001
1.546800E-001, 1.059062E+000, 2.503931E+000, 5.552814E+000, 3.692223E-001, -4.238022E-001, -5.281125E-002, 2.857014E-001
1.546880E-001, 9.139379E-001, 2.493208E+000, 5.638892E+000, 4.029927E-001, -4.346720E-001, -5.222052E-002, 2.879417E-001
1.546960E-001, 8.690184E-001, 2.661209E+000, 5.728217E+000, 4.649050E-001, -4.265495E-001, -4.300513E-002, 2.923045E-001
1.547040E-001, 1.022781E+000, 2.797040E+000, 5.841905E+000, 5.290686E-001, -4.140074E-001, -3.319902E-002, 2.961956E-001
1.547120E-001, 1.117803E+000, 2.589719E+000, 6.004315E+000, 5.189375E-001, -3.942985E-001, -2.091184E-002, 2.933657E-001
1.547200E-001, 1.027964E+000, 2.321632E+000, 5.929606E+000, 4.435171E-001, -3.613308E-001, -6.970612E-003, 2.911254E-001
1.547280E-001, 9.605850E-001, 2.573634E+000, 5.656757E+000, 4.772874E-001, -3.361272E-001, -7.206904E-003, 2.865268E-001
1.547360E-001, 1.008960E+000, 2.993637E+000, 5.661629E+000, 5.864782E-001, -3.197628E-001, -1.654044E-002, 2.754430E-001
1.547440E-001, 9.916831E-001, 2.972190E+000, 5.880883E+000, 5.223145E-001, -3.042345E-001, -2.764616E-002, 2.728490E-001
1.547520E-001, 9.173932E-001, 2.773805E+000, 5.937727E+000, 4.333860E-001, -3.013678E-001, -5.092091E-002, 2.835790E-001
1.547600E-001, 9.329423E-001, 2.761295E+000, 5.874387E+000, 4.964240E-001, -3.062652E-001, -8.589213E-002, 2.912433E-001
1.547680E-001, 9.657680E-001, 2.779167E+000, 5.752579E+000, 4.829158E-001, -3.036373E-001, -1.232262E-001, 2.881775E-001
1.547760E-001, 1.008960E+000, 2.573634E+000, 5.595041E+000, 4.018670E-001, -3.037567E-001, -1.547712E-001, 2.816924E-001
1.547840E-001, 1.141990E+000, 2.192950E+000, 5.672998E+000, 4.356374E-001, -3.158210E-001, -1.800545E-001, 2.855835E-001
1.547920E-001, 1.249106E+000, 2.089290E+000, 5.942599E+000, 4.784131E-001, -3.309909E-001, -2.066373E-001, 3.061002E-001
1.548000E-001, 1.221463E+000, 2.475335E+000, 5.927982E+000, 4.682820E-001, -3.542833E-001, -2.364101E-001, 3.281498E-001
1.548080E-001, 1.169633E+000, 2.825635E+000, 5.702231E+000, 5.234402E-001, -3.920290E-001, -2.640563E-001, 3.401769E-001
1.548160E-001, 1.103982E+000, 2.782742E+000, 5.739586E+000, 6.540189E-001, -4.208160E-001, -2.841411E-001, 3.489024E-001
1.548240E-001, 9.398530E-001, 2.636188E+000, 5.861394E+000, 6.877892E-001, -4.316858E-001, -2.940653E-001, 3.597503E-001
1.548320E-001, 9.795894E-001, 2.568272E+000, 5.793181E+000, 5.740957E-001, -4.412416E-001, -2.931202E-001, 3.715415E-001
1.548400E-001, 1.252561E+000, 2.455676E+000, 5.822415E+000, 4.491455E-001, -4.510364E-001, -2.869766E-001, 3.799133E-001
1.548480E-001, 1.200731E+000, 2.346654E+000, 5.950720E+000, 3.906102E-001, -4.641757E-001, -2.820144E-001, 3.849835E-001
1.548560E-001, 9.329423E-001, 2.366313E+000, 5.820791E+000, 4.052441E-001, -4.773150E-001, -2.703180E-001, 3.915866E-001
1.548640E-001, 9.467636E-001, 2.444952E+000, 5.647012E+000, 4.525225E-001, -4.703870E-001, -2.499969E-001, 4.056182E-001
1.548720E-001, 1.102254E+000, 2.543251E+000, 5.794806E+000, 4.513968E-001, -4.540226E-001, -2.341653E-001, 4.316768E-001
1.548800E-001, 1.223191E+000, 2.611166E+000, 6.030301E+000, 4.221292E-001, -4.490058E-001, -2.158527E-001, 4.547876E-001
1.548880E-001, 1.223191E+000, 2.548612E+000, 6.079024E+000, 4.468941E-001, -4.478113E-001, -1.883247E-001, 4.554951E-001
1.548960E-001, 9.985937E-001, 2.520016E+000, 5.988074E+000, 4.300089E-001, -4.378971E-001, -1.667040E-001, 4.483024E-001
1.549040E-001, 9.173932E-001, 2.539676E+000, 5.846777E+000, 3.557142E-001, -4.128129E-001, -1.457921E-001, 4.547876E-001
1.549120E-001, 1.072884E+000, 2.387760E+000, 5.778564E+000, 4.682820E-001, -3.788897E-001, -1.089306E-001, 4.669325E-001
1.549200E-001, 1.179999E+000, 2.359164E+000, 5.827288E+000, 6.540189E-001, -3.495054E-001, -6.403512E-002, 4.692908E-001
1.549280E-001, 1.287115E+000, 2.605804E+000, 5.827288E+000, 5.684673E-001, -3.254963E-001, -2.327476E-002, 4.675221E-001
1.549360E-001, 1.373498E+000, 2.686230E+000, 5.707104E+000, 4.119981E-001, -3.096097E-001, 1.606785E-002, 4.748327E-001
1.549440E-001, 1.354494E+000, 2.520016E+000, 5.663253E+000, 5.099321E-001, -3.028012E-001, 5.706451E-002, 4.797850E-001
1.549520E-001, 1.287115E+000, 2.446739E+000, 5.807798E+000, 6.540189E-001, -2.857201E-001, 9.676155E-002, 4.745968E-001
1.549600E-001, 1.116075E+000, 2.575421E+000, 5.837032E+000, 5.740957E-001, -2.544247E-001, 1.332687E-001, 4.724744E-001
1.549680E-001, 9.329423E-001, 2.620102E+000, 5.609658E+000, 4.266319E-001, -2.418826E-001, 1.685943E-001, 4.756581E-001
1.549760E-001, 9.260316E-001, 2.450314E+000, 5.549566E+000, 3.714737E-001, -2.564553E-001, 1.941138E-001, 4.744789E-001
1.549840E-001, 1.017598E+000, 2.391335E+000, 5.814295E+000, 3.309493E-001, -2.722224E-001, 1.967130E-001, 4.687012E-001
1.549920E-001, 1.008960E+000, 2.461037E+000, 5.914989E+000, 3.861075E-001, -2.953954E-001, 1.841896E-001, 4.729461E-001
1.550000E-001, 9.623127E-001, 2.444952E+000, 5.716848E+000, 5.617133E-001, -3.420996E-001, 1.636322E-001, 4.803745E-001
1.550080E-001, 1.038330E+000, 2.414569E+000, 5.666502E+000, 5.887296E-001, -3.825926E-001, 1.378763E-001, 4.632773E-001
1.550160E-001, 1.186910E+000, 2.335930E+000, 5.815919E+000, 5.043037E-001, -4.024210E-001, 1.141290E-001, 4.396948E-001
1.550240E-001, 1.323396E+000, 2.268015E+000, 5.859770E+000, 4.772874E-001, -4.347914E-001, 7.797635E-002, 4.401665E-001
1.550320E-001, 1.345856E+000, 2.496782E+000, 5.802926E+000, 4.356374E-001, -4.881848E-001, 3.024537E-002, 4.421710E-001
1.550400E-001, 1.254289E+000, 2.709465E+000, 5.752579E+000, 4.423914E-001, -5.419365E-001, -6.498029E-003, 4.315589E-001
1.550480E-001, 1.259472E+000, 2.487846E+000, 5.608034E+000, 4.547739E-001, -5.850573E-001, -3.757042E-002, 4.237767E-001
1.550560E-001, 1.280204E+000, 2.360952E+000, 5.471609E+000, 3.185668E-001, -6.107386E-001, -7.348680E-002, 4.194139E-001
1.550640E-001, 1.112620E+000, 2.675507E+000, 5.556062E+000, 2.802938E-001, -6.228029E-001, -1.066858E-001, 4.195318E-001
1.550720E-001, 1.033147E+000, 2.804188E+000, 5.768820E+000, 4.423914E-001, -6.367783E-001, -1.288973E-001, 4.246020E-001
1.550800E-001, 1.202459E+000, 2.537889E+000, 5.827288E+000, 4.311346E-001, -6.554122E-001, -1.382308E-001, 4.202393E-001
1.550880E-001, 1.387320E+000, 2.326994E+000, 5.634019E+000, 2.769168E-001, -6.705822E-001, -1.446107E-001, 4.129287E-001
1.550960E-001, 1.470248E+000, 2.368101E+000, 5.520332E+000, 3.343263E-001, -6.704627E-001, -1.509906E-001, 4.152870E-001
1.551040E-001, 1.319941E+000, 2.537889E+000, 5.692487E+000, 4.570252E-001, -6.435869E-001, -1.460284E-001, 4.126929E-001
1.551120E-001, 9.243039E-001, 2.586145E+000, 5.840281E+000, 4.232549E-001, -6.057218E-001, -1.398848E-001, 4.053823E-001
1.551200E-001, 7.256218E-001, 2.475335E+000, 5.893876E+000, 3.635940E-001, -5.821905E-001, -1.483913E-001, 4.104526E-001
1.551280E-001, 9.605850E-001, 2.502144E+000, 6.004315E+000, 3.365777E-001, -5.592564E-001, -1.567797E-001, 4.215363E-001
1.551360E-001, 1.283659E+000, 2.589719E+000, 5.929606E+000, 3.264466E-001, -5.303500E-001, -1.529990E-001, 4.274319E-001
1.551440E-001, 1.541082E+000, 2.530740E+000, 5.638892E+000, 3.917359E-001, -5.241387E-001, -1.584338E-001, 4.263707E-001
1.551520E-001, 1.668930E+000, 2.587932E+000, 5.559310E+000, 4.941726E-001, -5.332167E-001, -1.834807E-001, 4.204751E-001
1.551600E-001, 1.397686E+000, 2.705890E+000, 5.705480E+000, 5.009267E-001, -5.261693E-001, -2.068736E-001, 4.242483E-001
1.551680E-001, 1.024509E+000, 2.537889E+000, 5.775316E+000, 3.635940E-001, -5.099244E-001, -2.182156E-001, 4.418172E-001
1.551760E-001, 1.064245E+000, 2.314483E+000, 5.799678E+000, 1.767314E-001, -5.022796E-001, -2.266040E-001, 4.569100E-001
1.551840E-001, 1.335490E+000, 2.257291E+000, 5.843529E+000, 6.979203E-002, -4.971434E-001, -2.333383E-001, 4.653997E-001
1.551920E-001, 1.378681E+000, 2.285887E+000, 5.819167E+000, 1.981193E-001, -4.860347E-001, -2.258951E-001, 4.725923E-001
1.552000E-001, 1.186910E+000, 2.414569E+000, 5.760699E+000, 5.043037E-001, -4.633395E-001, -2.030929E-001, 4.753043E-001
1.552080E-001, 1.126441E+000, 2.571847E+000, 5.802926E+000, 6.517675E-001, -4.199798E-001, -1.736746E-001, 4.766014E-001
1.552160E-001, 1.271566E+000, 2.632613E+000, 5.840281E+000, 5.549592E-001, -3.680199E-001, -1.273614E-001, 4.777805E-001
1.552240E-001, 1.333762E+000, 2.555761E+000, 5.695735E+000, 4.165008E-001, -3.301548E-001, -6.119961E-002, 4.698803E-001
1.552320E-001, 1.285387E+000, 2.455676E+000, 5.591793E+000, 3.906102E-001, -3.043540E-001, 3.780671E-003, 4.562025E-001
1.552400E-001, 1.328579E+000, 2.434229E+000, 5.669750E+000, 5.268173E-001, -2.722224E-001, 5.741894E-002, 4.431143E-001
1.552480E-001, 1.478886E+000, 2.337718E+000, 5.726593E+000, 6.326309E-001, -2.350740E-001, 1.060951E-001, 4.274319E-001
1.552560E-001, 1.463337E+000, 2.158993E+000, 5.707104E+000, 4.784131E-001, -2.264738E-001, 1.548894E-001, 4.183527E-001
1.552640E-001, 1.197276E+000, 2.169716E+000, 5.622651E+000, 2.510262E-001, -2.355518E-001, 2.030929E-001, 4.175273E-001
1.552720E-001, 1.102254E+000, 2.448527E+000, 5.484601E+000, 1.711030E-001, -2.023452E-001, 2.510602E-001, 4.029062E-001
1.552800E-001, 1.345856E+000, 2.696954E+000, 5.460240E+000, 1.564692E-001, -1.371265E-001, 2.872128E-001, 3.766118E-001
1.552880E-001, 1.556631E+000, 2.555761E+000, 5.560935E+000, 1.733544E-001, -9.101952E-002, 3.023356E-001, 3.563308E-001
1.552960E-001, 1.560087E+000, 2.294823E+000, 5.671374E+000, 2.330153E-001, -6.199361E-002, 3.132050E-001, 3.378186E-001
1.553040E-001, 1.454699E+000, 2.409207E+000, 5.770444E+000, 2.667857E-001, -3.559556E-002, 3.280914E-001, 3.180094E-001
1.553120E-001, 1.276749E+000, 2.645124E+000, 5.830536E+000, 3.106871E-001, -1.648385E-002, 3.384882E-001, 3.013837E-001
1.553200E-001, 1.179999E+000, 2.636188E+000, 5.848401E+000, 4.221292E-001, -3.225101E-003, 3.400241E-001, 2.888850E-001
1.553280E-001, 1.245651E+000, 2.486059E+000, 5.820791E+000, 4.705333E-001, 4.658479E-003, 3.278551E-001, 2.716698E-001
1.553360E-001, 1.233557E+000, 2.298398E+000, 5.692487E+000, 3.782278E-001, 2.508412E-003, 3.089517E-001, 2.384186E-001
1.553440E-001, 1.212825E+000, 2.228695E+000, 5.598289E+000, 2.949276E-001, 3.105653E-003, 2.973734E-001, 2.036345E-001
1.553520E-001, 1.375226E+000, 2.382399E+000, 5.666502E+000, 2.892992E-001, 3.189267E-002, 2.925294E-001, 1.950269E-001
1.553600E-001, 1.408052E+000, 2.586145E+000, 5.689239E+000, 3.163155E-001, 8.648049E-002, 2.919387E-001, 1.979747E-001
1.553680E-001, 1.332034E+000, 2.720188E+000, 5.562559E+000, 3.343263E-001, 1.211205E-001, 2.886306E-001, 1.809953E-001
1.553760E-001, 1.523806E+000, 2.761295E+000, 5.508963E+000, 3.388290E-001, 1.042783E-001, 2.729172E-001, 1.542292E-001
1.553840E-001, 1.689662E+000, 2.648698E+000, 5.508963E+000, 3.838561E-001, 7.584960E-002, 2.525961E-001, 1.446783E-001
1.553920E-001, 1.523806E+000, 2.469974E+000, 5.422885E+000, 4.041184E-001, 7.573015E-002, 2.349923E-001, 1.505740E-001
1.554000E-001, 1.368315E+000, 2.516442E+000, 5.418013E+000, 3.478345E-001, 7.214671E-002, 2.224689E-001, 1.502202E-001
1.554080E-001, 1.444333E+000, 2.704103E+000, 5.469985E+000, 3.298236E-001, 4.395694E-002, 2.206967E-001, 1.422022E-001
1.554160E-001, 1.542810E+000, 2.664783E+000, 5.379035E+000, 4.108724E-001, 2.866757E-002, 2.193971E-001, 1.434992E-001
1.554240E-001, 1.380409E+000, 2.623677E+000, 5.377411E+000, 5.133091E-001, 4.252356E-002, 2.020296E-001, 1.501023E-001
1.554320E-001, 1.109165E+000, 2.797040E+000, 5.593417E+000, 4.862928E-001, 6.677154E-002, 1.704846E-001, 1.531680E-001
1.554400E-001, 1.143718E+000, 2.879253E+000, 5.708728E+000, 3.444574E-001, 9.257235E-002, 1.379945E-001, 1.633085E-001
1.554480E-001, 1.307847E+000, 2.841721E+000, 5.611282E+000, 2.532775E-001, 1.122813E-001, 1.138927E-001, 1.779296E-001
1.554560E-001, 1.150629E+000, 2.730911E+000, 5.573927E+000, 2.363923E-001, 1.223149E-001, 9.038167E-002, 1.837073E-001
1.554640E-001, 8.914782E-001, 2.482484E+000, 5.612906E+000, 2.341410E-001, 1.390377E-001, 5.564675E-002, 1.894850E-001
1.554720E-001, 9.692234E-001, 2.407420E+000, 5.400148E+000, 2.375180E-001, 1.634051E-001, 2.138442E-002, 2.041061E-001
1.554800E-001, 1.240468E+000, 2.582570E+000, 5.172773E+000, 3.106871E-001, 1.776195E-001, 1.890336E-003, 2.154257E-001
1.554880E-001, 1.326851E+000, 2.584357E+000, 5.408268E+000, 4.705333E-001, 1.880115E-001, -1.205089E-002, 2.199064E-001
1.554960E-001, 1.290570E+000, 2.480697E+000, 5.752579E+000, 5.448281E-001, 2.103483E-001, -3.213571E-002, 2.298110E-001
1.555040E-001, 1.395958E+000, 2.534314E+000, 5.700607E+000, 4.975496E-001, 2.330434E-001, -5.222052E-002, 2.457291E-001
1.555120E-001, 1.556631E+000, 2.553974E+000, 5.474857E+000, 4.165008E-001, 2.422409E-001, -5.481973E-002, 2.526860E-001
1.555200E-001, 1.525533E+000, 2.561123E+000, 5.426134E+000, 3.106871E-001, 2.427187E-001, -4.513176E-002, 2.462008E-001
1.555280E-001, 1.385592E+000, 2.682656E+000, 5.458616E+000, 2.769168E-001, 2.412854E-001, -4.631322E-002, 2.406589E-001
1.555360E-001, 1.351039E+000, 2.757720E+000, 5.427758E+000, 2.701627E-001, 2.465411E-001, -4.690395E-002, 2.496203E-001
1.555440E-001, 1.356222E+000, 2.680869E+000, 5.521956E+000, 2.003707E-001, 2.612332E-001, -2.906391E-002, 2.655384E-001
1.555520E-001, 1.304392E+000, 2.537889E+000, 5.788309E+000, 2.262613E-001, 2.658917E-001, -5.907299E-003, 2.829894E-001
1.555600E-001, 1.300936E+000, 2.541463E+000, 5.853273E+000, 3.095614E-001, 2.563358E-001, 1.429566E-002, 3.037420E-001
1.555680E-001, 1.373498E+000, 2.766656E+000, 5.599913E+000, 3.174412E-001, 2.589637E-001, 3.166312E-002, 3.157690E-001
1.555760E-001, 1.389047E+000, 2.950743E+000, 5.330312E+000, 3.005560E-001, 2.746114E-001, 3.780671E-002, 3.143541E-001
1.555840E-001, 1.297481E+000, 2.766656E+000, 5.227993E+000, 2.679113E-001, 2.749697E-001, 4.028778E-002, 3.092839E-001
1.555920E-001, 1.150629E+000, 2.352015E+000, 5.307574E+000, 3.579656E-001, 2.627860E-001, 6.001816E-002, 3.065719E-001
1.556000E-001, 1.041785E+000, 2.268015E+000, 5.400148E+000, 6.033633E-001, 2.558580E-001, 8.388364E-002, 3.085764E-001
1.556080E-001, 1.027964E+000, 2.612953E+000, 5.366042E+000, 6.675270E-001, 2.477355E-001, 7.951224E-002, 3.097555E-001
1.556160E-001, 1.027964E+000, 2.816699E+000, 5.315695E+000, 5.279430E-001, 2.318489E-001, 4.950316E-002, 3.023270E-001
1.556240E-001, 1.034875E+000, 2.648698E+000, 5.239362E+000, 4.435171E-001, 2.126178E-001, 1.134201E-002, 2.892388E-001
1.556320E-001, 1.072884E+000, 2.491421E+000, 5.143539E+000, 4.052441E-001, 1.945811E-001, -1.913965E-002, 2.774476E-001
1.556400E-001, 1.162722E+000, 2.577208E+000, 5.187390E+000, 4.029927E-001, 1.759472E-001, -2.705543E-002, 2.704907E-001
1.556480E-001, 1.420146E+000, 2.727337E+000, 5.338432E+000, 4.784131E-001, 1.526548E-001, -3.000908E-002, 2.701370E-001
1.556560E-001, 1.465065E+000, 2.718401E+000, 5.432630E+000, 4.851672E-001, 1.366487E-001, -4.938502E-002, 2.695474E-001
1.556640E-001, 9.657680E-001, 2.691592E+000, 5.338432E+000, 4.187522E-001, 1.297207E-001, -6.982427E-002, 2.642414E-001
1.556720E-001, 6.150509E-001, 2.730911E+000, 5.239362E+000, 4.378887E-001, 1.061894E-001, -8.128443E-002, 2.624727E-001
1.556800E-001, 9.001165E-001, 2.711252E+000, 5.330312E+000, 5.279430E-001, 6.939940E-002, -9.120869E-002, 2.643593E-001
1.556880E-001, 1.233557E+000, 2.755933E+000, 5.330312E+000, 5.831012E-001, 5.207941E-002, -9.191757E-002, 2.668355E-001
1.556960E-001, 1.237012E+000, 2.736273E+000, 5.177646E+000, 5.740957E-001, 6.259085E-002, -7.171461E-002, 2.755609E-001
1.557040E-001, 1.280204E+000, 2.523591E+000, 5.130547E+000, 5.391997E-001, 8.779442E-002, -4.501362E-002, 2.827536E-001
1.557120E-001, 1.435694E+000, 2.578996E+000, 5.187390E+000, 4.761617E-001, 1.168203E-001, -2.658284E-002, 2.760326E-001
1.557200E-001, 1.345856E+000, 2.861380E+000, 5.325439E+000, 3.647196E-001, 1.507436E-001, -2.362920E-003, 2.653026E-001
1.557280E-001, 1.179999E+000, 2.791678E+000, 5.429382E+000, 3.377034E-001, 1.926699E-001, 3.272643E-002, 2.610577E-001
1.557360E-001, 1.300936E+000, 2.573634E+000, 5.353049E+000, 4.502712E-001, 2.353129E-001, 6.474400E-002, 2.519785E-001
1.557440E-001, 1.416690E+000, 2.689805E+000, 5.208504E+000, 4.829158E-001, 2.773587E-001, 8.601027E-002, 2.305185E-001
1.557520E-001, 1.297481E+000, 2.852444E+000, 5.094817E+000, 4.018670E-001, 3.149849E-001, 9.191757E-002, 2.124779E-001
1.557600E-001, 1.190365E+000, 2.748784E+000, 5.159781E+000, 4.119981E-001, 3.232268E-001, 9.038167E-002, 2.136570E-001
1.557680E-001, 1.079794E+000, 2.571847E+000, 5.314071E+000, 5.065550E-001, 2.955148E-001, 9.569824E-002, 2.267453E-001
1.557760E-001, 8.845675E-001, 2.478910E+000, 5.159781E+000, 5.594619E-001, 2.617110E-001, 9.841560E-002, 2.315797E-001
1.557840E-001, 7.394431E-001, 2.546825E+000, 4.839832E+000, 5.335713E-001, 2.423604E-001, 7.986668E-002, 2.253303E-001
1.557920E-001, 6.945237E-001, 2.804188E+000, 4.784613E+000, 5.043037E-001, 2.324462E-001, 5.210238E-002, 2.243870E-001
1.558000E-001, 8.465587E-001, 2.975764E+000, 4.966512E+000, 5.313200E-001, 2.302961E-001, 3.875188E-002, 2.313439E-001
1.558080E-001, 1.090160E+000, 2.809550E+000, 5.143539E+000, 4.604023E-001, 2.416437E-001, 3.757042E-002, 2.372395E-001
1.558160E-001, 1.173089E+000, 2.530740E+000, 5.242610E+000, 3.320750E-001, 2.491689E-001, 4.406845E-002, 2.434888E-001
1.558240E-001, 1.292298E+000, 2.566485E+000, 5.343305E+000, 3.906102E-001, 2.304156E-001, 6.474400E-002, 2.474978E-001
1.558320E-001, 1.480614E+000, 2.847082E+000, 5.380659E+000, 4.604023E-001, 2.022258E-001, 9.806116E-002, 2.399514E-001
1.558400E-001, 1.418418E+000, 2.993637E+000, 5.283213E+000, 3.759764E-001, 1.827557E-001, 1.384671E-001, 2.236796E-001
1.558480E-001, 1.307847E+000, 2.891764E+000, 5.244234E+000, 3.838561E-001, 1.659135E-001, 1.873795E-001, 2.121242E-001
1.558560E-001, 1.473703E+000, 2.652273E+000, 5.418013E+000, 4.896699E-001, 1.630468E-001, 2.436170E-001, 2.036345E-001
1.558640E-001, 1.482342E+000, 2.482484E+000, 5.517084E+000, 4.547739E-001, 1.818001E-001, 2.957194E-001, 1.904283E-001
1.558720E-001, 1.055607E+000, 2.530740E+000, 5.297830E+000, 3.635940E-001, 2.023452E-001, 3.377793E-001, 1.853581E-001
1.558800E-001, 8.275543E-001, 2.707677E+000, 5.159781E+000, 4.108724E-001, 2.239654E-001, 3.832655E-001, 1.920791E-001
1.558880E-001, 1.114348E+000, 2.813125E+000, 5.232865E+000, 5.301943E-001, 2.520357E-001, 4.295788E-001, 1.930224E-001
1.558960E-001, 1.414962E+000, 2.805976E+000, 5.174397E+000, 5.876039E-001, 2.718641E-001, 4.410389E-001, 1.886596E-001
1.559040E-001, 1.428784E+000, 2.775593E+000, 5.104561E+000, 5.842268E-001, 2.741336E-001, 4.052407E-001, 1.886596E-001
1.559120E-001, 1.319941E+000, 2.750571E+000, 5.122426E+000, 5.909809E-001, 2.460633E-001, 3.486488E-001, 1.933761E-001
1.559200E-001, 1.181727E+000, 2.782742E+000, 5.044469E+000, 6.033633E-001, 1.937450E-001, 2.911117E-001, 1.984463E-001
1.559280E-001, 1.002049E+000, 2.873891E+000, 5.008739E+000, 5.695930E-001, 1.532520E-001, 2.241229E-001, 1.993896E-001
1.559360E-001, 8.534694E-001, 2.854231E+000, 5.102937E+000, 5.324456E-001, 1.221955E-001, 1.316146E-001, 2.023374E-001
1.559440E-001, 8.932058E-001, 2.743422E+000, 5.120802E+000, 5.414510E-001, 9.746972E-002, 2.658284E-002, 2.141287E-001
1.559520E-001, 1.164450E+000, 2.696954E+000, 5.055838E+000, 5.133091E-001, 1.026060E-001, -6.356253E-002, 2.329946E-001
1.559600E-001, 1.361405E+000, 2.718401E+000, 5.016860E+000, 4.367630E-001, 1.124007E-001, -1.394123E-001, 2.609398E-001
1.559680E-001, 1.237012E+000, 2.822061E+000, 4.997370E+000, 4.356374E-001, 9.185566E-002, -2.125446E-001, 2.905358E-001
1.559760E-001, 1.005504E+000, 2.959679E+000, 5.024980E+000, 4.907956E-001, 4.837652E-002, -2.874492E-001, 3.051569E-001
1.559840E-001, 9.467636E-001, 2.870317E+000, 5.088320E+000, 5.256916E-001, 2.388964E-004, -3.572734E-001, 3.161228E-001
1.559920E-001, 1.060790E+000, 2.684443E+000, 5.060710E+000, 5.279430E-001, -3.595391E-002, -4.003967E-001, 3.411202E-001
1.560000E-001, 1.140263E+000, 2.786316E+000, 4.922661E+000, 5.358227E-001, -6.271030E-002, -4.096121E-001, 3.649384E-001
1.560080E-001, 1.067701E+000, 3.002573E+000, 4.890179E+000, 5.628389E-001, -9.078062E-002, -4.039411E-001, 3.751968E-001
1.560160E-001, 1.010687E+000, 3.065126E+000, 4.997370E+000, 4.941726E-001, -1.036810E-001, -3.866918E-001, 3.880492E-001
1.560240E-001, 1.076339E+000, 3.065126E+000, 4.912917E+000, 4.502712E-001, -7.991084E-002, -3.471129E-001, 4.033778E-001
1.560320E-001, 1.083250E+000, 2.872104E+000, 4.625450E+000, 5.594619E-001, -2.185902E-002, -2.893395E-001, 4.058540E-001
1.560400E-001, 9.761341E-001, 2.537889E+000, 4.609209E+000, 5.898552E-001, 5.016824E-002, -2.126628E-001, 4.060898E-001
1.560480E-001, 1.045241E+000, 2.545038E+000, 4.948647E+000, 4.919212E-001, 1.239872E-001, -1.196819E-001, 4.057361E-001
1.560560E-001, 1.205914E+000, 2.727337E+000, 5.159781E+000, 4.288833E-001, 2.079593E-001, -2.374734E-002, 3.942986E-001
1.560640E-001, 1.078067E+000, 2.659422E+000, 4.977881E+000, 4.637793E-001, 2.910953E-001, 8.234774E-002, 3.826253E-001
1.560720E-001, 9.519467E-001, 2.571847E+000, 4.638443E+000, 5.684673E-001, 3.478331E-001, 1.919872E-001, 3.710699E-001
1.560800E-001, 1.076339E+000, 2.607592E+000, 4.557238E+000, 5.729700E-001, 3.958513E-001, 2.813056E-001, 3.558592E-001
1.560880E-001, 1.048696E+000, 2.580783E+000, 4.794357E+000, 4.975496E-001, 4.609506E-001, 3.622355E-001, 3.460725E-001
1.560960E-001, 8.932058E-001, 2.566485E+000, 4.898300E+000, 5.369483E-001, 5.278416E-001, 4.524991E-001, 3.352245E-001
1.561040E-001, 9.951384E-001, 2.632613E+000, 4.782989E+000, 6.427621E-001, 5.818321E-001, 5.310662E-001, 3.175377E-001
1.561120E-001, 1.218008E+000, 2.609379E+000, 4.820343E+000, 6.742811E-001, 6.261474E-001, 5.754890E-001, 3.150616E-001
1.561200E-001, 1.249106E+000, 2.507506E+000, 5.008739E+000, 5.932323E-001, 6.660431E-001, 6.041985E-001, 3.379365E-001
1.561280E-001, 1.193821E+000, 2.489633E+000, 5.083448E+000, 5.369483E-001, 7.067750E-001, 6.488577E-001, 3.549159E-001
1.561360E-001, 1.259472E+000, 2.562910E+000, 5.041221E+000, 6.101174E-001, 7.404593E-001, 7.074581E-001, 3.506711E-001
1.561440E-001, 1.323396E+000, 2.686230E+000, 5.042845E+000, 5.853525E-001, 7.530014E-001, 7.433745E-001, 3.461904E-001
1.561520E-001, 1.181727E+000, 2.807763E+000, 5.013611E+000, 4.649050E-001, 7.470290E-001, 7.360494E-001, 3.444217E-001
1.561600E-001, 9.605850E-001, 2.872104E+000, 4.899924E+000, 5.200632E-001, 7.354425E-001, 7.093484E-001, 3.400590E-001
1.561680E-001, 9.398530E-001, 2.895338E+000, 4.917789E+000, 5.999863E-001, 7.199143E-001, 6.846559E-001, 3.343992E-001
1.561760E-001, 1.055607E+000, 2.829210E+000, 5.036349E+000, 5.346970E-001, 6.877827E-001, 6.457859E-001, 3.210751E-001
1.561840E-001, 1.057335E+000, 2.696954E+000, 4.984377E+000, 5.223145E-001, 6.346282E-001, 5.743076E-001, 3.131750E-001
1.561920E-001, 1.005504E+000, 2.659422E+000, 4.921037E+000, 5.155604E-001, 5.622426E-001, 4.727021E-001, 3.188348E-001
1.562000E-001, 9.709510E-001, 2.763082E+000, 5.088320E+000, 4.131238E-001, 4.708648E-001, 3.549105E-001, 3.187168E-001
1.562080E-001, 9.225762E-001, 2.891764E+000, 5.161405E+000, 4.694077E-001, 3.695727E-001, 2.267221E-001, 3.138824E-001
1.562160E-001, 9.605850E-001, 2.977551E+000, 4.932406E+000, 6.483905E-001, 2.584859E-001, 8.506510E-002, 3.147078E-001
1.562240E-001, 1.053879E+000, 3.018658E+000, 4.844704E+000, 6.506418E-001, 1.441740E-001, -5.824596E-002, 3.115242E-001
1.562320E-001, 1.071156E+000, 2.956105E+000, 5.065583E+000, 5.144348E-001, 5.841016E-002, -1.795819E-001, 3.063360E-001
1.562400E-001, 9.070272E-001, 2.818486E+000, 5.176022E+000, 4.097467E-001, 7.047443E-003, -2.685458E-001, 3.110525E-001
1.562480E-001, 6.634256E-001, 2.602230E+000, 5.096441E+000, 3.658453E-001, -1.672275E-002, -3.354164E-001, 3.185989E-001
1.562560E-001, 7.981839E-001, 2.334143E+000, 5.115930E+000, 3.692223E-001, 3.463998E-003, -3.861010E-001, 3.255557E-001
1.562640E-001, 1.116075E+000, 2.350228E+000, 5.205256E+000, 4.018670E-001, 5.315445E-002, -4.035867E-001, 3.401769E-001
1.562720E-001, 1.022781E+000, 2.605804E+000, 5.128922E+000, 4.221292E-001, 9.603634E-002, -3.843288E-001, 3.538547E-001
1.562800E-001, 9.052995E-001, 2.650486E+000, 4.935654E+000, 4.378887E-001, 1.364098E-001, -3.498302E-001, 3.624623E-001
1.562880E-001, 1.021053E+000, 2.511080E+000, 4.877186E+000, 4.581509E-001, 1.794112E-001, -3.143864E-001, 3.788521E-001
1.562960E-001, 9.813170E-001, 2.478910E+000, 4.984377E+000, 4.063697E-001, 1.988812E-001, -2.802423E-001, 3.952419E-001
1.563040E-001, 8.880228E-001, 2.546825E+000, 5.057462E+000, 4.097467E-001, 1.941033E-001, -2.502332E-001, 3.986613E-001
1.563120E-001, 8.828398E-001, 2.591506E+000, 5.007115E+000, 5.650903E-001, 1.961339E-001, -2.325113E-001, 4.007838E-001
1.563200E-001, 8.327374E-001, 2.650486E+000, 4.945399E+000, 5.211889E-001, 2.111844E-001, -2.328657E-001, 4.122213E-001
1.563280E-001, 8.655631E-001, 2.707677E+000, 4.938902E+000, 2.780424E-001, 2.213375E-001, -2.502332E-001, 4.268424E-001
1.563360E-001, 1.055607E+000, 2.593294E+000, 4.935654E+000, 3.073101E-001, 2.244432E-001, -2.844955E-001, 4.445292E-001
1.563440E-001, 1.159267E+000, 2.425292E+000, 4.956768E+000, 5.740957E-001, 2.361491E-001, -3.282095E-001, 4.745968E-001
1.563520E-001, 9.640403E-001, 2.466399E+000, 5.039597E+000, 7.249365E-001, 2.623082E-001, -3.712147E-001, 5.065511E-001
1.563600E-001, 7.342601E-001, 2.732699E+000, 5.055838E+000, 6.630242E-001, 2.943203E-001, -4.158738E-001, 5.288365E-001
1.563680E-001, 8.448310E-001, 2.995424E+000, 4.943775E+000, 4.885442E-001, 3.205990E-001, -4.662040E-001, 5.517114E-001
1.563760E-001, 1.055607E+000, 2.861380E+000, 4.799230E+000, 4.086211E-001, 3.317076E-001, -5.114539E-001, 5.715207E-001
1.563840E-001, 1.121258E+000, 2.450314E+000, 4.760251E+000, 5.189375E-001, 3.215545E-001, -5.392182E-001, 5.835478E-001
1.563920E-001, 1.112620E+000, 2.410995E+000, 4.977881E+000, 6.742811E-001, 2.964704E-001, -5.520961E-001, 6.052436E-001
1.564000E-001, 9.813170E-001, 2.736273E+000, 5.255603E+000, 6.855378E-001, 2.765226E-001, -5.545772E-001, 6.328351E-001
1.564080E-001, 8.068223E-001, 2.900700E+000, 5.237738E+000, 5.290686E-001, 2.695946E-001, -5.486699E-001, 6.456875E-001
1.564160E-001, 7.619029E-001, 2.873891E+000, 5.135419E+000, 4.210035E-001, 2.673250E-001, -5.315387E-001, 6.458054E-001
1.564240E-001, 7.809072E-001, 2.791678E+000, 5.200383E+000, 5.043037E-001, 2.717446E-001, -4.838078E-001, 6.496965E-001
1.564320E-001, 7.031620E-001, 2.648698E+000, 5.125674E+000, 5.954836E-001, 2.894230E-001, -3.951983E-001, 6.633744E-001
1.564400E-001, 5.960464E-001, 2.600443E+000, 4.966512E+000, 5.808498E-001, 3.135515E-001, -2.797697E-001, 6.785851E-001
1.564480E-001, 7.428985E-001, 2.741635E+000, 5.080200E+000, 5.898552E-001, 3.311104E-001, -1.591426E-001, 6.870747E-001
1.564560E-001, 9.865001E-001, 2.929296E+000, 5.227993E+000, 6.067404E-001, 3.349327E-001, -4.914872E-002, 6.855419E-001
1.564640E-001, 9.484913E-001, 3.007935E+000, 5.076952E+000, 5.211889E-001, 3.474748E-001, 5.718265E-002, 6.783492E-001
1.564720E-001, 9.001165E-001, 2.859593E+000, 4.872314E+000, 4.626536E-001, 3.876094E-001, 1.717843E-001, 6.796463E-001
1.564800E-001, 1.029692E+000, 2.586145E+000, 4.945399E+000, 5.617133E-001, 4.278634E-001, 2.869766E-001, 6.867210E-001
1.564880E-001, 9.985937E-001, 2.643337E+000, 5.101313E+000, 6.911662E-001, 4.625034E-001, 3.941350E-001, 6.817687E-001
1.564960E-001, 8.638355E-001, 2.938232E+000, 5.047718E+000, 6.742811E-001, 5.123133E-001, 4.865251E-001, 6.676192E-001
1.565040E-001, 9.363976E-001, 2.861380E+000, 4.951895E+000, 5.211889E-001, 5.583009E-001, 5.563494E-001, 6.575966E-001
1.565120E-001, 1.067701E+000, 2.543251E+000, 4.997370E+000, 4.187522E-001, 5.860128E-001, 6.156586E-001, 6.546488E-001
1.565200E-001, 9.916831E-001, 2.496782E+000, 5.127298E+000, 4.412657E-001, 6.185027E-001, 6.781579E-001, 6.528802E-001
1.565280E-001, 8.310097E-001, 2.691592E+000, 5.210128E+000, 4.739104E-001, 6.489620E-001, 7.282518E-001, 6.417964E-001
1.565360E-001, 7.809072E-001, 2.768444E+000, 5.081824E+000, 4.874185E-001, 6.517093E-001, 7.563705E-001, 6.218693E-001
1.565440E-001, 8.050946E-001, 2.536102E+000, 4.903172E+000, 4.941726E-001, 6.452591E-001, 7.822445E-001, 6.072481E-001
1.565520E-001, 8.085499E-001, 2.373462E+000, 4.998994E+000, 5.155604E-001, 6.429896E-001, 8.107177E-001, 5.978152E-001
1.565600E-001, 7.757242E-001, 2.682656E+000, 5.192263E+000, 6.832865E-001, 6.239973E-001, 8.241863E-001, 5.843732E-001
1.565680E-001, 8.845675E-001, 3.061552E+000, 5.148412E+000, 8.206192E-001, 5.941353E-001, 8.246589E-001, 5.705774E-001
1.565760E-001, 1.055607E+000, 3.025807E+000, 4.948647E+000, 6.303796E-001, 5.714402E-001, 8.234774E-001, 5.585504E-001
1.565840E-001, 1.008960E+000, 2.679081E+000, 4.859321E+000, 3.939873E-001, 5.446838E-001, 8.179246E-001, 5.434576E-001
1.565920E-001, 8.672908E-001, 2.446739E+000, 4.995746E+000, 4.131238E-001, 5.094466E-001, 8.023293E-001, 5.215259E-001
1.566000E-001, 8.759291E-001, 2.659422E+000, 5.307574E+000, 5.560849E-001, 4.695508E-001, 7.696029E-001, 4.948778E-001
1.566080E-001, 1.022781E+000, 2.916785E+000, 5.513835E+000, 6.405107E-001, 4.205771E-001, 7.139561E-001, 4.684654E-001
1.566160E-001, 1.015870E+000, 2.680869E+000, 5.361170E+000, 5.346970E-001, 3.608530E-001, 6.460222E-001, 4.475949E-001
1.566240E-001, 7.567198E-001, 2.436016E+000, 5.171149E+000, 3.771021E-001, 2.845256E-001, 5.686366E-001, 4.286111E-001
1.566320E-001, 6.565149E-001, 2.516442E+000, 5.255603E+000, 4.592766E-001, 2.064065E-001, 4.743561E-001, 3.932374E-001
1.566400E-001, 9.087549E-001, 2.436016E+000, 5.335184E+000, 6.630242E-001, 1.618523E-001, 3.746409E-001, 3.476053E-001
1.566480E-001, 1.141990E+000, 2.318058E+000, 5.310822E+000, 7.440731E-001, 1.469213E-001, 2.821326E-001, 3.193064E-001
1.566560E-001, 1.126441E+000, 2.382399E+000, 5.372539E+000, 6.911662E-001, 1.396349E-001, 1.948227E-001, 2.953702E-001
1.566640E-001, 1.100526E+000, 2.266227E+000, 5.379035E+000, 5.887296E-001, 1.347376E-001, 1.107028E-001, 2.571666E-001
1.566720E-001, 1.173089E+000, 2.130397E+000, 5.154908E+000, 4.952983E-001, 1.200454E-001, 3.107239E-002, 2.292214E-001
1.566800E-001, 1.160995E+000, 2.293036E+000, 4.960016E+000, 4.097467E-001, 9.233345E-002, -4.808541E-002, 2.184914E-001
1.566880E-001, 1.079794E+000, 2.530740E+000, 5.049342E+000, 3.984900E-001, 6.999664E-002, -1.238170E-001, 2.017479E-001
1.566960E-001, 9.934108E-001, 2.691592E+000, 5.232865E+000, 4.513968E-001, 6.354644E-002, -1.856073E-001, 1.835894E-001
1.567040E-001, 9.139379E-001, 2.777380E+000, 5.317319E+000, 4.480198E-001, 7.202726E-002, -2.333383E-001, 1.748639E-001
1.567120E-001, 8.828398E-001, 2.605804E+000, 5.374163E+000, 4.277576E-001, 8.958615E-002, -2.594486E-001, 1.563517E-001
1.567200E-001, 8.551971E-001, 2.416356E+000, 5.429382E+000, 4.018670E-001, 1.108479E-001, -2.637018E-001, 1.391365E-001
1.567280E-001, 9.260316E-001, 2.709465E+000, 5.387156E+000, 3.377034E-001, 1.484741E-001, -2.625203E-001, 1.498665E-001
1.567360E-001, 1.169633E+000, 3.090148E+000, 5.268596E+000, 3.332007E-001, 2.087954E-001, -2.534231E-001, 1.567054E-001
1.567440E-001, 1.259472E+000, 2.975764E+000, 5.229617E+000, 3.467088E-001, 2.612332E-001, -2.377097E-001, 1.438529E-001
1.567520E-001, 1.072884E+000, 2.673720E+000, 5.291333E+000, 2.994303E-001, 2.890646E-001, -2.230596E-001, 1.462112E-001
1.567600E-001, 9.260316E-001, 2.605804E+000, 5.361170E+000, 3.444574E-001, 3.282436E-001, -1.970675E-001, 1.544651E-001
1.567680E-001, 8.845675E-001, 2.630826E+000, 5.443999E+000, 5.133091E-001, 3.978819E-001, -1.618600E-001, 1.398439E-001
1.567760E-001, 7.878179E-001, 2.616528E+000, 5.421261E+000, 6.022376E-001, 4.604728E-001, -1.387034E-001, 1.195630E-001
1.567840E-001, 7.463538E-001, 2.559336E+000, 5.268596E+000, 5.887296E-001, 4.806595E-001, -1.333868E-001, 1.164973E-001
1.567920E-001, 9.018442E-001, 2.350228E+000, 5.325439E+000, 5.594619E-001, 4.793456E-001, -1.310239E-001, 1.269915E-001
1.568000E-001, 1.114348E+000, 2.228695E+000, 5.536573E+000, 4.975496E-001, 4.977406E-001, -1.120024E-001, 1.344200E-001
1.568080E-001, 1.116075E+000, 2.452101E+000, 5.526828E+000, 4.536482E-001, 5.271249E-001, -7.868522E-002, 1.315901E-001
1.568160E-001, 9.398530E-001, 2.693379E+000, 5.422885E+000, 4.930469E-001, 5.500589E-001, -5.564675E-002, 1.288781E-001
1.568240E-001, 9.260316E-001, 2.743422E+000, 5.427758E+000, 5.605876E-001, 5.885212E-001, -4.737654E-002, 1.393723E-001
1.568320E-001, 1.084977E+000, 2.732699E+000, 5.450495E+000, 5.403254E-001, 6.297309E-001, -2.528324E-002, 1.588278E-001
1.568400E-001, 1.154084E+000, 2.671932E+000, 5.466736E+000, 3.883589E-001, 6.489620E-001, 2.020296E-002, 1.692041E-001
1.568480E-001, 1.157539E+000, 2.593294E+000, 5.442375E+000, 3.332007E-001, 6.741656E-001, 6.509843E-002, 1.726235E-001
1.568560E-001, 1.136807E+000, 2.611166E+000, 5.341681E+000, 5.099321E-001, 7.084472E-001, 9.628897E-002, 1.865372E-001
1.568640E-001, 1.071156E+000, 2.745209E+000, 5.392027E+000, 5.977349E-001, 7.211087E-001, 1.206270E-001, 2.013941E-001
1.568720E-001, 1.046969E+000, 2.875678E+000, 5.520332E+000, 5.178118E-001, 7.114334E-001, 1.503998E-001, 2.045778E-001
1.568800E-001, 1.038330E+000, 2.798827E+000, 5.447247E+000, 5.133091E-001, 6.918439E-001, 1.918691E-001, 2.196705E-001
1.568880E-001, 1.116075E+000, 2.605804E+000, 5.374163E+000, 5.088064E-001, 6.758379E-001, 2.295576E-001, 2.526860E-001
1.568960E-001, 1.278476E+000, 2.552187E+000, 5.442375E+000, 4.412657E-001, 6.707016E-001, 2.472795E-001, 2.717878E-001
1.569040E-001, 1.202459E+000, 2.648698E+000, 5.484601E+000, 4.862928E-001, 6.674765E-001, 2.612208E-001, 2.795700E-001
1.569120E-001, 1.036602E+000, 2.748784E+000, 5.466736E+000, 6.337566E-001, 6.599513E-001, 2.881580E-001, 2.969031E-001
1.569200E-001, 1.103982E+000, 2.670145E+000, 5.478105E+000, 6.495162E-001, 6.495593E-001, 3.110783E-001, 2.997330E-001
1.569280E-001, 1.167905E+000, 2.446739E+000, 5.567431E+000, 4.727847E-001, 6.380922E-001, 3.167494E-001, 2.861730E-001
1.569360E-001, 1.135080E+000, 2.410995E+000, 5.569055E+000, 3.872332E-001, 6.292531E-001, 3.189941E-001, 2.951344E-001
1.569440E-001, 1.145446E+000, 2.621890E+000, 5.448871E+000, 4.739104E-001, 6.250724E-001, 3.257284E-001, 3.171840E-001
1.569520E-001, 1.131624E+000, 2.809550E+000, 5.431006E+000, 4.862928E-001, 6.146804E-001, 3.296273E-001, 3.254378E-001
1.569600E-001, 1.083250E+000, 2.763082E+000, 5.510587E+000, 3.996156E-001, 5.919852E-001, 3.258466E-001, 3.298006E-001
1.569680E-001, 1.067701E+000, 2.539676E+000, 5.560935E+000, 3.962386E-001, 5.738291E-001, 3.179308E-001, 3.377007E-001
1.569760E-001, 1.050424E+000, 2.459250E+000, 5.554438E+000, 4.761617E-001, 5.688123E-001, 3.114328E-001, 3.444217E-001
1.569840E-001, 1.059062E+000, 2.543251E+000, 5.591793E+000, 4.998010E-001, 5.588981E-001, 3.048166E-001, 3.524397E-001
1.569920E-001, 1.181727E+000, 2.600443E+000, 5.724969E+000, 4.851672E-001, 5.336945E-001, 2.932383E-001, 3.639951E-001
1.570000E-001, 1.287115E+000, 2.577208E+000, 5.820791E+000, 4.660307E-001, 5.092077E-001, 2.706724E-001, 3.687116E-001
1.570080E-001, 1.128169E+000, 2.410995E+000, 5.835408E+000, 4.131238E-001, 4.918877E-001, 2.399545E-001, 3.658817E-001
1.570160E-001, 8.793845E-001, 2.359164E+000, 5.768820E+000, 4.007413E-001, 4.653701E-001, 2.157345E-001, 3.768476E-001
1.570240E-001, 8.811122E-001, 2.596868E+000, 5.577176E+000, 4.007413E-001, 4.375387E-001, 2.073462E-001, 4.016092E-001
1.570320E-001, 1.055607E+000, 2.716614E+000, 5.382283E+000, 3.624683E-001, 4.239216E-001, 2.021478E-001, 4.260170E-001
1.570400E-001, 1.166178E+000, 2.684443E+000, 5.357922E+000, 3.489601E-001, 4.088712E-001, 1.732020E-001, 4.473591E-001
1.570480E-001, 1.112620E+000, 2.764869E+000, 5.533325E+000, 3.545885E-001, 3.935818E-001, 1.297243E-001, 4.562025E-001
1.570560E-001, 9.381253E-001, 2.688018E+000, 5.700607E+000, 3.838561E-001, 3.889233E-001, 1.049136E-001, 4.523114E-001
1.570640E-001, 7.947286E-001, 2.427080E+000, 5.711976E+000, 4.345117E-001, 3.748284E-001, 9.510751E-002, 4.545518E-001
1.570720E-001, 8.240990E-001, 2.432441E+000, 5.757451E+000, 4.435171E-001, 3.522527E-001, 8.199330E-002, 4.577354E-001
1.570800E-001, 9.847724E-001, 2.648698E+000, 5.880883E+000, 4.018670E-001, 3.582251E-001, 7.206904E-002, 4.459442E-001
1.570880E-001, 1.012415E+000, 2.668358E+000, 5.851649E+000, 4.007413E-001, 3.935818E-001, 7.573157E-002, 4.328559E-001
1.570960E-001, 9.294869E-001, 2.550400E+000, 5.710352E+000, 4.739104E-001, 4.143658E-001, 8.411993E-002, 4.284931E-001
1.571040E-001, 9.985937E-001, 2.562910E+000, 5.629147E+000, 4.536482E-001, 4.055266E-001, 8.754617E-002, 4.273140E-001
1.571120E-001, 1.088433E+000, 2.602230E+000, 5.611282E+000, 3.590913E-001, 3.911928E-001, 9.510751E-002, 4.312051E-001
1.571200E-001, 9.674957E-001, 2.484272E+000, 5.614530E+000, 3.377034E-001, 3.948957E-001, 1.128294E-001, 4.343888E-001
1.571280E-001, 8.310097E-001, 2.427080E+000, 5.557686E+000, 2.881735E-001, 4.199798E-001, 1.343320E-001, 4.268424E-001
1.571360E-001, 1.008960E+000, 2.570059E+000, 5.460240E+000, 2.420207E-001, 4.408833E-001, 1.585519E-001, 4.137541E-001
1.571440E-001, 1.352766E+000, 2.655847E+000, 5.536573E+000, 3.140641E-001, 4.442278E-001, 1.811178E-001, 4.031420E-001
1.571520E-001, 1.432239E+000, 2.630826E+000, 5.685990E+000, 3.500858E-001, 4.531865E-001, 2.006119E-001, 3.947702E-001
1.571600E-001, 1.262927E+000, 2.580783E+000, 5.616154E+000, 3.230695E-001, 4.613089E-001, 2.203422E-001, 3.922941E-001
1.571680E-001, 1.129897E+000, 2.507506E+000, 5.448871E+000, 3.545885E-001, 4.497224E-001, 2.334564E-001, 3.978360E-001
1.571760E-001, 1.091888E+000, 2.543251E+000, 5.413141E+000, 3.590913E-001, 4.450639E-001, 2.342835E-001, 4.036137E-001
1.571840E-001, 1.098799E+000, 2.648698E+000, 5.421261E+000, 3.275723E-001, 4.617867E-001, 2.299121E-001, 4.057361E-001
1.571920E-001, 1.114348E+000, 2.629039E+000, 5.495970E+000, 4.649050E-001, 4.757622E-001, 2.326294E-001, 4.059719E-001
1.572000E-001, 1.055607E+000, 2.537889E+000, 5.671374E+000, 6.247512E-001, 4.734926E-001, 2.396000E-001, 4.046749E-001
1.572080E-001, 9.968661E-001, 2.487846E+000, 5.630771E+000, 5.301943E-001, 4.651313E-001, 2.353468E-001, 3.996046E-001
1.572160E-001, 1.076339E+000, 2.525378E+000, 5.448871E+000, 4.131238E-001, 4.627423E-001, 2.214056E-001, 3.868701E-001
1.572240E-001, 1.031420E+000, 2.716614E+000, 5.508963E+000, 4.165008E-001, 4.602339E-001, 2.150257E-001, 3.670609E-001
1.572320E-001, 8.310097E-001, 2.913211E+000, 5.726593E+000, 3.489601E-001, 4.439889E-001, 2.171523E-001, 3.427709E-001
1.572400E-001, 8.120053E-001, 2.904274E+000, 5.851649E+000, 3.106871E-001, 4.125741E-001, 2.082914E-001, 3.223721E-001
1.572480E-001, 8.154606E-001, 2.802401E+000, 5.750955E+000, 4.615279E-001, 3.782924E-001, 1.896243E-001, 3.117600E-001
1.572560E-001, 7.498091E-001, 2.779167E+000, 5.538197E+000, 5.797241E-001, 3.614502E-001, 1.876158E-001, 3.003225E-001
1.572640E-001, 8.206437E-001, 2.813125E+000, 5.541445E+000, 4.671563E-001, 3.638392E-001, 2.032111E-001, 2.822819E-001
1.572720E-001, 9.191209E-001, 2.789891E+000, 5.677870E+000, 3.084357E-001, 3.687366E-001, 2.188063E-001, 2.649488E-001
1.572800E-001, 1.015870E+000, 2.696954E+000, 5.711976E+000, 2.949276E-001, 3.637197E-001, 2.323931E-001, 2.498561E-001
1.572880E-001, 1.135080E+000, 2.802401E+000, 5.757451E+000, 3.253209E-001, 3.496248E-001, 2.482247E-001, 2.346454E-001
1.572960E-001, 1.135080E+000, 3.049041E+000, 5.783437E+000, 3.275723E-001, 3.454442E-001, 2.659466E-001, 2.196705E-001
1.573040E-001, 1.036602E+000, 2.927509E+000, 5.640516E+000, 3.883589E-001, 3.475942E-001, 2.778793E-001, 2.077614E-001
1.573120E-001, 9.070272E-001, 2.609379E+000, 5.505715E+000, 4.919212E-001, 3.446080E-001, 2.933564E-001, 1.976209E-001
1.573200E-001, 8.500141E-001, 2.704103E+000, 5.513835E+000, 4.975496E-001, 3.446080E-001, 3.226567E-001, 1.879521E-001
1.573280E-001, 9.502190E-001, 3.090148E+000, 5.538197E+000, 4.637793E-001, 3.385162E-001, 3.414419E-001, 1.789908E-001
1.573360E-001, 1.055607E+000, 3.131254E+000, 5.630771E+000, 5.031780E-001, 3.336188E-001, 3.420326E-001, 1.568233E-001
1.573440E-001, 1.076339E+000, 2.682656E+000, 5.841905E+000, 5.369483E-001, 3.404273E-001, 3.416781E-001, 1.278169E-001
1.573520E-001, 1.033147E+000, 2.405633E+000, 5.892252E+000, 5.279430E-001, 3.425774E-001, 3.465222E-001, 1.228646E-001
1.573600E-001, 1.076339E+000, 2.636188E+000, 5.694111E+000, 4.727847E-001, 3.373217E-001, 3.589275E-001, 1.345379E-001
1.573680E-001, 1.250834E+000, 2.816699E+000, 5.573927E+000, 3.647196E-001, 3.324243E-001, 3.766494E-001, 1.317080E-001
1.573760E-001, 1.216280E+000, 2.727337E+000, 5.622651E+000, 3.084357E-001, 3.344549E-001, 3.870462E-001, 1.152003E-001
1.573840E-001, 1.121258E+000, 2.677294E+000, 5.586920E+000, 3.579656E-001, 3.293187E-001, 3.850377E-001, 1.055315E-001
1.573920E-001, 1.261200E+000, 2.704103E+000, 5.461864E+000, 5.144348E-001, 3.084152E-001, 3.871644E-001, 1.038807E-001
1.574000E-001, 1.304392E+000, 2.596868E+000, 5.429382E+000, 6.754068E-001, 3.069819E-001, 4.020508E-001, 1.008150E-001
1.574080E-001, 1.300936E+000, 2.444952E+000, 5.458616E+000, 6.202485E-001, 3.245407E-001, 4.176460E-001, 1.005792E-001
1.574160E-001, 1.471976E+000, 2.545038E+000, 5.442375E+000, 3.658453E-001, 3.222712E-001, 4.276884E-001, 1.024658E-001
1.574240E-001, 1.392503E+000, 2.818486E+000, 5.396900E+000, 2.026220E-001, 3.075791E-001, 4.350135E-001, 1.060031E-001
1.574320E-001, 1.043513E+000, 2.954317E+000, 5.443999E+000, 2.442721E-001, 3.228685E-001, 4.455285E-001, 1.156719E-001
1.574400E-001, 1.007232E+000, 2.943594E+000, 5.611282E+000, 3.174412E-001, 3.619280E-001, 4.567523E-001, 1.172048E-001
1.574480E-001, 1.252561E+000, 2.934658E+000, 5.724969E+000, 3.635940E-001, 3.596585E-001, 4.671492E-001, 1.082435E-001
1.574560E-001, 1.333762E+000, 2.916785E+000, 5.690863E+000, 4.198779E-001, 3.276464E-001, 4.825082E-001, 1.121346E-001
1.574640E-001, 1.283659E+000, 2.870317E+000, 5.672998E+000, 4.198779E-001, 3.314687E-001, 4.872340E-001, 1.282885E-001
1.574720E-001, 1.285387E+000, 2.918572E+000, 5.697359E+000, 3.782278E-001, 3.283631E-001, 4.725839E-001, 1.357170E-001
1.574800E-001, 1.261200E+000, 3.038318E+000, 5.635643E+000, 3.647196E-001, 2.950370E-001, 4.639592E-001, 1.384290E-001
1.574880E-001, 1.218008E+000, 3.091935E+000, 5.567431E+000, 3.951129E-001, 2.999344E-001, 4.647863E-001, 1.552904E-001
1.574960E-001, 1.224919E+000, 3.136616E+000, 5.504091E+000, 4.345117E-001, 3.270491E-001, 4.532080E-001, 1.819386E-001
1.575040E-001, 1.226646E+000, 3.181297E+000, 5.361170E+000, 4.401400E-001, 3.251380E-001, 4.403301E-001, 2.004508E-001
1.575120E-001, 1.209370E+000, 3.106233E+000, 5.278340E+000, 4.919212E-001, 3.162988E-001, 4.372582E-001, 2.166048E-001
1.575200E-001, 1.238740E+000, 2.902487E+000, 5.427758E+000, 5.864782E-001, 3.125959E-001, 4.233170E-001, 2.393619E-001
1.575280E-001, 1.297481E+000, 2.629039E+000, 5.611282E+000, 5.403254E-001, 3.128348E-001, 4.009874E-001, 2.598786E-001
1.575360E-001, 1.275021E+000, 2.455676E+000, 5.547942E+000, 3.725994E-001, 3.300354E-001, 3.901180E-001, 2.802774E-001
1.575440E-001, 1.209370E+000, 2.600443E+000, 5.492722E+000, 3.028074E-001, 3.375606E-001, 3.833837E-001, 3.066898E-001
1.575520E-001, 1.283659E+000, 2.925721E+000, 5.614530E+000, 3.455831E-001, 3.188072E-001, 3.725142E-001, 3.302722E-001
1.575600E-001, 1.420146E+000, 2.991849E+000, 5.604785E+000, 3.489601E-001, 3.072208E-001, 3.673158E-001, 3.443038E-001
1.575680E-001, 1.333762E+000, 2.730911E+000, 5.411517E+000, 3.635940E-001, 3.127154E-001, 3.689699E-001, 3.565667E-001
1.575760E-001, 1.159267E+000, 2.598655E+000, 5.250731E+000, 4.423914E-001, 3.198822E-001, 3.666070E-001, 3.744893E-001
1.575840E-001, 1.223191E+000, 2.813125E+000, 5.325439E+000, 4.322603E-001, 3.248991E-001, 3.557375E-001, 3.909971E-001
1.575920E-001, 1.394230E+000, 3.031169E+000, 5.643764E+000, 3.725994E-001, 3.194045E-001, 3.458133E-001, 4.023166E-001
1.576000E-001, 1.485797E+000, 2.920360E+000, 5.812671E+000, 4.029927E-001, 3.062652E-001, 3.493576E-001, 4.030241E-001
1.576080E-001, 1.459882E+000, 2.695167E+000, 5.651885E+000, 4.637793E-001, 2.951565E-001, 3.510117E-001, 3.915866E-001
1.576160E-001, 1.313030E+000, 2.818486E+000, 5.495970E+000, 4.919212E-001, 2.817783E-001, 3.343531E-001, 3.922941E-001
1.576240E-001, 1.257744E+000, 3.077637E+000, 5.416389E+000, 5.009267E-001, 2.748503E-001, 3.288002E-001, 4.110421E-001
1.576320E-001, 1.363132E+000, 3.000786E+000, 5.330312E+000, 4.705333E-001, 2.779559E-001, 3.455770E-001, 4.200035E-001
1.576400E-001, 1.437422E+000, 2.891764E+000, 5.434254E+000, 3.568399E-001, 2.678028E-001, 3.482943E-001, 4.137541E-001
1.576480E-001, 1.409779E+000, 2.966828E+000, 5.567431E+000, 2.656600E-001, 2.577692E-001, 3.339987E-001, 4.099809E-001
1.576560E-001, 1.397686E+000, 2.968615E+000, 5.443999E+000, 3.433318E-001, 2.754475E-001, 3.305724E-001, 4.115138E-001
1.576640E-001, 1.518623E+000, 2.913211E+000, 5.331936E+000, 4.649050E-001, 2.930064E-001, 3.407330E-001, 4.126929E-001
1.576720E-001, 1.587730E+000, 2.934658E+000, 5.413141E+000, 4.446428E-001, 2.912147E-001, 3.519568E-001, 4.150512E-001
1.576800E-001, 1.382137E+000, 2.986488E+000, 5.489474E+000, 3.523372E-001, 2.973065E-001, 3.589275E-001, 4.179990E-001
1.576880E-001, 1.192093E+000, 2.866742E+000, 5.534949E+000, 4.086211E-001, 3.137904E-001, 3.634170E-001, 4.119854E-001
1.576960E-001, 1.325124E+000, 2.725550E+000, 5.557686E+000, 5.707187E-001, 3.168961E-001, 3.710965E-001, 3.977180E-001
1.577040E-001, 1.516895E+000, 2.925721E+000, 5.465112E+000, 5.268173E-001, 3.131932E-001, 3.811389E-001, 3.855731E-001
1.577120E-001, 1.513440E+000, 3.161638E+000, 5.481353E+000, 3.163155E-001, 3.201211E-001, 3.888184E-001, 3.694191E-001
1.577200E-001, 1.389047E+000, 3.061552E+000, 5.625899E+000, 3.039330E-001, 3.289603E-001, 3.953164E-001, 3.473695E-001
1.577280E-001, 1.269838E+000, 2.897125E+000, 5.533325E+000, 5.459538E-001, 3.276464E-001, 3.987427E-001, 3.332200E-001
1.577360E-001, 1.192093E+000, 2.898913E+000, 5.393651E+000, 6.652756E-001, 3.174933E-001, 3.904724E-001, 3.329842E-001
1.577440E-001, 1.069428E+000, 2.932870E+000, 5.432630E+000, 4.975496E-001, 3.067430E-001, 3.740501E-001, 3.394694E-001
1.577520E-001, 1.072884E+000, 2.852444E+000, 5.367666E+000, 4.018670E-001, 3.051901E-001, 3.693243E-001, 3.434784E-001
1.577600E-001, 1.383864E+000, 2.780954E+000, 5.271844E+000, 5.211889E-001, 3.086541E-001, 3.798393E-001, 3.427709E-001
1.577680E-001, 1.553176E+000, 2.879253E+000, 5.278340E+000, 5.031780E-001, 3.074597E-001, 3.878732E-001, 3.372291E-001
1.577760E-001, 1.376954E+000, 2.938232E+000, 5.281589E+000, 3.253209E-001, 3.078180E-001, 3.914176E-001, 3.318051E-001
1.577840E-001, 1.262927E+000, 2.754146E+000, 5.408268E+000, 3.151898E-001, 3.140293E-001, 3.956709E-001, 3.347529E-001
1.577920E-001, 1.264655E+000, 2.620102E+000, 5.539821E+000, 4.435171E-001, 3.172544E-001, 4.051225E-001, 3.430068E-001
1.578000E-001, 1.297481E+000, 2.788103E+000, 5.359546E+000, 4.547739E-001, 3.203600E-001, 4.239078E-001, 3.458367E-001
1.578080E-001, 1.382137E+000, 2.988275E+000, 5.099689E+000, 3.771021E-001, 3.379189E-001, 4.354860E-001, 3.374649E-001
1.578160E-001, 1.375226E+000, 3.020445E+000, 5.109433E+000, 4.119981E-001, 3.602557E-001, 4.339502E-001, 3.277961E-001
1.578240E-001, 1.249106E+000, 2.963253E+000, 5.320567E+000, 5.268173E-001, 3.618086E-001, 4.411571E-001, 3.248483E-001
1.578320E-001, 1.095343E+000, 2.872104E+000, 5.504091E+000, 5.211889E-001, 3.509388E-001, 4.591153E-001, 3.215467E-001
1.578400E-001, 1.147173E+000, 2.931083E+000, 5.499218E+000, 4.041184E-001, 3.472359E-001, 4.703391E-001, 3.189526E-001
1.578480E-001, 1.428784E+000, 3.186659E+000, 5.357922E+000, 3.692223E-001, 3.330216E-001, 4.698665E-001, 3.226079E-001
1.578560E-001, 1.465065E+000, 3.229553E+000, 5.193887E+000, 4.964240E-001, 3.093708E-001, 4.640774E-001, 3.268528E-001
1.578640E-001, 1.380409E+000, 3.054403E+000, 5.133795E+000, 5.572106E-001, 3.123570E-001, 4.626596E-001, 3.366395E-001
1.578720E-001, 1.561814E+000, 3.100871E+000, 5.265347E+000, 4.255062E-001, 3.202406E-001, 4.647863E-001, 3.605757E-001
1.578800E-001, 1.572181E+000, 3.199170E+000, 5.351425E+000, 3.489601E-001, 2.899007E-001, 4.610056E-001, 3.744893E-001
1.578880E-001, 1.340673E+000, 2.981126E+000, 5.253979E+000, 4.052441E-001, 2.650555E-001, 4.528535E-001, 3.711878E-001
1.578960E-001, 1.418418E+000, 2.807763E+000, 5.182518E+000, 4.795388E-001, 2.764031E-001, 4.444652E-001, 3.779088E-001
1.579040E-001, 1.579091E+000, 2.957892E+000, 5.219872E+000, 5.673416E-001, 2.743725E-001, 4.301695E-001, 3.866343E-001
1.579120E-001, 1.482342E+000, 3.097297E+000, 5.422885E+000, 5.549592E-001, 2.654139E-001, 4.137472E-001, 3.796775E-001
1.579200E-001, 1.475431E+000, 3.027594E+000, 5.643764E+000, 4.277576E-001, 2.813005E-001, 4.051225E-001, 3.775550E-001
1.579280E-001, 1.558359E+000, 2.856019E+000, 5.502467E+000, 3.861075E-001, 2.682806E-001, 4.053589E-001, 3.767297E-001
1.579360E-001, 1.432239E+000, 2.784529E+000, 5.257227E+000, 3.928616E-001, 2.221736E-001, 4.072492E-001, 3.539726E-001
1.579440E-001, 1.314758E+000, 2.877466E+000, 5.278340E+000, 3.703480E-001, 2.110649E-001, 3.928353E-001, 3.413560E-001
1.579520E-001, 1.345856E+000, 2.941807E+000, 5.372539E+000, 4.086211E-001, 2.208597E-001, 3.690880E-001, 3.617548E-001
1.579600E-001, 1.252561E+000, 2.856019E+000, 5.362794E+000, 4.649050E-001, 2.238459E-001, 3.714509E-001, 3.726027E-001
1.579680E-001, 1.129897E+000, 2.754146E+000, 5.166277E+000, 4.277576E-001, 2.320878E-001, 3.909450E-001, 3.604578E-001
1.579760E-001, 1.240468E+000, 2.791678E+000, 4.956768E+000, 3.816048E-001, 2.225320E-001, 3.982701E-001, 3.562129E-001
1.579840E-001, 1.321668E+000, 3.025807E+000, 5.140291E+000, 4.536482E-001, 1.976868E-001, 4.084306E-001, 3.544442E-001
1.579920E-001, 1.256017E+000, 3.335001E+000, 5.463488E+000, 5.853525E-001, 1.876531E-001, 4.312328E-001, 3.382903E-001
1.580000E-001, 1.285387E+000, 3.326064E+000, 5.479729E+000, 6.168715E-001, 1.888476E-001, 4.391486E-001, 3.307439E-001
1.580080E-001, 1.328579E+000, 2.991849E+000, 5.354673E+000, 5.594619E-001, 1.901615E-001, 4.334776E-001, 3.373470E-001
1.580160E-001, 1.268110E+000, 2.861380E+000, 5.348177E+000, 5.346970E-001, 1.703331E-001, 4.422204E-001, 3.378186E-001
1.580240E-001, 1.256017E+000, 3.040105E+000, 5.469985E+000, 5.391997E-001, 1.395155E-001, 4.533261E-001, 3.385261E-001
1.580320E-001, 1.366588E+000, 3.104446E+000, 5.569055E+000, 4.795388E-001, 1.413072E-001, 4.456466E-001, 3.397052E-001
1.580400E-001, 1.471976E+000, 2.909636E+000, 5.460240E+000, 3.849818E-001, 1.582689E-001, 4.372582E-001, 3.298006E-001
1.580480E-001, 1.553176E+000, 2.779167E+000, 5.299454E+000, 3.647196E-001, 1.668691E-001, 4.424567E-001, 3.214288E-001
1.580560E-001, 1.649926E+000, 2.827423E+000, 5.343305E+000, 4.131238E-001, 1.749916E-001, 4.497817E-001, 3.162407E-001
1.580640E-001, 1.554904E+000, 2.807763E+000, 5.447247E+000, 4.862928E-001, 1.582689E-001, 4.532080E-001, 2.998509E-001
1.580720E-001, 1.290570E+000, 2.755933E+000, 5.458616E+000, 5.977349E-001, 1.365293E-001, 4.547439E-001, 2.855835E-001
1.580800E-001, 1.340673E+000, 2.780954E+000, 5.382283E+000, 6.855378E-001, 1.468018E-001, 4.527354E-001, 2.879417E-001
1.580880E-001, 1.613645E+000, 2.822061E+000, 5.218248E+000, 6.303796E-001, 1.349765E-001, 4.549801E-001, 2.877059E-001
1.580960E-001, 1.577363E+000, 2.948956E+000, 5.145164E+000, 4.784131E-001, 9.424462E-002, 4.651407E-001, 2.786267E-001
1.581040E-001, 1.368315E+000, 3.104446E+000, 5.242610E+000, 4.817901E-001, 9.209456E-002, 4.662040E-001, 2.880597E-001
1.581120E-001, 1.364860E+000, 3.075850E+000, 5.370914E+000, 5.617133E-001, 9.997813E-002, 4.549801E-001, 3.071614E-001
1.581200E-001, 1.544538E+000, 3.015084E+000, 5.515460E+000, 4.502712E-001, 7.752188E-002, 4.478914E-001, 3.051569E-001
1.581280E-001, 1.618828E+000, 3.061552E+000, 5.567431E+000, 3.635940E-001, 7.489402E-002, 4.473006E-001, 3.052748E-001
1.581360E-001, 1.425328E+000, 2.975764E+000, 5.440751E+000, 4.784131E-001, 9.735028E-002, 4.439926E-001, 3.257916E-001
1.581440E-001, 1.344128E+000, 2.863168E+000, 5.328688E+000, 5.211889E-001, 9.412517E-002, 4.432837E-001, 3.256737E-001
1.581520E-001, 1.675841E+000, 2.927509E+000, 5.278340E+000, 3.939873E-001, 7.083277E-002, 4.494273E-001, 3.101092E-001
1.581600E-001, 1.914259E+000, 2.929296E+000, 5.247482E+000, 2.926762E-001, 6.497981E-002, 4.450559E-001, 3.267349E-001
1.581680E-001, 1.689662E+000, 2.864955E+000, 5.210128E+000, 3.478345E-001, 6.701043E-002, 4.289880E-001, 3.489024E-001
1.581760E-001, 1.458154E+000, 2.857806E+000, 5.231241E+000, 4.198779E-001, 5.124328E-002, 4.222537E-001, 3.438321E-001
1.581840E-001, 1.556631E+000, 2.830997E+000, 5.422885E+000, 4.007413E-001, 3.583446E-002, 4.203634E-001, 3.514965E-001
1.581920E-001, 1.696573E+000, 2.856019E+000, 5.482977E+000, 4.232549E-001, 2.795088E-002, 4.097302E-001, 3.787342E-001
1.582000E-001, 1.599823E+000, 2.909636E+000, 5.250731E+000, 4.604023E-001, 6.927995E-003, 4.022870E-001, 3.878134E-001
1.582080E-001, 1.433967E+000, 2.932870E+000, 5.085072E+000, 4.277576E-001, -2.986205E-003, 4.008693E-001, 3.966568E-001
1.582160E-001, 1.437422E+000, 3.149127E+000, 5.122426E+000, 4.874185E-001, 1.242261E-002, 3.951983E-001, 4.279036E-001
1.582240E-001, 1.527261E+000, 3.313554E+000, 5.208504E+000, 6.022376E-001, 5.733513E-003, 3.944894E-001, 4.454725E-001
1.582320E-001, 1.580819E+000, 3.074063E+000, 5.299454E+000, 5.358227E-001, -1.301985E-002, 4.046500E-001, 4.413456E-001
1.582400E-001, 1.561814E+000, 2.788103E+000, 5.323815E+000, 4.176265E-001, -3.822342E-003, 4.155194E-001, 4.564384E-001
1.582480E-001, 1.392503E+000, 2.652273E+000, 5.179270E+000, 4.525225E-001, -9.197511E-003, 4.294606E-001, 4.850910E-001
1.582560E-001, 1.238740E+000, 2.630826E+000, 5.076952E+000, 5.200632E-001, -2.902591E-002, 4.464736E-001, 4.934628E-001
1.582640E-001, 1.399413E+000, 2.838146E+000, 5.271844E+000, 5.482051E-001, -7.764132E-003, 4.509632E-001, 4.958211E-001
1.582720E-001, 1.615372E+000, 3.007935E+000, 5.494346E+000, 5.887296E-001, 1.349765E-002, 4.451740E-001, 5.091451E-001
1.582800E-001, 1.561814E+000, 3.011509E+000, 5.456992E+000, 6.134945E-001, 4.777928E-004, 4.478914E-001, 5.221155E-001
1.582880E-001, 1.451244E+000, 3.074063E+000, 5.400148E+000, 5.560849E-001, -7.166891E-003, 4.591153E-001, 5.341426E-001
1.582960E-001, 1.433967E+000, 3.047254E+000, 5.439126E+000, 4.333860E-001, -7.286340E-003, 4.731746E-001, 5.440472E-001
1.583040E-001, 1.485797E+000, 2.936445E+000, 5.406644E+000, 4.074954E-001, -7.166892E-004, 4.953861E-001, 5.475845E-001
1.583120E-001, 1.649926E+000, 3.020445E+000, 5.390403E+000, 5.020523E-001, 2.400909E-002, 5.092092E-001, 5.553668E-001
1.583200E-001, 1.793322E+000, 3.093722E+000, 5.489474E+000, 5.335713E-001, 3.248991E-002, 5.042470E-001, 5.664505E-001
1.583280E-001, 1.788139E+000, 2.988275E+000, 5.577176E+000, 5.279430E-001, 1.564771E-002, 5.093273E-001, 5.686908E-001
1.583360E-001, 1.731126E+000, 2.877466E+000, 5.534949E+000, 5.482051E-001, 7.047443E-003, 5.282307E-001, 5.684550E-001
1.583440E-001, 1.725943E+000, 2.800614E+000, 5.396900E+000, 4.874185E-001, 4.897376E-003, 5.435897E-001, 5.820149E-001
1.583520E-001, 1.734582E+000, 2.814912E+000, 5.325439E+000, 3.500858E-001, 2.150067E-003, 5.611933E-001, 5.965181E-001
1.583600E-001, 1.738037E+000, 2.897125E+000, 5.343305E+000, 2.904249E-001, 1.361709E-002, 5.744257E-001, 5.880284E-001
1.583680E-001, 1.815782E+000, 2.868529E+000, 5.356297E+000, 4.131238E-001, 2.018674E-002, 5.754890E-001, 5.692804E-001
1.583760E-001, 1.900438E+000, 2.931083E+000, 5.448871E+000, 5.245659E-001, 9.078062E-003, 5.822234E-001, 5.607907E-001
1.583840E-001, 1.909076E+000, 3.270660E+000, 5.634019E+000, 4.266319E-001, 9.555856E-003, 5.922658E-001, 5.660968E-001
1.583920E-001, 1.917715E+000, 3.335001E+000, 5.687614E+000, 3.692223E-001, 2.341185E-002, 5.869492E-001, 5.803641E-001
1.584000E-001, 1.962634E+000, 2.841721E+000, 5.562559E+000, 4.795388E-001, 2.938426E-002, 5.838774E-001, 5.856702E-001
1.584080E-001, 2.035196E+000, 2.486059E+000, 5.429382E+000, 4.964240E-001, 2.663695E-002, 6.069159E-001, 5.781238E-001
1.584160E-001, 2.085299E+000, 2.561123E+000, 5.398524E+000, 3.872332E-001, 2.102288E-002, 6.304269E-001, 5.749401E-001
1.584240E-001, 2.054201E+000, 2.627251E+000, 5.486226E+000, 3.816048E-001, 9.555856E-003, 6.284184E-001, 5.775343E-001
1.584320E-001, 1.976455E+000, 2.662996E+000, 5.586920E+000, 4.998010E-001, -2.986205E-003, 6.214478E-001, 5.744686E-001
1.584400E-001, 1.881434E+000, 2.861380E+000, 5.573927E+000, 5.031780E-001, 2.508412E-003, 6.210934E-001, 5.652714E-001
1.584480E-001, 1.701756E+000, 2.940019E+000, 5.515460E+000, 3.602169E-001, 2.126178E-002, 6.225111E-001, 5.590220E-001
1.584560E-001, 1.539355E+000, 2.804188E+000, 5.588544E+000, 2.881735E-001, 3.105653E-002, 6.353890E-001, 5.607907E-001
1.584640E-001, 1.603279E+000, 2.793465E+000, 5.757451E+000, 3.196925E-001, 2.448688E-002, 6.498029E-001, 5.618519E-001
1.584720E-001, 1.819237E+000, 2.804188E+000, 5.858146E+000, 3.444574E-001, 1.433378E-003, 6.451952E-001, 5.524189E-001
1.584800E-001, 1.995460E+000, 2.645124E+000, 5.767196E+000, 2.892992E-001, -1.935061E-002, 6.340895E-001, 5.392128E-001
1.584880E-001, 2.112942E+000, 2.611166E+000, 5.549566E+000, 1.812341E-001, -1.385599E-002, 6.310176E-001, 5.315484E-001
1.584960E-001, 2.112942E+000, 2.688018E+000, 5.520332E+000, 1.789828E-001, 7.166892E-004, 6.285366E-001, 5.255349E-001
1.585040E-001, 1.796778E+000, 2.518229E+000, 5.700607E+000, 3.073101E-001, 2.508412E-003, 6.265281E-001, 5.177527E-001
1.585120E-001, 1.523806E+000, 2.343079E+000, 5.749331E+000, 4.108724E-001, 2.388964E-003, 6.293636E-001, 5.079660E-001
1.585200E-001, 1.850335E+000, 2.564698E+000, 5.694111E+000, 4.930469E-001, -2.388964E-003, 6.242833E-001, 4.921658E-001
1.585280E-001, 2.197597E+000, 2.881040E+000, 5.760699E+000, 5.279430E-001, -2.400909E-002, 6.098695E-001, 4.761297E-001
1.585360E-001, 1.955723E+000, 2.834572E+000, 5.780189E+000, 4.356374E-001, -3.941790E-002, 6.024264E-001, 4.685833E-001
1.585440E-001, 1.687934E+000, 2.580783E+000, 5.596665E+000, 3.872332E-001, -3.344549E-002, 6.014811E-001, 4.658713E-001
1.585520E-001, 1.750131E+000, 2.611166E+000, 5.422885E+000, 3.861075E-001, -2.627860E-002, 5.998271E-001, 4.597399E-001
1.585600E-001, 1.805416E+000, 2.956105E+000, 5.437502E+000, 3.028074E-001, -2.675639E-002, 5.939198E-001, 4.483024E-001
1.585680E-001, 1.696573E+000, 3.184872E+000, 5.647012E+000, 3.568399E-001, -3.786508E-002, 5.849407E-001, 4.441755E-001
1.585760E-001, 1.579091E+000, 3.204532E+000, 5.876011E+000, 5.403254E-001, -5.745458E-002, 5.867129E-001, 4.499532E-001
1.585840E-001, 1.568725E+000, 3.077637E+000, 5.788309E+000, 5.166861E-001, -5.769348E-002, 6.001815E-001, 4.499532E-001
1.585920E-001, 1.611917E+000, 2.748784E+000, 5.557686E+000, 3.928616E-001, -4.718203E-002, 6.001815E-001, 4.440576E-001
1.586000E-001, 1.712122E+000, 2.512867E+000, 5.627523E+000, 4.221292E-001, -5.124328E-002, 5.829322E-001, 4.411097E-001
1.586080E-001, 1.824420E+000, 2.593294E+000, 5.788309E+000, 5.358227E-001, -4.694314E-002, 5.792697E-001, 4.406381E-001
1.586160E-001, 1.786412E+000, 2.746997E+000, 5.733089E+000, 5.876039E-001, -3.595391E-002, 5.928565E-001, 4.400485E-001
1.586240E-001, 1.703483E+000, 2.755933E+000, 5.650260E+000, 5.290686E-001, -4.634590E-002, 5.949831E-001, 4.411097E-001
1.586320E-001, 1.644743E+000, 2.654060E+000, 5.708728E+000, 4.874185E-001, -5.984354E-002, 5.883669E-001, 4.465337E-001
1.586400E-001, 1.539355E+000, 2.682656E+000, 5.754203E+000, 4.930469E-001, -5.518506E-002, 5.942742E-001, 4.434680E-001
1.586480E-001, 1.537627E+000, 2.813125E+000, 5.668126E+000, 3.444574E-001, -4.634590E-002, 6.025445E-001, 4.242483E-001
1.586560E-001, 1.755314E+000, 2.807763E+000, 5.645388E+000, 1.767314E-001, -4.527086E-002, 5.938017E-001, 4.104526E-001
1.586640E-001, 2.005826E+000, 2.875678E+000, 5.796430E+000, 2.544032E-001, -5.184051E-002, 5.810419E-001, 4.103346E-001
1.586720E-001, 1.995460E+000, 3.054403E+000, 5.944223E+000, 3.939873E-001, -5.960465E-002, 5.810419E-001, 4.104526E-001
1.586800E-001, 1.833059E+000, 2.973977E+000, 5.944223E+000, 4.221292E-001, -5.817127E-002, 5.854133E-001, 4.136362E-001
1.586880E-001, 1.727671E+000, 2.843508E+000, 5.866266E+000, 4.142494E-001, -5.219886E-002, 5.894303E-001, 4.207110E-001
1.586960E-001, 1.542810E+000, 2.986488E+000, 5.871139E+000, 4.333860E-001, -4.861541E-002, 5.900210E-001, 4.194139E-001
1.587040E-001, 1.440878E+000, 3.090148E+000, 5.908493E+000, 5.054294E-001, -4.335969E-002, 5.772612E-001, 4.135183E-001
1.587120E-001, 1.558359E+000, 2.934658E+000, 5.809422E+000, 5.538335E-001, -4.061238E-002, 5.669825E-001, 4.138720E-001
1.587200E-001, 1.634377E+000, 2.775593E+000, 5.763947E+000, 5.065550E-001, -4.897376E-002, 5.700544E-001, 4.171736E-001
1.587280E-001, 1.814054E+000, 2.720188E+000, 5.991322E+000, 4.536482E-001, -6.294920E-002, 5.735987E-001, 4.165840E-001
1.587360E-001, 2.014464E+000, 2.689805E+000, 6.233314E+000, 4.682820E-001, -6.820492E-002, 5.802149E-001, 4.084481E-001
1.587440E-001, 1.881434E+000, 2.822061E+000, 6.195960E+000, 5.234402E-001, -6.330754E-002, 5.895484E-001, 4.024345E-001
1.587520E-001, 1.829603E+000, 3.040105E+000, 5.976705E+000, 5.617133E-001, -6.366589E-002, 5.896665E-001, 4.059719E-001
1.587600E-001, 1.915987E+000, 2.966828E+000, 5.853273E+000, 5.245659E-001, -6.724934E-002, 5.870674E-001, 3.999584E-001
1.587680E-001, 1.741492E+000, 2.629039E+000, 5.861394E+000, 4.649050E-001, -6.390478E-002, 5.876580E-001, 3.834507E-001
1.587760E-001, 1.713850E+000, 2.491421E+000, 5.789933E+000, 5.099321E-001, -6.665209E-002, 5.851770E-001, 3.796775E-001
1.587840E-001, 1.905621E+000, 2.671932E+000, 5.707104E+000, 5.605876E-001, -7.393843E-002, 5.815145E-001, 3.868701E-001
1.587920E-001, 1.907349E+000, 2.788103E+000, 5.789933E+000, 4.547739E-001, -6.808547E-002, 5.854133E-001, 3.919404E-001
1.588000E-001, 1.960906E+000, 2.798827E+000, 5.918238E+000, 3.478345E-001, -6.020189E-002, 5.968735E-001, 3.924120E-001
1.588080E-001, 2.097392E+000, 2.909636E+000, 6.044918E+000, 4.074954E-001, -6.462147E-002, 6.032534E-001, 3.884030E-001
1.588160E-001, 1.973000E+000, 2.979339E+000, 6.186215E+000, 4.761617E-001, -6.736878E-002, 5.982912E-001, 3.863985E-001
1.588240E-001, 1.801961E+000, 2.879253E+000, 6.184591E+000, 4.255062E-001, -5.936575E-002, 5.939198E-001, 3.940628E-001
1.588320E-001, 1.826148E+000, 2.677294E+000, 6.002691E+000, 4.345117E-001, -5.100438E-002, 5.961646E-001, 4.007838E-001
1.588400E-001, 1.850335E+000, 2.559336E+000, 5.863018E+000, 5.785984E-001, -5.255720E-002, 5.943924E-001, 3.938269E-001
1.588480E-001, 1.812327E+000, 2.779167E+000, 5.900373E+000, 6.382594E-001, -6.235196E-002, 5.904936E-001, 3.885209E-001
1.588560E-001, 1.852063E+000, 3.152701E+000, 5.988074E+000, 5.482051E-001, -6.521871E-002, 5.920295E-001, 3.988972E-001
1.588640E-001, 1.888344E+000, 3.149127E+000, 6.017308E+000, 4.806645E-001, -5.936575E-002, 5.896665E-001, 4.071510E-001
1.588720E-001, 1.846880E+000, 2.911423E+000, 6.004315E+000, 4.829158E-001, -6.020189E-002, 5.766705E-001, 4.055003E-001
1.588800E-001, 1.896983E+000, 2.995424E+000, 5.996194E+000, 5.200632E-001, -6.557706E-002, 5.700544E-001, 4.082122E-001
1.588880E-001, 1.981638E+000, 3.170574E+000, 6.111506E+000, 5.695930E-001, -6.115747E-002, 5.812782E-001, 4.136362E-001
1.588960E-001, 2.002371E+000, 2.947168E+000, 6.265796E+000, 5.583363E-001, -5.279610E-002, 5.874218E-001, 4.181169E-001
1.589040E-001, 2.195870E+000, 2.705890E+000, 6.147236E+000, 5.155604E-001, -6.103802E-002, 5.767887E-001, 4.257812E-001
1.589120E-001, 2.387641E+000, 2.782742E+000, 5.884131E+000, 4.795388E-001, -7.740243E-002, 5.748983E-001, 4.292006E-001
1.589200E-001, 2.176865E+000, 2.752358E+000, 5.837032E+000, 4.097467E-001, -7.154947E-002, 5.884851E-001, 4.299081E-001
1.589280E-001, 1.993732E+000, 2.688018E+000, 5.903621E+000, 4.333860E-001, -5.303500E-002, 5.997090E-001, 4.407560E-001
1.589360E-001, 2.118124E+000, 2.866742E+000, 5.911741E+000, 5.876039E-001, -5.255720E-002, 6.064433E-001, 4.527831E-001
1.589440E-001, 2.090482E+000, 2.979339E+000, 6.010811E+000, 6.326309E-001, -6.677154E-002, 6.099877E-001, 4.478308E-001
1.589520E-001, 2.000643E+000, 3.020445E+000, 6.189463E+000, 5.358227E-001, -8.050808E-002, 6.067977E-001, 4.359216E-001
1.589600E-001, 2.133673E+000, 3.181297E+000, 6.296654E+000, 4.919212E-001, -8.229981E-002, 6.005360E-001, 4.411097E-001
1.589680E-001, 2.080116E+000, 3.243851E+000, 6.308022E+000, 4.525225E-001, -6.557706E-002, 5.986456E-001, 4.599757E-001
1.589760E-001, 1.836514E+000, 2.995424E+000, 6.100137E+000, 3.388290E-001, -4.969045E-002, 6.129413E-001, 4.735356E-001
1.589840E-001, 1.862429E+000, 2.766656E+000, 5.846777E+000, 3.692223E-001, -4.670424E-002, 6.420052E-001, 4.761297E-001
1.589920E-001, 2.017920E+000, 2.873891E+000, 5.942599E+000, 5.335713E-001, -3.810397E-002, 6.550013E-001, 4.784879E-001
1.590000E-001, 2.047290E+000, 2.893551E+000, 6.236562E+000, 5.774727E-001, -2.699529E-002, 6.450770E-001, 4.928733E-001
1.590080E-001, 2.014464E+000, 2.714826E+000, 6.306398E+000, 5.549592E-001, -2.974260E-002, 6.403512E-001, 5.053719E-001
1.590160E-001, 2.033469E+000, 2.845295E+000, 6.080648E+000, 5.268173E-001, -2.699529E-002, 6.462585E-001, 4.927553E-001
1.590240E-001, 2.078388E+000, 3.120531E+000, 5.850025E+000, 4.311346E-001, -1.469213E-002, 6.460222E-001, 4.735356E-001
1.590320E-001, 1.995460E+000, 3.077637E+000, 5.882507E+000, 4.029927E-001, -1.421434E-002, 6.427141E-001, 4.749506E-001
1.590400E-001, 1.796778E+000, 2.888189E+000, 6.113130E+000, 4.705333E-001, -1.469213E-002, 6.545287E-001, 4.873314E-001
1.590480E-001, 1.710394E+000, 2.822061E+000, 6.187839E+000, 5.099321E-001, -1.122813E-002, 6.697695E-001, 4.960569E-001
1.590560E-001, 1.905621E+000, 2.911423E+000, 6.059535E+000, 4.727847E-001, -9.914200E-003, 6.709510E-001, 4.955852E-001
1.590640E-001, 2.240789E+000, 3.152701E+000, 5.973457E+000, 3.782278E-001, 3.463998E-003, 6.742591E-001, 4.869776E-001
1.590720E-001, 2.330628E+000, 3.297468E+000, 5.866266E+000, 2.994303E-001, 2.138123E-002, 6.831200E-001, 4.866239E-001
1.590800E-001, 2.057656E+000, 3.175936E+000, 5.892252E+000, 3.680967E-001, 1.982840E-002, 6.796938E-001, 4.928733E-001
1.590880E-001, 1.855518E+000, 3.004360E+000, 6.204080E+000, 5.346970E-001, 4.658479E-003, 6.746135E-001, 4.952315E-001
1.590960E-001, 1.986822E+000, 2.922147E+000, 6.306398E+000, 5.819755E-001, 1.672275E-003, 6.872551E-001, 4.990047E-001
1.591040E-001, 2.093937E+000, 2.947168E+000, 6.148860E+000, 5.549592E-001, 1.266151E-002, 7.033230E-001, 4.979435E-001
1.591120E-001, 2.045562E+000, 3.000786E+000, 6.153733E+000, 5.785984E-001, 2.150068E-002, 7.066311E-001, 4.827328E-001
1.591200E-001, 1.950540E+000, 3.007935E+000, 6.205704E+000, 5.617133E-001, 2.377019E-002, 7.084033E-001, 4.721207E-001
1.591280E-001, 1.720760E+000, 3.024020E+000, 6.169974E+000, 5.133091E-001, 2.305350E-002, 7.123021E-001, 4.794312E-001
1.591360E-001, 1.573908E+000, 2.914998E+000, 6.213825E+000, 5.065550E-001, 3.165377E-002, 7.117113E-001, 4.834403E-001
1.591440E-001, 1.772590E+000, 2.693379E+000, 6.204080E+000, 5.301943E-001, 4.347914E-002, 7.072218E-001, 4.701162E-001
1.591520E-001, 2.014464E+000, 2.586145E+000, 6.017308E+000, 5.572106E-001, 3.798452E-002, 6.997786E-001, 4.565563E-001
1.591600E-001, 2.005826E+000, 2.641549E+000, 5.981577E+000, 5.234402E-001, 3.141487E-002, 6.971794E-001, 4.539622E-001
1.591680E-001, 1.890072E+000, 2.800614E+000, 6.181343E+000, 4.378887E-001, 3.917901E-002, 7.026141E-001, 4.598578E-001
1.591760E-001, 1.910804E+000, 2.993637E+000, 6.230066E+000, 3.951129E-001, 4.097073E-002, 7.144287E-001, 4.691729E-001
1.591840E-001, 2.061111E+000, 3.079424E+000, 6.018932E+000, 4.277576E-001, 2.818977E-002, 7.317961E-001, 4.694087E-001
1.591920E-001, 2.040379E+000, 2.904274E+000, 5.890628E+000, 4.232549E-001, 2.066454E-002, 7.352224E-001, 4.543159E-001
1.592000E-001, 1.805416E+000, 2.621890E+000, 5.986450E+000, 3.433318E-001, 3.033984E-002, 7.236441E-001, 4.367470E-001
1.592080E-001, 1.788139E+000, 2.705890E+000, 6.064407E+000, 3.253209E-001, 3.894011E-002, 7.258888E-001, 4.297902E-001
1.592160E-001, 1.974728E+000, 3.099084E+000, 5.970209E+000, 3.906102E-001, 2.842867E-002, 7.361676E-001, 4.332096E-001
1.592240E-001, 1.877978E+000, 3.075850E+000, 5.819167E+000, 3.816048E-001, 1.982840E-002, 7.280155E-001, 4.367470E-001
1.592320E-001, 1.649926E+000, 2.702316E+000, 5.869514E+000, 2.442721E-001, 2.365074E-002, 7.156101E-001, 4.297902E-001
1.592400E-001, 1.706939E+000, 2.688018E+000, 5.989698E+000, 1.677260E-001, 2.030619E-002, 7.225808E-001, 4.216542E-001
1.592480E-001, 1.940174E+000, 2.834572E+000, 5.931231E+000, 2.836708E-001, 1.600606E-002, 7.319143E-001, 4.241304E-001
1.592560E-001, 2.090482E+000, 2.843508E+000, 5.999443E+000, 4.570252E-001, 2.580081E-002, 7.270703E-001, 4.269603E-001
1.592640E-001, 2.047290E+000, 2.990062E+000, 6.200832E+000, 5.234402E-001, 3.941790E-002, 7.265977E-001, 4.269603E-001
1.592720E-001, 1.933264E+000, 3.079424E+000, 6.127747E+000, 4.772874E-001, 4.168742E-002, 7.348679E-001, 4.328559E-001
1.592800E-001, 1.839970E+000, 2.902487E+000, 5.979953E+000, 4.502712E-001, 3.069819E-002, 7.352224E-001, 4.363933E-001
1.592880E-001, 1.693117E+000, 2.856019E+000, 6.018932E+000, 4.446428E-001, 2.592026E-002, 7.277792E-001, 4.333276E-001
1.592960E-001, 1.634377E+000, 3.070488E+000, 6.075776E+000, 3.602169E-001, 3.798452E-002, 7.171460E-001, 4.316768E-001
1.593040E-001, 1.667202E+000, 3.200957E+000, 6.010811E+000, 2.825451E-001, 4.144852E-002, 7.066311E-001, 4.319126E-001
1.593120E-001, 1.547993E+000, 3.141978E+000, 5.783437E+000, 2.701627E-001, 3.045929E-002, 7.041500E-001, 4.352142E-001
1.593200E-001, 1.558359E+000, 3.049041E+000, 5.617778E+000, 3.455831E-001, 3.774563E-002, 6.977701E-001, 4.388694E-001
1.593280E-001, 1.912532E+000, 2.997211E+000, 5.780189E+000, 4.750361E-001, 4.945155E-002, 6.841834E-001, 4.382799E-001
1.593360E-001, 2.026558E+000, 3.020445E+000, 6.022180E+000, 4.581509E-001, 3.440108E-002, 6.845378E-001, 4.411097E-001
1.593440E-001, 1.667202E+000, 3.024020E+000, 5.983202E+000, 3.759764E-001, 2.938426E-002, 6.987153E-001, 4.493636E-001
1.593520E-001, 1.397686E+000, 2.911423E+000, 5.807798E+000, 4.829158E-001, 4.789872E-002, 7.052133E-001, 4.527831E-001
1.593600E-001, 1.461610E+000, 2.914998E+000, 5.820791E+000, 6.382594E-001, 4.980990E-002, 6.975338E-001, 4.481845E-001
1.593680E-001, 1.528989E+000, 3.149127E+000, 5.882507E+000, 6.213742E-001, 3.989569E-002, 6.853648E-001, 4.462979E-001
1.593760E-001, 1.471976E+000, 3.258149E+000, 5.791557E+000, 5.256916E-001, 4.073183E-002, 6.778035E-001, 4.536085E-001
1.593840E-001, 1.532444E+000, 3.016871E+000, 5.801302E+000, 4.795388E-001, 4.515142E-002, 6.750861E-001, 4.608011E-001
1.593920E-001, 1.656836E+000, 2.725550E+000, 5.879259E+000, 4.491455E-001, 4.276245E-002, 6.724869E-001, 4.600936E-001
1.594000E-001, 1.592913E+000, 2.734486E+000, 5.763947E+000, 4.198779E-001, 3.452053E-002, 6.714236E-001, 4.519577E-001
1.594080E-001, 1.563542E+000, 2.993637E+000, 5.679494E+000, 4.108724E-001, 2.807033E-002, 6.701239E-001, 4.452367E-001
1.594160E-001, 1.611917E+000, 3.159850E+000, 5.708728E+000, 3.827305E-001, 2.771198E-002, 6.642166E-001, 4.510144E-001
1.594240E-001, 1.527261E+000, 3.041892E+000, 5.736338E+000, 3.613426E-001, 3.129543E-002, 6.669340E-001, 4.655176E-001
1.594320E-001, 1.579091E+000, 2.923934E+000, 5.811047E+000, 3.804791E-001, 3.320660E-002, 6.760313E-001, 4.803745E-001
1.594400E-001, 1.763952E+000, 2.990062E+000, 5.814295E+000, 4.198779E-001, 2.448688E-002, 6.679974E-001, 4.931091E-001
1.594480E-001, 1.757041E+000, 3.015084E+000, 5.677870E+000, 5.144348E-001, 8.839166E-003, 6.489758E-001, 4.988868E-001
1.594560E-001, 1.732854E+000, 2.959679E+000, 5.551190E+000, 5.954836E-001, 2.866757E-003, 6.435411E-001, 4.971181E-001
1.594640E-001, 1.713850E+000, 2.957892E+000, 5.580424E+000, 4.919212E-001, 1.254206E-002, 6.508662E-001, 4.967643E-001
1.594720E-001, 1.520350E+000, 2.879253E+000, 5.819167E+000, 3.129385E-001, 3.033984E-002, 6.485032E-001, 5.010092E-001
1.594800E-001, 1.411507E+000, 2.755933E+000, 6.040045E+000, 2.859222E-001, 4.897376E-002, 6.349165E-001, 5.039570E-001
1.594880E-001, 1.547993E+000, 2.884615E+000, 6.027052E+000, 3.602169E-001, 5.554341E-002, 6.286547E-001, 5.052540E-001
1.594960E-001, 1.750131E+000, 3.049041E+000, 5.914989E+000, 3.714737E-001, 4.455417E-002, 6.280640E-001, 5.129184E-001
1.595040E-001, 1.795050E+000, 2.934658E+000, 5.806174E+000, 3.816048E-001, 3.667060E-002, 6.270007E-001, 5.254170E-001
1.595120E-001, 1.689662E+000, 2.904274E+000, 5.666502E+000, 5.043037E-001, 4.491252E-002, 6.283003E-001, 5.236483E-001
1.595200E-001, 1.681024E+000, 3.166999E+000, 5.634019E+000, 5.909809E-001, 5.614065E-002, 6.267644E-001, 5.140975E-001
1.595280E-001, 1.706939E+000, 3.279596E+000, 5.702231E+000, 5.324456E-001, 5.697679E-002, 6.286547E-001, 5.209364E-001
1.595360E-001, 1.693117E+000, 3.063339E+000, 5.617778E+000, 4.840415E-001, 5.506562E-002, 6.421233E-001, 5.354396E-001
1.595440E-001, 1.836514E+000, 2.907849E+000, 5.392027E+000, 4.491455E-001, 6.450202E-002, 6.493303E-001, 5.388590E-001
1.595520E-001, 1.853791E+000, 3.006147E+000, 5.288085E+000, 3.298236E-001, 7.776077E-002, 6.448407E-001, 5.334350E-001
1.595600E-001, 1.551448E+000, 3.141978E+000, 5.419637E+000, 2.375180E-001, 8.003028E-002, 6.433048E-001, 5.328455E-001
1.595680E-001, 1.430511E+000, 3.115169E+000, 5.622651E+000, 2.487748E-001, 7.752188E-002, 6.378701E-001, 5.413352E-001
1.595760E-001, 1.516895E+000, 2.998998E+000, 5.692487E+000, 2.690370E-001, 8.038864E-002, 6.334987E-001, 5.409815E-001
1.595840E-001, 1.383864E+000, 3.068701E+000, 5.687614E+000, 3.084357E-001, 8.325539E-002, 6.506299E-001, 5.282469E-001
1.595920E-001, 1.256017E+000, 3.192021E+000, 5.721721E+000, 4.097467E-001, 8.444987E-002, 6.649255E-001, 5.261245E-001
1.596000E-001, 1.485797E+000, 3.068701E+000, 5.534949E+000, 4.401400E-001, 8.898890E-002, 6.571279E-001, 5.375620E-001
1.596080E-001, 1.855518E+000, 2.957892E+000, 5.127298E+000, 3.129385E-001, 8.970559E-002, 6.584275E-001, 5.461696E-001
1.596160E-001, 1.992005E+000, 3.020445E+000, 5.161405E+000, 2.251356E-001, 8.409153E-002, 6.742591E-001, 5.538339E-001
1.596240E-001, 1.801961E+000, 3.075850E+000, 5.723345E+000, 3.298236E-001, 8.409153E-002, 6.774490E-001, 5.607907E-001
1.596320E-001, 1.503074E+000, 3.204532E+000, 6.051414E+000, 4.378887E-001, 9.376683E-002, 6.729594E-001, 5.528906E-001
1.596400E-001, 1.385592E+000, 3.410065E+000, 5.845153E+000, 4.480198E-001, 1.036810E-001, 6.766220E-001, 5.413352E-001
1.596480E-001, 1.518623E+000, 3.368958E+000, 5.674622E+000, 4.322603E-001, 1.082201E-001, 6.832381E-001, 5.459338E-001
1.596560E-001, 1.674113E+000, 3.138403E+000, 5.781813E+000, 3.512115E-001, 1.152675E-001, 6.869007E-001, 5.592579E-001
1.596640E-001, 1.579091E+000, 3.049041E+000, 5.708728E+000, 2.724141E-001, 1.231511E-001, 6.883184E-001, 5.676296E-001
1.596720E-001, 1.357949E+000, 3.027594E+000, 5.502467E+000, 3.241952E-001, 1.171787E-001, 6.844196E-001, 5.676296E-001
1.596800E-001, 1.399413E+000, 3.002573E+000, 5.517084E+000, 3.928616E-001, 1.061894E-001, 6.767401E-001, 5.646818E-001
1.596880E-001, 1.675841E+000, 3.054403E+000, 5.559310E+000, 3.872332E-001, 1.135952E-001, 6.737865E-001, 5.668042E-001
1.596960E-001, 1.808871E+000, 3.125893E+000, 5.562559E+000, 4.142494E-001, 1.278096E-001, 6.759131E-001, 5.725819E-001
1.597040E-001, 1.653381E+000, 3.284958E+000, 5.692487E+000, 4.547739E-001, 1.258984E-001, 6.832381E-001, 5.764731E-001
1.597120E-001, 1.535899E+000, 3.504789E+000, 5.863018E+000, 3.804791E-001, 1.204038E-001, 6.956435E-001, 5.768268E-001
1.597200E-001, 1.679296E+000, 3.477980E+000, 5.825664E+000, 2.656600E-001, 1.293624E-001, 7.030867E-001, 5.751760E-001
1.597280E-001, 1.762224E+000, 3.268872E+000, 5.455368E+000, 2.386437E-001, 1.415461E-001, 7.088758E-001, 5.777701E-001
1.597360E-001, 1.653381E+000, 3.290319E+000, 5.210128E+000, 2.521518E-001, 1.447712E-001, 7.224627E-001, 5.910941E-001
1.597440E-001, 1.668930E+000, 3.463682E+000, 5.343305E+000, 2.318897E-001, 1.473991E-001, 7.322688E-001, 6.059511E-001
1.597520E-001, 1.807144E+000, 3.444022E+000, 5.435878E+000, 2.285126E-001, 1.533715E-001, 7.302603E-001, 6.043003E-001
1.597600E-001, 1.801961E+000, 3.245638E+000, 5.521956E+000, 3.298236E-001, 1.579105E-001, 7.238804E-001, 5.863777E-001
1.597680E-001, 1.624011E+000, 3.072275E+000, 5.647012E+000, 4.896699E-001, 1.668691E-001, 7.237622E-001, 5.732894E-001
1.597760E-001, 1.480614E+000, 3.116956E+000, 5.500843E+000, 5.301943E-001, 1.778584E-001, 7.391212E-001, 5.817791E-001
1.597840E-001, 1.508257E+000, 3.272447E+000, 5.302702E+000, 4.322603E-001, 1.736777E-001, 7.575520E-001, 5.984047E-001
1.597920E-001, 1.579091E+000, 3.263511E+000, 5.278340E+000, 4.041184E-001, 1.623301E-001, 7.648770E-001, 6.019421E-001
1.598000E-001, 1.554904E+000, 3.143765E+000, 5.318943E+000, 4.716590E-001, 1.708109E-001, 7.673581E-001, 6.015884E-001
1.598080E-001, 1.440878E+000, 3.074063E+000, 5.427758E+000, 4.345117E-001, 1.936255E-001, 7.625141E-001, 6.067765E-001
1.598160E-001, 1.287115E+000, 3.200957E+000, 5.515460E+000, 3.343263E-001, 2.005535E-001, 7.509358E-001, 6.041824E-001
1.598240E-001, 1.349311E+000, 3.435086E+000, 5.547942E+000, 3.399547E-001, 1.908782E-001, 7.534169E-001, 5.974614E-001
1.598320E-001, 1.663747E+000, 3.338575E+000, 5.606410E+000, 4.435171E-001, 1.930283E-001, 7.748013E-001, 5.991122E-001
1.598400E-001, 1.750131E+000, 3.065126E+000, 5.531701E+000, 5.189375E-001, 2.010313E-001, 7.880337E-001, 6.033570E-001
1.598480E-001, 1.430511E+000, 3.036530E+000, 5.382283E+000, 4.187522E-001, 1.898032E-001, 7.827170E-001, 6.025317E-001
1.598560E-001, 1.173089E+000, 3.056190E+000, 5.385531E+000, 2.499005E-001, 1.782167E-001, 7.797634E-001, 5.985226E-001
1.598640E-001, 1.319941E+000, 3.072275E+000, 5.362794E+000, 2.622829E-001, 1.871753E-001, 7.803541E-001, 5.985226E-001
1.598720E-001, 1.532444E+000, 3.240277E+000, 5.383907E+000, 3.151898E-001, 2.018674E-001, 7.791727E-001, 6.014704E-001
1.598800E-001, 1.458154E+000, 3.311766E+000, 5.655133E+000, 1.857368E-001, 2.061676E-001, 7.868522E-001, 6.004092E-001
1.598880E-001, 1.319941E+000, 3.100871E+000, 5.794806E+000, 9.230559E-002, 2.064065E-001, 7.940591E-001, 5.994659E-001
1.598960E-001, 1.382137E+000, 2.914998E+000, 5.580424E+000, 2.814195E-001, 2.049731E-001, 7.892151E-001, 6.015884E-001
1.599040E-001, 1.477159E+000, 3.016871E+000, 5.366042E+000, 5.110577E-001, 1.917143E-001, 7.822445E-001, 5.976973E-001
1.599120E-001, 1.437422E+000, 3.251000E+000, 5.357922E+000, 4.964240E-001, 1.886087E-001, 7.802360E-001, 5.853165E-001
1.599200E-001, 1.418418E+000, 3.368958E+000, 5.419637E+000, 4.176265E-001, 2.054509E-001, 7.814175E-001, 5.790671E-001
1.599280E-001, 1.477159E+000, 3.190234E+000, 5.387156E+000, 4.570252E-001, 2.037786E-001, 7.889788E-001, 5.822507E-001
1.599360E-001, 1.503074E+000, 2.932870E+000, 5.302702E+000, 4.851672E-001, 1.926699E-001, 7.986668E-001, 5.822507E-001
1.599440E-001, 1.508257E+000, 3.065126E+000, 5.331936E+000, 4.097467E-001, 2.022258E-001, 7.989030E-001, 5.760014E-001
1.599520E-001, 1.497891E+000, 3.318915E+000, 5.408268E+000, 3.579656E-001, 2.081982E-001, 7.922869E-001, 5.607907E-001
1.599600E-001, 1.430511E+000, 3.217042E+000, 5.359546E+000, 4.255062E-001, 1.985229E-001, 7.842530E-001, 5.504144E-001
1.599680E-001, 1.262927E+000, 3.007935E+000, 5.270220E+000, 4.480198E-001, 1.985229E-001, 7.822445E-001, 5.699878E-001
1.599760E-001, 1.150629E+000, 2.952530E+000, 5.354673E+000, 4.142494E-001, 2.073621E-001, 7.981942E-001, 5.939240E-001
1.599840E-001, 1.318213E+000, 2.909636E+000, 5.577176E+000, 4.930469E-001, 2.060481E-001, 8.147346E-001, 5.894434E-001
1.599920E-001, 1.482342E+000, 2.830997E+000, 5.640516E+000, 5.470794E-001, 2.052120E-001, 8.077641E-001, 5.737610E-001
1.600000E-001, 1.330307E+000, 2.852444E+000, 5.466736E+000, 4.907956E-001, 2.108261E-001, 7.856707E-001, 5.602012E-001
1.600080E-001, 1.159267E+000, 3.061552E+000, 5.351425E+000, 4.581509E-001, 2.109455E-001, 7.707843E-001, 5.504144E-001
1.600160E-001, 1.257744E+000, 3.306405E+000, 5.401772E+000, 3.973643E-001, 2.156040E-001, 7.753921E-001, 5.589041E-001
1.600240E-001, 1.421873E+000, 3.401129E+000, 5.461864E+000, 2.859222E-001, 2.276683E-001, 7.850800E-001, 5.776522E-001
1.600320E-001, 1.411507E+000, 3.335001E+000, 5.513835E+000, 3.073101E-001, 2.301767E-001, 7.796453E-001, 5.820149E-001
1.600400E-001, 1.352766E+000, 3.177723E+000, 5.512211E+000, 4.288833E-001, 2.228903E-001, 7.714932E-001, 5.731715E-001
1.600480E-001, 1.406324E+000, 3.138403E+000, 5.452119E+000, 3.894846E-001, 2.111844E-001, 7.727928E-001, 5.732894E-001
1.600560E-001, 1.475431E+000, 3.284958E+000, 5.484601E+000, 2.915506E-001, 2.005535E-001, 7.712569E-001, 5.875568E-001
1.600640E-001, 1.371771E+000, 3.368958E+000, 5.476481E+000, 3.669710E-001, 2.007924E-001, 7.680670E-001, 5.949852E-001
1.600720E-001, 1.117803E+000, 3.354660E+000, 5.296206E+000, 4.513968E-001, 2.073621E-001, 7.737380E-001, 5.885001E-001
1.600800E-001, 1.059062E+000, 3.349298E+000, 5.275092E+000, 4.750361E-001, 2.158429E-001, 7.830715E-001, 5.837836E-001
1.600880E-001, 1.247378E+000, 3.229553E+000, 5.512211E+000, 5.527079E-001, 2.187096E-001, 7.848437E-001, 5.879105E-001
1.600960E-001, 1.318213E+000, 3.116956E+000, 5.547942E+000, 5.909809E-001, 2.037786E-001, 7.718477E-001, 5.980510E-001
1.601040E-001, 1.245651E+000, 3.218830E+000, 5.359546E+000, 4.626536E-001, 1.874142E-001, 7.568431E-001, 6.041824E-001
1.601120E-001, 1.252561E+000, 3.175936E+000, 5.388779E+000, 2.994303E-001, 1.902810E-001, 7.623960E-001, 5.986406E-001
1.601200E-001, 1.349311E+000, 2.961466E+000, 5.559310E+000, 2.971790E-001, 2.041370E-001, 7.751557E-001, 5.986406E-001
1.601280E-001, 1.399413E+000, 2.982913E+000, 5.573927E+000, 3.771021E-001, 2.145289E-001, 7.710207E-001, 6.139691E-001
1.601360E-001, 1.359677E+000, 3.056190E+000, 5.507339E+000, 3.793534E-001, 2.127372E-001, 7.579064E-001, 6.162094E-001
1.601440E-001, 1.376954E+000, 2.984700E+000, 5.432630E+000, 3.230695E-001, 2.033008E-001, 7.530624E-001, 5.943957E-001
1.601520E-001, 1.397686E+000, 2.975764E+000, 5.361170E+000, 3.174412E-001, 2.037786E-001, 7.589697E-001, 5.814254E-001
1.601600E-001, 1.257744E+000, 2.959679E+000, 5.356297E+000, 3.748507E-001, 2.119011E-001, 7.652315E-001, 5.913300E-001
1.601680E-001, 1.235285E+000, 2.925721E+000, 5.367666E+000, 3.557142E-001, 2.159623E-001, 7.595605E-001, 6.028854E-001
1.601760E-001, 1.447788E+000, 3.106233E+000, 5.302702E+000, 3.028074E-001, 2.196652E-001, 7.501088E-001, 6.037108E-001
1.601840E-001, 1.492708E+000, 3.265298E+000, 5.219872E+000, 3.433318E-001, 2.252793E-001, 7.519991E-001, 6.012346E-001
1.601920E-001, 1.446061E+000, 3.204532E+000, 5.292957E+000, 3.951129E-001, 2.264738E-001, 7.553072E-001, 5.973435E-001
1.602000E-001, 1.670658E+000, 3.172361E+000, 5.374163E+000, 4.108724E-001, 2.232487E-001, 7.492818E-001, 5.929807E-001
1.602080E-001, 1.884889E+000, 3.188446E+000, 5.289709E+000, 4.142494E-001, 2.232487E-001, 7.502269E-001, 5.994659E-001
1.602160E-001, 1.801961E+000, 3.279596E+000, 5.328688E+000, 4.232549E-001, 2.225320E-001, 7.595605E-001, 6.083093E-001
1.602240E-001, 1.668930E+000, 3.435086E+000, 5.465112E+000, 3.894846E-001, 2.132150E-001, 7.582608E-001, 6.021779E-001
1.602320E-001, 1.760497E+000, 3.322490E+000, 5.406644E+000, 2.487748E-001, 2.043758E-001, 7.554253E-001, 5.986406E-001
1.602400E-001, 1.914259E+000, 3.156276E+000, 5.247482E+000, 1.857368E-001, 2.129761E-001, 7.623960E-001, 6.080735E-001
1.602480E-001, 1.746675E+000, 3.213468E+000, 5.195511E+000, 3.286979E-001, 2.361491E-001, 7.602693E-001, 6.040645E-001
1.602560E-001, 1.373498E+000, 3.184872E+000, 5.364418E+000, 4.491455E-001, 2.520357E-001, 7.433745E-001, 5.851985E-001
1.602640E-001, 1.179999E+000, 3.124105E+000, 5.595041E+000, 4.468941E-001, 2.522746E-001, 7.401845E-001, 5.826045E-001
1.602720E-001, 1.199004E+000, 3.206319E+000, 5.603161E+000, 4.029927E-001, 2.448688E-001, 7.582608E-001, 6.004092E-001
1.602800E-001, 1.437422E+000, 3.174148E+000, 5.458616E+000, 2.994303E-001, 2.369852E-001, 7.701936E-001, 6.093705E-001
1.602880E-001, 1.744948E+000, 3.025807E+000, 5.314071E+000, 2.386437E-001, 2.367463E-001, 7.665311E-001, 5.969898E-001
1.602960E-001, 1.774318E+000, 2.972190E+000, 5.185766E+000, 3.500858E-001, 2.402103E-001, 7.623960E-001, 5.853165E-001
1.603040E-001, 1.681024E+000, 3.045467E+000, 5.120802E+000, 5.223145E-001, 2.387769E-001, 7.666492E-001, 5.919195E-001
1.603120E-001, 1.762224E+000, 3.217042E+000, 5.141915E+000, 5.223145E-001, 2.385380E-001, 7.776368E-001, 6.026496E-001
1.603200E-001, 1.763952E+000, 3.263511E+000, 5.182518E+000, 2.938019E-001, 2.394936E-001, 7.869703E-001, 5.959285E-001
1.603280E-001, 1.603279E+000, 3.054403E+000, 5.193887E+000, 1.170705E-001, 2.453466E-001, 7.927595E-001, 5.847269E-001
1.603360E-001, 1.681024E+000, 2.804188E+000, 5.205256E+000, 1.801085E-001, 2.590831E-001, 8.049285E-001, 5.876747E-001
1.603440E-001, 1.860702E+000, 2.868529E+000, 5.362794E+000, 2.600316E-001, 2.563358E-001, 8.191060E-001, 5.876747E-001
1.603520E-001, 1.674113E+000, 3.304617E+000, 5.632395E+000, 2.735397E-001, 2.409270E-001, 8.194605E-001, 5.757656E-001
1.603600E-001, 1.387320E+000, 3.435086E+000, 5.575552E+000, 3.422061E-001, 2.510801E-001, 8.149709E-001, 5.675117E-001
1.603680E-001, 1.366588E+000, 3.066914E+000, 5.176022E+000, 4.187522E-001, 2.748503E-001, 8.196968E-001, 5.678654E-001
1.603760E-001, 1.487525E+000, 2.847082E+000, 5.085072E+000, 4.345117E-001, 2.778365E-001, 8.199331E-001, 5.678654E-001
1.603840E-001, 1.560087E+000, 2.895338E+000, 5.333560E+000, 4.052441E-001, 2.716252E-001, 8.159161E-001, 5.617340E-001
1.603920E-001, 1.599823E+000, 2.938232E+000, 5.437502E+000, 4.007413E-001, 2.741336E-001, 8.226504E-001, 5.558384E-001
1.604000E-001, 1.691390E+000, 3.004360E+000, 5.408268E+000, 4.705333E-001, 2.813005E-001, 8.292666E-001, 5.525368E-001
1.604080E-001, 1.739765E+000, 3.127680E+000, 5.390403E+000, 4.919212E-001, 2.887063E-001, 8.284396E-001, 5.488816E-001
1.604160E-001, 1.694845E+000, 3.158063E+000, 5.383907E+000, 4.311346E-001, 2.912147E-001, 8.348194E-001, 5.454621E-001
1.604240E-001, 1.656836E+000, 3.052616E+000, 5.465112E+000, 3.748507E-001, 2.927675E-001, 8.454526E-001, 5.467591E-001
1.604320E-001, 1.620555E+000, 2.975764E+000, 5.543069E+000, 3.264466E-001, 3.006511E-001, 8.422626E-001, 5.534801E-001
1.604400E-001, 1.546265E+000, 2.922147E+000, 5.416389E+000, 3.737251E-001, 3.068624E-001, 8.283214E-001, 5.584325E-001
1.604480E-001, 1.553176E+000, 2.886402E+000, 5.182518E+000, 4.817901E-001, 3.116403E-001, 8.205238E-001, 5.583146E-001
1.604560E-001, 1.757041E+000, 2.993637E+000, 5.169525E+000, 4.694077E-001, 3.171349E-001, 8.253677E-001, 5.566638E-001
1.604640E-001, 1.841697E+000, 3.061552E+000, 5.370914E+000, 4.232549E-001, 3.121181E-001, 8.456889E-001, 5.520652E-001
1.604720E-001, 1.544538E+000, 2.936445E+000, 5.452119E+000, 4.581509E-001, 3.022039E-001, 8.669552E-001, 5.446367E-001
1.604800E-001, 1.351039E+000, 2.943594E+000, 5.440751E+000, 4.457684E-001, 3.010094E-001, 8.612841E-001, 5.376799E-001
1.604880E-001, 1.549721E+000, 3.136616E+000, 5.544693E+000, 3.557142E-001, 3.056679E-001, 8.439167E-001, 5.330813E-001
1.604960E-001, 1.722488E+000, 3.192021E+000, 5.572303E+000, 3.286979E-001, 3.133126E-001, 8.467522E-001, 5.340246E-001
1.605040E-001, 1.722488E+000, 3.174148E+000, 5.356297E+000, 3.613426E-001, 3.161794E-001, 8.534865E-001, 5.293081E-001
1.605120E-001, 1.753586E+000, 3.281383E+000, 5.132171E+000, 3.613426E-001, 3.114014E-001, 8.473429E-001, 5.135079E-001
1.605200E-001, 1.751858E+000, 3.451171E+000, 5.111057E+000, 3.073101E-001, 3.087736E-001, 8.423808E-001, 5.099705E-001
1.605280E-001, 1.672385E+000, 3.438661E+000, 5.250731E+000, 2.453978E-001, 3.073402E-001, 8.430897E-001, 5.204647E-001
1.605360E-001, 1.743220E+000, 3.175936E+000, 5.396900E+000, 3.219439E-001, 3.106847E-001, 8.479337E-001, 5.195214E-001
1.605440E-001, 1.871068E+000, 3.100871E+000, 5.431006E+000, 5.448281E-001, 3.247796E-001, 8.567946E-001, 5.080839E-001
1.605520E-001, 1.753586E+000, 3.302830E+000, 5.359546E+000, 6.506418E-001, 3.417413E-001, 8.570309E-001, 5.023062E-001
1.605600E-001, 1.530716E+000, 3.276021E+000, 5.279964E+000, 4.840415E-001, 3.576279E-001, 8.443893E-001, 5.011271E-001
1.605680E-001, 1.499618E+000, 3.054403E+000, 5.200383E+000, 2.724141E-001, 3.641975E-001, 8.381276E-001, 5.017167E-001
1.605760E-001, 1.736309E+000, 3.018658E+000, 5.195511E+000, 2.487748E-001, 3.553584E-001, 8.475792E-001, 5.063152E-001
1.605840E-001, 2.016192E+000, 3.106233E+000, 5.364418E+000, 2.791681E-001, 3.520138E-001, 8.543136E-001, 5.079660E-001
1.605920E-001, 1.969545E+000, 3.133042E+000, 5.456992E+000, 2.397694E-001, 3.564334E-001, 8.469885E-001, 5.082018E-001
1.606000E-001, 1.587730E+000, 3.063339E+000, 5.421261E+000, 2.994303E-001, 3.458025E-001, 8.371823E-001, 5.111496E-001
1.606080E-001, 1.311302E+000, 2.822061E+000, 5.448871E+000, 4.840415E-001, 3.392329E-001, 8.386001E-001, 5.085556E-001
1.606160E-001, 1.416690E+000, 2.553974E+000, 5.364418E+000, 5.133091E-001, 3.578668E-001, 8.538409E-001, 5.018346E-001
1.606240E-001, 1.674113E+000, 2.680869E+000, 5.200383E+000, 3.455831E-001, 3.690949E-001, 8.689637E-001, 4.958211E-001
1.606320E-001, 1.706939E+000, 3.097297E+000, 5.318943E+000, 2.735397E-001, 3.601363E-001, 8.699088E-001, 4.913404E-001
1.606400E-001, 1.490980E+000, 3.215255E+000, 5.536573E+000, 3.332007E-001, 3.565528E-001, 8.663644E-001, 4.938166E-001
1.606480E-001, 1.394230E+000, 2.977551E+000, 5.474857E+000, 3.635940E-001, 3.594196E-001, 8.717992E-001, 4.922837E-001
1.606560E-001, 1.575636E+000, 2.854231E+000, 5.245858E+000, 4.165008E-001, 3.569112E-001, 8.749891E-001, 4.796671E-001
1.606640E-001, 1.608462E+000, 3.052616E+000, 5.117554E+000, 4.817901E-001, 3.536861E-001, 8.660100E-001, 4.748327E-001
1.606720E-001, 1.338945E+000, 3.208106E+000, 5.216624E+000, 4.390144E-001, 3.515360E-001, 8.580942E-001, 4.842657E-001
1.606800E-001, 1.276749E+000, 3.066914E+000, 5.445623E+000, 3.512115E-001, 3.514166E-001, 8.611660E-001, 4.934628E-001
1.606880E-001, 1.573908E+000, 2.977551E+000, 5.531701E+000, 2.397694E-001, 3.576279E-001, 8.615205E-001, 4.970002E-001
1.606960E-001, 1.869340E+000, 3.113382E+000, 5.448871E+000, 1.046880E-001, 3.633614E-001, 8.515962E-001, 4.929911E-001
1.607040E-001, 1.943630E+000, 3.106233E+000, 5.362794E+000, 1.553435E-001, 3.670643E-001, 8.488788E-001, 4.829686E-001
1.607120E-001, 1.798505E+000, 2.886402E+000, 5.372539E+000, 3.399547E-001, 3.723200E-001, 8.597482E-001, 4.857985E-001
1.607200E-001, 1.573908E+000, 2.861380E+000, 5.447247E+000, 3.782278E-001, 3.671837E-001, 8.663644E-001, 5.057257E-001
1.607280E-001, 1.587730E+000, 3.075850E+000, 5.426134E+000, 3.151898E-001, 3.553584E-001, 8.622293E-001, 5.181065E-001
1.607360E-001, 1.833059E+000, 3.102659E+000, 5.426134E+000, 2.881735E-001, 3.572696E-001, 8.573853E-001, 5.117392E-001
1.607440E-001, 1.864157E+000, 2.904274E+000, 5.590168E+000, 3.050587E-001, 3.657504E-001, 8.575035E-001, 5.051361E-001
1.607520E-001, 1.613645E+000, 2.925721E+000, 5.679494E+000, 3.444574E-001, 3.627641E-001, 8.573853E-001, 5.093809E-001
1.607600E-001, 1.478886E+000, 3.186659E+000, 5.614530E+000, 3.118128E-001, 3.573890E-001, 8.537228E-001, 5.078481E-001
1.607680E-001, 1.539355E+000, 3.336788E+000, 5.551190E+000, 2.634086E-001, 3.645559E-001, 8.463978E-001, 4.997121E-001
1.607760E-001, 1.542810E+000, 3.368958E+000, 5.491098E+000, 3.703480E-001, 3.749479E-001, 8.358828E-001, 5.013629E-001
1.607840E-001, 1.499618E+000, 3.306405E+000, 5.416389E+000, 5.313200E-001, 3.739923E-001, 8.376549E-001, 5.080839E-001
1.607920E-001, 1.579091E+000, 3.095510E+000, 5.453743E+000, 5.346970E-001, 3.653920E-001, 8.559676E-001, 5.123287E-001
1.608000E-001, 1.660292E+000, 2.940019E+000, 5.515460E+000, 4.097467E-001, 3.589418E-001, 8.590394E-001, 5.158662E-001
1.608080E-001, 1.629194E+000, 2.916785E+000, 5.353049E+000, 3.196925E-001, 3.587029E-001, 8.408449E-001, 5.184602E-001
1.608160E-001, 1.589457E+000, 2.897125E+000, 5.227993E+000, 3.377034E-001, 3.630030E-001, 8.394272E-001, 5.240021E-001
1.608240E-001, 1.611917E+000, 2.895338E+000, 5.416389E+000, 3.647196E-001, 3.676615E-001, 8.605753E-001, 5.317843E-001
1.608320E-001, 1.655109E+000, 2.891764E+000, 5.575552E+000, 3.365777E-001, 3.729173E-001, 8.689637E-001, 5.340246E-001
1.608400E-001, 1.651653E+000, 2.820274E+000, 5.601537E+000, 3.827305E-001, 3.765007E-001, 8.583305E-001, 5.322559E-001
1.608480E-001, 1.551448E+000, 2.834572E+000, 5.726593E+000, 4.817901E-001, 3.786508E-001, 8.573853E-001, 5.334350E-001
1.608560E-001, 1.478886E+000, 3.063339E+000, 5.744458E+000, 4.153751E-001, 3.907150E-001, 8.703814E-001, 5.395665E-001
1.608640E-001, 1.556631E+000, 3.258149E+000, 5.481353E+000, 2.611573E-001, 4.001514E-001, 8.758161E-001, 5.454621E-001
1.608720E-001, 1.511712E+000, 3.152701E+000, 5.328688E+000, 2.802938E-001, 3.852204E-001, 8.709721E-001, 5.467591E-001
1.608800E-001, 1.290570E+000, 2.973977E+000, 5.456992E+000, 3.996156E-001, 3.701699E-001, 8.660100E-001, 5.481741E-001
1.608880E-001, 1.321668E+000, 3.050828E+000, 5.487850E+000, 4.029927E-001, 3.732756E-001, 8.615205E-001, 5.493532E-001
1.608960E-001, 1.570453E+000, 3.190234E+000, 5.369290E+000, 3.388290E-001, 3.745895E-001, 8.602208E-001, 5.436934E-001
1.609040E-001, 1.667202E+000, 3.190234E+000, 5.400148E+000, 3.827305E-001, 3.716033E-001, 8.595120E-001, 5.428680E-001
1.609120E-001, 1.627466E+000, 3.209893E+000, 5.507339E+000, 4.682820E-001, 3.753062E-001, 8.526595E-001, 5.612624E-001
1.609200E-001, 1.508257E+000, 3.138403E+000, 5.465112E+000, 4.412657E-001, 3.840259E-001, 8.487607E-001, 5.778880E-001
1.609280E-001, 1.338945E+000, 2.956105E+000, 5.408268E+000, 3.545885E-001, 3.890428E-001, 8.552587E-001, 5.760014E-001
1.609360E-001, 1.376954E+000, 3.041892E+000, 5.539821E+000, 3.151898E-001, 3.822342E-001, 8.664826E-001, 5.725819E-001
1.609440E-001, 1.580819E+000, 3.199170E+000, 5.684366E+000, 3.365777E-001, 3.730367E-001, 8.794786E-001, 5.704595E-001
1.609520E-001, 1.582546E+000, 3.027594E+000, 5.650260E+000, 3.861075E-001, 3.792480E-001, 8.840863E-001, 5.653893E-001
1.609600E-001, 1.466793E+000, 2.850657E+000, 5.559310E+000, 4.232549E-001, 3.891622E-001, 8.740439E-001, 5.701058E-001
1.609680E-001, 1.629194E+000, 2.879253E+000, 5.487850E+000, 4.604023E-001, 3.862954E-001, 8.650648E-001, 5.814254E-001
1.609760E-001, 1.910804E+000, 2.900700E+000, 5.442375E+000, 5.966093E-001, 3.871316E-001, 8.640015E-001, 5.849627E-001
1.609840E-001, 1.793322E+000, 2.884615E+000, 5.422885E+000, 6.889148E-001, 3.927456E-001, 8.605753E-001, 5.848448E-001
1.609920E-001, 1.461610E+000, 2.929296E+000, 5.413141E+000, 4.671563E-001, 3.830703E-001, 8.566765E-001, 5.890896E-001
1.610000E-001, 1.606734E+000, 2.975764E+000, 5.432630E+000, 2.499005E-001, 3.735145E-001, 8.622293E-001, 5.948673E-001
1.610080E-001, 1.953996E+000, 2.968615E+000, 5.392027E+000, 3.872332E-001, 3.815175E-001, 8.721536E-001, 6.024137E-001
1.610160E-001, 1.660292E+000, 3.027594E+000, 5.344929E+000, 4.919212E-001, 3.904761E-001, 8.761705E-001, 6.052436E-001
1.610240E-001, 1.238740E+000, 3.045467E+000, 5.336808E+000, 3.827305E-001, 3.944179E-001, 8.772339E-001, 5.939240E-001
1.610320E-001, 1.575636E+000, 2.893551E+000, 5.314071E+000, 4.063697E-001, 3.919095E-001, 8.837319E-001, 5.900329E-001
1.610400E-001, 2.054201E+000, 2.927509E+000, 5.383907E+000, 5.448281E-001, 3.870122E-001, 8.899936E-001, 6.028854E-001
1.610480E-001, 1.990277E+000, 3.200957E+000, 5.418013E+000, 5.437024E-001, 3.972847E-001, 8.876307E-001, 6.074840E-001
1.610560E-001, 1.786412E+000, 3.265298E+000, 5.382283E+000, 4.468941E-001, 4.018237E-001, 8.844408E-001, 5.959285E-001
1.610640E-001, 1.746675E+000, 3.145552E+000, 5.463488E+000, 3.725994E-001, 3.868927E-001, 8.856222E-001, 5.815433E-001
1.610720E-001, 1.668930E+000, 3.025807E+000, 5.447247E+000, 3.140641E-001, 3.878483E-001, 8.881033E-001, 5.830761E-001
1.610800E-001, 1.561814E+000, 2.818486E+000, 5.244234E+000, 2.634086E-001, 3.963291E-001, 8.909388E-001, 6.026496E-001
1.610880E-001, 1.674113E+000, 2.805976E+000, 5.125674E+000, 2.161302E-001, 3.781730E-001, 8.902299E-001, 6.103138E-001
1.610960E-001, 1.834786E+000, 3.104446E+000, 5.167901E+000, 2.206329E-001, 3.684977E-001, 8.879852E-001, 6.004092E-001
1.611040E-001, 1.684479E+000, 3.240277E+000, 5.309198E+000, 2.994303E-001, 3.910734E-001, 8.967279E-001, 5.991122E-001
1.611120E-001, 1.532444E+000, 3.125893E+000, 5.460240E+000, 3.478345E-001, 4.015848E-001, 9.125595E-001, 6.047720E-001
1.611200E-001, 1.729398E+000, 3.029382E+000, 5.546318E+000, 3.512115E-001, 3.954930E-001, 9.221293E-001, 6.024137E-001
1.611280E-001, 1.710394E+000, 3.043679E+000, 5.562559E+000, 3.298236E-001, 4.040932E-001, 9.268551E-001, 6.014704E-001
1.611360E-001, 1.356222E+000, 3.192021E+000, 5.531701E+000, 2.983046E-001, 4.043321E-001, 9.298088E-001, 6.070123E-001
1.611440E-001, 1.513440E+000, 3.381469E+000, 5.476481E+000, 3.309493E-001, 3.831898E-001, 9.279185E-001, 6.106676E-001
1.611520E-001, 2.033469E+000, 3.385043E+000, 5.398524E+000, 3.602169E-001, 3.818759E-001, 9.216567E-001, 6.164453E-001
1.611600E-001, 2.090482E+000, 3.181297E+000, 5.424510E+000, 3.174412E-001, 4.051683E-001, 9.142135E-001, 6.229305E-001
1.611680E-001, 1.822693E+000, 3.077637E+000, 5.562559E+000, 2.701627E-001, 4.125741E-001, 9.105510E-001, 6.183319E-001
1.611760E-001, 1.708666E+000, 3.174148E+000, 5.556062E+000, 2.622829E-001, 3.978819E-001, 9.101966E-001, 6.153841E-001
1.611840E-001, 1.755314E+000, 3.252787E+000, 5.443999E+000, 3.253209E-001, 3.833092E-001, 9.103147E-001, 6.251708E-001
1.611920E-001, 1.822693E+000, 3.197383E+000, 5.445623E+000, 4.142494E-001, 3.808008E-001, 9.187031E-001, 6.307127E-001
1.612000E-001, 1.857246E+000, 3.020445E+000, 5.508963E+000, 3.962386E-001, 3.982403E-001, 9.360706E-001, 6.283544E-001
1.612080E-001, 1.833059E+000, 2.981126E+000, 5.614530E+000, 3.444574E-001, 4.200993E-001, 9.437500E-001, 6.360188E-001
1.612160E-001, 1.786412E+000, 3.118744E+000, 5.705480E+000, 4.513968E-001, 4.200993E-001, 9.383153E-001, 6.468667E-001
1.612240E-001, 1.746675E+000, 3.061552E+000, 5.583672E+000, 5.785984E-001, 4.161575E-001, 9.383153E-001, 6.396740E-001
1.612320E-001, 1.741492E+000, 2.875678E+000, 5.443999E+000, 4.727847E-001, 4.174714E-001, 9.480033E-001, 6.298873E-001
1.612400E-001, 1.801961E+000, 2.893551E+000, 5.453743E+000, 3.028074E-001, 4.057655E-001, 9.565098E-001, 6.333067E-001
1.612480E-001, 1.848608E+000, 3.102659E+000, 5.424510E+000, 3.050587E-001, 3.989570E-001, 9.582820E-001, 6.380233E-001
1.612560E-001, 1.827876E+000, 3.277809E+000, 5.450495E+000, 4.367630E-001, 4.109018E-001, 9.566280E-001, 6.447442E-001
1.612640E-001, 1.760497E+000, 3.267085E+000, 5.531701E+000, 5.797241E-001, 4.111407E-001, 9.619445E-001, 6.558280E-001
1.612720E-001, 1.724216E+000, 3.192021E+000, 5.398524E+000, 6.056147E-001, 4.013459E-001, 9.755313E-001, 6.620773E-001
1.612800E-001, 1.836514E+000, 3.227766E+000, 5.327064E+000, 4.750361E-001, 4.129324E-001, 9.800209E-001, 6.613699E-001
1.612880E-001, 1.931536E+000, 3.259936E+000, 5.544693E+000, 3.793534E-001, 4.234438E-001, 9.731684E-001, 6.538235E-001
1.612960E-001, 1.762224E+000, 3.138403E+000, 5.559310E+000, 3.928616E-001, 4.122157E-001, 9.763584E-001, 6.472204E-001
1.613040E-001, 1.496163E+000, 3.034743E+000, 5.314071E+000, 3.737251E-001, 4.123352E-001, 9.934895E-001, 6.527623E-001
1.613120E-001, 1.420146E+000, 3.111595E+000, 5.361170E+000, 2.825451E-001, 4.265495E-001, 1.000933E+000, 6.667938E-001
1.613200E-001, 1.508257E+000, 3.277809E+000, 5.593417E+000, 2.273869E-001, 4.335969E-001, 9.882911E-001, 6.726894E-001
1.613280E-001, 1.624011E+000, 3.461895E+000, 5.625899E+000, 3.377034E-001, 4.424361E-001, 9.800209E-001, 6.645535E-001
1.613360E-001, 1.698300E+000, 3.424363E+000, 5.575552E+000, 4.964240E-001, 4.487669E-001, 9.924262E-001, 6.625490E-001
1.613440E-001, 1.558359E+000, 3.068701E+000, 5.513835E+000, 4.851672E-001, 4.405249E-001, 1.005540E+000, 6.745760E-001
1.613520E-001, 1.351039E+000, 2.997211E+000, 5.398524E+000, 3.782278E-001, 4.345525E-001, 9.998694E-001, 6.758730E-001
1.613600E-001, 1.587730E+000, 3.322490E+000, 5.348177E+000, 2.971790E-001, 4.338358E-001, 9.862826E-001, 6.630206E-001
1.613680E-001, 2.042107E+000, 3.322490E+000, 5.405020E+000, 2.679113E-001, 4.303718E-001, 9.900633E-001, 6.627848E-001
1.613760E-001, 2.005826E+000, 2.931083E+000, 5.487850E+000, 3.590913E-001, 4.302524E-001, 1.012275E+000, 6.745760E-001
1.613840E-001, 1.649926E+000, 2.802401E+000, 5.549566E+000, 4.604023E-001, 4.292968E-001, 1.022790E+000, 6.778776E-001
1.613920E-001, 1.551448E+000, 3.131254E+000, 5.538197E+000, 3.894846E-001, 4.275051E-001, 1.010030E+000, 6.791746E-001
1.614000E-001, 1.719033E+000, 3.370745E+000, 5.409893E+000, 2.994303E-001, 4.329997E-001, 9.988061E-001, 6.930882E-001
1.614080E-001, 1.791595E+000, 3.131254E+000, 5.289709E+000, 4.187522E-001, 4.365831E-001, 1.002350E+000, 7.034645E-001
1.614160E-001, 1.547993E+000, 2.850657E+000, 5.409893E+000, 5.301943E-001, 4.337164E-001, 1.004004E+000, 6.945032E-001
1.614240E-001, 1.342400E+000, 2.986488E+000, 5.643764E+000, 3.804791E-001, 4.309691E-001, 9.951435E-001, 6.882539E-001
1.614320E-001, 1.421873E+000, 3.345724E+000, 5.614530E+000, 3.039330E-001, 4.319247E-001, 9.820293E-001, 6.986302E-001
1.614400E-001, 1.478886E+000, 3.472618E+000, 5.474857E+000, 5.031780E-001, 4.410027E-001, 9.683244E-001, 7.053511E-001
1.614480E-001, 1.489252E+000, 3.227766E+000, 5.570679E+000, 5.617133E-001, 4.504391E-001, 9.650163E-001, 7.020496E-001
1.614560E-001, 1.608462E+000, 3.057977E+000, 5.640516E+000, 3.838561E-001, 4.486474E-001, 9.735228E-001, 7.042899E-001
1.614640E-001, 1.727671E+000, 3.338575E+000, 5.431006E+000, 2.611573E-001, 4.414805E-001, 9.778942E-001, 7.120721E-001
1.614720E-001, 1.850335E+000, 3.647768E+000, 5.257227E+000, 2.420207E-001, 4.350303E-001, 9.761220E-001, 7.114826E-001
1.614800E-001, 1.955723E+000, 3.542321E+000, 5.328688E+000, 3.410804E-001, 4.328803E-001, 9.738773E-001, 7.047616E-001
1.614880E-001, 1.869340E+000, 3.267085E+000, 5.453743E+000, 5.234402E-001, 4.416000E-001, 9.691514E-001, 7.081810E-001
1.614960E-001, 1.686207E+000, 3.249213E+000, 5.486226E+000, 5.628389E-001, 4.565310E-001, 9.670248E-001, 7.166707E-001
1.615040E-001, 1.674113E+000, 3.510151E+000, 5.513835E+000, 5.110577E-001, 4.593977E-001, 9.690333E-001, 7.144304E-001
1.615120E-001, 1.738037E+000, 3.606662E+000, 5.562559E+000, 5.650903E-001, 4.469751E-001, 9.648982E-001, 7.088885E-001
1.615200E-001, 1.668930E+000, 3.277809E+000, 5.426134E+000, 5.324456E-001, 4.405249E-001, 9.596997E-001, 7.105393E-001
1.615280E-001, 1.606734E+000, 2.952530E+000, 5.310822E+000, 3.061844E-001, 4.447056E-001, 9.593453E-001, 7.169065E-001
1.615360E-001, 1.603279E+000, 3.016871E+000, 5.489474E+000, 1.992450E-001, 4.476918E-001, 9.545013E-001, 7.229201E-001
1.615440E-001, 1.470248E+000, 3.265298E+000, 5.603161E+000, 2.994303E-001, 4.554560E-001, 9.504843E-001, 7.249246E-001
1.615520E-001, 1.363132E+000, 3.401129E+000, 5.580424E+000, 3.669710E-001, 4.656090E-001, 9.530836E-001, 7.284619E-001
1.615600E-001, 1.573908E+000, 3.340362E+000, 5.606410E+000, 3.703480E-001, 4.539031E-001, 9.534380E-001, 7.353008E-001
1.615680E-001, 1.891800E+000, 3.247426E+000, 5.507339E+000, 4.581509E-001, 4.337164E-001, 9.508388E-001, 7.329426E-001
1.615760E-001, 1.915987E+000, 3.365384E+000, 5.474857E+000, 5.335713E-001, 4.436306E-001, 9.472944E-001, 7.231559E-001
1.615840E-001, 1.741492E+000, 3.631683E+000, 5.718472E+000, 4.750361E-001, 4.646535E-001, 9.425686E-001, 7.262216E-001
1.615920E-001, 1.684479E+000, 3.690662E+000, 5.879259E+000, 4.727847E-001, 4.641757E-001, 9.435138E-001, 7.441443E-001
1.616000E-001, 1.789867E+000, 3.422575E+000, 5.798054E+000, 5.369483E-001, 4.640562E-001, 9.517840E-001, 7.509832E-001
1.616080E-001, 1.924625E+000, 3.143765E+000, 5.606410E+000, 4.626536E-001, 4.755233E-001, 9.609994E-001, 7.411965E-001
1.616160E-001, 1.926353E+000, 3.045467E+000, 5.469985E+000, 3.838561E-001, 4.754038E-001, 9.615901E-001, 7.435547E-001
1.616240E-001, 1.845152E+000, 3.007935E+000, 5.572303E+000, 4.480198E-001, 4.635784E-001, 9.502481E-001, 7.595907E-001
1.616320E-001, 1.845152E+000, 3.081212E+000, 5.737962E+000, 4.874185E-001, 4.582033E-001, 9.399694E-001, 7.602983E-001
1.616400E-001, 1.876251E+000, 3.277809E+000, 5.601537E+000, 4.018670E-001, 4.592783E-001, 9.373702E-001, 7.465025E-001
1.616480E-001, 1.845152E+000, 3.302830E+000, 5.258851E+000, 2.712884E-001, 4.608311E-001, 9.348891E-001, 7.383665E-001
1.616560E-001, 1.791595E+000, 3.106233E+000, 5.153284E+000, 2.059990E-001, 4.650118E-001, 9.387879E-001, 7.426114E-001
1.616640E-001, 1.734582E+000, 2.975764E+000, 5.390403E+000, 2.555289E-001, 4.658479E-001, 9.477670E-001, 7.490966E-001
1.616720E-001, 1.698300E+000, 3.057977E+000, 5.508963E+000, 3.354520E-001, 4.665646E-001, 9.435138E-001, 7.422577E-001
1.616800E-001, 1.753586E+000, 3.247426E+000, 5.281589E+000, 3.816048E-001, 4.801817E-001, 9.368976E-001, 7.337680E-001
1.616880E-001, 1.883161E+000, 3.318915E+000, 5.137043E+000, 4.029927E-001, 4.896181E-001, 9.488303E-001, 7.463846E-001
1.616960E-001, 1.955723E+000, 3.172361E+000, 5.281589E+000, 3.737251E-001, 4.807790E-001, 9.641893E-001, 7.613595E-001
1.617040E-001, 1.881434E+000, 3.072275E+000, 5.491098E+000, 3.523372E-001, 4.794650E-001, 9.682063E-001, 7.536951E-001
1.617120E-001, 1.731126E+000, 3.145552E+000, 5.583672E+000, 4.513968E-001, 4.906932E-001, 9.716325E-001, 7.406069E-001
1.617200E-001, 1.705211E+000, 3.161638E+000, 5.570679E+000, 5.346970E-001, 4.897376E-001, 9.763584E-001, 7.401353E-001
1.617280E-001, 1.853791E+000, 3.125893E+000, 5.554438E+000, 4.941726E-001, 4.881848E-001, 9.721051E-001, 7.432010E-001
1.617360E-001, 1.934991E+000, 3.197383E+000, 5.533325E+000, 5.504565E-001, 4.957100E-001, 9.666703E-001, 7.473279E-001
1.617440E-001, 1.812327E+000, 3.372533E+000, 5.525204E+000, 6.900405E-001, 4.871097E-001, 9.780124E-001, 7.522802E-001
1.617520E-001, 1.705211E+000, 3.417214E+000, 5.469985E+000, 6.427621E-001, 4.780317E-001, 9.993968E-001, 7.467383E-001
1.617600E-001, 1.700028E+000, 3.145552E+000, 5.320567E+000, 5.031780E-001, 4.953516E-001, 1.006722E+000, 7.408427E-001
1.617680E-001, 1.634377E+000, 2.957892E+000, 5.372539E+000, 4.468941E-001, 5.087299E-001, 9.963250E-001, 7.542847E-001
1.617760E-001, 1.696573E+000, 3.181297E+000, 5.664877E+000, 4.592766E-001, 4.996518E-001, 9.906540E-001, 7.676088E-001
1.617840E-001, 2.052473E+000, 3.485129E+000, 5.702231E+000, 5.887296E-001, 4.891403E-001, 9.952617E-001, 7.574683E-001
1.617920E-001, 2.214874E+000, 3.563768E+000, 5.414765E+000, 7.035487E-001, 4.915293E-001, 9.897088E-001, 7.406069E-001
1.618000E-001, 1.983366E+000, 3.495853E+000, 5.236114E+000, 5.887296E-001, 5.029963E-001, 9.803753E-001, 7.294052E-001
1.618080E-001, 1.869340E+000, 3.379682E+000, 5.336808E+000, 3.928616E-001, 5.119550E-001, 9.848648E-001, 7.191468E-001
1.618160E-001, 1.960906E+000, 3.222404E+000, 5.554438E+000, 3.365777E-001, 5.138661E-001, 9.872277E-001, 7.173782E-001
1.618240E-001, 1.883161E+000, 3.165212E+000, 5.528452E+000, 3.669710E-001, 5.137467E-001, 9.853374E-001, 7.210335E-001
1.618320E-001, 1.751858E+000, 3.317128E+000, 5.231241E+000, 3.635940E-001, 5.149412E-001, 9.944347E-001, 7.187932E-001
1.618400E-001, 1.805416E+000, 3.485129E+000, 5.213376E+000, 4.018670E-001, 5.055047E-001, 9.986879E-001, 7.212693E-001
1.618480E-001, 1.781229E+000, 3.458320E+000, 5.429382E+000, 5.549592E-001, 4.894987E-001, 9.946709E-001, 7.324709E-001
1.618560E-001, 1.667202E+000, 3.306405E+000, 5.409893E+000, 6.348823E-001, 4.958294E-001, 9.971520E-001, 7.342396E-001
1.618640E-001, 1.791595E+000, 3.256362E+000, 5.315695E+000, 5.245659E-001, 5.169718E-001, 9.979790E-001, 7.179677E-001
1.618720E-001, 1.929808E+000, 3.317128E+000, 5.330312E+000, 4.108724E-001, 5.278416E-001, 9.998694E-001, 7.013421E-001
1.618800E-001, 1.839970E+000, 3.415426E+000, 5.325439E+000, 4.671563E-001, 5.305889E-001, 1.012629E+000, 7.070019E-001
1.618880E-001, 1.945357E+000, 3.540534E+000, 5.307574E+000, 4.964240E-001, 5.258110E-001, 1.016528E+000, 7.288157E-001
1.618960E-001, 2.256338E+000, 3.640620E+000, 5.275092E+000, 3.523372E-001, 5.167329E-001, 1.006367E+000, 7.371874E-001
1.619040E-001, 2.168227E+000, 3.565555E+000, 5.239362E+000, 3.545885E-001, 5.161356E-001, 1.004832E+000, 7.202080E-001
1.619120E-001, 1.839970E+000, 3.288532E+000, 5.331936E+000, 4.874185E-001, 5.219886E-001, 1.009085E+000, 7.003988E-001
1.619200E-001, 1.950540E+000, 3.184872E+000, 5.534949E+000, 3.894846E-001, 5.225858E-001, 1.008140E+000, 6.961540E-001
1.619280E-001, 2.259794E+000, 3.413639E+000, 5.619402E+000, 2.217585E-001, 5.198385E-001, 1.009912E+000, 6.956823E-001
1.619360E-001, 2.095665E+000, 3.483342E+000, 5.528452E+000, 2.195072E-001, 5.303500E-001, 1.014874E+000, 6.906121E-001
1.619440E-001, 1.613645E+000, 3.256362E+000, 5.468360E+000, 2.465235E-001, 5.443254E-001, 1.017237E+000, 6.933241E-001
1.619520E-001, 1.411507E+000, 3.254575E+000, 5.481353E+000, 2.780424E-001, 5.394281E-001, 1.017828E+000, 7.024033E-001
1.619600E-001, 1.544538E+000, 3.551257E+000, 5.411517E+000, 3.118128E-001, 5.319028E-001, 1.015583E+000, 7.002809E-001
1.619680E-001, 1.648198E+000, 3.656705E+000, 5.343305E+000, 3.343263E-001, 5.405031E-001, 1.008848E+000, 6.917912E-001
1.619760E-001, 1.681024E+000, 3.444022E+000, 5.447247E+000, 4.795388E-001, 5.531646E-001, 1.005304E+000, 6.954465E-001
1.619840E-001, 1.833059E+000, 3.324277E+000, 5.596665E+000, 6.044890E-001, 5.535229E-001, 1.017828E+000, 7.021675E-001
1.619920E-001, 2.002371E+000, 3.442235E+000, 5.648636E+000, 4.739104E-001, 5.428920E-001, 1.031060E+000, 6.953286E-001
1.620000E-001, 1.909076E+000, 3.556619E+000, 5.599913E+000, 3.658453E-001, 5.391892E-001, 1.021963E+000, 6.879001E-001
1.620080E-001, 1.610189E+000, 3.579853E+000, 5.531701E+000, 4.626536E-001, 5.480283E-001, 1.006604E+000, 6.914375E-001
1.620160E-001, 1.577363E+000, 3.467257E+000, 5.655133E+000, 4.615279E-001, 5.617648E-001, 1.005540E+000, 6.970973E-001
1.620240E-001, 1.824420E+000, 3.311766E+000, 5.824039E+000, 3.748507E-001, 5.694095E-001, 1.010030E+000, 6.954465E-001
1.620320E-001, 1.862429E+000, 3.363596E+000, 5.664877E+000, 4.862928E-001, 5.604509E-001, 1.008258E+000, 6.890792E-001
1.620400E-001, 1.734582E+000, 3.413639E+000, 5.445623E+000, 6.393850E-001, 5.497006E-001, 1.004595E+000, 6.851881E-001
1.620480E-001, 1.788139E+000, 3.258149E+000, 5.565807E+000, 6.033633E-001, 5.529257E-001, 1.003059E+000, 6.818866E-001
1.620560E-001, 1.893527E+000, 3.218830E+000, 5.859770E+000, 4.727847E-001, 5.580620E-001, 1.001051E+000, 6.763447E-001
1.620640E-001, 1.909076E+000, 3.295681E+000, 5.994570E+000, 4.086211E-001, 5.583009E-001, 1.000460E+000, 6.751656E-001
1.620720E-001, 2.014464E+000, 3.322490E+000, 5.814295E+000, 4.581509E-001, 5.608093E-001, 1.002114E+000, 6.745760E-001
1.620800E-001, 2.144040E+000, 3.547683E+000, 5.486226E+000, 4.941726E-001, 5.631982E-001, 1.000815E+000, 6.644356E-001
1.620880E-001, 2.073205E+000, 3.771089E+000, 5.354673E+000, 4.119981E-001, 5.606898E-001, 9.911266E-001, 6.524085E-001
1.620960E-001, 1.928081E+000, 3.574492E+000, 5.419637E+000, 3.872332E-001, 5.557925E-001, 9.814386E-001, 6.519369E-001
1.621040E-001, 1.967817E+000, 3.320703E+000, 5.453743E+000, 5.346970E-001, 5.538813E-001, 9.846286E-001, 6.634923E-001
1.621120E-001, 2.087026E+000, 3.356447E+000, 5.478105E+000, 6.618986E-001, 5.575842E-001, 9.894725E-001, 6.712745E-001
1.621200E-001, 1.938447E+000, 3.454746E+000, 5.543069E+000, 5.898552E-001, 5.623621E-001, 9.842741E-001, 6.658505E-001
1.621280E-001, 1.665475E+000, 3.483342E+000, 5.497594E+000, 3.861075E-001, 5.606898E-001, 9.843922E-001, 6.604266E-001
1.621360E-001, 1.757041E+000, 3.422575E+000, 5.413141E+000, 2.667857E-001, 5.535229E-001, 9.919536E-001, 6.591295E-001
1.621440E-001, 2.119852E+000, 3.279596E+000, 5.455368E+000, 3.061844E-001, 5.560313E-001, 9.891181E-001, 6.610161E-001
1.621520E-001, 2.187231E+000, 3.308192E+000, 5.518708E+000, 4.063697E-001, 5.646316E-001, 9.801390E-001, 6.691521E-001
1.621600E-001, 1.948813E+000, 3.519087E+000, 5.510587E+000, 5.245659E-001, 5.611676E-001, 9.732865E-001, 6.658505E-001
1.621680E-001, 1.826148E+000, 3.553045E+000, 5.471609E+000, 6.247512E-001, 5.547174E-001, 9.643074E-001, 6.501682E-001
1.621760E-001, 1.883161E+000, 3.367171E+000, 5.456992E+000, 5.909809E-001, 5.611676E-001, 9.612356E-001, 6.480458E-001
1.621840E-001, 1.971272E+000, 3.195595E+000, 5.445623E+000, 4.513968E-001, 5.683345E-001, 9.637167E-001, 6.617236E-001
1.621920E-001, 1.876251E+000, 3.086573E+000, 5.450495E+000, 3.647196E-001, 5.635566E-001, 9.556828E-001, 6.693879E-001
1.622000E-001, 1.630921E+000, 3.152701E+000, 5.598289E+000, 3.568399E-001, 5.612870E-001, 9.422141E-001, 6.578325E-001
1.622080E-001, 1.648198E+000, 3.470831E+000, 5.669750E+000, 3.647196E-001, 5.696484E-001, 9.415053E-001, 6.432114E-001
1.622160E-001, 1.798505E+000, 3.704960E+000, 5.510587E+000, 4.266319E-001, 5.707235E-001, 9.475307E-001, 6.485174E-001
1.622240E-001, 1.732854E+000, 3.658492E+000, 5.465112E+000, 5.121834E-001, 5.637954E-001, 9.469400E-001, 6.650251E-001
1.622320E-001, 1.779501E+000, 3.522661E+000, 5.603161E+000, 4.952983E-001, 5.677373E-001, 9.400875E-001, 6.719820E-001
1.622400E-001, 2.035196E+000, 3.429724E+000, 5.643764E+000, 4.311346E-001, 5.752625E-001, 9.296907E-001, 6.692700E-001
1.622480E-001, 1.978183E+000, 3.419001E+000, 5.471609E+000, 3.984900E-001, 5.672595E-001, 9.228382E-001, 6.716282E-001
1.622560E-001, 1.725943E+000, 3.397554E+000, 5.340056E+000, 4.086211E-001, 5.549563E-001, 9.254374E-001, 6.794105E-001
1.622640E-001, 1.767407E+000, 3.320703E+000, 5.499218E+000, 4.412657E-001, 5.543591E-001, 9.283910E-001, 6.765805E-001
1.622720E-001, 1.941902E+000, 3.311766E+000, 5.645388E+000, 3.906102E-001, 5.575842E-001, 9.267370E-001, 6.702133E-001
1.622800E-001, 1.934991E+000, 3.233128E+000, 5.513835E+000, 2.847965E-001, 5.587786E-001, 9.221293E-001, 6.801179E-001
1.622880E-001, 1.846880E+000, 3.075850E+000, 5.374163E+000, 2.656600E-001, 5.606898E-001, 9.105510E-001, 6.908479E-001
1.622960E-001, 1.998915E+000, 3.138403E+000, 5.468360E+000, 2.499005E-001, 5.684540E-001, 8.949558E-001, 6.833016E-001
1.623040E-001, 2.244245E+000, 3.351086E+000, 5.711976E+000, 1.542179E-001, 5.860128E-001, 8.859767E-001, 6.741044E-001
1.623120E-001, 2.185504E+000, 3.458320E+000, 5.791557E+000, 2.206329E-001, 5.961659E-001, 8.907025E-001, 6.777596E-001
1.623200E-001, 1.998915E+000, 3.451171E+000, 5.671374E+000, 4.412657E-001, 5.875657E-001, 8.985001E-001, 6.835374E-001
1.623280E-001, 1.947085E+000, 3.356447E+000, 5.653509E+000, 4.322603E-001, 5.874462E-001, 8.895211E-001, 6.857777E-001
1.623360E-001, 1.995460E+000, 3.220617E+000, 5.669750E+000, 3.028074E-001, 5.975993E-001, 8.732169E-001, 6.900225E-001
1.623440E-001, 2.133673E+000, 3.170574E+000, 5.549566E+000, 3.793534E-001, 5.868490E-001, 8.689637E-001, 7.013421E-001
1.623520E-001, 2.268432E+000, 3.172361E+000, 5.502467E+000, 5.335713E-001, 5.716791E-001, 8.716810E-001, 7.093601E-001
1.623600E-001, 2.078388E+000, 3.143765E+000, 5.591793E+000, 5.887296E-001, 5.764570E-001, 8.702632E-001, 7.011063E-001
1.623680E-001, 1.663747E+000, 3.213468E+000, 5.658381E+000, 5.459538E-001, 5.818321E-001, 8.604571E-001, 6.879001E-001
1.623760E-001, 1.648198E+000, 3.472618E+000, 5.710352E+000, 4.243806E-001, 5.784876E-001, 8.450981E-001, 6.808254E-001
1.623840E-001, 1.928081E+000, 3.662066E+000, 5.625899E+000, 3.005560E-001, 5.734708E-001, 8.396634E-001, 6.800000E-001
1.623920E-001, 1.931536E+000, 3.547683E+000, 5.401772E+000, 2.746654E-001, 5.685734E-001, 8.435622E-001, 6.864852E-001
1.624000E-001, 1.902166E+000, 3.324277E+000, 5.461864E+000, 3.275723E-001, 5.689318E-001, 8.351739E-001, 6.947390E-001
1.624080E-001, 2.138857E+000, 3.202744E+000, 5.731465E+000, 3.872332E-001, 5.703651E-001, 8.238319E-001, 7.022854E-001
1.624160E-001, 2.207963E+000, 3.116956E+000, 5.804550E+000, 4.390144E-001, 5.664233E-001, 8.384820E-001, 7.058228E-001
1.624240E-001, 1.995460E+000, 3.031169E+000, 5.798054E+000, 4.333860E-001, 5.606898E-001, 8.602208E-001, 7.024033E-001
1.624320E-001, 1.900438E+000, 3.029382E+000, 5.827288E+000, 3.861075E-001, 5.525674E-001, 8.466340E-001, 6.994555E-001
1.624400E-001, 1.941902E+000, 3.141978E+000, 5.736338E+000, 3.309493E-001, 5.425337E-001, 8.134350E-001, 6.973331E-001
1.624480E-001, 1.947085E+000, 3.301043E+000, 5.565807E+000, 2.431464E-001, 5.413392E-001, 8.101270E-001, 6.943853E-001
1.624560E-001, 1.959179E+000, 3.440448E+000, 5.515460E+000, 2.442721E-001, 5.470727E-001, 8.264311E-001, 6.989838E-001
1.624640E-001, 2.040379E+000, 3.540534E+000, 5.586920E+000, 3.996156E-001, 5.487450E-001, 8.264311E-001, 7.104214E-001
1.624720E-001, 2.147495E+000, 3.436873E+000, 5.637268E+000, 5.538335E-001, 5.543591E-001, 8.225323E-001, 7.120721E-001
1.624800E-001, 2.126763E+000, 3.065126E+000, 5.543069E+000, 5.988606E-001, 5.627204E-001, 8.265492E-001, 7.006347E-001
1.624880E-001, 1.978183E+000, 2.866742E+000, 5.331936E+000, 4.975496E-001, 5.536424E-001, 8.230048E-001, 6.934420E-001
1.624960E-001, 1.881434E+000, 3.120531E+000, 5.266972E+000, 3.534628E-001, 5.414587E-001, 8.174520E-001, 6.953286E-001
1.625040E-001, 1.810599E+000, 3.426150E+000, 5.405020E+000, 3.748507E-001, 5.481477E-001, 8.265492E-001, 6.930882E-001
1.625120E-001, 1.674113E+000, 3.477980E+000, 5.468360E+000, 4.491455E-001, 5.524479E-001, 8.397816E-001, 6.825941E-001
1.625200E-001, 1.720760E+000, 3.370745E+000, 5.349801E+000, 3.816048E-001, 5.428920E-001, 8.458070E-001, 6.800000E-001
1.625280E-001, 2.021375E+000, 3.161638E+000, 5.301078E+000, 3.624683E-001, 5.388308E-001, 8.484063E-001, 6.909658E-001
1.625360E-001, 2.088754E+000, 2.922147E+000, 5.510587E+000, 4.716590E-001, 5.468338E-001, 8.447437E-001, 6.940315E-001
1.625440E-001, 1.900438E+000, 2.802401E+000, 5.614530E+000, 5.166861E-001, 5.544785E-001, 8.364735E-001, 6.853061E-001
1.625520E-001, 1.950540E+000, 2.884615E+000, 5.478105E+000, 5.020523E-001, 5.445643E-001, 8.308025E-001, 6.829478E-001
1.625600E-001, 2.149223E+000, 3.109807E+000, 5.598289E+000, 4.952983E-001, 5.267665E-001, 8.252496E-001, 6.834195E-001
1.625680E-001, 2.128490E+000, 3.297468E+000, 5.853273E+000, 5.088064E-001, 5.353668E-001, 8.204057E-001, 6.746939E-001
1.625760E-001, 2.023103E+000, 3.231340E+000, 5.655133E+000, 5.425767E-001, 5.602120E-001, 8.220597E-001, 6.665580E-001
1.625840E-001, 1.993732E+000, 3.043679E+000, 5.257227E+000, 4.874185E-001, 5.620037E-001, 8.244226E-001, 6.666759E-001
1.625920E-001, 1.877978E+000, 3.192021E+000, 5.266972E+000, 3.478345E-001, 5.512534E-001, 8.256041E-001, 6.632565E-001
1.626000E-001, 1.720760E+000, 3.524449E+000, 5.500843E+000, 3.174412E-001, 5.530452E-001, 8.354102E-001, 6.547668E-001
1.626080E-001, 1.729398E+000, 3.438661E+000, 5.530077E+000, 4.727847E-001, 5.583009E-001, 8.439167E-001, 6.584221E-001
1.626160E-001, 1.893527E+000, 3.056190E+000, 5.489474E+000, 6.202485E-001, 5.542396E-001, 8.370642E-001, 6.669117E-001
1.626240E-001, 2.128490E+000, 2.832784E+000, 5.591793E+000, 5.437024E-001, 5.382336E-001, 8.286759E-001, 6.586578E-001
1.626320E-001, 2.140584E+000, 2.866742E+000, 5.606410E+000, 4.052441E-001, 5.256915E-001, 8.282033E-001, 6.459234E-001
1.626400E-001, 1.850335E+000, 3.057977E+000, 5.361170E+000, 4.502712E-001, 5.346501E-001, 8.276125E-001, 6.436830E-001
1.626480E-001, 1.781229E+000, 3.215255E+000, 5.328688E+000, 5.099321E-001, 5.488644E-001, 8.240682E-001, 6.454517E-001
1.626560E-001, 1.973000E+000, 3.224191E+000, 5.781813E+000, 4.176265E-001, 5.528063E-001, 8.212327E-001, 6.461592E-001
1.626640E-001, 1.979911E+000, 3.154489E+000, 6.044918E+000, 3.816048E-001, 5.486255E-001, 8.240682E-001, 6.384949E-001
1.626720E-001, 1.891800E+000, 3.077637E+000, 5.736338E+000, 4.615279E-001, 5.430115E-001, 8.290303E-001, 6.237559E-001
1.626800E-001, 2.040379E+000, 3.045467E+000, 5.465112E+000, 4.558995E-001, 5.432504E-001, 8.276125E-001, 6.198648E-001
1.626880E-001, 2.206236E+000, 3.120531E+000, 5.508963E+000, 3.894846E-001, 5.395475E-001, 8.276125E-001, 6.290619E-001
1.626960E-001, 2.000643E+000, 3.183085E+000, 5.455368E+000, 3.827305E-001, 5.292749E-001, 8.330473E-001, 6.288261E-001
1.627040E-001, 1.791595E+000, 3.192021E+000, 5.234489E+000, 4.210035E-001, 5.286777E-001, 8.341106E-001, 6.127900E-001
1.627120E-001, 1.957451E+000, 3.256362E+000, 5.232865E+000, 4.626536E-001, 5.372779E-001, 8.331654E-001, 6.031212E-001
1.627200E-001, 2.093937E+000, 3.231340E+000, 5.534949E+000, 4.333860E-001, 5.443254E-001, 8.290303E-001, 6.043003E-001
1.627280E-001, 2.100848E+000, 3.070488E+000, 5.752579E+000, 3.793534E-001, 5.501783E-001, 8.149709E-001, 6.044182E-001
1.627360E-001, 2.209691E+000, 2.911423E+000, 5.689239E+000, 4.277576E-001, 5.541202E-001, 8.070552E-001, 6.080735E-001
1.627440E-001, 2.239061E+000, 2.823848E+000, 5.554438E+000, 5.020523E-001, 5.473116E-001, 8.157979E-001, 6.151482E-001
1.627520E-001, 2.085299E+000, 2.898913E+000, 5.440751E+000, 4.851672E-001, 5.344112E-001, 8.212327E-001, 6.138512E-001
1.627600E-001, 1.914259E+000, 3.081212E+000, 5.382283E+000, 4.817901E-001, 5.286777E-001, 8.156798E-001, 6.084272E-001
1.627680E-001, 1.909076E+000, 3.277809E+000, 5.491098E+000, 4.660307E-001, 5.302305E-001, 8.084729E-001, 6.037108E-001
1.627760E-001, 2.130218E+000, 3.422575E+000, 5.609658E+000, 3.095614E-001, 5.308278E-001, 8.009115E-001, 5.915658E-001
1.627840E-001, 2.209691E+000, 3.410065E+000, 5.534949E+000, 2.408951E-001, 5.268860E-001, 7.989030E-001, 5.828403E-001
1.627920E-001, 2.038652E+000, 3.318915E+000, 5.341681E+000, 4.412657E-001, 5.256915E-001, 8.002027E-001, 5.912121E-001
1.628000E-001, 2.033469E+000, 3.195595E+000, 5.227993E+000, 6.281282E-001, 5.246165E-001, 7.912236E-001, 5.998197E-001
1.628080E-001, 2.099120E+000, 3.093722E+000, 5.271844E+000, 5.200632E-001, 5.148217E-001, 7.824808E-001, 5.979331E-001
1.628160E-001, 2.080116E+000, 3.113382E+000, 5.372539E+000, 2.589059E-001, 5.132689E-001, 7.914599E-001, 5.953390E-001
1.628240E-001, 2.169955E+000, 3.079424E+000, 5.517084E+000, 1.969936E-001, 5.248554E-001, 8.065826E-001, 5.903867E-001
1.628320E-001, 2.102576E+000, 3.077637E+000, 5.689239E+000, 3.332007E-001, 5.247359E-001, 8.071733E-001, 5.769447E-001
1.628400E-001, 1.857246E+000, 3.283170E+000, 5.747706E+000, 4.536482E-001, 5.118355E-001, 7.925232E-001, 5.635027E-001
1.628480E-001, 1.896983E+000, 3.336788E+000, 5.671374E+000, 4.581509E-001, 5.001296E-001, 7.855526E-001, 5.638564E-001
1.628560E-001, 2.080116E+000, 3.104446E+000, 5.596665E+000, 2.960533E-001, 4.871097E-001, 7.931139E-001, 5.745865E-001
1.628640E-001, 2.104303E+000, 3.020445E+000, 5.560935E+000, 2.116274E-001, 4.769566E-001, 7.951224E-001, 5.754118E-001
1.628720E-001, 2.071477E+000, 3.233128E+000, 5.525204E+000, 4.367630E-001, 4.754038E-001, 7.896877E-001, 5.602012E-001
1.628800E-001, 2.004098E+000, 3.383256E+000, 5.559310E+000, 6.326309E-001, 4.740899E-001, 7.855526E-001, 5.501786E-001
1.628880E-001, 1.953996E+000, 3.320703E+000, 5.604785E+000, 4.637793E-001, 4.820929E-001, 7.770461E-001, 5.598474E-001
1.628960E-001, 2.038652E+000, 3.276021E+000, 5.489474E+000, 2.656600E-001, 5.007268E-001, 7.686577E-001, 5.731715E-001
1.629040E-001, 2.207963E+000, 3.356447E+000, 5.312447E+000, 3.410804E-001, 5.010852E-001, 7.646407E-001, 5.754118E-001
1.629120E-001, 2.359998E+000, 3.333213E+000, 5.434254E+000, 4.390144E-001, 4.884236E-001, 7.562524E-001, 5.666863E-001
1.629200E-001, 2.287436E+000, 3.065126E+000, 5.804550E+000, 3.759764E-001, 4.933210E-001, 7.426656E-001, 5.572534E-001
1.629280E-001, 2.114669E+000, 2.773805E+000, 5.778564E+000, 2.769168E-001, 4.959489E-001, 7.295514E-001, 5.631490E-001
1.629360E-001, 2.228695E+000, 2.859593E+000, 5.323815E+000, 3.332007E-001, 4.761205E-001, 7.206904E-001, 5.702237E-001
1.629440E-001, 2.373820E+000, 3.290319E+000, 5.211752E+000, 4.862928E-001, 4.653701E-001, 7.132472E-001, 5.599653E-001
1.629520E-001, 2.157861E+000, 3.461895E+000, 5.530077E+000, 3.962386E-001, 4.719398E-001, 7.075762E-001, 5.540697E-001
1.629600E-001, 1.881434E+000, 3.268872E+000, 5.695735E+000, 1.654747E-001, 4.756427E-001, 7.121840E-001, 5.627952E-001
1.629680E-001, 1.974728E+000, 3.218830E+000, 5.586920E+000, 2.431464E-001, 4.787484E-001, 7.171460E-001, 5.689266E-001
1.629760E-001, 2.164772E+000, 3.283170E+000, 5.534949E+000, 5.223145E-001, 4.792261E-001, 7.106481E-001, 5.647997E-001
1.629840E-001, 1.978183E+000, 3.258149E+000, 5.676246E+000, 6.483905E-001, 4.718204E-001, 7.026141E-001, 5.530085E-001
1.629920E-001, 1.741492E+000, 3.379682E+000, 5.785061E+000, 6.675270E-001, 4.652507E-001, 6.983609E-001, 5.467591E-001
1.630000E-001, 1.986822E+000, 3.429724E+000, 5.710352E+000, 6.877892E-001, 4.628617E-001, 6.951709E-001, 5.531264E-001
1.630080E-001, 2.294347E+000, 3.025807E+000, 5.539821E+000, 6.101174E-001, 4.608311E-001, 6.961161E-001, 5.544235E-001
1.630160E-001, 2.138857E+000, 2.634400E+000, 5.401772E+000, 4.671563E-001, 4.540226E-001, 6.948165E-001, 5.464054E-001
1.630240E-001, 1.966089E+000, 2.822061E+000, 5.406644E+000, 4.097467E-001, 4.479307E-001, 6.801664E-001, 5.474666E-001
1.630320E-001, 2.119852E+000, 3.229553E+000, 5.596665E+000, 4.266319E-001, 4.506780E-001, 6.644530E-001, 5.584325E-001
1.630400E-001, 2.211419E+000, 3.247426E+000, 5.762323E+000, 4.007413E-001, 4.484085E-001, 6.637441E-001, 5.607907E-001
1.630480E-001, 2.104303E+000, 3.056190E+000, 5.669750E+000, 3.174412E-001, 4.362248E-001, 6.697695E-001, 5.561921E-001
1.630560E-001, 2.123307E+000, 3.043679E+000, 5.513835E+000, 2.960533E-001, 4.332386E-001, 6.720143E-001, 5.633848E-001
1.630640E-001, 2.334083E+000, 3.156276E+000, 5.549566E+000, 3.455831E-001, 4.431528E-001, 6.698877E-001, 5.715207E-001
1.630720E-001, 2.353088E+000, 3.211681E+000, 5.660005E+000, 3.557142E-001, 4.447056E-001, 6.611449E-001, 5.678654E-001
1.630800E-001, 2.004098E+000, 3.116956E+000, 5.622651E+000, 3.467088E-001, 4.319247E-001, 6.492121E-001, 5.701058E-001
1.630880E-001, 1.719033E+000, 3.090148E+000, 5.431006E+000, 4.029927E-001, 4.228466E-001, 6.442500E-001, 5.755298E-001
1.630960E-001, 1.824420E+000, 3.306405E+000, 5.322191E+000, 4.795388E-001, 4.230855E-001, 6.444863E-001, 5.695162E-001
1.631040E-001, 2.092209E+000, 3.465469E+000, 5.447247E+000, 4.986753E-001, 4.303718E-001, 6.358616E-001, 5.701058E-001
1.631120E-001, 2.306441E+000, 3.351086E+000, 5.661629E+000, 4.806645E-001, 4.388527E-001, 6.241652E-001, 5.846090E-001
1.631200E-001, 2.363454E+000, 3.177723E+000, 5.711976E+000, 4.885442E-001, 4.370609E-001, 6.233382E-001, 5.873210E-001
1.631280E-001, 2.171682E+000, 3.231340E+000, 5.557686E+000, 5.313200E-001, 4.357470E-001, 6.246378E-001, 5.736431E-001
1.631360E-001, 2.030013E+000, 3.376107E+000, 5.510587E+000, 5.414510E-001, 4.401666E-001, 6.186123E-001, 5.656251E-001
1.631440E-001, 2.138857E+000, 3.213468E+000, 5.687614E+000, 4.907956E-001, 4.347914E-001, 6.046711E-001, 5.664505E-001
1.631520E-001, 2.133673E+000, 2.975764E+000, 5.715224E+000, 4.784131E-001, 4.272662E-001, 5.851770E-001, 5.681013E-001
1.631600E-001, 1.909076E+000, 3.152701E+000, 5.484601E+000, 5.887296E-001, 4.355081E-001, 5.824596E-001, 5.739969E-001
1.631680E-001, 1.843425E+000, 3.435086E+000, 5.387156E+000, 7.103028E-001, 4.470946E-001, 5.974642E-001, 5.771805E-001
1.631760E-001, 1.969545E+000, 3.390405E+000, 5.570679E+000, 6.202485E-001, 4.437500E-001, 5.969916E-001, 5.668042E-001
1.631840E-001, 2.043835E+000, 3.211681E+000, 5.604785E+000, 4.074954E-001, 4.315663E-001, 5.812782E-001, 5.550130E-001
1.631920E-001, 2.097392E+000, 3.215255E+000, 5.284837E+000, 3.602169E-001, 4.239216E-001, 5.750164E-001, 5.527726E-001
1.632000E-001, 2.187231E+000, 3.388618E+000, 5.076952E+000, 4.311346E-001, 4.263106E-001, 5.809237E-001, 5.581966E-001
1.632080E-001, 2.261521E+000, 3.352873E+000, 5.247482E+000, 4.502712E-001, 4.372998E-001, 5.881307E-001, 5.704595E-001
1.632160E-001, 2.308168E+000, 3.116956E+000, 5.405020E+000, 4.119981E-001, 4.494835E-001, 5.809237E-001, 5.744686E-001
1.632240E-001, 2.225240E+000, 3.183085E+000, 5.331936E+000, 3.602169E-001, 4.584422E-001, 5.604845E-001, 5.613803E-001
1.632320E-001, 2.071477E+000, 3.404703E+000, 5.366042E+000, 3.759764E-001, 4.565310E-001, 5.494969E-001, 5.501786E-001
1.632400E-001, 2.144040E+000, 3.318915E+000, 5.596665E+000, 4.108724E-001, 4.395694E-001, 5.500876E-001, 5.539518E-001
1.632480E-001, 2.318534E+000, 3.200957E+000, 5.720097E+000, 3.714737E-001, 4.269078E-001, 5.477247E-001, 5.655072E-001
1.632560E-001, 2.270159E+000, 3.313554E+000, 5.744458E+000, 3.838561E-001, 4.292968E-001, 5.354375E-001, 5.697520E-001
1.632640E-001, 2.140584E+000, 3.306405E+000, 5.755827E+000, 4.727847E-001, 4.285801E-001, 5.226778E-001, 5.591399E-001
1.632720E-001, 2.050745E+000, 3.179510E+000, 5.642140E+000, 4.536482E-001, 4.214132E-001, 5.277581E-001, 5.517114E-001
1.632800E-001, 1.948813E+000, 3.188446E+000, 5.525204E+000, 3.073101E-001, 4.215327E-001, 5.434715E-001, 5.606728E-001
1.632880E-001, 2.042107E+000, 3.070488E+000, 5.528452E+000, 1.936166E-001, 4.239216E-001, 5.507965E-001, 5.652714E-001
1.632960E-001, 2.328900E+000, 2.804188E+000, 5.497594E+000, 2.217585E-001, 4.221299E-001, 5.503240E-001, 5.592579E-001
1.633040E-001, 2.437744E+000, 2.857806E+000, 5.474857E+000, 3.568399E-001, 4.199798E-001, 5.439441E-001, 5.583146E-001
1.633120E-001, 2.252883E+000, 3.115169E+000, 5.585296E+000, 4.525225E-001, 4.189048E-001, 5.301210E-001, 5.578429E-001
1.633200E-001, 2.095665E+000, 3.192021E+000, 5.647012E+000, 4.221292E-001, 4.205771E-001, 5.236229E-001, 5.480562E-001
1.633280E-001, 2.192414E+000, 3.218830E+000, 5.515460E+000, 3.444574E-001, 4.260717E-001, 5.341380E-001, 5.388590E-001
1.633360E-001, 2.240789E+000, 3.306405E+000, 5.320567E+000, 3.410804E-001, 4.302524E-001, 5.426444E-001, 5.429860E-001
1.633440E-001, 2.078388E+000, 3.388618E+000, 5.226369E+000, 4.018670E-001, 4.328803E-001, 5.376824E-001, 5.512398E-001
1.633520E-001, 1.985094E+000, 3.528023E+000, 5.344929E+000, 4.750361E-001, 4.372998E-001, 5.378005E-001, 5.544235E-001
1.633600E-001, 2.024830E+000, 3.710322E+000, 5.593417E+000, 4.862928E-001, 4.351498E-001, 5.483155E-001, 5.581966E-001
1.633680E-001, 2.062839E+000, 3.805046E+000, 5.664877E+000, 4.018670E-001, 4.264300E-001, 5.489062E-001, 5.511219E-001
1.633760E-001, 2.128490E+000, 3.674577E+000, 5.508963E+000, 3.613426E-001, 4.281023E-001, 5.382730E-001, 5.308410E-001
1.633840E-001, 2.237334E+000, 3.365384E+000, 5.364418E+000, 3.816048E-001, 4.369415E-001, 5.318932E-001, 5.315484E-001
1.633920E-001, 2.216602E+000, 3.188446E+000, 5.385531E+000, 4.142494E-001, 4.314469E-001, 5.360283E-001, 5.513577E-001
1.634000E-001, 2.109486E+000, 3.104446E+000, 5.582048E+000, 5.200632E-001, 4.177103E-001, 5.439441E-001, 5.504144E-001
1.634080E-001, 2.111214E+000, 2.906062E+000, 5.713600E+000, 5.999863E-001, 4.193826E-001, 5.405178E-001, 5.321380E-001
1.634160E-001, 2.106031E+000, 2.927509E+000, 5.629147E+000, 5.189375E-001, 4.284607E-001, 5.302391E-001, 5.258887E-001
1.634240E-001, 2.093937E+000, 3.222404E+000, 5.637268E+000, 3.804791E-001, 4.295357E-001, 5.272855E-001, 5.363829E-001
1.634320E-001, 2.220057E+000, 3.274234E+000, 5.692487E+000, 3.365777E-001, 4.343136E-001, 5.264584E-001, 5.454621E-001
1.634400E-001, 2.308168E+000, 3.208106E+000, 5.435878E+000, 3.489601E-001, 4.432722E-001, 5.216145E-001, 5.383874E-001
1.634480E-001, 2.195870E+000, 3.410065E+000, 5.185766E+000, 3.118128E-001, 4.457807E-001, 5.178338E-001, 5.295439E-001
1.634560E-001, 2.052473E+000, 3.597726E+000, 5.296206E+000, 3.185668E-001, 4.435111E-001, 5.198423E-001, 5.335529E-001
1.634640E-001, 2.102576E+000, 3.538747E+000, 5.450495E+000, 3.928616E-001, 4.369415E-001, 5.209056E-001, 5.360291E-001
1.634720E-001, 2.261521E+000, 3.308192E+000, 5.432630E+000, 3.816048E-001, 4.339553E-001, 5.126354E-001, 5.301335E-001
1.634800E-001, 2.192414E+000, 3.122318E+000, 5.409893E+000, 3.028074E-001, 4.435111E-001, 5.017660E-001, 5.238842E-001
1.634880E-001, 1.959179E+000, 3.372533E+000, 5.487850E+000, 2.769168E-001, 4.504391E-001, 4.914873E-001, 5.195214E-001
1.634960E-001, 1.938447E+000, 3.765727E+000, 5.575552E+000, 3.140641E-001, 4.421972E-001, 4.813267E-001, 5.245916E-001
1.635040E-001, 2.076660E+000, 3.599513E+000, 5.603161E+000, 3.208182E-001, 4.341942E-001, 4.809723E-001, 5.350859E-001
1.635120E-001, 2.216602E+000, 3.099084E+000, 5.591793E+000, 2.814195E-001, 4.316858E-001, 4.834533E-001, 5.291902E-001
1.635200E-001, 2.251155E+000, 2.984700E+000, 5.491098E+000, 3.320750E-001, 4.215327E-001, 4.800271E-001, 5.148049E-001
1.635280E-001, 2.002371E+000, 3.315341E+000, 5.349801E+000, 3.669710E-001, 4.080350E-001, 4.783731E-001, 5.175169E-001
1.635360E-001, 1.814054E+000, 3.556619E+000, 5.403396E+000, 1.958680E-001, 4.061238E-001, 4.736472E-001, 5.214080E-001
1.635440E-001, 2.045562E+000, 3.497640E+000, 5.541445E+000, 1.114421E-001, 4.185465E-001, 4.624234E-001, 5.107959E-001
1.635520E-001, 2.299530E+000, 3.395767E+000, 5.426134E+000, 3.129385E-001, 4.273856E-001, 4.522628E-001, 5.098526E-001
1.635600E-001, 2.240789E+000, 3.385043E+000, 5.210128E+000, 4.468941E-001, 4.163964E-001, 4.447014E-001, 5.169274E-001
1.635680E-001, 2.035196E+000, 3.431512E+000, 5.286461E+000, 3.883589E-001, 4.088712E-001, 4.431655E-001, 5.079660E-001
1.635760E-001, 1.981638E+000, 3.392192E+000, 5.491098E+000, 4.142494E-001, 4.165159E-001, 4.454103E-001, 5.017167E-001
1.635840E-001, 2.137129E+000, 3.343937E+000, 5.427758E+000, 4.502712E-001, 4.168742E-001, 4.455285E-001, 5.175169E-001
1.635920E-001, 2.156133E+000, 3.483342E+000, 5.301078E+000, 2.589059E-001, 4.141269E-001, 4.423385E-001, 5.349679E-001
1.636000E-001, 1.997187E+000, 3.599513E+000, 5.463488E+000, 5.966093E-002, 4.168742E-001, 4.319417E-001, 5.329634E-001
1.636080E-001, 2.043835E+000, 3.619173E+000, 5.672998E+000, 1.193219E-001, 4.163964E-001, 4.218993E-001, 5.148049E-001
1.636160E-001, 2.199325E+000, 3.653130E+000, 5.682742E+000, 2.521518E-001, 4.199798E-001, 4.207178E-001, 5.027779E-001
1.636240E-001, 2.111214E+000, 3.499427E+000, 5.586920E+000, 2.802938E-001, 4.243994E-001, 4.172916E-001, 5.049003E-001
1.636320E-001, 1.969545E+000, 3.317128E+000, 5.458616E+000, 3.129385E-001, 4.189048E-001, 4.034685E-001, 5.060794E-001
1.636400E-001, 2.131946E+000, 3.529810E+000, 5.458616E+000, 3.602169E-001, 4.128129E-001, 3.853922E-001, 4.995942E-001
1.636480E-001, 2.334083E+000, 3.790748E+000, 5.650260E+000, 3.737251E-001, 4.060044E-001, 3.701513E-001, 4.902792E-001
1.636560E-001, 2.161316E+000, 3.624534E+000, 5.690863E+000, 4.142494E-001, 3.964486E-001, 3.653074E-001, 4.836761E-001
1.636640E-001, 1.871068E+000, 3.335001E+000, 5.528452E+000, 3.973643E-001, 3.964486E-001, 3.692062E-001, 4.824970E-001
1.636720E-001, 1.950540E+000, 3.267085E+000, 5.495970E+000, 2.712884E-001, 4.003903E-001, 3.670796E-001, 4.822612E-001
1.636800E-001, 2.173410E+000, 3.347511E+000, 5.518708E+000, 2.307640E-001, 3.929845E-001, 3.573916E-001, 4.826149E-001
1.636880E-001, 2.076660E+000, 3.393980E+000, 5.416389E+000, 3.512115E-001, 3.812786E-001, 3.534928E-001, 4.861522E-001
1.636960E-001, 1.924625E+000, 3.245638E+000, 5.445623E+000, 4.716590E-001, 3.782924E-001, 3.503028E-001, 4.916941E-001
1.637040E-001, 2.026558E+000, 3.088361E+000, 5.642140E+000, 4.739104E-001, 3.772174E-001, 3.358890E-001, 4.951136E-001
1.637120E-001, 2.176865E+000, 3.265298E+000, 5.687614E+000, 4.300089E-001, 3.686171E-001, 3.254921E-001, 4.945240E-001
1.637200E-001, 2.268432E+000, 3.486917E+000, 5.557686E+000, 4.423914E-001, 3.579862E-001, 3.300999E-001, 4.912225E-001
1.637280E-001, 2.353088E+000, 3.335001E+000, 5.422885E+000, 4.423914E-001, 3.515360E-001, 3.334079E-001, 4.830865E-001
1.637360E-001, 2.280525E+000, 3.177723E+000, 5.409893E+000, 4.255062E-001, 3.453247E-001, 3.326991E-001, 4.750685E-001
1.637440E-001, 2.050745E+000, 3.356447E+000, 5.521956E+000, 4.874185E-001, 3.372023E-001, 3.283277E-001, 4.770730E-001
1.637520E-001, 1.919442E+000, 3.544108E+000, 5.570679E+000, 5.144348E-001, 3.338577E-001, 3.072977E-001, 4.799029E-001
1.637600E-001, 1.950540E+000, 3.497640E+000, 5.482977E+000, 4.108724E-001, 3.376800E-001, 2.901665E-001, 4.709416E-001
1.637680E-001, 1.962634E+000, 3.347511E+000, 5.487850E+000, 2.847965E-001, 3.477137E-001, 2.992637E-001, 4.549055E-001
1.637760E-001, 1.896983E+000, 3.401129E+000, 5.642140E+000, 2.082504E-001, 3.640781E-001, 3.009178E-001, 4.464158E-001
1.637840E-001, 2.004098E+000, 3.681726E+000, 5.614530E+000, 2.510262E-001, 3.735145E-001, 2.804785E-001, 4.599757E-001
1.637920E-001, 2.330628E+000, 3.746067E+000, 5.400148E+000, 3.793534E-001, 3.647948E-001, 2.781156E-001, 4.783700E-001
1.638000E-001, 2.413556E+000, 3.578066E+000, 5.367666E+000, 2.881735E-001, 3.495054E-001, 2.921750E-001, 4.715311E-001
1.638080E-001, 2.135401E+000, 3.492278E+000, 5.487850E+000, 9.343126E-002, 3.388745E-001, 2.873310E-001, 4.584429E-001
1.638160E-001, 1.941902E+000, 3.377894E+000, 5.505715E+000, 2.645343E-001, 3.329021E-001, 2.691365E-001, 4.695266E-001
1.638240E-001, 1.926353E+000, 3.315341E+000, 5.512211E+000, 4.840415E-001, 3.266908E-001, 2.490517E-001, 4.846194E-001
1.638320E-001, 1.852063E+000, 3.576279E+000, 5.684366E+000, 3.725994E-001, 3.147460E-001, 2.323931E-001, 4.800208E-001
1.638400E-001, 1.874523E+000, 3.767514E+000, 5.824039E+000, 3.174412E-001, 3.059068E-001, 2.385367E-001, 4.689370E-001
1.638480E-001, 2.095665E+000, 3.642407E+000, 5.729841E+000, 4.018670E-001, 3.098486E-001, 2.581489E-001, 4.653997E-001
1.638560E-001, 2.156133E+000, 3.660279E+000, 5.638892E+000, 3.816048E-001, 3.106847E-001, 2.559042E-001, 4.665788E-001
1.638640E-001, 1.955723E+000, 3.767514E+000, 5.768820E+000, 3.624683E-001, 3.006511E-001, 2.345198E-001, 4.586787E-001
1.638720E-001, 1.803688E+000, 3.615598E+000, 5.841905E+000, 4.131238E-001, 2.970676E-001, 2.244774E-001, 4.380440E-001
1.638800E-001, 1.896983E+000, 3.467257E+000, 5.658381E+000, 3.534628E-001, 2.994566E-001, 2.276673E-001, 4.322664E-001
1.638880E-001, 2.150950E+000, 3.456533E+000, 5.474857E+000, 1.789828E-001, 2.973065E-001, 2.258951E-001, 4.537264E-001
1.638960E-001, 2.256338E+000, 3.477980E+000, 5.429382E+000, 1.969936E-001, 2.946787E-001, 2.195152E-001, 4.689370E-001
1.639040E-001, 2.080116E+000, 3.558406E+000, 5.453743E+000, 4.536482E-001, 2.932453E-001, 2.192789E-001, 4.573817E-001
1.639120E-001, 1.934991E+000, 3.551257E+000, 5.508963E+000, 5.515822E-001, 2.888257E-001, 2.247136E-001, 4.407560E-001
1.639200E-001, 2.030013E+000, 3.458320E+000, 5.525204E+000, 4.063697E-001, 2.821366E-001, 2.232959E-001, 4.337992E-001
1.639280E-001, 2.140584E+000, 3.608449E+000, 5.515460E+000, 3.039330E-001, 2.793893E-001, 2.092365E-001, 4.320305E-001
1.639360E-001, 2.116397E+000, 3.874749E+000, 5.582048E+000, 3.039330E-001, 2.827339E-001, 2.014389E-001, 4.279036E-001
1.639440E-001, 1.978183E+000, 3.819344E+000, 5.661629E+000, 3.230695E-001, 2.842867E-001, 2.081732E-001, 4.159944E-001
1.639520E-001, 1.834786E+000, 3.579853E+000, 5.684366E+000, 2.994303E-001, 2.826144E-001, 2.062829E-001, 4.072689E-001
1.639600E-001, 1.896983E+000, 3.440448E+000, 5.647012E+000, 1.801085E-001, 2.861979E-001, 1.921054E-001, 4.106884E-001
1.639680E-001, 2.059384E+000, 3.354660E+000, 5.484601E+000, 8.892855E-002, 2.914536E-001, 1.847803E-001, 4.152870E-001
1.639760E-001, 2.111214E+000, 3.326064E+000, 5.382283E+000, 1.542179E-001, 2.828533E-001, 1.850166E-001, 4.158765E-001
1.639840E-001, 2.140584E+000, 3.420788E+000, 5.604785E+000, 2.330153E-001, 2.692362E-001, 1.871432E-001, 4.182348E-001
1.639920E-001, 2.228695E+000, 3.604875E+000, 5.812671E+000, 2.172558E-001, 2.773587E-001, 1.876158E-001, 4.214184E-001
1.640000E-001, 2.197597E+000, 3.731769E+000, 5.559310E+000, 1.947423E-001, 2.932453E-001, 1.791093E-001, 4.181169E-001
1.640080E-001, 1.940174E+000, 3.746067E+000, 5.211752E+000, 1.711030E-001, 2.863173E-001, 1.651681E-001, 4.058540E-001
1.640160E-001, 1.725943E+000, 3.781812E+000, 5.278340E+000, 1.159448E-001, 2.728197E-001, 1.597334E-001, 3.972464E-001
1.640240E-001, 1.869340E+000, 3.765727E+000, 5.487850E+000, 1.542179E-001, 2.684001E-001, 1.654044E-001, 4.009017E-001
1.640320E-001, 2.104303E+000, 3.610236E+000, 5.453743E+000, 3.534628E-001, 2.619499E-001, 1.678854E-001, 4.040853E-001
1.640400E-001, 2.012737E+000, 3.536959E+000, 5.348177E+000, 4.761617E-001, 2.558580E-001, 1.591426E-001, 4.044391E-001
1.640480E-001, 1.853791E+000, 3.529810E+000, 5.465112E+000, 3.174412E-001, 2.516773E-001, 1.454377E-001, 4.078585E-001
1.640560E-001, 1.971272E+000, 3.368958E+000, 5.695735E+000, 1.429611E-001, 2.458244E-001, 1.363405E-001, 4.044391E-001
1.640640E-001, 2.199325E+000, 3.354660E+000, 5.698983E+000, 2.521518E-001, 2.427187E-001, 1.368130E-001, 3.968927E-001
1.640720E-001, 2.308168E+000, 3.797897E+000, 5.562559E+000, 4.255062E-001, 2.332823E-001, 1.433111E-001, 3.979539E-001
1.640800E-001, 2.237334E+000, 4.112453E+000, 5.445623E+000, 3.793534E-001, 2.116622E-001, 1.489821E-001, 4.009017E-001
1.640880E-001, 2.074933E+000, 3.763940E+000, 5.115930E+000, 2.589059E-001, 2.013897E-001, 1.500454E-001, 3.902896E-001
1.640960E-001, 2.031741E+000, 3.281383E+000, 4.919413E+000, 2.240099E-001, 2.066454E-001, 1.503998E-001, 3.760222E-001
1.641040E-001, 2.131946E+000, 3.184872E+000, 5.297830E+000, 2.431464E-001, 2.017480E-001, 1.560708E-001, 3.768476E-001
1.641120E-001, 2.112942E+000, 3.417214E+000, 5.663253E+000, 3.489601E-001, 1.865781E-001, 1.655225E-001, 3.756685E-001
1.641200E-001, 2.026558E+000, 3.758578E+000, 5.616154E+000, 4.727847E-001, 1.822779E-001, 1.728476E-001, 3.588070E-001
1.641280E-001, 2.144040E+000, 3.887259E+000, 5.510587E+000, 4.052441E-001, 1.898032E-001, 1.734383E-001, 3.549159E-001
1.641360E-001, 2.173410E+000, 3.706748E+000, 5.492722E+000, 2.071247E-001, 2.000757E-001, 1.711935E-001, 3.707162E-001
1.641440E-001, 1.865885E+000, 3.424363E+000, 5.604785E+000, 1.553435E-001, 2.109455E-001, 1.695395E-001, 3.782625E-001
1.641520E-001, 1.772590E+000, 3.309979E+000, 5.827288E+000, 2.791681E-001, 2.123789E-001, 1.617418E-001, 3.716594E-001
1.641600E-001, 2.157861E+000, 3.504789E+000, 5.838656E+000, 3.478345E-001, 1.993590E-001, 1.462647E-001, 3.615190E-001
1.641680E-001, 2.209691E+000, 3.653130E+000, 5.685990E+000, 3.084357E-001, 1.937450E-001, 1.337412E-001, 3.537368E-001
1.641760E-001, 1.724216E+000, 3.542321E+000, 5.685990E+000, 2.960533E-001, 2.048537E-001, 1.385852E-001, 3.529114E-001
1.641840E-001, 1.606734E+000, 3.547683E+000, 5.676246E+000, 3.816048E-001, 2.104677E-001, 1.573704E-001, 3.520860E-001
1.641920E-001, 1.886617E+000, 3.572704E+000, 5.505715E+000, 4.592766E-001, 2.056898E-001, 1.670584E-001, 3.503173E-001
1.642000E-001, 1.936719E+000, 3.365384E+000, 5.416389E+000, 3.489601E-001, 2.078398E-001, 1.620963E-001, 3.547980E-001
1.642080E-001, 1.819237E+000, 3.426150E+000, 5.440751E+000, 2.161302E-001, 2.142901E-001, 1.540623E-001, 3.539726E-001
1.642160E-001, 1.727671E+000, 3.774663E+000, 5.413141E+000, 2.757911E-001, 2.148873E-001, 1.452014E-001, 3.446575E-001
1.642240E-001, 1.738037E+000, 3.765727E+000, 5.382283E+000, 3.286979E-001, 2.132150E-001, 1.379945E-001, 3.471337E-001
1.642320E-001, 1.983366E+000, 3.556619E+000, 5.473233E+000, 2.476491E-001, 2.130956E-001, 1.398848E-001, 3.586891E-001
1.642400E-001, 2.201053E+000, 3.540534E+000, 5.669750E+000, 1.440868E-001, 2.132150E-001, 1.494547E-001, 3.592786E-001
1.642480E-001, 2.030013E+000, 3.485129E+000, 5.785061E+000, 1.204475E-001, 2.095121E-001, 1.526446E-001, 3.493740E-001
1.642560E-001, 1.819237E+000, 3.347511E+000, 5.744458E+000, 2.667857E-001, 2.072426E-001, 1.404756E-001, 3.417097E-001
1.642640E-001, 1.950540E+000, 3.233128E+000, 5.757451E+000, 4.581509E-001, 2.136928E-001, 1.312602E-001, 3.424172E-001
1.642720E-001, 2.085299E+000, 3.116956E+000, 5.811047E+000, 4.806645E-001, 2.181124E-001, 1.400030E-001, 3.483128E-001
1.642800E-001, 2.026558E+000, 3.193808E+000, 5.707104E+000, 3.545885E-001, 2.150067E-001, 1.503998E-001, 3.559771E-001
1.642880E-001, 1.998915E+000, 3.390405E+000, 5.614530E+000, 2.172558E-001, 2.095121E-001, 1.469736E-001, 3.601040E-001
1.642960E-001, 1.995460E+000, 3.381469E+000, 5.661629E+000, 2.206329E-001, 1.982840E-001, 1.424840E-001, 3.510248E-001
1.643040E-001, 1.967817E+000, 3.363596E+000, 5.679494E+000, 3.332007E-001, 1.966117E-001, 1.436655E-001, 3.373470E-001
1.643120E-001, 1.978183E+000, 3.529810E+000, 5.638892E+000, 3.771021E-001, 2.138123E-001, 1.332687E-001, 3.447754E-001
1.643200E-001, 1.938447E+000, 3.590577E+000, 5.703856E+000, 3.793534E-001, 2.181124E-001, 1.192093E-001, 3.644668E-001
1.643280E-001, 1.864157E+000, 3.472618E+000, 5.869514E+000, 3.714737E-001, 2.018674E-001, 1.283065E-001, 3.669429E-001
1.643360E-001, 1.891800E+000, 3.438661E+000, 5.802926E+000, 3.230695E-001, 1.950589E-001, 1.448470E-001, 3.616369E-001
1.643440E-001, 1.983366E+000, 3.503002E+000, 5.510587E+000, 2.881735E-001, 2.048537E-001, 1.443744E-001, 3.624623E-001
1.643520E-001, 2.030013E+000, 3.499427E+000, 5.523580E+000, 2.971790E-001, 2.153651E-001, 1.392941E-001, 3.589249E-001
1.643600E-001, 2.038652E+000, 3.495853E+000, 5.780189E+000, 3.793534E-001, 2.142901E-001, 1.361042E-001, 3.522039E-001
1.643680E-001, 1.976455E+000, 3.662066E+000, 5.811047E+000, 4.874185E-001, 2.053314E-001, 1.285428E-001, 3.525577E-001
1.643760E-001, 1.807144E+000, 3.783599E+000, 5.702231E+000, 4.581509E-001, 2.003146E-001, 1.182641E-001, 3.577458E-001
1.643840E-001, 1.706939E+000, 3.638832E+000, 5.687614E+000, 3.185668E-001, 1.948200E-001, 1.109391E-001, 3.606936E-001
1.643920E-001, 1.784684E+000, 3.547683E+000, 5.798054E+000, 2.769168E-001, 1.856225E-001, 1.136564E-001, 3.564488E-001
1.644000E-001, 1.857246E+000, 3.694237E+000, 5.887380E+000, 3.241952E-001, 1.871753E-001, 1.219266E-001, 3.514965E-001
1.644080E-001, 1.881434E+000, 3.780025E+000, 5.802926E+000, 3.151898E-001, 1.937450E-001, 1.253529E-001, 3.506711E-001
1.644160E-001, 2.019647E+000, 3.544108E+000, 5.569055E+000, 2.971790E-001, 1.874142E-001, 1.236988E-001, 3.494919E-001
1.644240E-001, 2.142312E+000, 3.268872E+000, 5.284837E+000, 3.050587E-001, 1.820390E-001, 1.227537E-001, 3.490203E-001
1.644320E-001, 1.960906E+000, 3.435086E+000, 5.335184E+000, 2.420207E-001, 1.586272E-001, 1.246440E-001, 3.526756E-001
1.644400E-001, 1.705211E+000, 3.794323E+000, 5.731465E+000, 1.260759E-001, -4.777928E-004, 1.205089E-001, 3.518502E-001
1.644480E-001, 1.725943E+000, 3.858664E+000, 5.746082E+000, 6.416364E-002, -3.878483E-001, 1.042048E-001, 3.356962E-001
1.644560E-001, 1.971272E+000, 3.665641E+000, 5.421261E+000, 1.328300E-001, -9.402962E-001, 8.175702E-002, 3.055107E-001
1.644640E-001, 2.190687E+000, 3.472618E+000, 5.336808E+000, 2.802938E-001, -1.473632E+000, 5.694636E-002, 2.721415E-001
1.644720E-001, 2.038652E+000, 3.494066E+000, 5.443999E+000, 3.264466E-001, -1.758158E+000, 2.941835E-002, 2.665996E-001
1.644800E-001, 1.720760E+000, 3.576279E+000, 5.614530E+000, 2.712884E-001, -1.647788E+000, 9.806116E-003, 3.140003E-001
1.644880E-001, 1.763952E+000, 3.544108E+000, 5.832160E+000, 2.724141E-001, -1.178118E+000, 1.772190E-002, 3.919404E-001
1.644960E-001, 1.912532E+000, 3.549470E+000, 5.885756E+000, 3.725994E-001, -4.104240E-001, 4.737654E-002, 4.931091E-001
1.645040E-001, 1.831331E+000, 3.561981E+000, 5.746082E+000, 5.245659E-001, 5.919852E-001, 7.112388E-002, 6.211618E-001
1.645120E-001, 1.755314E+000, 3.499427E+000, 5.638892E+000, 5.470794E-001, 1.534551E+000, 8.589213E-002, 7.240992E-001
1.645200E-001, 1.769135E+000, 3.454746E+000, 5.634019E+000, 2.814195E-001, 2.126894E+000, 9.451678E-002, 7.571146E-001
1.645280E-001, 1.734582E+000, 3.356447E+000, 5.682742E+000, -7.879745E-003, 2.337840E+000, 6.746135E-002, 7.304664E-001
1.645360E-001, 1.803688E+000, 3.267085E+000, 5.697359E+000, 5.628389E-003, 2.080549E+000, -2.221144E-002, 6.498145E-001
1.645440E-001, 2.033469E+000, 3.313554E+000, 5.603161E+000, 1.125678E-001, 1.320141E+000, -1.542986E-001, 5.039570E-001
1.645520E-001, 2.038652E+000, 3.258149E+000, 5.617778E+000, 6.754068E-002, 3.203600E-001, -2.872128E-001, 3.201318E-001
1.645600E-001, 1.717305E+000, 3.150914E+000, 5.856522E+000, 6.191228E-002, -7.452373E-001, -3.897636E-001, 1.432634E-001
1.645680E-001, 1.554904E+000, 3.279596E+000, 5.916614E+000, 2.071247E-001, -1.698553E+000, -4.178823E-001, -1.957344E-002
1.645760E-001, 1.776046E+000, 3.401129E+000, 5.692487E+000, 2.363923E-001, -2.144334E+000, -3.531383E-001, -1.087151E-001
1.645840E-001, 1.986822E+000, 3.399341E+000, 5.523580E+000, 1.091908E-001, -2.068604E+000, -2.580308E-001, -3.266170E-002
1.645920E-001, 1.865885E+000, 3.465469E+000, 5.549566E+000, 1.024367E-001, -1.736418E+000, -1.658770E-001, 1.333588E-001
1.646000E-001, 1.670658E+000, 3.404703E+000, 5.622651E+000, 1.924909E-001, -1.042066E+000, -1.382308E-002, 2.826357E-001
1.646080E-001, 1.741492E+000, 3.186659E+000, 5.481353E+000, 2.003707E-001, 1.569549E-001, 2.491699E-001, 4.646922E-001
1.646160E-001, 1.940174E+000, 3.161638E+000, 5.325439E+000, 1.846112E-001, 1.663435E+000, 6.326717E-001, 6.619594E-001
1.646240E-001, 1.953996E+000, 3.326064E+000, 5.531701E+000, 2.082504E-001, 3.184011E+000, 1.089070E+000, 7.816404E-001
1.646320E-001, 1.815782E+000, 3.452959E+000, 5.772068E+000, 2.532775E-001, 4.492924E+000, 1.469500E+000, 8.550997E-001
1.646400E-001, 1.814054E+000, 3.547683E+000, 5.798054E+000, 3.286979E-001, 5.426054E+000, 1.634786E+000, 8.856390E-001
1.646480E-001, 1.926353E+000, 3.683513E+000, 5.850025E+000, 4.165008E-001, 5.829072E+000, 1.529400E+000, 7.900121E-001
1.646560E-001, 1.912532E+000, 3.756791E+000, 5.882507E+000, 4.300089E-001, 5.600209E+000, 1.106319E+000, 5.722282E-001
1.646640E-001, 1.845152E+000, 3.617385E+000, 5.806174E+000, 4.491455E-001, 4.739465E+000, 3.591638E-001, 2.818103E-001
1.646720E-001, 1.779501E+000, 3.358235E+000, 5.811047E+000, 6.416364E-001, 3.302981E+000, -5.984094E-001, -7.051153E-002
1.646800E-001, 1.713850E+000, 3.175936E+000, 5.833784E+000, 8.465098E-001, 1.492625E+000, -1.591781E+000, -4.215363E-001
1.646880E-001, 1.791595E+000, 3.204532E+000, 5.684366E+000, 8.239962E-001, -3.822342E-001, -2.460390E+000, -6.724536E-001
1.646960E-001, 1.855518E+000, 3.479767E+000, 5.562559E+000, 6.337566E-001, -2.071470E+000, -3.050884E+000, -8.139483E-001
1.647040E-001, 1.706939E+000, 3.658492E+000, 5.645388E+000, 4.705333E-001, -3.360675E+000, -3.234601E+000, -8.401248E-001
1.647120E-001, 1.534172E+000, 3.483342E+000, 5.716848E+000, 4.435171E-001, -4.094923E+000, -2.951759E+000, -6.869568E-001
1.647200E-001, 1.594640E+000, 3.238489E+000, 5.708728E+000, 4.615279E-001, -4.235394E+000, -2.196452E+000, -3.843940E-001
1.647280E-001, 1.919442E+000, 3.161638E+000, 5.690863E+000, 3.928616E-001, -3.828792E+000, -1.026216E+000, -1.131958E-002
1.647360E-001, 2.206236E+000, 3.199170E+000, 5.583672E+000, 2.701627E-001, -3.010931E+000, 4.208360E-001, 4.142258E-001
1.647440E-001, 2.112942E+000, 3.279596E+000, 5.523580E+000, 1.868625E-001, -1.959309E+000, 1.995604E+000, 8.230276E-001
1.647520E-001, 1.803688E+000, 3.386831E+000, 5.697359E+000, 1.969936E-001, -8.492767E-001, 3.564228E+000, 1.121346E+000
1.647600E-001, 1.649926E+000, 3.461895E+000, 5.827288E+000, 2.251356E-001, 1.526548E-001, 4.950552E+000, 1.306350E+000
1.647680E-001, 1.637832E+000, 3.495853E+000, 5.625899E+000, 1.530922E-001, 9.474630E-001, 5.996027E+000, 1.353987E+000
1.647760E-001, 1.648198E+000, 3.452959E+000, 5.367666E+000, 1.418354E-001, 1.499911E+000, 6.635669E+000, 1.204356E+000
1.647840E-001, 1.755314E+000, 3.213468E+000, 5.448871E+000, 3.343263E-001, 1.816329E+000, 6.821394E+000, 9.033258E-001
1.647920E-001, 1.912532E+000, 3.143765E+000, 5.742834E+000, 4.874185E-001, 1.973165E+000, 6.521421E+000, 5.340246E-001
1.648000E-001, 1.934991E+000, 3.481555E+000, 5.845153E+000, 4.311346E-001, 2.029664E+000, 5.793760E+000, 1.030553E-001
1.648080E-001, 1.819237E+000, 3.463682E+000, 5.698983E+000, 3.984900E-001, 1.971492E+000, 4.717805E+000, -3.677683E-001
1.648160E-001, 1.772590E+000, 3.004360E+000, 5.585296E+000, 4.930469E-001, 1.818838E+000, 3.358063E+000, -8.016855E-001
1.648240E-001, 1.871068E+000, 3.050828E+000, 5.637268E+000, 4.750361E-001, 1.602517E+000, 1.820629E+000, -1.156601E+000
1.648320E-001, 1.910804E+000, 3.433299E+000, 5.710352E+000, 3.489601E-001, 1.305927E+000, 2.230596E-001, -1.408108E+000
1.648400E-001, 1.852063E+000, 3.431512E+000, 5.720097E+000, 3.973643E-001, 9.425657E-001, -1.340248E+000, -1.511163E+000
1.648480E-001, 1.902166E+000, 3.402916E+000, 5.705480E+000, 5.662160E-001, 5.211524E-001, -2.778203E+000, -1.471427E+000
1.648560E-001, 2.009281E+000, 3.649556E+000, 5.650260E+000, 5.301943E-001, 2.926481E-002, -4.015309E+000, -1.325570E+000
1.648640E-001, 1.884889E+000, 3.746067E+000, 5.661629E+000, 3.692223E-001, -4.868708E-001, -5.001710E+000, -1.068757E+000
1.648720E-001, 1.655109E+000, 3.554832E+000, 5.802926E+000, 3.771021E-001, -9.763695E-001, -5.704324E+000, -7.110109E-001
1.648800E-001, 1.719033E+000, 3.392192E+000, 5.798054E+000, 4.367630E-001, -1.417492E+000, -6.132367E+000, -3.082227E-001
1.648880E-001, 2.026558E+000, 3.377894E+000, 5.612906E+000, 3.545885E-001, -1.797934E+000, -6.330970E+000, 1.036449E-001
1.648960E-001, 2.249428E+000, 3.308192E+000, 5.685990E+000, 2.679113E-001, -2.146723E+000, -6.326953E+000, 5.025420E-001
1.649040E-001, 2.218329E+000, 3.136616E+000, 6.001067E+000, 3.253209E-001, -2.502917E+000, -6.153633E+000, 8.567505E-001
1.649120E-001, 2.047290E+000, 3.104446E+000, 6.118002E+000, 4.097467E-001, -2.866996E+000, -5.877762E+000, 1.164030E+000
1.649200E-001, 1.941902E+000, 3.200957E+000, 5.957216E+000, 3.669710E-001, -3.225818E+000, -5.544354E+000, 1.429686E+000
1.649280E-001, 1.971272E+000, 3.220617E+000, 5.747706E+000, 2.724141E-001, -3.566365E+000, -5.175857E+000, 1.617520E+000
1.649360E-001, 2.055928E+000, 3.276021E+000, 5.700607E+000, 2.048734E-001, -3.843604E+000, -4.807005E+000, 1.717746E+000
1.649440E-001, 2.011009E+000, 3.406490E+000, 5.798054E+000, 1.373327E-001, -4.000678E+000, -4.456584E+000, 1.769156E+000
1.649520E-001, 1.829603E+000, 3.419001E+000, 5.838656E+000, 1.609719E-001, -4.030779E+000, -4.104745E+000, 1.780475E+000
1.649600E-001, 1.722488E+000, 3.449384E+000, 5.798054E+000, 2.892992E-001, -3.933190E+000, -3.715455E+000, 1.764793E+000
1.649680E-001, 1.715577E+000, 3.544108E+000, 5.802926E+000, 3.016817E-001, -3.663476E+000, -3.259766E+000, 1.761255E+000
1.649760E-001, 1.694845E+000, 3.397554E+000, 5.742834E+000, 1.530922E-001, -3.205989E+000, -2.713813E+000, 1.766915E+000
1.649840E-001, 1.722488E+000, 3.247426E+000, 5.608034E+000, 9.343126E-002, -2.607435E+000, -2.064128E+000, 1.780121E+000
1.649920E-001, 1.805416E+000, 3.444022E+000, 5.647012E+000, 2.048734E-001, -1.917980E+000, -1.326070E+000, 1.822570E+000
1.650000E-001, 1.879706E+000, 3.590577E+000, 5.729841E+000, 3.332007E-001, -1.173459E+000, -5.291758E-001, 1.868556E+000
1.650080E-001, 2.085299E+000, 3.445810E+000, 5.629147E+000, 4.333860E-001, -4.124546E-001, 2.844955E-001, 1.893553E+000
1.650160E-001, 2.180321E+000, 3.347511E+000, 5.517084E+000, 4.592766E-001, 3.532083E-001, 1.055398E+000, 1.919022E+000
1.650240E-001, 1.812327E+000, 3.343937E+000, 5.611282E+000, 3.748507E-001, 1.128188E+000, 1.767582E+000, 1.938831E+000
1.650320E-001, 1.492708E+000, 3.301043E+000, 5.812671E+000, 3.478345E-001, 1.874142E+000, 2.447748E+000, 1.929870E+000
1.650400E-001, 1.789867E+000, 3.329639E+000, 5.872763E+000, 4.367630E-001, 2.539588E+000, 3.079475E+000, 1.910650E+000
1.650480E-001, 2.289164E+000, 3.492278E+000, 5.799678E+000, 4.896699E-001, 3.111864E+000, 3.638069E+000, 1.898034E+000
1.650560E-001, 2.304713E+000, 3.658492E+000, 5.775316E+000, 4.896699E-001, 3.572815E+000, 4.147633E+000, 1.866787E+000
1.650640E-001, 2.042107E+000, 3.597726E+000, 5.750955E+000, 4.480198E-001, 3.878961E+000, 4.603912E+000, 1.796983E+000
1.650720E-001, 2.016192E+000, 3.381469E+000, 5.651885E+000, 3.545885E-001, 4.010592E+000, 4.968983E+000, 1.692984E+000
1.650800E-001, 1.974728E+000, 3.327852E+000, 5.577176E+000, 3.174412E-001, 3.961021E+000, 5.238829E+000, 1.545476E+000
1.650880E-001, 1.803688E+000, 3.286745E+000, 5.518708E+000, 2.904249E-001, 3.718661E+000, 5.416638E+000, 1.347148E+000
1.650960E-001, 1.960906E+000, 2.993637E+000, 5.526828E+000, 1.801085E-001, 3.321018E+000, 5.504893E+000, 1.116040E+000
1.651040E-001, 2.308168E+000, 2.906062E+000, 5.724969E+000, 1.485895E-001, 2.834625E+000, 5.532422E+000, 8.617028E-001
1.651120E-001, 2.441199E+000, 3.320703E+000, 5.841905E+000, 2.408951E-001, 2.304872E+000, 5.516944E+000, 5.971076E-001
1.651200E-001, 2.451565E+000, 3.638832E+000, 5.720097E+000, 3.028074E-001, 1.782884E+000, 5.451255E+000, 3.632877E-001
1.651280E-001, 2.344449E+000, 3.565555E+000, 5.692487E+000, 3.005560E-001, 1.308794E+000, 5.346460E+000, 1.727415E-001
1.651360E-001, 2.100848E+000, 3.408278E+000, 5.838656E+000, 3.500858E-001, 8.886945E-001, 5.227014E+000, 2.122421E-003
1.651440E-001, 2.035196E+000, 3.204532E+000, 5.890628E+000, 4.784131E-001, 5.412198E-001, 5.084176E+000, -1.333588E-001
1.651520E-001, 2.164772E+000, 3.047254E+000, 5.734714E+000, 5.403254E-001, 2.811810E-001, 4.891479E+000, -2.035166E-001
1.651600E-001, 2.182048E+000, 3.192021E+000, 5.612906E+000, 4.761617E-001, 1.024866E-001, 4.656015E+000, -2.307543E-001
1.651680E-001, 2.040379E+000, 3.419001E+000, 5.789933E+000, 3.140641E-001, 6.569650E-003, 4.379671E+000, -2.399514E-001
1.651760E-001, 1.871068E+000, 3.433299E+000, 6.004315E+000, 1.699774E-001, -2.138123E-002, 4.021807E+000, -2.307543E-001
1.651840E-001, 1.850335E+000, 3.343937E+000, 5.975081E+000, 2.521518E-001, -6.808547E-003, 3.584549E+000, -2.307543E-001
1.651920E-001, 1.959179E+000, 3.254575E+000, 5.884131E+000, 4.941726E-001, 5.458782E-002, 3.113501E+000, -2.629443E-001
1.652000E-001, 1.902166E+000, 3.175936E+000, 5.664877E+000, 6.292539E-001, 1.557604E-001, 2.606182E+000, -3.163586E-001
1.652080E-001, 1.812327E+000, 3.331426E+000, 5.328688E+000, 5.842268E-001, 2.562164E-001, 2.053613E+000, -3.993688E-001
1.652160E-001, 2.026558E+000, 3.644194E+000, 5.418013E+000, 4.210035E-001, 3.432941E-001, 1.482614E+000, -5.235304E-001
1.652240E-001, 2.256338E+000, 3.633471E+000, 5.749331E+000, 2.892992E-001, 4.343136E-001, 9.053526E-001, -6.669117E-001
1.652320E-001, 2.216602E+000, 3.449384E+000, 5.715224E+000, 3.005560E-001, 5.145828E-001, 3.254921E-001, -8.263291E-001
1.652400E-001, 2.169955E+000, 3.574492E+000, 5.655133E+000, 2.960533E-001, 5.602120E-001, -2.271947E-001, -1.010626E+000
1.652480E-001, 2.178593E+000, 3.808621E+000, 5.885756E+000, 2.408951E-001, 5.905519E-001, -7.235259E-001, -1.181481E+000
1.652560E-001, 1.959179E+000, 3.812195E+000, 6.001067E+000, 3.388290E-001, 6.290142E-001, -1.165037E+000, -1.305996E+000
1.652640E-001, 1.717305E+000, 3.588789E+000, 5.897124E+000, 4.480198E-001, 6.654459E-001, -1.551847E+000, -1.392780E+000
1.652720E-001, 1.817510E+000, 3.410065E+000, 5.830536E+000, 3.635940E-001, 6.988913E-001, -1.850639E+000, -1.439237E+000
1.652800E-001, 2.043835E+000, 3.486917E+000, 5.861394E+000, 2.971790E-001, 7.504930E-001, -2.044044E+000, -1.426149E+000
1.652880E-001, 2.090482E+000, 3.519087E+000, 5.942599E+000, 4.322603E-001, 8.095004E-001, -2.162308E+000, -1.347030E+000
1.652960E-001, 1.978183E+000, 3.383256E+000, 5.970209E+000, 5.785984E-001, 8.388847E-001, -2.220317E+000, -1.216737E+000
1.653040E-001, 1.905621E+000, 3.345724E+000, 5.742834E+000, 4.761617E-001, 8.197730E-001, -2.211456E+000, -1.074888E+000
1.653120E-001, 1.988549E+000, 3.411852E+000, 5.468360E+000, 2.363923E-001, 7.491791E-001, -2.159118E+000, -9.460101E-001
1.653200E-001, 2.078388E+000, 3.451171E+000, 5.598289E+000, 1.542179E-001, 6.377339E-001, -2.090711E+000, -8.225559E-001
1.653280E-001, 2.064567E+000, 3.343937E+000, 5.798054E+000, 2.544032E-001, 5.112383E-001, -2.008718E+000, -7.062944E-001
1.653360E-001, 1.945357E+000, 3.175936E+000, 5.593417E+000, 3.838561E-001, 3.872510E-001, -1.924125E+000, -6.140870E-001
1.653440E-001, 1.781229E+000, 3.263511E+000, 5.356297E+000, 3.996156E-001, 2.821366E-001, -1.857845E+000, -5.487636E-001
1.653520E-001, 1.717305E+000, 3.479767E+000, 5.443999E+000, 2.915506E-001, 2.074815E-001, -1.817440E+000, -5.059615E-001
1.653600E-001, 1.769135E+000, 3.444022E+000, 5.578800E+000, 2.690370E-001, 1.453684E-001, -1.789675E+000, -4.876851E-001
1.653680E-001, 1.921170E+000, 3.261724E+000, 5.562559E+000, 3.748507E-001, 8.265815E-002, -1.760729E+000, -4.944061E-001
1.653760E-001, 2.071477E+000, 3.218830E+000, 5.513835E+000, 4.153751E-001, 1.875337E-002, -1.741117E+000, -5.199931E-001
1.653840E-001, 1.979911E+000, 3.318915E+000, 5.530077E+000, 3.624683E-001, -5.649899E-002, -1.731429E+000, -5.532443E-001
1.653920E-001, 1.867612E+000, 3.442235E+000, 5.655133E+000, 2.870479E-001, -1.303180E-001, -1.710517E+000, -5.802462E-001
1.654000E-001, 2.031741E+000, 3.451171E+000, 5.809422E+000, 2.195072E-001, -1.636440E-001, -1.679799E+000, -5.874389E-001
1.654080E-001, 2.154406E+000, 3.374320E+000, 5.859770E+000, 2.476491E-001, -1.336625E-001, -1.639748E+000, -5.737610E-001
1.654160E-001, 2.005826E+000, 3.497640E+000, 5.846777E+000, 3.455831E-001, -5.088493E-002, -1.568151E+000, -5.452263E-001
1.654240E-001, 1.943630E+000, 3.785387E+000, 5.845153E+000, 3.286979E-001, 6.677154E-002, -1.460166E+000, -4.941703E-001
1.654320E-001, 2.028286E+000, 3.853302E+000, 5.807798E+000, 2.048734E-001, 2.124983E-001, -1.323235E+000, -4.326201E-001
1.654400E-001, 1.955723E+000, 3.583428E+000, 5.731465E+000, 1.722287E-001, 3.616891E-001, -1.161611E+000, -3.897000E-001
1.654480E-001, 1.922898E+000, 3.243851E+000, 5.778564E+000, 2.341410E-001, 4.917682E-001, -9.873459E-001, -3.530293E-001
1.654560E-001, 2.209691E+000, 3.315341E+000, 6.020556E+000, 2.712884E-001, 6.214889E-001, -8.137895E-001, -3.031524E-001
1.654640E-001, 2.429105E+000, 3.724620E+000, 6.152109E+000, 2.780424E-001, 7.463123E-001, -6.545287E-001, -2.690758E-001
1.654720E-001, 2.213146E+000, 3.821131E+000, 5.908493E+000, 2.836708E-001, 8.183396E-001, -5.272855E-001, -2.762684E-001
1.654800E-001, 1.912532E+000, 3.599513E+000, 5.608034E+000, 2.724141E-001, 8.372124E-001, -4.351316E-001, -2.956060E-001
1.654880E-001, 1.919442E+000, 3.588789E+000, 5.716848E+000, 2.802938E-001, 8.393624E-001, -3.696788E-001, -2.974926E-001
1.654960E-001, 2.116397E+000, 3.699599E+000, 5.988074E+000, 3.354520E-001, 8.312399E-001, -3.331716E-001, -2.917149E-001
1.655040E-001, 2.264977E+000, 3.629896E+000, 5.885756E+000, 3.635940E-001, 8.042447E-001, -3.356527E-001, -2.754430E-001
1.655120E-001, 2.230423E+000, 3.458320E+000, 5.645388E+000, 3.782278E-001, 7.504930E-001, -3.721598E-001, -2.228542E-001
1.655200E-001, 2.166499E+000, 3.401129E+000, 5.796430E+000, 4.604023E-001, 6.753601E-001, -4.242622E-001, -1.321796E-001
1.655280E-001, 2.273615E+000, 3.583428E+000, 6.155357E+000, 5.178118E-001, 5.977188E-001, -4.860525E-001, -2.228542E-002
1.655360E-001, 2.363454E+000, 3.663854E+000, 6.155357E+000, 4.727847E-001, 5.203163E-001, -5.555224E-001, 9.574475E-002
1.655440E-001, 2.275342E+000, 3.474406E+000, 5.794806E+000, 4.412657E-001, 4.547393E-001, -6.162494E-001, 2.252124E-001
1.655520E-001, 2.118124E+000, 3.458320E+000, 5.577176E+000, 4.727847E-001, 4.216521E-001, -6.613812E-001, 3.718953E-001
1.655600E-001, 1.990277E+000, 3.587002E+000, 5.658381E+000, 4.615279E-001, 3.972847E-001, -6.899725E-001, 5.205826E-001
1.655680E-001, 2.016192E+000, 3.479767E+000, 5.811047E+000, 3.455831E-001, 3.615697E-001, -6.969431E-001, 6.363724E-001
1.655760E-001, 2.235606E+000, 3.265298E+000, 5.887380E+000, 2.814195E-001, 3.364856E-001, -7.010782E-001, 7.116005E-001
1.655840E-001, 2.353088E+000, 3.263511E+000, 5.887380E+000, 4.119981E-001, 3.205990E-001, -7.173824E-001, 7.650147E-001
1.655920E-001, 2.188959E+000, 3.438661E+000, 5.890628E+000, 4.986753E-001, 3.061457E-001, -7.191545E-001, 7.842344E-001
1.656000E-001, 2.059384E+000, 3.538747E+000, 5.843529E+000, 3.793534E-001, 3.114014E-001, -6.946983E-001, 7.568788E-001
1.656080E-001, 2.163044E+000, 3.563768E+000, 5.681118E+000, 3.343263E-001, 3.122376E-001, -6.830019E-001, 7.110109E-001
1.656160E-001, 2.270159E+000, 3.592364E+000, 5.591793E+000, 4.468941E-001, 2.835700E-001, -7.006056E-001, 6.573609E-001
1.656240E-001, 2.268432E+000, 3.583428E+000, 5.586920E+000, 4.615279E-001, 2.632638E-001, -7.117113E-001, 5.875568E-001
1.656320E-001, 2.190687E+000, 3.597726E+000, 5.500843E+000, 3.399547E-001, 2.539468E-001, -6.991879E-001, 5.264782E-001
1.656400E-001, 1.997187E+000, 3.544108E+000, 5.466736E+000, 2.577802E-001, 2.275488E-001, -6.814660E-001, 4.995942E-001
1.656480E-001, 2.005826E+000, 3.293894E+000, 5.638892E+000, 2.645343E-001, 2.230098E-001, -6.669340E-001, 4.974718E-001
1.656560E-001, 2.377275E+000, 3.195595E+000, 5.807798E+000, 2.960533E-001, 2.639805E-001, -6.501573E-001, 5.189319E-001
1.656640E-001, 2.548315E+000, 3.452959E+000, 5.749331E+000, 3.377034E-001, 3.074597E-001, -6.201482E-001, 5.722282E-001
1.656720E-001, 2.423922E+000, 3.615598E+000, 5.635643E+000, 4.243806E-001, 3.442497E-001, -5.708814E-001, 6.325993E-001
1.656800E-001, 2.491301E+000, 3.476193E+000, 5.617778E+000, 5.695930E-001, 3.895206E-001, -5.179520E-001, 6.781134E-001
1.656880E-001, 2.619149E+000, 3.315341E+000, 5.572303E+000, 7.046744E-001, 4.264300E-001, -4.689214E-001, 7.219768E-001
1.656960E-001, 2.437744E+000, 3.249213E+000, 5.500843E+000, 7.553298E-001, 4.493641E-001, -4.081943E-001, 7.542847E-001
1.657040E-001, 2.245972E+000, 3.215255E+000, 5.554438E+000, 7.542042E-001, 4.530670E-001, -3.408511E-001, 7.541668E-001
1.657120E-001, 2.361726E+000, 3.218830E+000, 5.747706E+000, 6.990460E-001, 4.228466E-001, -2.898121E-001, 7.434368E-001
1.657200E-001, 2.363454E+000, 3.363596E+000, 5.867890E+000, 5.290686E-001, 3.923873E-001, -2.501150E-001, 7.238634E-001
1.657280E-001, 1.986822E+000, 3.578066E+000, 5.827288E+000, 2.926762E-001, 3.786508E-001, -2.065192E-001, 6.619594E-001
1.657360E-001, 1.791595E+000, 3.508363E+000, 5.848401E+000, 1.317043E-001, 3.479526E-001, -1.664677E-001, 5.797746E-001
1.657440E-001, 2.012737E+000, 3.217042E+000, 6.004315E+000, 1.260759E-001, 3.118792E-001, -1.413026E-001, 5.143332E-001
1.657520E-001, 2.161316E+000, 3.106233E+000, 6.069279E+000, 2.037477E-001, 2.863173E-001, -1.316146E-001, 4.435859E-001
1.657600E-001, 2.214874E+000, 3.202744E+000, 5.924734E+000, 2.071247E-001, 2.323267E-001, -1.383489E-001, 3.549159E-001
1.657680E-001, 2.387641E+000, 3.419001E+000, 5.811047E+000, 1.407097E-001, 1.574327E-001, -1.482732E-001, 2.740281E-001
1.657760E-001, 2.337539E+000, 3.662066E+000, 5.966961E+000, 1.666003E-001, 9.173621E-002, -1.540623E-001, 2.125958E-001
1.657840E-001, 2.088754E+000, 3.708535E+000, 6.077400E+000, 3.140641E-001, 1.660330E-002, -1.755649E-001, 1.659026E-001
1.657920E-001, 2.102576E+000, 3.545896E+000, 5.877635E+000, 4.491455E-001, -4.132907E-002, -2.106543E-001, 1.357170E-001
1.658000E-001, 2.282253E+000, 3.402916E+000, 5.754203E+000, 4.333860E-001, -5.530451E-002, -2.418448E-001, 1.182660E-001
1.658080E-001, 2.368637E+000, 3.492278E+000, 5.876011E+000, 3.500858E-001, -8.588325E-002, -2.827233E-001, 1.019941E-001
1.658160E-001, 2.370364E+000, 3.742493E+000, 5.945848E+000, 3.692223E-001, -1.282874E-001, -3.371886E-001, 9.091035E-002
1.658240E-001, 2.283981E+000, 3.704960E+000, 5.927982E+000, 3.973643E-001, -1.273318E-001, -3.796030E-001, 8.477891E-002
1.658320E-001, 2.237334E+000, 3.333213E+000, 5.854897E+000, 3.106871E-001, -1.181343E-001, -3.975612E-001, 7.628923E-002
1.658400E-001, 2.349632E+000, 3.209893E+000, 5.674622E+000, 2.251356E-001, -1.155064E-001, -4.070129E-001, 7.369516E-002
1.658480E-001, 2.432561E+000, 3.447597E+000, 5.577176E+000, 2.712884E-001, -1.144314E-001, -4.268614E-001, 6.933241E-002
1.658560E-001, 2.311624E+000, 3.604875E+000, 5.617778E+000, 3.489601E-001, -1.458462E-001, -4.423385E-001, 5.400382E-002
1.658640E-001, 2.118124E+000, 3.467257E+000, 5.580424E+000, 2.802938E-001, -1.629273E-001, -4.337139E-001, 5.306052E-002
1.658720E-001, 2.097392E+000, 3.299256E+000, 5.502467E+000, 1.756057E-001, -1.402322E-001, -4.117387E-001, 7.440264E-002
1.658800E-001, 2.128490E+000, 3.379682E+000, 5.546318E+000, 2.363923E-001, -1.434573E-001, -3.774764E-001, 9.421189E-002
1.658880E-001, 1.950540E+000, 3.444022E+000, 5.681118E+000, 3.658453E-001, -1.625690E-001, -3.253740E-001, 1.225108E-001
1.658960E-001, 1.836514E+000, 3.326064E+000, 5.763947E+000, 3.692223E-001, -1.494297E-001, -2.566130E-001, 1.938478E-001
1.659040E-001, 2.074933E+000, 3.329639E+000, 5.783437E+000, 3.568399E-001, -1.270929E-001, -1.677673E-001, 2.900642E-001
1.659120E-001, 2.384186E+000, 3.365384E+000, 5.804550E+000, 5.493308E-001, -1.090562E-001, -7.230534E-002, 3.796775E-001
1.659200E-001, 2.418739E+000, 3.183085E+000, 5.716848E+000, 7.328163E-001, -7.107168E-002, 2.114813E-002, 4.659892E-001
1.659280E-001, 2.190687E+000, 3.022233E+000, 5.528452E+000, 5.876039E-001, -2.723419E-002, 1.200363E-001, 5.497069E-001
1.659360E-001, 2.052473E+000, 3.075850E+000, 5.525204E+000, 3.343263E-001, -1.755888E-002, 2.101817E-001, 6.226946E-001
1.659440E-001, 2.178593E+000, 3.306405E+000, 5.762323E+000, 2.645343E-001, -2.818977E-002, 2.849681E-001, 6.703312E-001
1.659520E-001, 2.292619E+000, 3.538747E+000, 5.906869E+000, 1.812341E-001, -2.090343E-002, 3.656618E-001, 6.822403E-001
1.659600E-001, 2.420467E+000, 3.515512E+000, 5.759075E+000, 5.628389E-003, -1.063089E-002, 4.470644E-001, 6.762268E-001
1.659680E-001, 2.669251E+000, 3.402916E+000, 5.671374E+000, 6.641500E-002, -1.624495E-002, 5.080277E-001, 6.643177E-001
1.659760E-001, 2.567319E+000, 3.444022E+000, 5.830536E+000, 3.489601E-001, -1.803668E-002, 5.627293E-001, 6.509936E-001
1.659840E-001, 2.187231E+000, 3.402916E+000, 5.932855E+000, 4.457684E-001, -6.808547E-003, 6.200300E-001, 6.531160E-001
1.659920E-001, 2.233878E+000, 3.335001E+000, 5.939351E+000, 3.613426E-001, 1.182537E-002, 6.625626E-001, 6.616057E-001
1.660000E-001, 2.455020E+000, 3.488704E+000, 5.892252E+000, 3.984900E-001, 2.675639E-002, 6.987153E-001, 6.732790E-001
1.660080E-001, 2.370364E+000, 3.519087E+000, 5.755827E+000, 5.178118E-001, 3.392329E-002, 7.413660E-001, 7.185573E-001
1.660160E-001, 2.327173E+000, 3.247426E+000, 5.776940E+000, 5.639646E-001, 4.813762E-002, 7.679488E-001, 7.952003E-001
1.660240E-001, 2.359998E+000, 3.100871E+000, 5.885756E+000, 5.617133E-001, 6.533816E-002, 7.701936E-001, 8.716074E-001
1.660320E-001, 2.363454E+000, 3.158063E+000, 5.778564E+000, 4.986753E-001, 7.441622E-002, 7.674763E-001, 9.504907E-001
1.660400E-001, 2.600145E+000, 3.118744E+000, 5.671374E+000, 4.367630E-001, 8.241925E-002, 7.597967E-001, 1.054725E+000
1.660480E-001, 2.734903E+000, 3.077637E+000, 5.830536E+000, 4.671563E-001, 8.982504E-002, 7.449104E-001, 1.162025E+000
1.660560E-001, 2.461931E+000, 3.197383E+000, 5.957216E+000, 4.570252E-001, 1.041588E-001, 7.301421E-001, 1.244328E+000
1.660640E-001, 2.259794E+000, 3.340362E+000, 5.760699E+000, 3.557142E-001, 1.247039E-001, 7.013145E-001, 1.322032E+000
1.660720E-001, 2.273615E+000, 3.367171E+000, 5.530077E+000, 2.600316E-001, 1.312736E-001, 6.527565E-001, 1.395256E+000
1.660800E-001, 2.252883E+000, 3.277809E+000, 5.590168E+000, 2.375180E-001, 1.316319E-001, 6.043167E-001, 1.442067E+000
1.660880E-001, 2.394552E+000, 3.220617E+000, 5.752579E+000, 3.140641E-001, 1.350959E-001, 5.502058E-001, 1.477794E+000
1.660960E-001, 2.746997E+000, 3.236702E+000, 5.760699E+000, 3.996156E-001, 1.286457E-001, 4.846348E-001, 1.507154E+000
1.661040E-001, 2.823014E+000, 3.190234E+000, 5.726593E+000, 4.119981E-001, 1.257789E-001, 4.295788E-001, 1.508923E+000
1.661120E-001, 2.442927E+000, 3.195595E+000, 5.754203E+000, 3.951129E-001, 1.356931E-001, 3.780671E-001, 1.492180E+000
1.661200E-001, 2.106031E+000, 3.322490E+000, 5.778564E+000, 3.872332E-001, 1.457268E-001, 3.171038E-001, 1.471663E+000
1.661280E-001, 2.233878E+000, 3.356447E+000, 5.760699E+000, 4.131238E-001, 1.684220E-001, 2.667736E-001, 1.433459E+000
1.661360E-001, 2.484391E+000, 3.342149E+000, 5.689239E+000, 4.930469E-001, 2.117817E-001, 2.258951E-001, 1.388888E+000
1.661440E-001, 2.406646E+000, 3.413639E+000, 5.650260E+000, 5.414510E-001, 2.523940E-001, 1.678854E-001, 1.368372E+000
1.661520E-001, 2.268432E+000, 3.438661E+000, 5.731465E+000, 4.952983E-001, 2.753281E-001, 1.084580E-001, 1.346086E+000
1.661600E-001, 2.301258E+000, 3.383256E+000, 5.788309E+000, 4.637793E-001, 3.030401E-001, 8.128443E-002, 1.292318E+000
1.661680E-001, 2.323717E+000, 3.354660E+000, 5.729841E+000, 4.513968E-001, 3.429358E-001, 6.285366E-002, 1.239140E+000
1.661760E-001, 2.437744E+000, 3.338575E+000, 5.757451E+000, 4.288833E-001, 3.712450E-001, 1.937594E-002, 1.193980E+000
1.661840E-001, 2.624332E+000, 3.326064E+000, 5.827288E+000, 5.425767E-001, 3.966874E-001, -1.890336E-002, 1.127477E+000
1.661920E-001, 2.508578E+000, 3.401129E+000, 5.726593E+000, 7.001716E-001, 4.303718E-001, -2.811874E-002, 1.064276E+000
1.662000E-001, 2.131946E+000, 3.461895E+000, 5.648636E+000, 6.011120E-001, 4.659674E-001, -3.367160E-002, 1.025955E+000
1.662080E-001, 1.957451E+000, 3.277809E+000, 5.702231E+000, 4.074954E-001, 5.123133E-001, -3.142683E-002, 9.822091E-001
1.662160E-001, 2.176865E+000, 3.027594E+000, 5.720097E+000, 4.300089E-001, 5.627204E-001, -2.481065E-003, 9.337472E-001
1.662240E-001, 2.420467E+000, 3.133042E+000, 5.801302E+000, 4.952983E-001, 6.149193E-001, 3.485306E-002, 8.973123E-001
1.662320E-001, 2.458476E+000, 3.470831E+000, 5.966961E+000, 4.243806E-001, 6.766740E-001, 7.455011E-002, 8.587550E-001
1.662400E-001, 2.437744E+000, 3.563768E+000, 5.934479E+000, 2.611573E-001, 7.269617E-001, 1.210996E-001, 8.262112E-001
1.662480E-001, 2.118124E+000, 3.406490E+000, 5.750955E+000, 8.442584E-002, 7.642295E-001, 1.628052E-001, 8.213768E-001
1.662560E-001, 1.639560E+000, 3.345724E+000, 5.749331E+000, 8.892855E-002, 8.085448E-001, 2.016752E-001, 8.223201E-001
1.662640E-001, 1.819237E+000, 3.515512E+000, 5.853273E+000, 2.904249E-001, 8.456932E-001, 2.345198E-001, 8.067557E-001
1.662720E-001, 2.385913E+000, 3.708535E+000, 5.783437E+000, 4.558995E-001, 8.624160E-001, 2.447985E-001, 7.933137E-001
1.662800E-001, 2.463659E+000, 3.631683E+000, 5.645388E+000, 4.840415E-001, 8.806915E-001, 2.400726E-001, 7.868285E-001
1.662880E-001, 2.283981E+000, 3.402916E+000, 5.593417E+000, 4.671563E-001, 9.064924E-001, 2.307391E-001, 7.766880E-001
1.662960E-001, 2.323717E+000, 3.261724E+000, 5.580424E+000, 4.716590E-001, 9.119869E-001, 2.126628E-001, 7.737402E-001
1.663040E-001, 2.382458E+000, 3.245638E+000, 5.661629E+000, 4.536482E-001, 8.995643E-001, 1.900969E-001, 7.617132E-001
1.663120E-001, 2.261521E+000, 3.343937E+000, 5.724969E+000, 4.604023E-001, 8.906057E-001, 1.683580E-001, 7.179677E-001
1.663200E-001, 2.131946E+000, 3.370745E+000, 5.515460E+000, 5.504565E-001, 8.701801E-001, 1.403574E-001, 6.680909E-001
1.663280E-001, 2.131946E+000, 3.347511E+000, 5.338432E+000, 5.763471E-001, 8.348234E-001, 1.142472E-001, 6.297694E-001
1.663360E-001, 2.209691E+000, 3.494066E+000, 5.505715E+000, 4.694077E-001, 8.034086E-001, 1.047955E-001, 6.046541E-001
1.663440E-001, 2.270159E+000, 3.626322E+000, 5.716848E+000, 3.647196E-001, 7.789217E-001, 1.013692E-001, 5.946315E-001
1.663520E-001, 2.244245E+000, 3.549470E+000, 5.785061E+000, 3.737251E-001, 7.595711E-001, 1.039685E-001, 5.804821E-001
1.663600E-001, 2.118124E+000, 3.410065E+000, 5.814295E+000, 4.750361E-001, 7.478651E-001, 1.402393E-001, 5.584325E-001
1.663680E-001, 1.974728E+000, 3.367171E+000, 5.695735E+000, 5.324456E-001, 7.519264E-001, 1.976582E-001, 5.554847E-001
1.663760E-001, 2.017920E+000, 3.395767E+000, 5.526828E+000, 5.065550E-001, 7.641101E-001, 2.368827E-001, 5.816612E-001
1.663840E-001, 2.342722E+000, 3.401129E+000, 5.679494E+000, 4.558995E-001, 7.748604E-001, 2.779975E-001, 6.140870E-001
1.663920E-001, 2.489574E+000, 3.408278E+000, 5.934479E+000, 4.457684E-001, 7.954055E-001, 3.440411E-001, 6.301231E-001
1.664000E-001, 2.140584E+000, 3.456533E+000, 5.824039E+000, 5.358227E-001, 8.106949E-001, 3.975612E-001, 6.341321E-001
1.664080E-001, 1.881434E+000, 3.458320E+000, 5.559310E+000, 6.326309E-001, 8.111727E-001, 4.239078E-001, 6.361367E-001
1.664160E-001, 2.104303E+000, 3.436873E+000, 5.614530E+000, 6.754068E-001, 8.274176E-001, 4.482458E-001, 6.368441E-001
1.664240E-001, 2.340994E+000, 3.402916E+000, 5.884131E+000, 6.664013E-001, 8.627743E-001, 4.657314E-001, 6.344858E-001
1.664320E-001, 2.268432E+000, 3.290319E+000, 5.864642E+000, 5.437024E-001, 8.956226E-001, 4.607693E-001, 6.157378E-001
1.664400E-001, 2.145767E+000, 3.259936E+000, 5.601537E+000, 4.029927E-001, 9.245290E-001, 4.454103E-001, 5.826045E-001
1.664480E-001, 2.277070E+000, 3.336788E+000, 5.539821E+000, 3.478345E-001, 9.547494E-001, 4.308784E-001, 5.580787E-001
1.664560E-001, 2.512033E+000, 3.290319E+000, 5.624275E+000, 3.906102E-001, 9.788779E-001, 4.142198E-001, 5.306051E-001
1.664640E-001, 2.461931E+000, 3.254575E+000, 5.611282E+000, 4.840415E-001, 9.786390E-001, 3.920083E-001, 4.811999E-001
1.664720E-001, 2.137129E+000, 3.322490E+000, 5.672998E+000, 4.739104E-001, 9.463880E-001, 3.615267E-001, 4.352142E-001
1.664800E-001, 1.881434E+000, 3.292107E+000, 5.887380E+000, 4.142494E-001, 8.913224E-001, 3.324628E-001, 4.082122E-001
1.664880E-001, 1.934991E+000, 3.317128E+000, 5.908493E+000, 4.187522E-001, 8.257453E-001, 3.162768E-001, 3.885209E-001
1.664960E-001, 2.247700E+000, 3.520874E+000, 5.733089E+000, 4.221292E-001, 7.691269E-001, 3.039896E-001, 3.783804E-001
1.665040E-001, 2.537949E+000, 3.672790E+000, 5.710352E+000, 5.054294E-001, 7.380704E-001, 2.926476E-001, 3.717774E-001
1.665120E-001, 2.536221E+000, 3.651343E+000, 5.708728E+000, 7.440731E-001, 7.246922E-001, 2.907572E-001, 3.542084E-001
1.665200E-001, 2.201053E+000, 3.492278E+000, 5.547942E+000, 8.791544E-001, 7.100000E-001, 2.947742E-001, 3.342813E-001
1.665280E-001, 1.929808E+000, 3.331426E+000, 5.461864E+000, 7.958543E-001, 6.821686E-001, 3.054073E-001, 3.178914E-001
1.665360E-001, 2.019647E+000, 3.340362E+000, 5.432630E+000, 7.643353E-001, 6.511121E-001, 3.358890E-001, 2.924224E-001
1.665440E-001, 2.164772E+000, 3.501215E+000, 5.406644E+000, 8.408814E-001, 6.382117E-001, 3.810208E-001, 2.603503E-001
1.665520E-001, 2.171682E+000, 3.676364E+000, 5.572303E+000, 7.553298E-001, 6.357033E-001, 4.216630E-001, 2.366499E-001
1.665600E-001, 2.202780E+000, 3.737131E+000, 5.767196E+000, 5.211889E-001, 6.296114E-001, 4.620689E-001, 2.125958E-001
1.665680E-001, 2.226968E+000, 3.624534E+000, 5.700607E+000, 3.771021E-001, 6.269836E-001, 5.164161E-001, 1.736848E-001
1.665760E-001, 2.223512E+000, 3.358235E+000, 5.556062E+000, 3.658453E-001, 6.223251E-001, 5.709995E-001, 1.324155E-001
1.665840E-001, 2.239061E+000, 3.170574E+000, 5.625899E+000, 4.007413E-001, 6.072746E-001, 6.079792E-001, 9.055661E-002
1.665920E-001, 2.209691E+000, 3.304617E+000, 5.791557E+000, 3.939873E-001, 5.995105E-001, 6.399968E-001, 3.997226E-002
1.666000E-001, 2.275342E+000, 3.470831E+000, 5.804550E+000, 3.804791E-001, 6.096635E-001, 6.736683E-001, 3.537368E-004
1.666080E-001, 2.451565E+000, 3.420788E+000, 5.736338E+000, 5.043037E-001, 6.121720E-001, 6.904451E-001, -2.157794E-002
1.666160E-001, 2.451565E+000, 3.499427E+000, 5.772068E+000, 7.215595E-001, 5.954492E-001, 6.954072E-001, -3.773192E-002
1.666240E-001, 2.327173E+000, 3.722833E+000, 5.804550E+000, 8.104881E-001, 5.842211E-001, 7.056859E-001, -3.207213E-002
1.666320E-001, 2.154406E+000, 3.653130E+000, 5.655133E+000, 7.226852E-001, 5.826683E-001, 7.089940E-001, -8.843419E-003
1.666400E-001, 1.990277E+000, 3.411852E+000, 5.517084E+000, 6.393850E-001, 5.770542E-001, 6.974157E-001, -7.664297E-003
1.666480E-001, 2.057656E+000, 3.383256E+000, 5.603161E+000, 6.607729E-001, 5.726346E-001, 6.780397E-001, -1.202705E-002
1.666560E-001, 2.175138E+000, 3.476193E+000, 5.681118E+000, 7.204338E-001, 5.643927E-001, 6.511025E-001, 1.804058E-002
1.666640E-001, 2.195870E+000, 3.560194E+000, 5.598289E+000, 7.080514E-001, 5.474311E-001, 6.233382E-001, 5.553667E-002
1.666720E-001, 2.228695E+000, 3.519087E+000, 5.508963E+000, 5.673416E-001, 5.427726E-001, 6.008904E-001, 7.758626E-002
1.666800E-001, 2.211419E+000, 3.200957E+000, 5.396900E+000, 4.435171E-001, 5.631982E-001, 5.849407E-001, 1.060031E-001
1.666880E-001, 2.154406E+000, 2.947168E+000, 5.317319E+000, 4.784131E-001, 5.909102E-001, 5.909662E-001, 1.363066E-001
1.666960E-001, 2.159589E+000, 3.108020E+000, 5.461864E+000, 5.437024E-001, 5.967632E-001, 6.188486E-001, 1.565875E-001
1.667040E-001, 2.233878E+000, 3.456533E+000, 5.614530E+000, 4.817901E-001, 5.888796E-001, 6.462585E-001, 1.819386E-001
1.667120E-001, 2.301258E+000, 3.637045E+000, 5.543069E+000, 3.759764E-001, 6.009439E-001, 6.757950E-001, 2.061106E-001
1.667200E-001, 2.280525E+000, 3.583428E+000, 5.559310E+000, 3.771021E-001, 6.231612E-001, 7.125384E-001, 2.151899E-001
1.667280E-001, 2.225240E+000, 3.401129E+000, 5.772068E+000, 4.817901E-001, 6.336727E-001, 7.405390E-001, 2.311080E-001
1.667360E-001, 2.287436E+000, 3.165212E+000, 5.767196E+000, 5.876039E-001, 6.420341E-001, 7.647589E-001, 2.578741E-001
1.667440E-001, 2.410101E+000, 3.118744E+000, 5.500843E+000, 6.270026E-001, 6.537399E-001, 7.966583E-001, 2.651847E-001
1.667520E-001, 2.297802E+000, 3.465469E+000, 5.406644E+000, 6.191229E-001, 6.619819E-001, 8.251315E-001, 2.615294E-001
1.667600E-001, 2.106031E+000, 3.746067E+000, 5.598289E+000, 5.853525E-001, 6.741656E-001, 8.411993E-001, 2.689579E-001
1.667680E-001, 2.244245E+000, 3.561981E+000, 5.772068E+000, 5.740957E-001, 6.942329E-001, 8.421445E-001, 2.733206E-001
1.667760E-001, 2.449837E+000, 3.401129E+000, 5.786685E+000, 6.573959E-001, 7.138224E-001, 8.243045E-001, 2.735564E-001
1.667840E-001, 2.356543E+000, 3.451171E+000, 5.750955E+000, 6.709040E-001, 7.424899E-001, 7.987849E-001, 2.805133E-001
1.667920E-001, 2.182048E+000, 3.322490E+000, 5.750955E+000, 4.660307E-001, 7.885970E-001, 7.921687E-001, 2.808670E-001
1.668000E-001, 2.197597E+000, 3.286745E+000, 5.767196E+000, 3.523372E-001, 8.244314E-001, 7.906328E-001, 2.839327E-001
1.668080E-001, 2.351360E+000, 3.372533E+000, 5.682742E+000, 5.583363E-001, 8.357790E-001, 7.482185E-001, 3.083405E-001
1.668160E-001, 2.328900E+000, 3.091935E+000, 5.570679E+000, 7.316906E-001, 8.386458E-001, 6.897362E-001, 3.230796E-001
1.668240E-001, 2.104303E+000, 2.873891E+000, 5.679494E+000, 6.483905E-001, 8.349429E-001, 6.704784E-001, 3.143541E-001
1.668320E-001, 2.104303E+000, 3.091935E+000, 5.845153E+000, 5.594619E-001, 8.269398E-001, 6.698877E-001, 3.202497E-001
1.668400E-001, 2.351360E+000, 3.331426E+000, 5.747706E+000, 5.403254E-001, 8.247898E-001, 6.503936E-001, 3.435963E-001
1.668480E-001, 2.392824E+000, 3.497640E+000, 5.556062E+000, 5.043037E-001, 8.220425E-001, 6.251103E-001, 3.553875E-001
1.668560E-001, 2.221785E+000, 3.594151E+000, 5.521956E+000, 5.887296E-001, 8.084254E-001, 6.158950E-001, 3.659996E-001
1.668640E-001, 2.209691E+000, 3.495853E+000, 5.622651E+000, 7.226852E-001, 7.888359E-001, 6.259373E-001, 3.946523E-001
1.668720E-001, 2.271887E+000, 3.299256E+000, 5.723345E+000, 6.258769E-001, 7.684102E-001, 6.429504E-001, 4.258991E-001
1.668800E-001, 2.152678E+000, 3.007935E+000, 5.690863E+000, 4.401400E-001, 7.507319E-001, 6.467311E-001, 4.450009E-001
1.668880E-001, 2.062839E+000, 2.766656E+000, 5.599913E+000, 4.784131E-001, 7.445206E-001, 6.401149E-001, 4.566742E-001
1.668960E-001, 2.128490E+000, 2.956105E+000, 5.541445E+000, 6.011120E-001, 7.464318E-001, 6.383427E-001, 4.611548E-001
1.669040E-001, 2.097392E+000, 3.399341E+000, 5.461864E+000, 5.785984E-001, 7.380704E-001, 6.326717E-001, 4.565563E-001
1.669120E-001, 1.926353E+000, 3.561981E+000, 5.442375E+000, 5.178118E-001, 7.119112E-001, 6.154224E-001, 4.395769E-001
1.669200E-001, 1.814054E+000, 3.360022E+000, 5.504091E+000, 5.099321E-001, 6.643708E-001, 5.959283E-001, 4.024345E-001
1.669280E-001, 1.890072E+000, 3.068701E+000, 5.469985E+000, 4.874185E-001, 5.995105E-001, 5.726535E-001, 3.605757E-001
1.669360E-001, 2.099120E+000, 2.959679E+000, 5.413141E+000, 4.468941E-001, 5.461171E-001, 5.447711E-001, 3.439501E-001
1.669440E-001, 2.202780E+000, 3.050828E+000, 5.578800E+000, 4.761617E-001, 5.021602E-001, 5.190153E-001, 3.435963E-001
1.669520E-001, 2.183776E+000, 3.099084E+000, 5.799678E+000, 5.583363E-001, 4.470946E-001, 4.880610E-001, 3.313335E-001
1.669600E-001, 2.214874E+000, 3.025807E+000, 5.775316E+000, 5.583363E-001, 3.999125E-001, 4.501362E-001, 3.152974E-001
1.669680E-001, 2.168227E+000, 2.959679E+000, 5.656757E+000, 5.065550E-001, 3.649142E-001, 4.207178E-001, 3.099913E-001
1.669760E-001, 2.016192E+000, 3.011509E+000, 5.653509E+000, 5.065550E-001, 3.354105E-001, 4.130383E-001, 3.132929E-001
1.669840E-001, 1.943630E+000, 3.125893E+000, 5.591793E+000, 5.335713E-001, 3.404273E-001, 4.235533E-001, 3.227259E-001
1.669920E-001, 1.808871E+000, 3.118744E+000, 5.478105E+000, 5.684673E-001, 3.781730E-001, 4.402119E-001, 3.283857E-001
1.670000E-001, 1.668930E+000, 3.049041E+000, 5.512211E+000, 5.999863E-001, 4.081545E-001, 4.685669E-001, 3.287394E-001
1.670080E-001, 1.789867E+000, 3.068701E+000, 5.590168E+000, 5.808498E-001, 4.326414E-001, 5.108632E-001, 3.356962E-001
1.670160E-001, 1.978183E+000, 3.116956E+000, 5.586920E+000, 6.056147E-001, 4.795845E-001, 5.541046E-001, 3.494919E-001
1.670240E-001, 2.061111E+000, 3.141978E+000, 5.543069E+000, 6.866635E-001, 5.456393E-001, 5.988820E-001, 3.566846E-001
1.670320E-001, 2.083571E+000, 3.161638E+000, 5.525204E+000, 6.450135E-001, 6.143221E-001, 6.365705E-001, 3.486665E-001
1.670400E-001, 2.012737E+000, 3.222404E+000, 5.494346E+000, 5.133091E-001, 6.796602E-001, 6.534654E-001, 3.380544E-001
1.670480E-001, 1.955723E+000, 3.320703E+000, 5.440751E+000, 4.502712E-001, 7.396232E-001, 6.705965E-001, 3.335738E-001
1.670560E-001, 2.012737E+000, 3.385043E+000, 5.456992E+000, 4.851672E-001, 7.934943E-001, 6.903269E-001, 3.236691E-001
1.670640E-001, 2.057656E+000, 3.365384E+000, 5.551190E+000, 5.324456E-001, 8.409153E-001, 6.761494E-001, 3.128212E-001
1.670720E-001, 2.009281E+000, 3.254575E+000, 5.692487E+000, 5.076807E-001, 8.747191E-001, 6.295999E-001, 3.108167E-001
1.670800E-001, 1.973000E+000, 3.200957E+000, 5.726593E+000, 4.716590E-001, 8.820055E-001, 5.771431E-001, 3.043315E-001
1.670880E-001, 2.005826E+000, 3.272447E+000, 5.478105E+000, 5.144348E-001, 8.633716E-001, 5.063736E-001, 2.966672E-001
1.670960E-001, 2.123307E+000, 3.259936E+000, 5.314071E+000, 5.673416E-001, 8.388847E-001, 4.078399E-001, 2.992613E-001
1.671040E-001, 2.206236E+000, 3.124105E+000, 5.569055E+000, 5.785984E-001, 8.200119E-001, 3.043440E-001, 3.081047E-001
1.671120E-001, 2.030013E+000, 3.100871E+000, 5.734714E+000, 6.483905E-001, 7.922999E-001, 1.950590E-001, 3.275602E-001
1.671200E-001, 1.895255E+000, 3.175936E+000, 5.577176E+000, 6.967946E-001, 7.418927E-001, 7.703117E-002, 3.550338E-001
1.671280E-001, 2.102576E+000, 3.174148E+000, 5.531701E+000, 5.797241E-001, 6.727322E-001, -2.102998E-002, 3.827432E-001
1.671360E-001, 2.225240E+000, 3.104446E+000, 5.591793E+000, 4.165008E-001, 5.849378E-001, -9.605268E-002, 4.143437E-001
1.671440E-001, 2.100848E+000, 3.025807E+000, 5.598289E+000, 3.399547E-001, 4.804206E-001, -1.709572E-001, 4.433501E-001
1.671520E-001, 2.173410E+000, 3.009722E+000, 5.660005E+000, 3.669710E-001, 3.724395E-001, -2.368827E-001, 4.676400E-001
1.671600E-001, 2.379003E+000, 3.032956E+000, 5.716848E+000, 4.491455E-001, 2.666084E-001, -2.727990E-001, 4.973539E-001
1.671680E-001, 2.245972E+000, 3.016871E+000, 5.676246E+000, 4.558995E-001, 1.643607E-001, -2.835504E-001, 5.284827E-001
1.671760E-001, 1.969545E+000, 2.991849E+000, 5.541445E+000, 4.119981E-001, 7.561070E-002, -2.784701E-001, 5.525368E-001
1.671840E-001, 1.867612E+000, 2.920360E+000, 5.416389E+000, 5.043037E-001, 9.675303E-003, -2.472795E-001, 5.752939E-001
1.671920E-001, 1.795050E+000, 2.823848E+000, 5.510587E+000, 6.191229E-001, -2.914536E-002, -1.850166E-001, 6.038287E-001
1.672000E-001, 1.883161E+000, 2.789891E+000, 5.655133E+000, 5.808498E-001, -4.288190E-002, -1.039685E-001, 6.213976E-001
1.672080E-001, 2.180321E+000, 2.734486E+000, 5.531701E+000, 6.382594E-001, -3.786508E-002, -2.020296E-002, 6.147945E-001
1.672160E-001, 2.242517E+000, 2.805976E+000, 5.471609E+000, 7.632096E-001, -1.051144E-002, 5.127535E-002, 5.949852E-001
1.672240E-001, 2.026558E+000, 3.057977E+000, 5.707104E+000, 6.033633E-001, 3.248991E-002, 1.180278E-001, 5.711670E-001
1.672320E-001, 1.822693E+000, 3.158063E+000, 5.802926E+000, 3.545885E-001, 6.927995E-002, 1.969493E-001, 5.498248E-001
1.672400E-001, 1.833059E+000, 3.170574E+000, 5.720097E+000, 3.433318E-001, 1.053533E-001, 2.813056E-001, 5.294260E-001
1.672480E-001, 2.121580E+000, 3.297468E+000, 5.770444E+000, 4.806645E-001, 1.472796E-001, 3.638896E-001, 5.004196E-001
1.672560E-001, 2.408373E+000, 3.315341E+000, 5.825664E+000, 5.774727E-001, 1.764250E-001, 4.395030E-001, 4.650460E-001
1.672640E-001, 2.434288E+000, 3.133042E+000, 5.698983E+000, 5.707187E-001, 1.978062E-001, 4.937320E-001, 4.328559E-001
1.672720E-001, 2.209691E+000, 2.945381E+000, 5.627523E+000, 5.346970E-001, 2.378214E-001, 5.382730E-001, 4.020808E-001
1.672800E-001, 1.915987E+000, 2.897125E+000, 5.861394E+000, 5.425767E-001, 2.853617E-001, 5.933291E-001, 3.592786E-001
1.672880E-001, 1.976455E+000, 2.966828E+000, 6.067655E+000, 6.033633E-001, 3.080569E-001, 6.489758E-001, 3.094018E-001
1.672960E-001, 2.283981E+000, 3.056190E+000, 5.892252E+000, 6.573959E-001, 3.196433E-001, 6.840652E-001, 2.760326E-001
1.673040E-001, 2.249428E+000, 3.129467E+000, 5.621027E+000, 6.157458E-001, 3.447275E-001, 6.980064E-001, 2.642414E-001
1.673120E-001, 2.014464E+000, 3.068701E+000, 5.538197E+000, 5.999863E-001, 3.609724E-001, 7.171460E-001, 2.558696E-001
1.673200E-001, 1.960906E+000, 2.873891E+000, 5.523580E+000, 6.866635E-001, 3.645559E-001, 7.442015E-001, 2.387723E-001
1.673280E-001, 1.964362E+000, 2.793465E+000, 5.456992E+000, 7.103028E-001, 3.827120E-001, 7.588516E-001, 2.260378E-001
1.673360E-001, 1.915987E+000, 2.791678E+000, 5.447247E+000, 6.337566E-001, 3.878483E-001, 7.641681E-001, 2.272169E-001
1.673440E-001, 1.928081E+000, 2.738060E+000, 5.518708E+000, 5.470794E-001, 3.582251E-001, 7.563705E-001, 2.234437E-001
1.673520E-001, 2.045562E+000, 2.854231E+000, 5.495970E+000, 5.009267E-001, 3.329021E-001, 7.183275E-001, 2.110629E-001
1.673600E-001, 2.085299E+000, 3.045467E+000, 5.473233E+000, 5.335713E-001, 3.079374E-001, 6.578368E-001, 2.135391E-001
1.673680E-001, 2.059384E+000, 2.965041E+000, 5.601537E+000, 5.819755E-001, 2.527524E-001, 5.865948E-001, 2.259199E-001
1.673760E-001, 2.180321E+000, 2.850657E+000, 5.638892E+000, 6.551445E-001, 1.889670E-001, 5.022385E-001, 2.258020E-001
1.673840E-001, 2.171682E+000, 2.927509E+000, 5.551190E+000, 7.350677E-001, 1.319903E-001, 4.039411E-001, 2.206138E-001
1.673920E-001, 2.002371E+000, 2.968615E+000, 5.543069E+000, 6.483905E-001, 7.680519E-002, 2.919387E-001, 2.239154E-001
1.674000E-001, 2.232151E+000, 2.904274E+000, 5.460240E+000, 5.346970E-001, 3.153432E-002, 1.779278E-001, 2.333484E-001
1.674080E-001, 2.591506E+000, 2.913211E+000, 5.253979E+000, 5.459538E-001, -8.719718E-003, 8.860948E-002, 2.458471E-001
1.674160E-001, 2.501667E+000, 3.031169E+000, 5.263723E+000, 4.649050E-001, -4.670424E-002, 2.008482E-002, 2.796879E-001
1.674240E-001, 2.263249E+000, 3.129467E+000, 5.418013E+000, 3.579656E-001, -6.832436E-002, -6.143591E-002, 3.348708E-001
1.674320E-001, 2.157861E+000, 3.100871E+000, 5.400148E+000, 4.097467E-001, -6.736878E-002, -1.422478E-001, 3.764938E-001
1.674400E-001, 2.083571E+000, 2.963253E+000, 5.377411E+000, 4.941726E-001, -4.037349E-002, -1.812359E-001, 4.236588E-001
1.674480E-001, 1.995460E+000, 3.018658E+000, 5.474857E+000, 4.986753E-001, 9.914200E-003, -1.843077E-001, 4.970002E-001
1.674560E-001, 2.004098E+000, 3.166999E+000, 5.510587E+000, 4.311346E-001, 5.876851E-002, -1.669403E-001, 5.591399E-001
1.674640E-001, 2.211419E+000, 2.913211E+000, 5.510587E+000, 4.513968E-001, 9.699193E-002, -1.466192E-001, 6.199827E-001
1.674720E-001, 2.308168E+000, 2.664783E+000, 5.619402E+000, 6.123688E-001, 1.482352E-001, -1.281884E-001, 6.947390E-001
1.674800E-001, 2.080116E+000, 2.895338E+000, 5.789933E+000, 6.607729E-001, 1.846669E-001, -9.498936E-002, 7.492145E-001
1.674880E-001, 1.910804E+000, 3.031169E+000, 5.819167E+000, 6.528932E-001, 1.949394E-001, -5.281125E-002, 7.746835E-001
1.674960E-001, 2.049018E+000, 2.868529E+000, 5.648636E+000, 7.395704E-001, 2.285044E-001, -2.362920E-003, 7.929599E-001
1.675040E-001, 2.226968E+000, 2.793465E+000, 5.403396E+000, 6.472648E-001, 2.562164E-001, 4.749468E-002, 8.143021E-001
1.675120E-001, 2.199325E+000, 2.854231E+000, 5.253979E+000, 4.108724E-001, 2.661306E-001, 7.844893E-002, 8.227918E-001
1.675200E-001, 2.102576E+000, 3.015084E+000, 5.364418E+000, 4.277576E-001, 3.010094E-001, 1.030233E-001, 8.068736E-001
1.675280E-001, 2.066294E+000, 3.138403E+000, 5.489474E+000, 5.707187E-001, 3.444886E-001, 1.389397E-001, 7.748014E-001
1.675360E-001, 2.087026E+000, 3.074063E+000, 5.327064E+000, 4.750361E-001, 3.712450E-001, 1.845440E-001, 7.470921E-001
1.675440E-001, 2.237334E+000, 3.059765E+000, 5.156532E+000, 3.332007E-001, 3.861760E-001, 2.316843E-001, 7.307023E-001
1.675520E-001, 2.277070E+000, 3.213468E+000, 5.198759E+000, 3.692223E-001, 4.079156E-001, 2.823689E-001, 7.070019E-001
1.675600E-001, 2.017920E+000, 3.315341E+000, 5.393651E+000, 3.827305E-001, 4.413611E-001, 3.382519E-001, 6.837732E-001
1.675680E-001, 2.011009E+000, 3.247426E+000, 5.590168E+000, 3.894846E-001, 4.674008E-001, 3.822022E-001, 6.738685E-001
1.675760E-001, 2.391097E+000, 2.959679E+000, 5.591793E+000, 5.155604E-001, 4.800623E-001, 4.157557E-001, 6.603087E-001
1.675840E-001, 2.411829E+000, 2.539676E+000, 5.439126E+000, 5.954836E-001, 4.785095E-001, 4.708117E-001, 6.453338E-001
1.675920E-001, 2.019647E+000, 2.477123E+000, 5.289709E+000, 6.258769E-001, 4.671619E-001, 5.363827E-001, 6.362545E-001
1.676000E-001, 1.864157E+000, 3.034743E+000, 5.299454E+000, 6.472648E-001, 4.622645E-001, 5.828141E-001, 6.219872E-001
1.676080E-001, 1.967817E+000, 3.578066E+000, 5.469985E+000, 5.628389E-001, 4.566504E-001, 6.166039E-001, 6.074840E-001
1.676160E-001, 2.054201E+000, 3.549470E+000, 5.489474E+000, 4.772874E-001, 4.598755E-001, 6.479125E-001, 6.053615E-001
1.676240E-001, 2.104303E+000, 3.360022E+000, 5.322191E+000, 4.108724E-001, 4.875875E-001, 6.859555E-001, 6.096064E-001
1.676320E-001, 2.138857E+000, 3.318915E+000, 5.216624E+000, 3.343263E-001, 5.147023E-001, 7.275429E-001, 6.124363E-001
1.676400E-001, 2.169955E+000, 3.261724E+000, 5.161405E+000, 3.692223E-001, 5.493422E-001, 7.538894E-001, 6.183319E-001
1.676480E-001, 2.173410E+000, 3.293894E+000, 5.185766E+000, 3.725994E-001, 6.061996E-001, 7.737380E-001, 6.230484E-001
1.676560E-001, 2.142312E+000, 3.413639E+000, 5.383907E+000, 2.420207E-001, 6.562484E-001, 7.970127E-001, 6.132616E-001
1.676640E-001, 2.119852E+000, 3.342149E+000, 5.500843E+000, 2.037477E-001, 6.967413E-001, 8.070552E-001, 6.025317E-001
1.676720E-001, 2.049018E+000, 3.184872E+000, 5.370914E+000, 2.814195E-001, 7.358009E-001, 7.955950E-001, 6.072481E-001
1.676800E-001, 1.973000E+000, 3.152701E+000, 5.255603E+000, 3.264466E-001, 7.575404E-001, 7.672399E-001, 6.000555E-001
1.676880E-001, 2.030013E+000, 3.209893E+000, 5.351425E+000, 3.545885E-001, 7.607656E-001, 7.275429E-001, 5.659788E-001
1.676960E-001, 2.083571E+000, 3.263511E+000, 5.442375E+000, 4.243806E-001, 7.582571E-001, 6.791031E-001, 5.434576E-001
1.677040E-001, 2.009281E+000, 3.227766E+000, 5.305950E+000, 5.954836E-001, 7.556292E-001, 6.244015E-001, 5.467591E-001
1.677120E-001, 2.021375E+000, 3.172361E+000, 5.138667E+000, 8.149908E-001, 7.513291E-001, 5.745439E-001, 5.533623E-001
1.677200E-001, 2.209691E+000, 3.193808E+000, 5.203631E+000, 8.251219E-001, 7.412955E-001, 5.279943E-001, 5.591399E-001
1.677280E-001, 2.242517E+000, 3.233128E+000, 5.442375E+000, 6.799095E-001, 7.243338E-001, 4.679762E-001, 5.685729E-001
1.677360E-001, 1.986822E+000, 3.267085E+000, 5.598289E+000, 6.652756E-001, 7.139418E-001, 4.046500E-001, 5.770626E-001
1.677440E-001, 1.772590E+000, 3.268872E+000, 5.437502E+000, 6.697783E-001, 7.250505E-001, 3.637715E-001, 5.881463E-001
1.677520E-001, 1.812327E+000, 3.159850E+000, 5.216624E+000, 5.515822E-001, 7.440428E-001, 3.386064E-001, 6.116109E-001
1.677600E-001, 1.978183E+000, 3.097297E+000, 5.304326E+000, 4.604023E-001, 7.537181E-001, 3.163949E-001, 6.370800E-001
1.677680E-001, 2.099120E+000, 3.154489E+000, 5.427758E+000, 4.705333E-001, 7.582571E-001, 3.033988E-001, 6.561817E-001
1.677760E-001, 2.059384E+000, 3.124105E+000, 5.357922E+000, 5.358227E-001, 7.599294E-001, 2.982004E-001, 6.835374E-001
1.677840E-001, 1.922898E+000, 3.040105E+000, 5.278340E+000, 5.527079E-001, 7.621989E-001, 3.005634E-001, 7.080631E-001
1.677920E-001, 1.881434E+000, 3.104446E+000, 5.208504E+000, 4.525225E-001, 7.667379E-001, 3.083610E-001, 7.113647E-001
1.678000E-001, 1.891800E+000, 3.243851E+000, 5.249106E+000, 3.894846E-001, 7.550320E-001, 3.057618E-001, 7.199723E-001
1.678080E-001, 1.812327E+000, 3.304617E+000, 5.409893E+000, 4.536482E-001, 7.231393E-001, 2.993819E-001, 7.437905E-001
1.678160E-001, 1.710394E+000, 3.327852E+000, 5.367666E+000, 5.065550E-001, 6.834825E-001, 3.003271E-001, 7.501578E-001
1.678240E-001, 1.738037E+000, 3.392192E+000, 5.257227E+000, 4.986753E-001, 6.383311E-001, 2.892213E-001, 7.420219E-001
1.678320E-001, 1.903893E+000, 3.431512E+000, 5.405020E+000, 5.380740E-001, 5.985549E-001, 2.693728E-001, 7.433189E-001
1.678400E-001, 2.014464E+000, 3.313554E+000, 5.533325E+000, 6.922919E-001, 5.713207E-001, 2.674825E-001, 7.453234E-001
1.678480E-001, 1.947085E+000, 3.106233E+000, 5.370914E+000, 8.172421E-001, 5.426531E-001, 2.703180E-001, 7.450876E-001
1.678560E-001, 1.819237E+000, 3.152701E+000, 5.247482E+000, 7.384447E-001, 5.152995E-001, 2.596849E-001, 7.521623E-001
1.678640E-001, 1.814054E+000, 3.343937E+000, 5.426134E+000, 5.966093E-001, 5.108799E-001, 2.581489E-001, 7.540489E-001
1.678720E-001, 2.024830E+000, 3.265298E+000, 5.575552E+000, 5.819755E-001, 5.299916E-001, 2.724446E-001, 7.492145E-001
1.678800E-001, 2.251155E+000, 3.143765E+000, 5.353049E+000, 5.425767E-001, 5.548369E-001, 2.839048E-001, 7.538131E-001
1.678880E-001, 2.220057E+000, 3.131254E+000, 5.073703E+000, 3.129385E-001, 5.756208E-001, 2.992637E-001, 7.567609E-001
1.678960E-001, 2.049018E+000, 2.970402E+000, 5.208504E+000, 1.114421E-001, 5.928214E-001, 3.360071E-001, 7.561713E-001
1.679040E-001, 2.021375E+000, 2.916785E+000, 5.546318E+000, 1.936166E-001, 6.058412E-001, 3.831474E-001, 7.693775E-001
1.679120E-001, 2.140584E+000, 3.122318E+000, 5.554438E+000, 4.097467E-001, 6.175472E-001, 4.141016E-001, 7.740940E-001
1.679200E-001, 2.188959E+000, 3.175936E+000, 5.215000E+000, 4.570252E-001, 6.261474E-001, 4.265070E-001, 7.602983E-001
1.679280E-001, 2.088754E+000, 3.068701E+000, 5.044469E+000, 3.883589E-001, 6.175472E-001, 4.374945E-001, 7.565250E-001
1.679360E-001, 2.002371E+000, 3.038318E+000, 5.299454E+000, 4.727847E-001, 5.919852E-001, 4.602967E-001, 7.472100E-001
1.679440E-001, 2.045562E+000, 3.100871E+000, 5.572303E+000, 6.157458E-001, 5.671400E-001, 4.914873E-001, 7.203260E-001
1.679520E-001, 2.023103E+000, 3.238489E+000, 5.526828E+000, 5.740957E-001, 5.579425E-001, 5.147620E-001, 7.093601E-001
1.679600E-001, 1.836514E+000, 3.259936E+000, 5.370914E+000, 4.772874E-001, 5.588981E-001, 5.314206E-001, 7.048795E-001
1.679680E-001, 1.817510E+000, 3.184872E+000, 5.270220E+000, 4.874185E-001, 5.660650E-001, 5.526869E-001, 6.762268E-001
1.679760E-001, 2.033469E+000, 3.286745E+000, 5.245858E+000, 4.975496E-001, 5.917463E-001, 5.645015E-001, 6.471025E-001
1.679840E-001, 2.109486E+000, 3.372533E+000, 5.377411E+000, 4.626536E-001, 6.222056E-001, 5.626111E-001, 6.360188E-001
1.679920E-001, 2.007554E+000, 3.188446E+000, 5.473233E+000, 4.502712E-001, 6.511121E-001, 5.738350E-001, 6.225767E-001
1.680000E-001, 2.038652E+000, 3.054403E+000, 5.310822E+000, 4.074954E-001, 6.807352E-001, 5.956920E-001, 6.144408E-001
1.680080E-001, 2.173410E+000, 3.165212E+000, 5.088320E+000, 2.926762E-001, 6.787046E-001, 5.960464E-001, 6.243454E-001
1.680160E-001, 2.145767E+000, 3.218830E+000, 5.109433E+000, 3.016817E-001, 6.489620E-001, 5.829322E-001, 6.137333E-001
1.680240E-001, 2.052473E+000, 3.133042E+000, 5.283213E+000, 4.187522E-001, 6.213695E-001, 5.733624E-001, 5.850806E-001
1.680320E-001, 2.052473E+000, 3.113382E+000, 5.396900E+000, 3.647196E-001, 5.916269E-001, 5.503240E-001, 5.930986E-001
1.680400E-001, 1.947085E+000, 3.218830E+000, 5.452119E+000, 2.532775E-001, 5.548369E-001, 5.151165E-001, 6.096064E-001
1.680480E-001, 1.746675E+000, 3.338575E+000, 5.411517E+000, 3.118128E-001, 5.072964E-001, 4.828626E-001, 5.952211E-001
1.680560E-001, 1.693117E+000, 3.308192E+000, 5.299454E+000, 4.649050E-001, 4.475724E-001, 4.452922E-001, 5.883822E-001
1.680640E-001, 1.788139E+000, 3.061552E+000, 5.331936E+000, 6.236256E-001, 3.867733E-001, 4.053589E-001, 5.906225E-001
1.680720E-001, 1.978183E+000, 2.838146E+000, 5.551190E+000, 7.181825E-001, 3.238240E-001, 3.668433E-001, 5.787134E-001
1.680800E-001, 2.066294E+000, 2.907849E+000, 5.737962E+000, 7.485758E-001, 2.592026E-001, 3.179308E-001, 5.885001E-001
1.680880E-001, 1.919442E+000, 3.202744E+000, 5.744458E+000, 7.812204E-001, 2.028230E-001, 2.822507E-001, 6.264678E-001
1.680960E-001, 1.971272E+000, 3.542321E+000, 5.625899E+000, 7.913516E-001, 1.520575E-001, 2.763434E-001, 6.425039E-001
1.681040E-001, 2.130218E+000, 3.662066E+000, 5.405020E+000, 7.812204E-001, 1.057116E-001, 2.679551E-001, 6.360188E-001
1.681120E-001, 1.979911E+000, 3.327852E+000, 5.206880E+000, 6.754068E-001, 7.716353E-002, 2.576764E-001, 6.387307E-001
1.681200E-001, 1.969545E+000, 2.952530E+000, 5.336808E+000, 4.626536E-001, 6.629375E-002, 2.602756E-001, 6.526443E-001
1.681280E-001, 2.104303E+000, 3.170574E+000, 5.549566E+000, 3.714737E-001, 5.649899E-002, 2.533050E-001, 6.840090E-001
1.681360E-001, 1.995460E+000, 3.687088E+000, 5.398524E+000, 3.849818E-001, 4.073183E-002, 2.411359E-001, 7.215051E-001
1.681440E-001, 2.052473E+000, 3.654917E+000, 5.253979E+000, 3.714737E-001, 2.795088E-002, 2.470432E-001, 7.292873E-001
1.681520E-001, 2.220057E+000, 3.234915E+000, 5.370914E+000, 3.444574E-001, 2.532302E-002, 2.528324E-001, 7.255141E-001
1.681600E-001, 2.035196E+000, 3.084786E+000, 5.354673E+000, 2.521518E-001, 1.982840E-002, 2.400726E-001, 7.406069E-001
1.681680E-001, 1.959179E+000, 3.077637E+000, 5.236114E+000, 2.589059E-001, -4.539031E-003, 2.260132E-001, 7.520444E-001
1.681760E-001, 2.275342E+000, 3.057977E+000, 5.309198E+000, 4.570252E-001, -3.583446E-002, 2.199878E-001, 7.582937E-001
1.681840E-001, 2.368637E+000, 3.133042E+000, 5.388779E+000, 5.527079E-001, -5.136272E-002, 2.032111E-001, 7.809329E-001
1.681920E-001, 2.099120E+000, 3.199170E+000, 5.281589E+000, 5.234402E-001, -5.184051E-002, 1.778097E-001, 7.955540E-001
1.682000E-001, 1.978183E+000, 3.256362E+000, 5.263723E+000, 5.560849E-001, -5.207941E-002, 1.612692E-001, 7.949644E-001
1.682080E-001, 1.997187E+000, 3.242064E+000, 5.471609E+000, 6.146201E-001, -5.124328E-002, 1.409481E-001, 8.124155E-001
1.682160E-001, 1.955723E+000, 3.027594E+000, 5.596665E+000, 6.011120E-001, -4.383749E-002, 1.128294E-001, 8.275082E-001
1.682240E-001, 2.047290E+000, 2.863168E+000, 5.551190E+000, 4.851672E-001, -3.344549E-002, 9.652526E-002, 8.211409E-001
1.682320E-001, 2.201053E+000, 3.013296E+000, 5.469985E+000, 3.613426E-001, -2.592026E-002, 9.109055E-002, 8.374128E-001
1.682400E-001, 2.147495E+000, 3.225979E+000, 5.401772E+000, 2.870479E-001, -1.815612E-002, 8.884577E-002, 8.719612E-001
1.682480E-001, 2.055928E+000, 3.172361E+000, 5.405020E+000, 1.879882E-001, -3.583446E-003, 9.428049E-002, 8.791538E-001
1.682560E-001, 2.137129E+000, 3.122318E+000, 5.456992E+000, 1.418354E-001, 2.006730E-002, 9.971520E-002, 8.829270E-001
1.682640E-001, 2.247700E+000, 3.265298E+000, 5.481353E+000, 1.846112E-001, 4.969045E-002, 1.019600E-001, 9.098110E-001
1.682720E-001, 2.263249E+000, 3.259936E+000, 5.513835E+000, 1.981193E-001, 7.047443E-002, 1.176734E-001, 9.226635E-001
1.682800E-001, 2.221785E+000, 3.154489E+000, 5.596665E+000, 2.408951E-001, 7.883581E-002, 1.408300E-001, 9.184186E-001
1.682880E-001, 2.218329E+000, 3.263511E+000, 5.598289E+000, 3.782278E-001, 9.078062E-002, 1.535898E-001, 9.313889E-001
1.682960E-001, 2.263249E+000, 3.356447E+000, 5.338432E+000, 4.772874E-001, 1.033227E-001, 1.619781E-001, 9.381099E-001
1.683040E-001, 2.228695E+000, 3.161638E+000, 5.122426E+000, 4.716590E-001, 1.170592E-001, 1.654044E-001, 9.265545E-001
1.683120E-001, 2.180321E+000, 2.929296E+000, 5.288085E+000, 4.750361E-001, 1.439351E-001, 1.555983E-001, 9.363412E-001
1.683200E-001, 2.277070E+000, 3.007935E+000, 5.465112E+000, 5.200632E-001, 1.597022E-001, 1.476825E-001, 9.487220E-001
1.683280E-001, 2.366909E+000, 3.338575E+000, 5.422885E+000, 5.009267E-001, 1.433378E-001, 1.507543E-001, 9.316248E-001
1.683360E-001, 2.296075E+000, 3.545896E+000, 5.340056E+000, 4.851672E-001, 1.235094E-001, 1.518176E-001, 9.193619E-001
1.683440E-001, 2.173410E+000, 3.463682E+000, 5.229617E+000, 5.346970E-001, 1.206427E-001, 1.447288E-001, 9.190081E-001
1.683520E-001, 2.142312E+000, 3.293894E+000, 5.245858E+000, 4.435171E-001, 1.070256E-001, 1.408300E-001, 9.029721E-001
1.683600E-001, 2.223512E+000, 3.288532E+000, 5.474857E+000, 2.431464E-001, 6.545761E-002, 1.496910E-001, 8.872898E-001
1.683680E-001, 2.372092E+000, 3.368958E+000, 5.614530E+000, 2.408951E-001, 2.388964E-002, 1.626870E-001, 8.871719E-001
1.683760E-001, 2.418739E+000, 3.258149E+000, 5.560935E+000, 3.286979E-001, -3.225101E-003, 1.775734E-001, 8.782105E-001
1.683840E-001, 2.150950E+000, 3.095510E+000, 5.598289E+000, 3.241952E-001, -3.428163E-002, 2.020296E-001, 8.566325E-001
1.683920E-001, 1.789867E+000, 3.186659E+000, 5.770444E+000, 4.682820E-001, -7.513291E-002, 2.314480E-001, 8.420115E-001
1.684000E-001, 1.763952E+000, 3.309979E+000, 5.695735E+000, 6.618986E-001, -1.120424E-001, 2.670099E-001, 8.341113E-001
1.684080E-001, 2.023103E+000, 3.222404E+000, 5.375787E+000, 5.223145E-001, -1.316319E-001, 3.113146E-001, 8.242067E-001
1.684160E-001, 2.245972E+000, 3.163425E+000, 5.284837E+000, 3.647196E-001, -1.365293E-001, 3.560920E-001, 8.135946E-001
1.684240E-001, 2.368637E+000, 3.284958E+000, 5.504091E+000, 4.592766E-001, -1.434573E-001, 3.967342E-001, 8.025109E-001
1.684320E-001, 2.432561E+000, 3.311766E+000, 5.617778E+000, 4.086211E-001, -1.515798E-001, 4.301695E-001, 7.935495E-001
1.684400E-001, 2.340994E+000, 3.091935E+000, 5.551190E+000, 2.825451E-001, -1.483546E-001, 4.639592E-001, 7.913092E-001
1.684480E-001, 2.242517E+000, 2.936445E+000, 5.622651E+000, 4.142494E-001, -1.353348E-001, 5.063736E-001, 7.843524E-001
1.684560E-001, 2.327173E+000, 3.063339E+000, 5.643764E+000, 4.806645E-001, -1.112063E-001, 5.420537E-001, 7.716178E-001
1.684640E-001, 2.365181E+000, 3.309979E+000, 5.469985E+000, 2.881735E-001, -8.683883E-002, 5.682821E-001, 7.699671E-001
1.684720E-001, 2.275342E+000, 3.386831E+000, 5.565807E+000, 1.846112E-001, -8.767498E-002, 5.965190E-001, 7.648968E-001
1.684800E-001, 2.190687E+000, 3.179510E+000, 5.804550E+000, 2.836708E-001, -9.591690E-002, 6.076248E-001, 7.409607E-001
1.684880E-001, 2.147495E+000, 3.020445E+000, 5.681118E+000, 3.906102E-001, -8.851111E-002, 5.849407E-001, 7.174961E-001
1.684960E-001, 2.194142E+000, 3.188446E+000, 5.500843E+000, 4.311346E-001, -8.743607E-002, 5.632018E-001, 6.982764E-001
1.685040E-001, 2.195870E+000, 3.259936E+000, 5.621027E+000, 4.649050E-001, -9.125842E-002, 5.643833E-001, 6.709207E-001
1.685120E-001, 2.019647E+000, 3.090148E+000, 5.749331E+000, 5.088064E-001, -6.724934E-002, 5.537502E-001, 6.474562E-001
1.685200E-001, 1.981638E+000, 3.224191E+000, 5.684366E+000, 5.234402E-001, -2.508412E-002, 5.242137E-001, 6.360188E-001
1.685280E-001, 2.239061E+000, 3.524449E+000, 5.547942E+000, 4.896699E-001, 5.255721E-003, 5.126354E-001, 6.170349E-001
1.685360E-001, 2.325445E+000, 3.361809E+000, 5.447247E+000, 4.198779E-001, 3.260935E-002, 5.145257E-001, 5.954569E-001
1.685440E-001, 2.023103E+000, 2.966828E+000, 5.536573E+000, 4.378887E-001, 7.154947E-002, 5.089729E-001, 5.933345E-001
1.685520E-001, 1.715577E+000, 2.972190E+000, 5.786685E+000, 5.740957E-001, 1.065478E-001, 5.095636E-001, 5.914479E-001
1.685600E-001, 1.710394E+000, 3.247426E+000, 5.850025E+000, 6.371337E-001, 1.202843E-001, 5.094454E-001, 5.803641E-001
1.685680E-001, 1.988549E+000, 3.327852E+000, 5.632395E+000, 6.112431E-001, 1.170592E-001, 4.923143E-001, 5.863777E-001
1.685760E-001, 2.204508E+000, 3.268872E+000, 5.495970E+000, 5.729700E-001, 1.088173E-001, 4.787275E-001, 5.966361E-001
1.685840E-001, 2.161316E+000, 3.367171E+000, 5.601537E+000, 4.975496E-001, 1.030838E-001, 4.698665E-001, 5.821328E-001
1.685920E-001, 2.228695E+000, 3.513725E+000, 5.697359E+000, 5.279430E-001, 9.663358E-002, 4.483640E-001, 5.691625E-001
1.686000E-001, 2.382458E+000, 3.385043E+000, 5.716848E+000, 6.697783E-001, 7.441622E-002, 4.372582E-001, 5.806000E-001
1.686080E-001, 2.233878E+000, 3.175936E+000, 5.864642E+000, 6.382594E-001, 3.834287E-002, 4.371401E-001, 5.925091E-001
1.686160E-001, 2.049018E+000, 3.200957E+000, 6.027052E+000, 4.367630E-001, 6.450202E-003, 4.077218E-001, 5.998197E-001
1.686240E-001, 2.192414E+000, 3.284958E+000, 5.898748E+000, 3.545885E-001, -2.126178E-002, 3.680247E-001, 6.126721E-001
1.686320E-001, 2.325445E+000, 3.317128E+000, 5.666502E+000, 4.345117E-001, -4.539031E-002, 3.629444E-001, 6.195110E-001
1.686400E-001, 2.121580E+000, 3.279596E+000, 5.687614E+000, 4.919212E-001, -6.330754E-002, 3.681428E-001, 6.122004E-001
1.686480E-001, 2.030013E+000, 3.104446E+000, 5.801302E+000, 4.919212E-001, -8.409153E-002, 3.624718E-001, 5.973435E-001
1.686560E-001, 2.302985E+000, 2.995424E+000, 5.780189E+000, 5.211889E-001, -1.046366E-001, 3.721598E-001, 5.918016E-001
1.686640E-001, 2.429105E+000, 3.057977E+000, 5.807798E+000, 5.729700E-001, -1.187315E-001, 4.006330E-001, 6.079556E-001
1.686720E-001, 2.273615E+000, 3.188446E+000, 5.819167E+000, 5.527079E-001, -1.337820E-001, 4.325324E-001, 6.259962E-001
1.686800E-001, 2.197597E+000, 3.329639E+000, 5.611282E+000, 4.255062E-001, -1.511020E-001, 4.696302E-001, 6.195110E-001
1.686880E-001, 2.239061E+000, 3.360022E+000, 5.536573E+000, 2.938019E-001, -1.648385E-001, 5.100362E-001, 6.073660E-001
1.686960E-001, 2.258066E+000, 3.327852E+000, 5.729841E+000, 2.285126E-001, -1.731999E-001, 5.459526E-001, 6.142049E-001
1.687040E-001, 2.264977E+000, 3.343937E+000, 5.827288E+000, 2.251356E-001, -1.743944E-001, 5.852951E-001, 6.201006E-001
1.687120E-001, 2.302985E+000, 3.349298E+000, 5.770444E+000, 3.163155E-001, -1.705720E-001, 6.288910E-001, 6.057153E-001
1.687200E-001, 2.334083E+000, 3.451171E+000, 5.726593E+000, 4.074954E-001, -1.708109E-001, 6.544105E-001, 5.827224E-001
1.687280E-001, 2.247700E+000, 3.522661E+000, 5.755827E+000, 3.377034E-001, -1.814418E-001, 6.592546E-001, 5.631490E-001
1.687360E-001, 2.026558E+000, 3.351086E+000, 5.747706E+000, 2.746654E-001, -1.918338E-001, 6.671703E-001, 5.456979E-001
1.687440E-001, 1.929808E+000, 3.258149E+000, 5.705480E+000, 3.422061E-001, -1.785750E-001, 6.839470E-001, 5.192856E-001
1.687520E-001, 2.074933E+000, 3.331426E+000, 5.762323E+000, 3.545885E-001, -1.555215E-001, 6.944621E-001, 4.789596E-001
1.687600E-001, 2.240789E+000, 3.295681E+000, 5.807798E+000, 3.455831E-001, -1.548049E-001, 6.877277E-001, 4.361574E-001
1.687680E-001, 2.330628E+000, 3.177723E+000, 5.728217E+000, 4.165008E-001, -1.679442E-001, 6.665796E-001, 3.987793E-001
1.687760E-001, 2.304713E+000, 3.031169E+000, 5.711976E+000, 4.086211E-001, -1.847863E-001, 6.377520E-001, 3.601040E-001
1.687840E-001, 2.133673E+000, 2.823848E+000, 5.887380E+000, 3.557142E-001, -2.258765E-001, 5.994727E-001, 3.161228E-001
1.687920E-001, 2.005826E+000, 2.838146E+000, 5.971833E+000, 4.536482E-001, -2.918119E-001, 5.467796E-001, 2.786267E-001
1.688000E-001, 2.014464E+000, 3.190234E+000, 5.841905E+000, 6.146201E-001, -3.602557E-001, 4.786094E-001, 2.539830E-001
1.688080E-001, 2.126763E+000, 3.444022E+000, 5.824039E+000, 6.157458E-001, -4.320441E-001, 4.070129E-001, 2.319334E-001
1.688160E-001, 2.244245E+000, 3.419001E+000, 5.966961E+000, 4.851672E-001, -4.994129E-001, 3.529020E-001, 2.100017E-001
1.688240E-001, 2.138857E+000, 3.417214E+000, 6.043293E+000, 4.074954E-001, -5.407420E-001, 3.158042E-001, 1.970314E-001
1.688320E-001, 1.931536E+000, 3.606662E+000, 5.996194E+000, 4.322603E-001, -5.720374E-001, 2.730353E-001, 1.951448E-001
1.688400E-001, 1.947085E+000, 3.713897E+000, 5.850025E+000, 4.513968E-001, -6.024967E-001, 2.224689E-001, 2.042240E-001
1.688480E-001, 2.093937E+000, 3.408278E+000, 5.694111E+000, 4.390144E-001, -6.132470E-001, 1.890336E-001, 2.240333E-001
1.688560E-001, 2.111214E+000, 3.074063E+000, 5.724969E+000, 4.885442E-001, -6.109775E-001, 1.719024E-001, 2.400694E-001
1.688640E-001, 1.973000E+000, 3.277809E+000, 5.950720E+000, 5.234402E-001, -6.058412E-001, 1.450832E-001, 2.465545E-001
1.688720E-001, 1.919442E+000, 3.587002E+000, 6.044918E+000, 3.759764E-001, -5.949714E-001, 1.136564E-001, 2.635339E-001
1.688800E-001, 2.116397E+000, 3.284958E+000, 5.856522E+000, 2.307640E-001, -5.867295E-001, 9.723414E-002, 2.926582E-001
1.688880E-001, 2.282253E+000, 2.739848E+000, 5.707104E+000, 2.971790E-001, -5.831461E-001, 9.014538E-002, 3.136466E-001
1.688960E-001, 2.247700E+000, 2.720188E+000, 5.906869E+000, 4.041184E-001, -5.655872E-001, 8.411993E-002, 3.263811E-001
1.689040E-001, 2.287436E+000, 3.086573E+000, 6.160229E+000, 4.165008E-001, -5.393086E-001, 8.081184E-002, 3.402948E-001
1.689120E-001, 2.413556E+000, 3.254575E+000, 6.083896E+000, 3.962386E-001, -5.317833E-001, 7.596786E-002, 3.555055E-001
1.689200E-001, 2.406646E+000, 3.208106E+000, 5.942599E+000, 4.570252E-001, -5.449226E-001, 6.616174E-002, 3.759043E-001
1.689280E-001, 2.306441E+000, 3.247426E+000, 6.004315E+000, 6.664013E-001, -5.667816E-001, 5.304754E-002, 3.959494E-001
1.689360E-001, 2.232151E+000, 3.352873E+000, 6.083896E+000, 7.598326E-001, -5.842211E-001, 3.414419E-002, 3.976001E-001
1.689440E-001, 2.256338E+000, 3.252787E+000, 6.095265E+000, 5.853525E-001, -5.855350E-001, 1.465010E-002, 3.867522E-001
1.689520E-001, 2.332356E+000, 3.025807E+000, 6.088768E+000, 4.750361E-001, -5.796821E-001, 7.206904E-003, 3.900537E-001
1.689600E-001, 2.226968E+000, 3.022233E+000, 6.070903E+000, 5.178118E-001, -5.709624E-001, 1.559527E-002, 4.095093E-001
1.689680E-001, 1.953996E+000, 3.027594E+000, 6.098513E+000, 5.448281E-001, -5.574647E-001, 3.532565E-002, 4.233050E-001
1.689760E-001, 1.900438E+000, 2.759507E+000, 6.116378E+000, 5.842268E-001, -5.542396E-001, 5.541046E-002, 4.287290E-001
1.689840E-001, 2.175138E+000, 2.745209E+000, 5.976705E+000, 5.650903E-001, -5.604509E-001, 7.525899E-002, 4.358037E-001
1.689920E-001, 2.380730E+000, 3.147340E+000, 5.876011E+000, 4.153751E-001, -5.507756E-001, 1.040866E-001, 4.366291E-001
1.690000E-001, 2.304713E+000, 3.308192E+000, 6.087144E+000, 2.780424E-001, -5.320222E-001, 1.409481E-001, 4.236588E-001
1.690080E-001, 2.140584E+000, 3.127680E+000, 6.259300E+000, 2.544032E-001, -5.360835E-001, 1.779278E-001, 4.083301E-001
1.690160E-001, 2.011009E+000, 3.104446E+000, 6.113130E+000, 3.185668E-001, -5.617648E-001, 2.088821E-001, 4.025525E-001
1.690240E-001, 2.019647E+000, 3.195595E+000, 5.984826E+000, 3.568399E-001, -5.796821E-001, 2.344016E-001, 4.060898E-001
1.690320E-001, 2.180321E+000, 3.109807E+000, 6.036797E+000, 3.410804E-001, -5.713207E-001, 2.562586E-001, 4.064436E-001
1.690400E-001, 2.169955E+000, 3.088361E+000, 6.077400E+000, 3.658453E-001, -5.624815E-001, 2.774068E-001, 3.907612E-001
1.690480E-001, 1.936719E+000, 3.234915E+000, 6.005939E+000, 3.996156E-001, -5.849378E-001, 3.000908E-001, 3.693012E-001
1.690560E-001, 1.874523E+000, 3.141978E+000, 5.952344E+000, 4.277576E-001, -6.027356E-001, 3.168675E-001, 3.580995E-001
1.690640E-001, 2.049018E+000, 2.923934E+000, 6.066031E+000, 4.806645E-001, -5.844600E-001, 3.302180E-001, 3.501994E-001
1.690720E-001, 2.223512E+000, 2.997211E+000, 6.244683E+000, 4.761617E-001, -5.663038E-001, 3.443955E-001, 3.404127E-001
1.690800E-001, 2.349632E+000, 3.032956E+000, 6.286909E+000, 4.311346E-001, -5.664233E-001, 3.462858E-001, 3.381723E-001
1.690880E-001, 2.270159E+000, 2.830997E+000, 6.221945E+000, 4.435171E-001, -5.609287E-001, 3.423870E-001, 3.380544E-001
1.690960E-001, 1.926353E+000, 2.870317E+000, 6.161853E+000, 4.446428E-001, -5.464755E-001, 3.508936E-001, 3.259095E-001
1.691040E-001, 1.743220E+000, 3.070488E+000, 6.202456E+000, 3.680967E-001, -5.335751E-001, 3.634170E-001, 3.076331E-001
1.691120E-001, 1.895255E+000, 2.929296E+000, 6.377859E+000, 2.881735E-001, -5.231831E-001, 3.716872E-001, 2.931299E-001
1.691200E-001, 2.076660E+000, 2.686230E+000, 6.389228E+000, 2.645343E-001, -5.233026E-001, 3.752316E-001, 2.799237E-001
1.691280E-001, 2.092209E+000, 2.798827E+000, 6.122875E+000, 3.309493E-001, -5.442060E-001, 3.681428E-001, 2.687220E-001
1.691360E-001, 2.014464E+000, 3.072275E+000, 5.944223E+000, 4.592766E-001, -5.743069E-001, 3.544379E-001, 2.570487E-001
1.691440E-001, 1.986822E+000, 3.093722E+000, 5.949096E+000, 4.345117E-001, -5.930603E-001, 3.475855E-001, 2.379469E-001
1.691520E-001, 2.083571E+000, 2.920360E+000, 5.988074E+000, 2.926762E-001, -5.986744E-001, 3.492395E-001, 2.204959E-001
1.691600E-001, 2.197597E+000, 2.916785E+000, 6.049790E+000, 3.467088E-001, -6.033328E-001, 3.435685E-001, 2.163690E-001
1.691680E-001, 2.182048E+000, 3.052616E+000, 6.103385E+000, 4.615279E-001, -6.060801E-001, 3.254921E-001, 2.142466E-001
1.691760E-001, 2.121580E+000, 3.079424E+000, 6.132619E+000, 4.165008E-001, -5.983160E-001, 3.205300E-001, 2.013941E-001
1.691840E-001, 2.100848E+000, 3.065126E+000, 6.053038E+000, 3.523372E-001, -5.924630E-001, 3.361253E-001, 1.944373E-001
1.691920E-001, 1.950540E+000, 3.100871E+000, 5.861394E+000, 2.814195E-001, -5.954492E-001, 3.469947E-001, 2.012762E-001
1.692000E-001, 1.789867E+000, 3.102659E+000, 5.900373E+000, 2.172558E-001, -5.806376E-001, 3.510117E-001, 2.026912E-001
1.692080E-001, 1.919442E+000, 3.129467E+000, 6.238186E+000, 2.791681E-001, -5.449226E-001, 3.630626E-001, 2.018658E-001
1.692160E-001, 2.093937E+000, 3.243851E+000, 6.446072E+000, 3.928616E-001, -5.325000E-001, 3.725142E-001, 2.095301E-001
1.692240E-001, 2.062839E+000, 3.208106E+000, 6.379483E+000, 4.930469E-001, -5.519701E-001, 3.710965E-001, 2.140107E-001
1.692320E-001, 2.071477E+000, 2.943594E+000, 6.298278E+000, 5.223145E-001, -5.612870E-001, 3.727506E-001, 2.070539E-001
1.692400E-001, 2.145767E+000, 2.768444E+000, 6.309647E+000, 4.727847E-001, -5.532840E-001, 3.845651E-001, 1.951448E-001
1.692480E-001, 2.035196E+000, 2.741635E+000, 6.303150E+000, 4.660307E-001, -5.473116E-001, 3.981519E-001, 1.973851E-001
1.692560E-001, 1.879706E+000, 2.741635E+000, 6.236562E+000, 4.784131E-001, -5.402642E-001, 4.073673E-001, 2.173123E-001
1.692640E-001, 1.976455E+000, 2.877466E+000, 6.166726E+000, 5.043037E-001, -5.458782E-001, 4.158738E-001, 2.265095E-001
1.692720E-001, 2.126763E+000, 3.070488E+000, 6.241435E+000, 5.549592E-001, -5.788459E-001, 4.262707E-001, 2.166048E-001
1.692800E-001, 2.054201E+000, 3.127680E+000, 6.428206E+000, 4.694077E-001, -6.169499E-001, 4.309965E-001, 2.135391E-001
1.692880E-001, 1.978183E+000, 3.050828E+000, 6.437951E+000, 4.063697E-001, -6.415563E-001, 4.300514E-001, 2.222646E-001
1.692960E-001, 2.036924E+000, 2.927509E+000, 6.304774E+000, 5.740957E-001, -6.484842E-001, 4.348953E-001, 2.281602E-001
1.693040E-001, 2.052473E+000, 2.902487E+000, 6.303150E+000, 6.483905E-001, -6.425118E-001, 4.417478E-001, 2.385365E-001
1.693120E-001, 2.068022E+000, 2.957892E+000, 6.306398E+000, 4.097467E-001, -6.401228E-001, 4.451740E-001, 2.581099E-001
1.693200E-001, 2.109486E+000, 2.914998E+000, 6.145612E+000, 1.395841E-001, -6.415563E-001, 4.556890E-001, 2.726131E-001
1.693280E-001, 2.050745E+000, 2.850657E+000, 5.999443E+000, 1.058137E-001, -6.321198E-001, 4.691577E-001, 2.798058E-001
1.693360E-001, 1.907349E+000, 2.965041E+000, 5.963713E+000, 2.487748E-001, -6.115748E-001, 4.764827E-001, 2.865268E-001
1.693440E-001, 1.812327E+000, 3.147340E+000, 5.981577E+000, 3.410804E-001, -5.915074E-001, 4.776642E-001, 2.862910E-001
1.693520E-001, 1.902166E+000, 3.091935E+000, 6.005939E+000, 3.253209E-001, -5.732319E-001, 4.691577E-001, 2.803954E-001
1.693600E-001, 2.005826E+000, 2.795252E+000, 5.970209E+000, 3.118128E-001, -5.529257E-001, 4.624234E-001, 2.857014E-001
1.693680E-001, 1.929808E+000, 2.596868E+000, 5.955592E+000, 3.478345E-001, -5.362029E-001, 4.725839E-001, 2.934836E-001
1.693760E-001, 1.905621E+000, 2.713039E+000, 6.074152E+000, 4.210035E-001, -5.167329E-001, 4.872340E-001, 2.842865E-001
1.693840E-001, 2.007554E+000, 2.965041E+000, 6.231690E+000, 4.401400E-001, -4.789872E-001, 4.937320E-001, 2.748535E-001
1.693920E-001, 2.035196E+000, 3.016871E+000, 6.244683E+000, 3.872332E-001, -4.340747E-001, 5.015296E-001, 2.829894E-001
1.694000E-001, 1.978183E+000, 2.875678E+000, 6.044918E+000, 3.996156E-001, -4.104240E-001, 5.198423E-001, 2.833432E-001
1.694080E-001, 1.962634E+000, 2.822061E+000, 5.861394E+000, 4.131238E-001, -3.989570E-001, 5.391001E-001, 2.629443E-001
1.694160E-001, 2.040379E+000, 2.940019E+000, 5.911741E+000, 3.365777E-001, -3.496248E-001, 5.465433E-001, 2.543367E-001
1.694240E-001, 2.054201E+000, 3.102659E+000, 5.965337E+000, 3.219439E-001, -2.526329E-001, 5.478429E-001, 2.584637E-001
1.694320E-001, 1.974728E+000, 3.220617E+000, 5.914989E+000, 4.153751E-001, -1.632857E-001, 5.572945E-001, 2.533934E-001
1.694400E-001, 2.017920E+000, 3.274234E+000, 6.031925E+000, 4.907956E-001, -1.078617E-001, 5.821052E-001, 2.627085E-001
1.694480E-001, 2.099120E+000, 3.204532E+000, 6.169974E+000, 4.513968E-001, -5.566286E-002, 6.131776E-001, 2.773296E-001
1.694560E-001, 2.123307E+000, 3.032956E+000, 5.981577E+000, 3.365777E-001, -1.110868E-002, 6.249922E-001, 2.565771E-001
1.694640E-001, 2.169955E+000, 2.931083E+000, 5.768820E+000, 3.039330E-001, -5.375169E-003, 6.166039E-001, 2.346454E-001
1.694720E-001, 2.080116E+000, 2.965041E+000, 5.895500E+000, 3.748507E-001, -1.648385E-002, 6.053800E-001, 2.399514E-001
1.694800E-001, 1.907349E+000, 2.975764E+000, 6.106634E+000, 4.266319E-001, -3.022039E-002, 5.795060E-001, 2.280423E-001
1.694880E-001, 1.962634E+000, 2.888189E+000, 6.234938E+000, 4.446428E-001, -8.241925E-002, 5.302391E-001, 1.891313E-001
1.694960E-001, 2.142312E+000, 2.841721E+000, 6.259300E+000, 4.086211E-001, -1.800084E-001, 4.860525E-001, 1.545830E-001
1.695040E-001, 2.228695E+000, 2.909636E+000, 6.028677E+000, 3.275723E-001, -2.930064E-001, 4.620689E-001, 1.231004E-001
1.695120E-001, 2.230423E+000, 3.043679E+000, 5.828912E+000, 3.489601E-001, -3.981208E-001, 4.452922E-001, 9.409399E-002
1.695200E-001, 2.114669E+000, 3.184872E+000, 5.927982E+000, 4.333860E-001, -4.806595E-001, 4.314691E-001, 8.666551E-002
1.695280E-001, 1.959179E+000, 3.154489E+000, 6.009187E+000, 4.660307E-001, -5.356057E-001, 4.318235E-001, 8.666551E-002
1.695360E-001, 1.950540E+000, 2.972190E+000, 6.007563E+000, 4.727847E-001, -5.712013E-001, 4.480095E-001, 7.652505E-002
1.695440E-001, 2.026558E+000, 2.986488E+000, 6.119627E+000, 4.468941E-001, -5.821905E-001, 4.756557E-001, 7.487428E-002
1.695520E-001, 2.095665E+000, 3.099084E+000, 6.168350E+000, 3.523372E-001, -5.504172E-001, 5.190153E-001, 9.244321E-002
1.695600E-001, 2.080116E+000, 2.931083E+000, 5.989698E+000, 2.431464E-001, -4.960683E-001, 5.674551E-001, 1.246333E-001
1.695680E-001, 1.929808E+000, 2.772018E+000, 5.835408E+000, 2.150045E-001, -4.466168E-001, 6.067977E-001, 1.676712E-001
1.695760E-001, 1.966089E+000, 2.954317E+000, 5.918238E+000, 2.724141E-001, -3.947763E-001, 6.421233E-001, 2.016300E-001
1.695840E-001, 2.247700E+000, 3.109807E+000, 5.989698E+000, 3.208182E-001, -3.628836E-001, 6.720143E-001, 2.180198E-001
1.695920E-001, 2.301258E+000, 3.006147E+000, 5.908493E+000, 3.151898E-001, -3.614502E-001, 6.780397E-001, 2.384186E-001
1.696000E-001, 2.121580E+000, 2.857806E+000, 5.898748E+000, 2.037477E-001, -3.477137E-001, 6.464947E-001, 2.591712E-001
1.696080E-001, 2.055928E+000, 2.695167E+000, 5.939351E+000, -1.125678E-003, -3.363661E-001, 5.915569E-001, 2.641235E-001
1.696160E-001, 2.142312E+000, 2.605804E+000, 5.892252E+000, 2.926763E-002, -3.499832E-001, 5.427626E-001, 2.727311E-001
1.696240E-001, 2.209691E+000, 2.834572E+000, 5.871139E+000, 3.759764E-001, -3.459220E-001, 4.992849E-001, 2.872343E-001
1.696320E-001, 2.107759E+000, 3.109807E+000, 5.918238E+000, 5.504565E-001, -3.387551E-001, 4.320598E-001, 2.795700E-001
1.696400E-001, 2.019647E+000, 3.072275E+000, 5.798054E+000, 4.277576E-001, -3.662282E-001, 3.416781E-001, 2.495023E-001
1.696480E-001, 2.040379E+000, 2.914998E+000, 5.569055E+000, 3.163155E-001, -3.803231E-001, 2.679551E-001, 2.285140E-001
1.696560E-001, 1.924625E+000, 2.863168E+000, 5.577176E+000, 3.073101E-001, -3.627641E-001, 2.199878E-001, 2.398335E-001
1.696640E-001, 1.850335E+000, 2.797040E+000, 5.674622E+000, 3.275723E-001, -3.496248E-001, 1.704846E-001, 2.642414E-001
1.696720E-001, 2.192414E+000, 2.809550E+000, 5.640516E+000, 3.354520E-001, -3.210768E-001, 1.264162E-001, 2.855835E-001
1.696800E-001, 2.503395E+000, 3.061552E+000, 5.655133E+000, 3.512115E-001, -2.772393E-001, 1.090487E-001, 3.226079E-001
1.696880E-001, 2.264977E+000, 3.124105E+000, 5.726593E+000, 3.478345E-001, -2.705502E-001, 1.134201E-001, 3.622265E-001
1.696960E-001, 1.912532E+000, 2.877466E+000, 5.721721E+000, 2.757911E-001, -2.657722E-001, 1.303150E-001, 3.917045E-001
1.697040E-001, 1.810599E+000, 2.854231E+000, 5.698983E+000, 3.005560E-001, -2.158429E-001, 1.461466E-001, 4.383978E-001
1.697120E-001, 1.867612E+000, 3.009722E+000, 5.728217E+000, 4.480198E-001, -1.808446E-001, 1.519357E-001, 4.840298E-001
1.697200E-001, 2.059384E+000, 2.929296E+000, 5.776940E+000, 4.187522E-001, -1.810835E-001, 1.659951E-001, 5.007734E-001
1.697280E-001, 2.283981E+000, 2.729124E+000, 5.757451E+000, 2.352667E-001, -1.795306E-001, 1.813541E-001, 5.202289E-001
1.697360E-001, 2.346177E+000, 2.721975E+000, 5.526828E+000, 1.981193E-001, -1.896837E-001, 1.739109E-001, 5.487636E-001
1.697440E-001, 2.223512E+000, 2.959679E+000, 5.237738E+000, 2.949276E-001, -1.968506E-001, 1.657588E-001, 5.626773E-001
1.697520E-001, 2.183776E+000, 3.163425E+000, 5.330312E+000, 3.343263E-001, -1.752305E-001, 1.706028E-001, 5.803641E-001
1.697600E-001, 2.297802E+000, 3.050828E+000, 5.750955E+000, 2.273869E-001, -1.659135E-001, 1.695395E-001, 6.125542E-001
1.697680E-001, 2.282253E+000, 2.838146E+000, 5.965337E+000, 8.555152E-002, -1.687803E-001, 1.675310E-001, 6.407352E-001
1.697760E-001, 2.176865E+000, 2.845295E+000, 5.846777E+000, 7.654610E-002, -1.499075E-001, 1.652862E-001, 6.704491E-001
1.697840E-001, 2.112942E+000, 2.965041E+000, 5.698983E+000, 1.654747E-001, -1.330653E-001, 1.605604E-001, 7.020496E-001
1.697920E-001, 2.068022E+000, 2.956105E+000, 5.635643E+000, 2.667857E-001, -1.157453E-001, 1.758012E-001, 7.180856E-001
1.698000E-001, 2.138857E+000, 2.830997E+000, 5.590168E+000, 3.275723E-001, -7.047443E-002, 2.092365E-001, 7.305844E-001
1.698080E-001, 2.118124E+000, 2.834572E+000, 5.672998E+000, 3.095614E-001, -3.284825E-002, 2.482247E-001, 7.503936E-001
1.698160E-001, 1.900438E+000, 2.998998E+000, 5.798054E+000, 3.264466E-001, -2.424798E-002, 3.028081E-001, 7.624207E-001
1.698240E-001, 1.992005E+000, 3.020445E+000, 5.632395E+000, 3.782278E-001, -1.755888E-002, 3.675521E-001, 7.724432E-001
1.698320E-001, 2.264977E+000, 2.870317E+000, 5.349801E+000, 3.028074E-001, -1.564771E-002, 4.268614E-001, 7.977943E-001
1.698400E-001, 2.152678E+000, 2.788103E+000, 5.354673E+000, 1.452124E-001, -1.397544E-002, 4.851074E-001, 8.160707E-001
1.698480E-001, 2.021375E+000, 2.827423E+000, 5.575552E+000, 7.879745E-002, 6.808547E-003, 5.416993E-001, 8.007421E-001
1.698560E-001, 2.206236E+000, 2.991849E+000, 5.744458E+000, 1.339557E-001, 1.516992E-002, 5.834048E-001, 7.743298E-001
1.698640E-001, 2.278798E+000, 3.102659E+000, 5.772068E+000, 2.138788E-001, 7.405788E-003, 6.144772E-001, 7.581758E-001
1.698720E-001, 2.111214E+000, 2.923934E+000, 5.658381E+000, 2.318897E-001, 1.636440E-002, 6.457859E-001, 7.353008E-001
1.698800E-001, 1.945357E+000, 2.818486E+000, 5.383907E+000, 1.924909E-001, 1.720054E-002, 6.743772E-001, 7.002809E-001
1.698880E-001, 1.781229E+000, 3.043679E+000, 5.211752E+000, 1.440868E-001, 6.927995E-003, 7.042682E-001, 6.679729E-001
1.698960E-001, 1.658564E+000, 3.168787E+000, 5.487850E+000, 1.305786E-001, 2.126178E-002, 7.329776E-001, 6.359008E-001
1.699040E-001, 1.812327E+000, 3.027594E+000, 5.828912E+000, 2.352667E-001, 2.986205E-002, 7.407752E-001, 5.951031E-001
1.699120E-001, 2.183776E+000, 2.884615E+000, 5.796430E+000, 4.311346E-001, 1.839502E-002, 7.390031E-001, 5.508861E-001
1.699200E-001, 2.436016E+000, 2.981126E+000, 5.679494E+000, 4.998010E-001, 2.675639E-002, 7.502269E-001, 5.061973E-001
1.699280E-001, 2.446382E+000, 3.197383E+000, 5.551190E+000, 3.692223E-001, 4.120963E-002, 7.609782E-001, 4.556130E-001
1.699360E-001, 2.259794E+000, 3.052616E+000, 5.292957E+000, 2.161302E-001, 3.798452E-002, 7.662948E-001, 4.003121E-001
1.699440E-001, 2.074933E+000, 2.705890E+000, 5.195511E+000, 1.474638E-001, 3.679004E-002, 7.792909E-001, 3.524397E-001
1.699520E-001, 2.119852E+000, 2.739848E+000, 5.328688E+000, 1.632233E-001, 3.320660E-002, 7.914599E-001, 3.131750E-001
1.699600E-001, 2.185504E+000, 2.918572E+000, 5.443999E+000, 3.028074E-001, 2.592026E-002, 7.895696E-001, 2.726131E-001
1.699680E-001, 2.093937E+000, 2.759507E+000, 5.482977E+000, 4.525225E-001, 3.392329E-002, 7.796453E-001, 2.325230E-001
1.699760E-001, 2.085299E+000, 2.595081E+000, 5.482977E+000, 4.491455E-001, 2.986205E-002, 7.680670E-001, 1.997434E-001
1.699840E-001, 2.235606E+000, 2.829210E+000, 5.370914E+000, 4.119981E-001, 1.552826E-003, 7.555435E-001, 1.796983E-001
1.699920E-001, 2.361726E+000, 3.093722E+000, 5.278340E+000, 4.311346E-001, -1.158647E-002, 7.431382E-001, 1.734489E-001
1.700000E-001, 2.392824E+000, 2.991849E+000, 5.340056E+000, 4.063697E-001, -5.733513E-003, 7.203360E-001, 1.756893E-001
1.700080E-001, 2.349632E+000, 2.829210E+000, 5.335184E+000, 4.052441E-001, -2.030619E-003, 6.815841E-001, 1.851223E-001
1.700160E-001, 2.175138E+000, 2.866742E+000, 5.309198E+000, 5.594619E-001, -1.791723E-003, 6.428322E-001, 1.911358E-001
1.700240E-001, 1.985094E+000, 2.800614E+000, 5.435878E+000, 6.697783E-001, -1.791723E-003, 6.189668E-001, 1.878342E-001
1.700320E-001, 2.104303E+000, 2.518229E+000, 5.562559E+000, 5.391997E-001, 1.266151E-002, 6.039622E-001, 1.956164E-001
1.700400E-001, 2.366909E+000, 2.446739E+000, 5.551190E+000, 3.771021E-001, 4.431528E-002, 5.776157E-001, 2.167227E-001
1.700480E-001, 2.244245E+000, 2.770231E+000, 5.385531E+000, 3.894846E-001, 6.486037E-002, 5.368553E-001, 2.255661E-001
1.700560E-001, 2.026558E+000, 3.025807E+000, 5.205256E+000, 4.986753E-001, 7.991084E-002, 4.966857E-001, 2.237975E-001
1.700640E-001, 2.220057E+000, 2.893551E+000, 5.219872E+000, 5.966093E-001, 1.210010E-001, 4.697484E-001, 2.354708E-001
1.700720E-001, 2.351360E+000, 2.727337E+000, 5.335184E+000, 5.898552E-001, 1.708109E-001, 4.663222E-001, 2.536293E-001
1.700800E-001, 2.201053E+000, 2.698741E+000, 5.292957E+000, 4.649050E-001, 2.084371E-001, 4.722295E-001, 2.556338E-001
1.700880E-001, 2.142312E+000, 2.600443E+000, 5.216624E+000, 3.782278E-001, 2.502440E-001, 4.582882E-001, 2.510352E-001
1.700960E-001, 2.028286E+000, 2.525378E+000, 5.312447E+000, 4.243806E-001, 2.974260E-001, 4.344228E-001, 2.566950E-001
1.701040E-001, 1.881434E+000, 2.682656E+000, 5.418013E+000, 4.412657E-001, 3.362467E-001, 4.265070E-001, 2.676608E-001
1.701120E-001, 2.009281E+000, 2.836359E+000, 5.383907E+000, 3.568399E-001, 3.669448E-001, 4.311147E-001, 2.783909E-001
1.701200E-001, 2.175138E+000, 2.780954E+000, 5.245858E+000, 4.367630E-001, 3.896400E-001, 4.438744E-001, 2.967851E-001
1.701280E-001, 2.213146E+000, 2.800614E+000, 5.163029E+000, 6.585215E-001, 4.081545E-001, 4.606512E-001, 3.216646E-001
1.701360E-001, 2.278798E+000, 2.923934E+000, 5.328688E+000, 7.384447E-001, 4.279829E-001, 4.663222E-001, 3.349887E-001
1.701440E-001, 2.226968E+000, 2.856019E+000, 5.486226E+000, 7.361934E-001, 4.390916E-001, 4.684488E-001, 3.378186E-001
1.701520E-001, 2.007554E+000, 2.757720E+000, 5.346553E+000, 6.618986E-001, 4.457807E-001, 4.843985E-001, 3.572741E-001
1.701600E-001, 2.005826E+000, 2.816699E+000, 5.187390E+000, 4.930469E-001, 4.620256E-001, 5.046015E-001, 3.920583E-001
1.701680E-001, 2.242517E+000, 2.839933E+000, 5.200383E+000, 4.829158E-001, 4.707453E-001, 5.154709E-001, 4.091555E-001
1.701760E-001, 2.259794E+000, 2.646911E+000, 5.166277E+000, 6.303796E-001, 4.662063E-001, 5.217326E-001, 4.051465E-001
1.701840E-001, 2.052473E+000, 2.425292E+000, 5.115930E+000, 7.136798E-001, 4.706259E-001, 5.307117E-001, 4.090376E-001
1.701920E-001, 1.905621E+000, 2.507506E+000, 5.294581E+000, 6.720297E-001, 4.625034E-001, 5.439441E-001, 4.253095E-001
1.702000E-001, 1.829603E+000, 2.641549E+000, 5.565807E+000, 5.740957E-001, 4.315663E-001, 5.564675E-001, 4.358037E-001
1.702080E-001, 1.846880E+000, 2.593294E+000, 5.538197E+000, 5.088064E-001, 4.169936E-001, 5.640289E-001, 4.407560E-001
1.702160E-001, 2.064567E+000, 2.645124E+000, 5.215000E+000, 5.178118E-001, 3.896400E-001, 5.687547E-001, 4.484203E-001
1.702240E-001, 2.292619E+000, 2.786316E+000, 5.111057E+000, 5.977349E-001, 3.247796E-001, 5.761979E-001, 4.526652E-001
1.702320E-001, 2.201053E+000, 2.857806E+000, 5.443999E+000, 6.089917E-001, 2.896619E-001, 5.882488E-001, 4.567921E-001
1.702400E-001, 1.948813E+000, 2.927509E+000, 5.694111E+000, 4.930469E-001, 2.826144E-001, 6.019537E-001, 4.743610E-001
1.702480E-001, 1.995460E+000, 2.906062E+000, 5.513835E+000, 4.288833E-001, 2.606359E-001, 6.161312E-001, 4.939345E-001
1.702560E-001, 2.225240E+000, 2.743422E+000, 5.305950E+000, 4.795388E-001, 2.494078E-001, 6.340895E-001, 5.034853E-001
1.702640E-001, 2.199325E+000, 2.668358E+000, 5.343305E+000, 5.279430E-001, 2.534690E-001, 6.495666E-001, 5.195214E-001
1.702720E-001, 1.992005E+000, 2.775593E+000, 5.383907E+000, 5.200632E-001, 2.574109E-001, 6.544105E-001, 5.421606E-001
1.702800E-001, 1.978183E+000, 2.834572E+000, 5.289709E+000, 5.200632E-001, 2.717446E-001, 6.532291E-001, 5.557204E-001
1.702880E-001, 2.149223E+000, 2.709465E+000, 5.143539E+000, 5.301943E-001, 2.933648E-001, 6.449589E-001, 5.701058E-001
1.702960E-001, 2.195870E+000, 2.571847E+000, 5.140291E+000, 4.964240E-001, 3.171349E-001, 6.330261E-001, 5.885001E-001
1.703040E-001, 2.021375E+000, 2.509293E+000, 5.315695E+000, 5.144348E-001, 3.407857E-001, 6.268826E-001, 5.895613E-001
1.703120E-001, 1.947085E+000, 2.475335E+000, 5.305950E+000, 5.763471E-001, 3.479526E-001, 6.037259E-001, 5.709311E-001
1.703200E-001, 2.066294E+000, 2.436016E+000, 5.075327E+000, 5.482051E-001, 3.469970E-001, 5.442985E-001, 5.564280E-001
1.703280E-001, 2.047290E+000, 2.412782E+000, 5.036349E+000, 5.155604E-001, 3.498637E-001, 4.755375E-001, 5.552488E-001
1.703360E-001, 1.971272E+000, 2.509293E+000, 5.190639E+000, 6.191229E-001, 3.334993E-001, 4.195364E-001, 5.598474E-001
1.703440E-001, 2.050745E+000, 2.595081E+000, 5.292957E+000, 7.710894E-001, 2.944398E-001, 3.675521E-001, 5.658609E-001
1.703520E-001, 2.171682E+000, 2.507506E+000, 5.229617E+000, 7.969800E-001, 2.539468E-001, 3.163949E-001, 5.652714E-001
1.703600E-001, 2.207963E+000, 2.398484E+000, 5.138667E+000, 7.125541E-001, 2.147678E-001, 2.657103E-001, 5.597295E-001
1.703680E-001, 2.074933E+000, 2.344867E+000, 5.278340E+000, 6.990460E-001, 1.838308E-001, 2.136079E-001, 5.662147E-001
1.703760E-001, 1.943630E+000, 2.285887E+000, 5.387156E+000, 7.440731E-001, 1.678247E-001, 1.773371E-001, 5.847269E-001
1.703840E-001, 2.016192E+000, 2.278738E+000, 5.138667E+000, 7.080514E-001, 1.482352E-001, 1.716661E-001, 6.005271E-001
1.703920E-001, 2.149223E+000, 2.332356E+000, 4.948647E+000, 6.191229E-001, 1.318708E-001, 1.853710E-001, 6.163274E-001
1.704000E-001, 2.199325E+000, 2.398484E+000, 5.172773E+000, 5.774727E-001, 1.521770E-001, 2.036837E-001, 6.399098E-001
1.704080E-001, 2.081843E+000, 2.482484E+000, 5.445623E+000, 6.089917E-001, 1.912366E-001, 2.205785E-001, 6.640818E-001
1.704160E-001, 1.895255E+000, 2.480697E+000, 5.463488E+000, 6.652756E-001, 2.058092E-001, 2.417267E-001, 6.828299E-001
1.704240E-001, 1.931536E+000, 2.384186E+000, 5.361170E+000, 6.607729E-001, 2.031814E-001, 2.771704E-001, 7.045258E-001
1.704320E-001, 2.045562E+000, 2.461037E+000, 5.205256E+000, 5.628389E-001, 2.115427E-001, 3.188760E-001, 7.347113E-001
1.704400E-001, 2.026558E+000, 2.652273E+000, 4.986001E+000, 5.358227E-001, 2.350740E-001, 3.519568E-001, 7.656043E-001
1.704480E-001, 2.106031E+000, 2.596868E+000, 4.901548E+000, 7.035487E-001, 2.679223E-001, 3.783034E-001, 7.823479E-001
1.704560E-001, 2.283981E+000, 2.334143E+000, 5.102937E+000, 8.071110E-001, 3.007706E-001, 4.027596E-001, 7.841165E-001
1.704640E-001, 2.304713E+000, 2.225121E+000, 5.309198E+000, 7.316906E-001, 3.320660E-001, 4.226081E-001, 7.888330E-001
1.704720E-001, 2.147495E+000, 2.228695E+000, 5.202007E+000, 7.564555E-001, 3.634808E-001, 4.352498E-001, 7.969689E-001
1.704800E-001, 2.007554E+000, 2.139333E+000, 5.080200E+000, 8.611436E-001, 3.922679E-001, 4.413933E-001, 7.910733E-001
1.704880E-001, 2.118124E+000, 2.155418E+000, 5.260475E+000, 7.992313E-001, 4.307302E-001, 4.447014E-001, 7.751552E-001
1.704960E-001, 2.387641E+000, 2.239419E+000, 5.411517E+000, 6.686527E-001, 4.777928E-001, 4.489547E-001, 7.673730E-001
1.705040E-001, 2.410101E+000, 2.237632E+000, 5.369290E+000, 6.461391E-001, 5.018018E-001, 4.471825E-001, 7.714999E-001
1.705120E-001, 2.204508E+000, 2.307334E+000, 5.343305E+000, 6.799095E-001, 4.971434E-001, 4.327687E-001, 7.710283E-001
1.705200E-001, 2.116397E+000, 2.409207E+000, 5.353049E+000, 6.889148E-001, 4.891403E-001, 4.148105E-001, 7.548743E-001
1.705280E-001, 2.142312E+000, 2.494995E+000, 5.395276E+000, 6.697783E-001, 4.898570E-001, 4.034685E-001, 7.391919E-001
1.705360E-001, 2.166499E+000, 2.582570E+000, 5.445623E+000, 6.450135E-001, 4.871097E-001, 3.928353E-001, 7.364800E-001
1.705440E-001, 2.254611E+000, 2.525378E+000, 5.336808E+000, 6.731554E-001, 4.696703E-001, 3.764131E-001, 7.375412E-001
1.705520E-001, 2.377275E+000, 2.434229E+000, 5.143539E+000, 7.665867E-001, 4.498419E-001, 3.599908E-001, 7.381307E-001
1.705600E-001, 2.344449E+000, 2.489633E+000, 5.070455E+000, 8.206192E-001, 4.282218E-001, 3.467584E-001, 7.351829E-001
1.705680E-001, 2.192414E+000, 2.434229E+000, 5.145164E+000, 7.294393E-001, 3.977625E-001, 3.312813E-001, 7.218589E-001
1.705760E-001, 2.135401E+000, 2.171504E+000, 5.398524E+000, 5.639646E-001, 3.748284E-001, 3.067069E-001, 7.045258E-001
1.705840E-001, 2.216602E+000, 2.133971E+000, 5.523580E+000, 5.358227E-001, 3.633614E-001, 2.717357E-001, 6.946211E-001
1.705920E-001, 2.411829E+000, 2.409207E+000, 5.187390E+000, 6.315053E-001, 3.550000E-001, 2.458618E-001, 6.926166E-001
1.706000E-001, 2.455020E+000, 2.436016E+000, 4.956768E+000, 6.157458E-001, 3.527305E-001, 2.357012E-001, 6.953286E-001
1.706080E-001, 2.137129E+000, 2.150057E+000, 5.219872E+000, 5.155604E-001, 3.545222E-001, 2.137261E-001, 6.974510E-001
1.706160E-001, 1.862429E+000, 2.142908E+000, 5.403396E+000, 5.301943E-001, 3.548806E-001, 1.747379E-001, 6.929703E-001
1.706240E-001, 1.983366E+000, 2.427080E+000, 5.289709E+000, 6.224999E-001, 3.502221E-001, 1.437836E-001, 6.853061E-001
1.706320E-001, 2.273615E+000, 2.494995E+000, 5.202007E+000, 6.528932E-001, 3.426969E-001, 1.268888E-001, 6.835374E-001
1.706400E-001, 2.358271E+000, 2.251930E+000, 5.200383E+000, 6.224999E-001, 3.435330E-001, 1.101120E-001, 6.858956E-001
1.706480E-001, 2.285709E+000, 2.033886E+000, 5.309198E+000, 5.774727E-001, 3.436525E-001, 9.168128E-002, 6.816508E-001
1.706560E-001, 2.368637E+000, 2.105376E+000, 5.533325E+000, 5.740957E-001, 3.239435E-001, 7.927595E-002, 6.792925E-001
1.706640E-001, 2.398007E+000, 2.321632E+000, 5.595041E+000, 6.416364E-001, 3.002928E-001, 7.195090E-002, 6.893151E-001
1.706720E-001, 2.128490E+000, 2.344867E+000, 5.424510E+000, 7.058001E-001, 2.918119E-001, 7.325050E-002, 6.902584E-001
1.706800E-001, 1.969545E+000, 2.225121E+000, 5.276716E+000, 6.742811E-001, 2.859590E-001, 8.979094E-002, 6.757551E-001
1.706880E-001, 2.081843E+000, 2.287674E+000, 5.276716E+000, 5.853525E-001, 2.752086E-001, 1.150742E-001, 6.769343E-001
1.706960E-001, 2.064567E+000, 2.436016E+000, 5.422885E+000, 5.752214E-001, 2.775976E-001, 1.465010E-001, 6.987481E-001
1.707040E-001, 1.914259E+000, 2.303760E+000, 5.635643E+000, 5.808498E-001, 3.067430E-001, 1.827718E-001, 7.154916E-001
1.707120E-001, 1.929808E+000, 2.017800E+000, 5.765572E+000, 4.795388E-001, 3.434136E-001, 2.143168E-001, 7.244529E-001
1.707200E-001, 1.945357E+000, 1.969545E+000, 5.669750E+000, 4.266319E-001, 3.702894E-001, 2.434988E-001, 7.335322E-001
1.707280E-001, 1.841697E+000, 2.064269E+000, 5.403396E+000, 5.065550E-001, 3.993153E-001, 2.756346E-001, 7.481533E-001
1.707360E-001, 1.955723E+000, 2.069631E+000, 5.292957E+000, 5.324456E-001, 4.229660E-001, 3.007996E-001, 7.763343E-001
1.707440E-001, 2.266704E+000, 2.062482E+000, 5.346553E+000, 4.637793E-001, 4.228466E-001, 3.130868E-001, 8.058124E-001
1.707520E-001, 2.392824E+000, 2.048184E+000, 5.322191E+000, 4.210035E-001, 4.116185E-001, 3.211208E-001, 8.206693E-001
1.707600E-001, 2.277070E+000, 1.996354E+000, 5.340056E+000, 4.176265E-001, 4.076767E-001, 3.273825E-001, 8.310456E-001
1.707680E-001, 2.149223E+000, 1.928438E+000, 5.414765E+000, 4.525225E-001, 4.122157E-001, 3.241926E-001, 8.417756E-001
1.707760E-001, 2.118124E+000, 1.869459E+000, 5.344929E+000, 5.155604E-001, 4.095879E-001, 3.189941E-001, 8.433084E-001
1.707840E-001, 1.940174E+000, 1.969545E+000, 5.268596E+000, 5.065550E-001, 3.877288E-001, 3.217115E-001, 8.345830E-001
1.707920E-001, 1.701756E+000, 2.112525E+000, 5.375787E+000, 4.649050E-001, 3.565528E-001, 3.153316E-001, 8.194902E-001
1.708000E-001, 1.910804E+000, 2.130397E+000, 5.502467E+000, 4.547739E-001, 3.272880E-001, 2.894576E-001, 8.094677E-001
1.708080E-001, 2.270159E+000, 2.248355E+000, 5.382283E+000, 4.063697E-001, 2.993372E-001, 2.635837E-001, 8.122975E-001
1.708160E-001, 2.261521E+000, 2.294823E+000, 5.200383E+000, 3.939873E-001, 2.699529E-001, 2.508239E-001, 8.224380E-001
1.708240E-001, 2.144040E+000, 1.998141E+000, 5.356297E+000, 4.502712E-001, 2.429576E-001, 2.499969E-001, 8.398890E-001
1.708320E-001, 2.036924E+000, 1.896268E+000, 5.609658E+000, 4.435171E-001, 2.200236E-001, 2.663010E-001, 8.657118E-001
1.708400E-001, 1.812327E+000, 2.078567E+000, 5.663253E+000, 4.480198E-001, 1.958950E-001, 2.914661E-001, 8.961332E-001
1.708480E-001, 1.748403E+000, 2.003502E+000, 5.700607E+000, 5.211889E-001, 1.820390E-001, 2.996182E-001, 9.265545E-001
1.708560E-001, 1.905621E+000, 1.990992E+000, 5.702231E+000, 4.784131E-001, 1.896837E-001, 2.954831E-001, 9.507266E-001
1.708640E-001, 1.973000E+000, 2.296611E+000, 5.619402E+000, 3.343263E-001, 1.986423E-001, 3.082429E-001, 9.639327E-001
1.708720E-001, 1.986822E+000, 2.264440E+000, 5.637268E+000, 3.208182E-001, 1.958950E-001, 3.380156E-001, 9.706537E-001
1.708800E-001, 2.021375E+000, 1.924864E+000, 5.651885E+000, 4.423914E-001, 1.874142E-001, 3.668433E-001, 9.877510E-001
1.708880E-001, 1.888344E+000, 1.933800E+000, 5.517084E+000, 5.234402E-001, 1.809640E-001, 3.930717E-001, 1.011333E+000
1.708960E-001, 1.701756E+000, 2.128610E+000, 5.403396E+000, 4.840415E-001, 1.929088E-001, 4.165827E-001, 1.019234E+000
1.709040E-001, 1.644743E+000, 2.096439E+000, 5.469985E+000, 3.804791E-001, 2.146484E-001, 4.331231E-001, 1.015696E+000
1.709120E-001, 1.636104E+000, 1.942736E+000, 5.604785E+000, 3.545885E-001, 2.240848E-001, 4.417478E-001, 1.008268E+000
1.709200E-001, 1.788139E+000, 1.878395E+000, 5.718472E+000, 4.221292E-001, 2.299378E-001, 4.421022E-001, 9.956511E-001
1.709280E-001, 1.948813E+000, 1.985630E+000, 5.835408E+000, 4.266319E-001, 2.385380E-001, 4.395030E-001, 9.845673E-001
1.709360E-001, 1.677568E+000, 2.244781E+000, 5.786685E+000, 3.332007E-001, 2.586053E-001, 4.379671E-001, 9.713612E-001
1.709440E-001, 1.345856E+000, 2.378824E+000, 5.596665E+000, 3.118128E-001, 2.969482E-001, 4.376127E-001, 9.553251E-001
1.709520E-001, 1.475431E+000, 2.133971E+000, 5.617778E+000, 3.793534E-001, 3.262130E-001, 4.376127E-001, 9.424727E-001
1.709600E-001, 1.706939E+000, 1.855161E+000, 5.806174E+000, 3.962386E-001, 3.391134E-001, 4.307602E-001, 9.257292E-001
1.709680E-001, 1.720760E+000, 1.924864E+000, 5.786685E+000, 4.210035E-001, 3.462803E-001, 4.144561E-001, 9.007317E-001
1.709760E-001, 1.706939E+000, 2.080354E+000, 5.554438E+000, 4.829158E-001, 3.269297E-001, 3.943713E-001, 8.763239E-001
1.709840E-001, 1.786412E+000, 2.067843E+000, 5.431006E+000, 4.750361E-001, 2.848839E-001, 3.723961E-001, 8.595803E-001
1.709920E-001, 1.896983E+000, 2.032098E+000, 5.575552E+000, 4.131238E-001, 2.605165E-001, 3.523113E-001, 8.404786E-001
1.710000E-001, 1.819237E+000, 2.010651E+000, 5.768820E+000, 3.073101E-001, 2.523940E-001, 3.414419E-001, 8.117080E-001
1.710080E-001, 1.539355E+000, 1.885544E+000, 5.783437E+000, 2.172558E-001, 2.269516E-001, 3.364797E-001, 7.789284E-001
1.710160E-001, 1.459882E+000, 1.762224E+000, 5.728217E+000, 2.926762E-001, 1.816807E-001, 3.267918E-001, 7.514548E-001
1.710240E-001, 1.624011E+000, 1.898055E+000, 5.773692E+000, 4.266319E-001, 1.421434E-001, 3.055255E-001, 7.309381E-001
1.710320E-001, 1.789867E+000, 2.194738E+000, 5.772068E+000, 4.705333E-001, 1.223149E-001, 2.798878E-001, 7.003988E-001
1.710400E-001, 1.941902E+000, 2.268015E+000, 5.622651E+000, 4.795388E-001, 9.675304E-002, 2.712632E-001, 6.632565E-001
1.710480E-001, 1.909076E+000, 2.044609E+000, 5.611282E+000, 4.345117E-001, 4.479307E-002, 2.716176E-001, 6.445084E-001
1.710560E-001, 1.744948E+000, 1.860523E+000, 5.783437E+000, 3.973643E-001, 4.777928E-003, 2.561405E-001, 6.318918E-001
1.710640E-001, 1.838242E+000, 2.005290E+000, 5.851649E+000, 4.907956E-001, -9.197511E-003, 2.357012E-001, 6.094885E-001
1.710720E-001, 1.953996E+000, 2.234057E+000, 5.772068E+000, 5.414510E-001, -3.798452E-002, 2.347561E-001, 5.916837E-001
1.710800E-001, 1.743220E+000, 2.146482E+000, 5.705480E+000, 4.435171E-001, -7.823856E-002, 2.537776E-001, 5.796567E-001
1.710880E-001, 1.515167E+000, 1.865885E+000, 5.796430E+000, 3.433318E-001, -8.385263E-002, 2.711450E-001, 5.739969E-001
1.710960E-001, 1.480614E+000, 1.789033E+000, 5.910117E+000, 3.061844E-001, -5.411003E-002, 2.779975E-001, 5.885001E-001
1.711040E-001, 1.487525E+000, 1.964183E+000, 5.786685E+000, 3.264466E-001, -4.395694E-002, 2.913480E-001, 5.997018E-001
1.711120E-001, 1.459882E+000, 1.994566E+000, 5.606410E+000, 3.804791E-001, -6.617430E-002, 3.147409E-001, 5.809537E-001
1.711200E-001, 1.475431E+000, 1.831927E+000, 5.669750E+000, 3.692223E-001, -6.079913E-002, 3.292728E-001, 5.594937E-001
1.711280E-001, 1.611917E+000, 1.864097E+000, 5.828912E+000, 2.791681E-001, -2.305350E-002, 3.312813E-001, 5.572534E-001
1.711360E-001, 1.750131E+000, 2.096439E+000, 5.845153E+000, 2.555289E-001, 2.388964E-003, 3.331716E-001, 5.579608E-001
1.711440E-001, 1.736309E+000, 2.216185E+000, 5.806174E+000, 3.388290E-001, 4.192632E-002, 3.364797E-001, 5.540697E-001
1.711520E-001, 1.674113E+000, 2.060694E+000, 5.820791E+000, 3.635940E-001, 1.015310E-001, 3.350620E-001, 5.478203E-001
1.711600E-001, 1.693117E+000, 1.767586E+000, 5.676246E+000, 3.568399E-001, 1.269734E-001, 3.286821E-001, 5.370904E-001
1.711680E-001, 1.687934E+000, 1.578138E+000, 5.543069E+000, 4.772874E-001, 1.489519E-001, 3.180490E-001, 5.324917E-001
1.711760E-001, 1.566998E+000, 1.696096E+000, 5.794806E+000, 5.650903E-001, 1.883698E-001, 3.077703E-001, 5.317843E-001
1.711840E-001, 1.549721E+000, 2.189376E+000, 6.036797E+000, 4.423914E-001, 1.761861E-001, 3.051710E-001, 5.087914E-001
1.711920E-001, 1.753586E+000, 2.432441E+000, 5.864642E+000, 3.602169E-001, 1.366487E-001, 3.022174E-001, 4.762476E-001
1.712000E-001, 1.831331E+000, 2.010651E+000, 5.559310E+000, 4.998010E-001, 1.238678E-001, 2.772886E-001, 4.715311E-001
1.712080E-001, 1.625738E+000, 1.762224E+000, 5.562559E+000, 5.628389E-001, 8.576380E-002, 2.365282E-001, 4.708236E-001
1.712160E-001, 1.497891E+000, 2.007077E+000, 5.906869E+000, 4.018670E-001, 1.755888E-002, 2.136079E-001, 4.424068E-001
1.712240E-001, 1.613645E+000, 2.003502E+000, 6.098513E+000, 3.286979E-001, -2.078399E-002, 2.113632E-001, 4.198855E-001
1.712320E-001, 1.710394E+000, 1.799756E+000, 5.921486E+000, 4.604023E-001, -3.475942E-002, 2.114813E-001, 4.179990E-001
1.712400E-001, 1.672385E+000, 1.892693E+000, 5.698983E+000, 4.626536E-001, -3.870121E-002, 2.251862E-001, 4.077406E-001
1.712480E-001, 1.599823E+000, 2.098227E+000, 5.569055E+000, 2.240099E-001, -2.914536E-002, 2.575582E-001, 4.000763E-001
1.712560E-001, 1.408052E+000, 2.116099E+000, 5.601537E+000, 1.407097E-001, -3.440108E-002, 2.901665E-001, 4.113959E-001
1.712640E-001, 1.249106E+000, 2.044609E+000, 5.851649E+000, 3.433318E-001, -4.371804E-002, 3.273825E-001, 4.161124E-001
1.712720E-001, 1.465065E+000, 2.049971E+000, 6.023804E+000, 4.446428E-001, -2.603971E-002, 3.746409E-001, 4.116317E-001
1.712800E-001, 1.786412E+000, 1.964183E+000, 5.900373E+000, 3.816048E-001, -1.278096E-002, 4.087851E-001, 4.234229E-001
1.712880E-001, 1.796778E+000, 1.769373E+000, 5.627523E+000, 4.097467E-001, -9.555856E-003, 4.268614E-001, 4.438217E-001
1.712960E-001, 1.705211E+000, 1.849799E+000, 5.564183E+000, 4.795388E-001, 1.827557E-002, 4.540350E-001, 4.465337E-001
1.713040E-001, 1.762224E+000, 2.130397E+000, 5.822415E+000, 4.502712E-001, 4.562921E-002, 4.879429E-001, 4.336813E-001
1.713120E-001, 1.674113E+000, 2.262653E+000, 5.919862E+000, 3.984900E-001, 5.411003E-002, 5.028293E-001, 4.191781E-001
1.713200E-001, 1.421873E+000, 2.226908E+000, 5.759075E+000, 3.647196E-001, 7.107168E-002, 4.955042E-001, 4.077406E-001
1.713280E-001, 1.432239E+000, 2.035673E+000, 5.746082E+000, 2.667857E-001, 7.573015E-002, 4.758920E-001, 4.075048E-001
1.713360E-001, 1.530716E+000, 1.930225E+000, 5.796430E+000, 2.476491E-001, 5.924630E-002, 4.470644E-001, 4.065615E-001
1.713440E-001, 1.496163E+000, 2.085716E+000, 5.786685E+000, 4.007413E-001, 5.673789E-002, 4.184730E-001, 3.761401E-001
1.713520E-001, 1.530716E+000, 2.094652E+000, 5.822415E+000, 4.277576E-001, 5.530451E-002, 3.957890E-001, 3.318051E-001
1.713600E-001, 1.580819E+000, 1.946311E+000, 5.807798E+000, 3.118128E-001, 4.861541E-002, 3.735776E-001, 3.065719E-001
1.713680E-001, 1.565270E+000, 2.139333E+000, 5.716848E+000, 3.692223E-001, 5.566286E-002, 3.550287E-001, 2.906537E-001
1.713760E-001, 1.560087E+000, 2.444952E+000, 5.573927E+000, 4.626536E-001, 5.363224E-002, 3.380156E-001, 2.704907E-001
1.713840E-001, 1.618828E+000, 2.389548E+000, 5.422885E+000, 4.041184E-001, 4.359859E-002, 3.148590E-001, 2.505636E-001
1.713920E-001, 1.731126E+000, 2.160780E+000, 5.465112E+000, 4.637793E-001, 5.661844E-002, 2.963101E-001, 2.282781E-001
1.714000E-001, 1.757041E+000, 2.087503E+000, 5.617778E+000, 6.337566E-001, 6.641319E-002, 2.917024E-001, 2.094122E-001
1.714080E-001, 1.705211E+000, 2.189376E+000, 5.508963E+000, 5.650903E-001, 4.957100E-002, 3.005634E-001, 2.054031E-001
1.714160E-001, 1.644743E+000, 2.319845E+000, 5.312447E+000, 3.523372E-001, 3.858177E-002, 3.205300E-001, 2.039882E-001
1.714240E-001, 1.625738E+000, 2.394909E+000, 5.461864E+000, 3.151898E-001, 3.738729E-002, 3.339987E-001, 1.918432E-001
1.714320E-001, 1.846880E+000, 2.453888E+000, 5.731465E+000, 4.063697E-001, 3.105653E-002, 3.345894E-001, 1.768684E-001
1.714400E-001, 2.118124E+000, 2.409207E+000, 5.690863E+000, 4.457684E-001, 3.105653E-002, 3.388427E-001, 1.605965E-001
1.714480E-001, 2.004098E+000, 2.269802E+000, 5.471609E+000, 4.018670E-001, 2.472578E-002, 3.484125E-001, 1.425559E-001
1.714560E-001, 1.677568E+000, 2.273376E+000, 5.471609E+000, 3.545885E-001, 1.397544E-002, 3.534928E-001, 1.339483E-001
1.714640E-001, 1.679296E+000, 2.414569E+000, 5.648636E+000, 3.399547E-001, 3.619280E-002, 3.622355E-001, 1.268736E-001
1.714720E-001, 1.948813E+000, 2.455676E+000, 5.700607E+000, 3.151898E-001, 5.769348E-002, 3.721598E-001, 1.130779E-001
1.714800E-001, 1.990277E+000, 2.368101E+000, 5.647012E+000, 4.029927E-001, 3.535666E-002, 3.676703E-001, 1.096584E-001
1.714880E-001, 1.769135E+000, 2.318058E+000, 5.508963E+000, 5.515822E-001, 2.651750E-002, 3.614085E-001, 1.142570E-001
1.714960E-001, 1.598096E+000, 2.443165E+000, 5.276716E+000, 4.795388E-001, 6.044079E-002, 3.718054E-001, 1.088330E-001
1.715040E-001, 1.586002E+000, 2.593294E+000, 5.216624E+000, 3.568399E-001, 8.886945E-002, 3.845651E-001, 1.016404E-001
1.715120E-001, 1.670658E+000, 2.486059E+000, 5.432630E+000, 4.041184E-001, 1.045172E-001, 3.892910E-001, 9.987168E-002
1.715200E-001, 1.753586E+000, 2.244781E+000, 5.710352E+000, 4.266319E-001, 1.248234E-001, 4.002786E-001, 9.715970E-002
1.715280E-001, 1.748403E+000, 2.294823E+000, 5.871139E+000, 4.119981E-001, 1.421434E-001, 4.188275E-001, 1.022299E-001
1.715360E-001, 1.622283E+000, 2.532527E+000, 5.903621E+000, 5.234402E-001, 1.606578E-001, 4.386760E-001, 1.126062E-001
1.715440E-001, 1.440878E+000, 2.455676E+000, 5.767196E+000, 6.202485E-001, 1.858614E-001, 4.633685E-001, 1.054136E-001
1.715520E-001, 1.406324E+000, 2.264440E+000, 5.400148E+000, 4.986753E-001, 2.061676E-001, 4.856981E-001, 8.819837E-002
1.715600E-001, 1.641287E+000, 2.352015E+000, 5.138667E+000, 3.275723E-001, 2.193069E-001, 4.975127E-001, 8.737298E-002
1.715680E-001, 1.805416E+000, 2.407420E+000, 5.325439E+000, 3.692223E-001, 2.279072E-001, 5.088547E-001, 9.774926E-002
1.715760E-001, 1.572181E+000, 2.382399E+000, 5.588544E+000, 4.930469E-001, 2.293405E-001, 5.171250E-001, 9.940004E-002
1.715840E-001, 1.333762E+000, 2.523591E+000, 5.616154E+000, 5.144348E-001, 2.286238E-001, 5.093273E-001, 9.020288E-002
1.715920E-001, 1.568725E+000, 2.657634E+000, 5.643764E+000, 5.279430E-001, 2.307739E-001, 4.949135E-001, 7.275186E-002
1.716000E-001, 1.948813E+000, 2.764869E+000, 5.604785E+000, 5.673416E-001, 2.379408E-001, 4.858162E-001, 4.964106E-002
1.716080E-001, 1.929808E+000, 2.881040E+000, 5.354673E+000, 5.391997E-001, 2.427187E-001, 4.774279E-001, 3.006763E-002
1.716160E-001, 1.720760E+000, 2.766656E+000, 5.268596E+000, 5.043037E-001, 2.250404E-001, 4.671492E-001, 1.532859E-002
1.716240E-001, 1.734582E+000, 2.648698E+000, 5.552814E+000, 5.459538E-001, 1.999563E-001, 4.566342E-001, 4.598578E-003
1.716320E-001, 1.874523E+000, 2.788103E+000, 5.775316E+000, 5.954836E-001, 1.999563E-001, 4.417478E-001, -9.432980E-004
1.716400E-001, 1.948813E+000, 2.877466E+000, 5.567431E+000, 6.011120E-001, 2.030619E-001, 4.275703E-001, -1.426738E-002
1.716480E-001, 1.869340E+000, 2.857806E+000, 5.224745E+000, 5.414510E-001, 1.866975E-001, 4.228444E-001, -3.820357E-002
1.716560E-001, 1.663747E+000, 2.884615E+000, 5.153284E+000, 4.649050E-001, 1.847863E-001, 4.159920E-001, -5.506502E-002
1.716640E-001, 1.560087E+000, 2.768444E+000, 5.263723E+000, 4.705333E-001, 2.037786E-001, 4.001604E-001, -5.824865E-002
1.716720E-001, 1.674113E+000, 2.486059E+000, 5.257227E+000, 4.581509E-001, 2.086760E-001, 3.889365E-001, -5.742327E-002
1.716800E-001, 1.779501E+000, 2.371675E+000, 5.112681E+000, 3.647196E-001, 2.022258E-001, 3.835018E-001, -6.237559E-002
1.716880E-001, 1.670658E+000, 2.487846E+000, 5.081824E+000, 3.703480E-001, 1.967312E-001, 3.735776E-001, -6.921449E-002
1.716960E-001, 1.518623E+000, 2.612953E+000, 5.283213E+000, 5.088064E-001, 1.990007E-001, 3.643622E-001, -6.473383E-002
1.717040E-001, 1.475431E+000, 2.682656E+000, 5.510587E+000, 5.853525E-001, 2.237265E-001, 3.623537E-001, -5.400382E-002
1.717120E-001, 1.501346E+000, 2.723763E+000, 5.567431E+000, 5.279430E-001, 2.478550E-001, 3.641259E-001, -5.801283E-002
1.717200E-001, 1.547993E+000, 2.668358E+000, 5.448871E+000, 4.795388E-001, 2.511995E-001, 3.662525E-001, -7.911912E-002
1.717280E-001, 1.485797E+000, 2.611166E+000, 5.310822E+000, 5.065550E-001, 2.522746E-001, 3.682610E-001, -9.279694E-002
1.717360E-001, 1.444333E+000, 2.689805E+000, 5.325439E+000, 5.493308E-001, 2.549025E-001, 3.703876E-001, -8.831628E-002
1.717440E-001, 1.615372E+000, 2.698741E+000, 5.346553E+000, 5.909809E-001, 2.574109E-001, 3.715691E-001, -8.843420E-002
1.717520E-001, 1.681024E+000, 2.609379E+000, 5.215000E+000, 6.168715E-001, 2.583664E-001, 3.680247E-001, -1.080076E-001
1.717600E-001, 1.546265E+000, 2.713039E+000, 5.135419E+000, 5.752214E-001, 2.451077E-001, 3.598726E-001, -1.286423E-001
1.717680E-001, 1.594640E+000, 2.891764E+000, 5.211752E+000, 4.682820E-001, 2.207403E-001, 3.629444E-001, -1.364245E-001
1.717760E-001, 1.779501E+000, 2.832784E+000, 5.301078E+000, 3.714737E-001, 1.933866E-001, 3.848014E-001, -1.476261E-001
1.717840E-001, 1.808871E+000, 2.627251E+000, 5.327064E+000, 4.131238E-001, 1.672275E-001, 4.094940E-001, -1.699116E-001
1.717920E-001, 1.705211E+000, 2.464612E+000, 5.279964E+000, 5.482051E-001, 1.561188E-001, 4.278066E-001, -1.912537E-001
1.718000E-001, 1.582546E+000, 2.419931E+000, 5.190639E+000, 5.369483E-001, 1.699748E-001, 4.493091E-001, -2.072898E-001
1.718080E-001, 1.515167E+000, 2.561123E+000, 5.138667E+000, 4.705333E-001, 1.990007E-001, 4.724658E-001, -2.190810E-001
1.718160E-001, 1.551448E+000, 2.782742E+000, 5.176022E+000, 5.673416E-001, 2.178735E-001, 4.861707E-001, -2.267453E-001
1.718240E-001, 1.575636E+000, 2.839933E+000, 5.200383E+000, 6.371337E-001, 2.283849E-001, 4.999938E-001, -2.334663E-001
1.718320E-001, 1.523806E+000, 2.779167E+000, 5.189014E+000, 5.425767E-001, 2.541858E-001, 5.167705E-001, -2.392440E-001
1.718400E-001, 1.605006E+000, 2.807763E+000, 5.343305E+000, 4.187522E-001, 2.773587E-001, 5.185427E-001, -2.370036E-001
1.718480E-001, 1.789867E+000, 2.805976E+000, 5.502467E+000, 3.343263E-001, 2.818977E-001, 5.090910E-001, -2.362962E-001
1.718560E-001, 1.803688E+000, 2.730911E+000, 5.366042E+000, 3.084357E-001, 2.877507E-001, 5.044833E-001, -2.505636E-001
1.718640E-001, 1.762224E+000, 2.811337E+000, 5.159781E+000, 4.266319E-001, 2.881090E-001, 4.983397E-001, -2.638876E-001
1.718720E-001, 1.817510E+000, 2.934658E+000, 5.161405E+000, 6.281282E-001, 2.793893E-001, 4.800271E-001, -2.687220E-001
1.718800E-001, 1.770863E+000, 2.877466E+000, 5.315695E+000, 6.787838E-001, 2.771198E-001, 4.591153E-001, -2.766221E-001
1.718880E-001, 1.560087E+000, 2.709465E+000, 5.466736E+000, 5.594619E-001, 2.655333E-001, 4.428111E-001, -2.816924E-001
1.718960E-001, 1.508257E+000, 2.646911E+000, 5.434254E+000, 4.525225E-001, 2.391353E-001, 4.197727E-001, -2.743818E-001
1.719040E-001, 1.684479E+000, 2.680869E+000, 5.221497E+000, 3.838561E-001, 2.087954E-001, 3.889365E-001, -2.569308E-001
1.719120E-001, 1.672385E+000, 2.575421E+000, 5.086696E+000, 3.534628E-001, 1.671080E-001, 3.650711E-001, -2.364141E-001
1.719200E-001, 1.470248E+000, 2.471761E+000, 5.106185E+000, 4.266319E-001, 1.291235E-001, 3.504210E-001, -2.175481E-001
1.719280E-001, 1.497891E+000, 2.587932E+000, 5.094817E+000, 5.819755E-001, 1.159842E-001, 3.329354E-001, -1.985642E-001
1.719360E-001, 1.641287E+000, 2.623677E+000, 5.091568E+000, 6.438878E-001, 1.066672E-001, 3.116691E-001, -1.782833E-001
1.719440E-001, 1.534172E+000, 2.525378E+000, 5.229617E+000, 4.750361E-001, 8.839166E-002, 2.963101E-001, -1.589457E-001
1.719520E-001, 1.335490E+000, 2.596868E+000, 5.297830E+000, 2.938019E-001, 7.847746E-002, 2.892213E-001, -1.431455E-001
1.719600E-001, 1.361405E+000, 2.673720E+000, 5.143539E+000, 3.624683E-001, 8.146366E-002, 2.883943E-001, -1.322976E-001
1.719680E-001, 1.511712E+000, 2.525378E+000, 4.969760E+000, 5.155604E-001, 8.910835E-002, 2.896939E-001, -1.154361E-001
1.719760E-001, 1.617100E+000, 2.391335E+000, 4.909668E+000, 5.628389E-001, 9.866421E-002, 2.915843E-001, -8.548639E-002
1.719840E-001, 1.630921E+000, 2.373462E+000, 4.906420E+000, 5.785984E-001, 1.006948E-001, 3.009178E-001, -6.355470E-002
1.719920E-001, 1.504801E+000, 2.323419E+000, 4.935654E+000, 5.515822E-001, 8.468877E-002, 3.091880E-001, -5.919195E-002
1.720000E-001, 1.408052E+000, 2.325207E+000, 5.024980E+000, 4.829158E-001, 6.318809E-002, 3.004452E-001, -5.754118E-002
1.720080E-001, 1.515167E+000, 2.368101E+000, 5.145164E+000, 4.750361E-001, 4.383749E-002, 2.862677E-001, -5.801283E-002
1.720160E-001, 1.705211E+000, 2.334143E+000, 5.231241E+000, 4.525225E-001, 2.795088E-002, 2.758709E-001, -6.343680E-002
1.720240E-001, 1.722488E+000, 2.448527E+000, 5.226369E+000, 3.984900E-001, 2.854812E-002, 2.641744E-001, -6.709208E-002
1.720320E-001, 1.549721E+000, 2.607592E+000, 5.159781E+000, 4.356374E-001, 2.615915E-002, 2.529505E-001, -5.907404E-002
1.720400E-001, 1.528989E+000, 2.360952E+000, 5.180894E+000, 5.110577E-001, 1.385599E-002, 2.412541E-001, -3.820357E-002
1.720480E-001, 1.686207E+000, 1.990992E+000, 5.245858E+000, 5.166861E-001, 3.702894E-002, 2.307391E-001, -2.558696E-002
1.720560E-001, 1.744948E+000, 2.024949E+000, 5.250731E+000, 4.919212E-001, 7.919415E-002, 2.292032E-001, -2.558696E-002
1.720640E-001, 1.710394E+000, 2.241206E+000, 5.286461E+000, 5.020523E-001, 8.122477E-002, 2.351105E-001, -2.028091E-002
1.720720E-001, 1.603279E+000, 2.350228E+000, 5.268596E+000, 5.043037E-001, 6.557706E-002, 2.477521E-001, -8.489682E-003
1.720800E-001, 1.389047E+000, 2.389548E+000, 5.132171E+000, 4.986753E-001, 6.772713E-002, 2.627566E-001, 2.829894E-003
1.720880E-001, 1.318213E+000, 2.285887E+000, 5.029852E+000, 6.056147E-001, 6.545761E-002, 2.722083E-001, 1.355991E-002
1.720960E-001, 1.508257E+000, 2.176865E+000, 4.922661E+000, 7.159311E-001, 5.088493E-002, 2.795334E-001, 2.499740E-002
1.721040E-001, 1.674113E+000, 2.234057E+000, 4.849576E+000, 5.988606E-001, 4.013459E-002, 2.822507E-001, 3.443038E-002
1.721120E-001, 1.615372E+000, 2.250142E+000, 4.893427E+000, 4.378887E-001, 3.428163E-002, 2.820144E-001, 4.197676E-002
1.721200E-001, 1.444333E+000, 2.271589E+000, 4.934030E+000, 4.581509E-001, 2.950370E-002, 2.885125E-001, 5.942778E-002
1.721280E-001, 1.456427E+000, 2.441378E+000, 5.016860E+000, 4.547739E-001, 2.102288E-002, 2.918206E-001, 8.749089E-002
1.721360E-001, 1.750131E+000, 2.452101E+000, 5.229617E+000, 3.861075E-001, 1.098923E-002, 2.882762E-001, 1.043523E-001
1.721440E-001, 1.947085E+000, 2.242993E+000, 5.323815E+000, 5.380740E-001, 1.170592E-002, 2.896939E-001, 1.049419E-001
1.721520E-001, 1.760497E+000, 2.257291E+000, 5.167901E+000, 8.138651E-001, 1.720054E-002, 2.931202E-001, 1.073002E-001
1.721600E-001, 1.535899E+000, 2.545038E+000, 5.098064E+000, 8.082367E-001, 1.218372E-002, 2.950105E-001, 1.128420E-001
1.721680E-001, 1.622283E+000, 2.614741E+000, 5.242610E+000, 5.684673E-001, 3.105653E-003, 2.952468E-001, 1.185018E-001
1.721760E-001, 1.801961E+000, 2.385973E+000, 5.296206E+000, 5.268173E-001, -2.627860E-003, 2.859133E-001, 1.359528E-001
1.721840E-001, 1.791595E+000, 2.235844E+000, 5.284837E+000, 7.001716E-001, -1.039199E-002, 2.756346E-001, 1.590636E-001
1.721920E-001, 1.656836E+000, 2.255504E+000, 5.335184E+000, 7.767177E-001, -2.747308E-002, 2.781156E-001, 1.677891E-001
1.722000E-001, 1.553176E+000, 2.280525E+000, 5.263723E+000, 7.001716E-001, -5.494617E-002, 2.807148E-001, 1.719161E-001
1.722080E-001, 1.537627E+000, 2.221546E+000, 5.054214E+000, 6.618986E-001, -7.859691E-002, 2.727990E-001, 1.885417E-001
1.722160E-001, 1.572181E+000, 2.148269E+000, 4.934030E+000, 7.463244E-001, -8.886945E-002, 2.651196E-001, 2.136570E-001
1.722240E-001, 1.608462E+000, 2.246568E+000, 5.021732E+000, 7.395704E-001, -9.663358E-002, 2.660647E-001, 2.414843E-001
1.722320E-001, 1.653381E+000, 2.428867E+000, 5.124050E+000, 5.673416E-001, -1.055922E-001, 2.727990E-001, 2.661280E-001
1.722400E-001, 1.662019E+000, 2.432441E+000, 5.073703E+000, 5.403254E-001, -1.096534E-001, 2.885125E-001, 2.881775E-001
1.722480E-001, 1.724216E+000, 2.407420E+000, 4.990874E+000, 6.596472E-001, -1.128785E-001, 3.153316E-001, 3.164765E-001
1.722560E-001, 1.950540E+000, 2.471761E+000, 4.951895E+000, 6.562702E-001, -1.162231E-001, 3.393152E-001, 3.385261E-001
1.722640E-001, 1.988549E+000, 2.348441E+000, 4.956768E+000, 6.303796E-001, -1.170592E-001, 3.527839E-001, 3.399411E-001
1.722720E-001, 1.620555E+000, 2.160780E+000, 5.036349E+000, 7.069257E-001, -1.239872E-001, 3.619993E-001, 3.372291E-001
1.722800E-001, 1.366588E+000, 2.230483E+000, 5.050966E+000, 7.688380E-001, -1.346181E-001, 3.621174E-001, 3.470158E-001
1.722880E-001, 1.496163E+000, 2.368101E+000, 4.960016E+000, 6.967946E-001, -1.374849E-001, 3.578641E-001, 3.668250E-001
1.722960E-001, 1.644743E+000, 2.371675E+000, 4.955143E+000, 5.358227E-001, -1.456074E-001, 3.599908E-001, 3.879313E-001
1.723040E-001, 1.713850E+000, 2.353803E+000, 5.065583E+000, 5.245659E-001, -1.620912E-001, 3.590456E-001, 3.965389E-001
1.723120E-001, 1.817510E+000, 2.332356E+000, 5.119178E+000, 6.844122E-001, -1.663913E-001, 3.440411E-001, 3.879313E-001
1.723200E-001, 1.845152E+000, 2.280525E+000, 5.034725E+000, 7.981056E-001, -1.663913E-001, 3.174582E-001, 3.780267E-001
1.723280E-001, 1.807144E+000, 2.158993E+000, 4.986001E+000, 7.497015E-001, -1.776195E-001, 2.969008E-001, 3.813283E-001
1.723360E-001, 1.734582E+000, 1.978481E+000, 5.042845E+000, 5.594619E-001, -1.826363E-001, 2.919387E-001, 3.932374E-001
1.723440E-001, 1.625738E+000, 2.014226E+000, 5.127298E+000, 5.009267E-001, -1.710498E-001, 2.814237E-001, 4.006658E-001
1.723520E-001, 1.686207E+000, 2.207248E+000, 5.257227E+000, 6.562702E-001, -1.548049E-001, 2.575582E-001, 3.998405E-001
1.723600E-001, 1.848608E+000, 2.209036E+000, 5.348177E+000, 6.765324E-001, -1.356931E-001, 2.447985E-001, 3.941807E-001
1.723680E-001, 1.829603E+000, 2.303760E+000, 5.328688E+000, 5.549592E-001, -1.146703E-001, 2.473977E-001, 3.933553E-001
1.723760E-001, 1.710394E+000, 2.688018E+000, 5.385531E+000, 5.313200E-001, -1.017699E-001, 2.446803E-001, 4.065615E-001
1.723840E-001, 1.739765E+000, 2.745209E+000, 5.500843E+000, 5.774727E-001, -9.950034E-002, 2.333383E-001, 4.222438E-001
1.723920E-001, 1.872795E+000, 2.300185E+000, 5.362794E+000, 6.078660E-001, -1.009337E-001, 2.245955E-001, 4.267245E-001
1.724000E-001, 1.867612E+000, 2.019588E+000, 5.122426E+000, 6.483905E-001, -9.950034E-002, 2.170342E-001, 4.280215E-001
1.724080E-001, 1.668930E+000, 2.055333E+000, 5.135419E+000, 7.181825E-001, -9.758917E-002, 2.045107E-001, 4.319126E-001
1.724160E-001, 1.446061E+000, 2.066056E+000, 5.226369E+000, 7.497015E-001, -9.687249E-002, 1.930505E-001, 4.314409E-001
1.724240E-001, 1.454699E+000, 2.053545E+000, 5.177646E+000, 7.530785E-001, -9.305014E-002, 1.865525E-001, 4.284931E-001
1.724320E-001, 1.719033E+000, 2.046396E+000, 5.166277E+000, 7.845975E-001, -9.424462E-002, 1.781641E-001, 4.269603E-001
1.724400E-001, 1.824420E+000, 1.960609E+000, 5.333560E+000, 6.720297E-001, -1.083395E-001, 1.716661E-001, 4.196497E-001
1.724480E-001, 1.670658E+000, 1.917715E+000, 5.445623E+000, 4.784131E-001, -1.242261E-001, 1.687125E-001, 4.090376E-001
1.724560E-001, 1.554904E+000, 2.069631E+000, 5.245858E+000, 5.842268E-001, -1.371265E-001, 1.574886E-001, 4.075048E-001
1.724640E-001, 1.496163E+000, 2.251930E+000, 5.034725E+000, 7.620839E-001, -1.447712E-001, 1.440199E-001, 4.065615E-001
1.724720E-001, 1.515167E+000, 2.219759E+000, 5.231241E+000, 6.168715E-001, -1.402322E-001, 1.388215E-001, 3.963031E-001
1.724800E-001, 1.691390E+000, 2.178653E+000, 5.599913E+000, 5.639646E-001, -1.411878E-001, 1.340957E-001, 3.887567E-001
1.724880E-001, 1.822693E+000, 2.309121E+000, 5.640516E+000, 8.116137E-001, -1.505047E-001, 1.286610E-001, 3.944165E-001
1.724960E-001, 1.760497E+000, 2.269802E+000, 5.411517E+000, 8.510125E-001, -1.450101E-001, 1.307876E-001, 4.024345E-001
1.725040E-001, 1.603279E+000, 2.008864E+000, 5.263723E+000, 5.954836E-001, -1.428600E-001, 1.453196E-001, 4.037316E-001
1.725120E-001, 1.513440E+000, 2.014226E+000, 5.237738E+000, 4.862928E-001, -1.568355E-001, 1.630414E-001, 4.065615E-001
1.725200E-001, 1.572181E+000, 2.402058E+000, 5.255603E+000, 6.078660E-001, -1.528937E-001, 1.667040E-001, 4.138720E-001
1.725280E-001, 1.717305E+000, 2.562910E+000, 5.278340E+000, 7.181825E-001, -1.337820E-001, 1.615056E-001, 4.168198E-001
1.725360E-001, 1.770863E+000, 2.232270E+000, 5.340056E+000, 7.451988E-001, -1.274512E-001, 1.639866E-001, 4.142258E-001
1.725440E-001, 1.679296E+000, 2.041035E+000, 5.495970E+000, 7.046744E-001, -1.212399E-001, 1.687125E-001, 4.137541E-001
1.725520E-001, 1.617100E+000, 2.139333E+000, 5.572303E+000, 6.270026E-001, -1.100118E-001, 1.633959E-001, 4.157586E-001
1.725600E-001, 1.625738E+000, 2.112525E+000, 5.515460E+000, 6.179972E-001, -1.221955E-001, 1.526446E-001, 4.143437E-001
1.725680E-001, 1.637832E+000, 2.121461E+000, 5.567431E+000, 6.461391E-001, -1.454879E-001, 1.426022E-001, 4.098630E-001
1.725760E-001, 1.705211E+000, 2.235844E+000, 5.655133E+000, 6.033633E-001, -1.451295E-001, 1.227537E-001, 4.093914E-001
1.725840E-001, 1.900438E+000, 2.223334E+000, 5.473233E+000, 5.234402E-001, -1.432184E-001, 9.782486E-002, 4.231871E-001
1.725920E-001, 2.052473E+000, 2.198312E+000, 5.265347E+000, 5.088064E-001, -1.672275E-001, 8.376549E-002, 4.434680E-001
1.726000E-001, 1.810599E+000, 2.128610E+000, 5.362794E+000, 5.527079E-001, -1.980451E-001, 7.065129E-002, 4.470054E-001
1.726080E-001, 1.435694E+000, 1.899842E+000, 5.458616E+000, 5.358227E-001, -2.126178E-001, 4.855800E-002, 4.420530E-001
1.726160E-001, 1.437422E+000, 1.824778E+000, 5.460240E+000, 5.594619E-001, -2.038981E-001, 2.091184E-002, 4.487741E-001
1.726240E-001, 1.573908E+000, 1.948098E+000, 5.664877E+000, 6.675270E-001, -1.969701E-001, -1.618600E-002, 4.572637E-001
1.726320E-001, 1.636104E+000, 1.948098E+000, 5.820791E+000, 5.819755E-001, -2.256376E-001, -5.139350E-002, 4.632773E-001
1.726400E-001, 1.760497E+000, 1.921289E+000, 5.616154E+000, 4.243806E-001, -2.595609E-001, -6.320810E-002, 4.839119E-001
1.726480E-001, 1.829603E+000, 1.967758E+000, 5.447247E+000, 5.121834E-001, -2.620693E-001, -6.285366E-002, 5.133899E-001
1.726560E-001, 1.770863E+000, 1.874821E+000, 5.521956E+000, 6.483905E-001, -2.566942E-001, -7.336865E-002, 5.313126E-001
1.726640E-001, 1.701756E+000, 1.710394E+000, 5.479729E+000, 6.022376E-001, -2.539468E-001, -8.920021E-002, 5.445188E-001
1.726720E-001, 1.686207E+000, 1.656777E+000, 5.317319E+000, 5.076807E-001, -2.490495E-001, -9.652526E-002, 5.653893E-001
1.726800E-001, 1.760497E+000, 1.733628E+000, 5.369290E+000, 4.558995E-001, -2.570525E-001, -1.017237E-001, 5.796567E-001
1.726880E-001, 1.782956E+000, 1.903417E+000, 5.570679E+000, 3.737251E-001, -2.716252E-001, -1.144834E-001, 5.862597E-001
1.726960E-001, 1.629194E+000, 1.982056E+000, 5.596665E+000, 3.444574E-001, -2.824950E-001, -1.310239E-001, 6.073660E-001
1.727040E-001, 1.515167E+000, 1.946311E+000, 5.461864E+000, 4.390144E-001, -2.956343E-001, -1.446107E-001, 6.387307E-001
1.727120E-001, 1.579091E+000, 1.974907E+000, 5.398524E+000, 4.558995E-001, -3.022039E-001, -1.534716E-001, 6.566533E-001
1.727200E-001, 1.655109E+000, 2.044609E+000, 5.392027E+000, 3.467088E-001, -3.053096E-001, -1.552438E-001, 6.632565E-001
1.727280E-001, 1.627466E+000, 2.007077E+000, 5.406644E+000, 3.320750E-001, -3.240629E-001, -1.535898E-001, 6.825941E-001
1.727360E-001, 1.632649E+000, 1.862310E+000, 5.411517E+000, 3.984900E-001, -3.409051E-001, -1.552438E-001, 7.199723E-001
1.727440E-001, 1.850335E+000, 1.833714E+000, 5.336808E+000, 4.018670E-001, -3.306326E-001, -1.551257E-001, 7.535772E-001
1.727520E-001, 1.979911E+000, 1.871246E+000, 5.422885E+000, 3.827305E-001, -3.071013E-001, -1.460284E-001, 7.656043E-001
1.727600E-001, 1.757041E+000, 1.747926E+000, 5.653509E+000, 3.996156E-001, -2.894230E-001, -1.216904E-001, 7.672551E-001
1.727680E-001, 1.611917E+000, 1.713969E+000, 5.640516E+000, 4.052441E-001, -2.789115E-001, -8.719173E-002, 7.847061E-001
1.727760E-001, 1.639560E+000, 1.951672E+000, 5.549566E+000, 3.523372E-001, -2.704307E-001, -6.332624E-002, 8.159528E-001
1.727840E-001, 1.515167E+000, 2.076780E+000, 5.606410E+000, 2.791681E-001, -2.621888E-001, -4.383216E-002, 8.384741E-001
1.727920E-001, 1.361405E+000, 1.894480E+000, 5.546318E+000, 2.566546E-001, -2.613526E-001, -8.506510E-003, 8.516802E-001
1.728000E-001, 1.302664E+000, 1.805118E+000, 5.497594E+000, 3.264466E-001, -2.584859E-001, 2.611026E-002, 8.530952E-001
1.728080E-001, 1.413235E+000, 1.855161E+000, 5.625899E+000, 4.558995E-001, -2.427187E-001, 4.619507E-002, 8.394174E-001
1.728160E-001, 1.724216E+000, 1.715756E+000, 5.624275E+000, 4.615279E-001, -2.338796E-001, 6.415326E-002, 8.325785E-001
1.728240E-001, 1.751858E+000, 1.713969E+000, 5.582048E+000, 2.442721E-001, -2.406881E-001, 8.211146E-002, 8.380024E-001
1.728320E-001, 1.385592E+000, 1.892693E+000, 5.703856E+000, 6.979203E-002, -2.563358E-001, 9.428049E-002, 8.385920E-001
1.728400E-001, 1.316485E+000, 1.722905E+000, 5.801302E+000, 2.183815E-001, -2.756864E-001, 1.029051E-001, 8.275082E-001
1.728480E-001, 1.667202E+000, 1.467329E+000, 5.824039E+000, 4.874185E-001, -2.852423E-001, 1.052681E-001, 8.112363E-001
1.728560E-001, 1.819237E+000, 1.474478E+000, 5.802926E+000, 5.099321E-001, -2.860784E-001, 1.008967E-001, 8.003884E-001
1.728640E-001, 1.658564E+000, 1.540606E+000, 5.789933E+000, 3.613426E-001, -2.914536E-001, 9.817930E-002, 7.888330E-001
1.728720E-001, 1.501346E+000, 1.654990E+000, 5.895500E+000, 3.174412E-001, -3.068624E-001, 9.676155E-002, 7.724432E-001
1.728800E-001, 1.470248E+000, 1.876608E+000, 5.934479E+000, 3.973643E-001, -3.336188E-001, 9.380791E-002, 7.615953E-001
1.728880E-001, 1.527261E+000, 1.973119E+000, 5.749331E+000, 4.682820E-001, -3.650337E-001, 9.558009E-002, 7.463846E-001
1.728960E-001, 1.561814E+000, 1.747926E+000, 5.590168E+000, 4.581509E-001, -3.847426E-001, 1.052681E-001, 7.232738E-001
1.729040E-001, 1.520350E+000, 1.494137E+000, 5.720097E+000, 3.624683E-001, -3.829509E-001, 1.161375E-001, 7.128975E-001
1.729120E-001, 1.418418E+000, 1.601372E+000, 5.968585E+000, 2.420207E-001, -3.810397E-001, 1.265343E-001, 7.087706E-001
1.729200E-001, 1.395958E+000, 1.874821E+000, 6.009187E+000, 2.059990E-001, -3.956124E-001, 1.363405E-001, 6.903763E-001
1.729280E-001, 1.484069E+000, 1.976694E+000, 5.866266E+000, 2.206329E-001, -4.018237E-001, 1.407119E-001, 6.749298E-001
1.729360E-001, 1.430511E+000, 1.889119E+000, 5.801302E+000, 1.834855E-001, -3.951346E-001, 1.390578E-001, 6.762268E-001
1.729440E-001, 1.342400E+000, 1.621032E+000, 5.918238E+000, 1.497152E-001, -3.927456E-001, 1.394123E-001, 6.700954E-001
1.729520E-001, 1.470248E+000, 1.356519E+000, 6.017308E+000, 1.778571E-001, -3.867733E-001, 1.503998E-001, 6.515831E-001
1.729600E-001, 1.584274E+000, 1.444095E+000, 5.949096E+000, 2.307640E-001, -3.804425E-001, 1.616237E-001, 6.382591E-001
1.729680E-001, 1.556631E+000, 1.760437E+000, 5.952344E+000, 3.039330E-001, -3.831898E-001, 1.570160E-001, 6.246992E-001
1.729760E-001, 1.573908E+000, 1.924864E+000, 6.090393E+000, 3.422061E-001, -3.799647E-001, 1.361042E-001, 5.991122E-001
1.729840E-001, 1.603279E+000, 1.942736E+000, 6.041669E+000, 3.039330E-001, -3.700505E-001, 1.110572E-001, 5.660968E-001
1.729920E-001, 1.471976E+000, 2.023162E+000, 5.828912E+000, 3.545885E-001, -3.690949E-001, 9.581638E-002, 5.435755E-001
1.730000E-001, 1.340673E+000, 2.089290E+000, 5.820791E+000, 5.189375E-001, -3.730367E-001, 8.341106E-002, 5.432218E-001
1.730080E-001, 1.378681E+000, 1.858736E+000, 5.887380E+000, 4.896699E-001, -3.772174E-001, 6.143591E-002, 5.432218E-001
1.730160E-001, 1.408052E+000, 1.456605E+000, 5.729841E+000, 2.802938E-001, -3.798453E-001, 4.643137E-002, 5.204647E-001
1.730240E-001, 1.376954E+000, 1.326136E+000, 5.672998E+000, 2.825451E-001, -3.618086E-001, 4.430474E-002, 4.927553E-001
1.730320E-001, 1.359677E+000, 1.451244E+000, 5.867890E+000, 4.491455E-001, -3.307520E-001, 3.249014E-002, 4.814357E-001
1.730400E-001, 1.375226E+000, 1.606734E+000, 5.937727E+000, 4.468941E-001, -3.209573E-001, 1.512268E-002, 4.755401E-001
1.730480E-001, 1.414962E+000, 1.808693E+000, 6.043293E+000, 3.906102E-001, -3.183294E-001, 1.441381E-002, 4.630415E-001
1.730560E-001, 1.356222E+000, 1.821203E+000, 6.411965E+000, 4.547739E-001, -3.023234E-001, 2.055740E-002, 4.539622E-001
1.730640E-001, 1.313030E+000, 1.579925E+000, 6.559759E+000, 4.547739E-001, -2.947981E-001, 2.020296E-002, 4.520756E-001
1.730720E-001, 1.433967E+000, 1.495925E+000, 6.246307E+000, 3.827305E-001, -2.876312E-001, 1.913965E-002, 4.455904E-001
1.730800E-001, 1.423601E+000, 1.529882E+000, 5.960464E+000, 3.906102E-001, -2.712668E-001, 1.335050E-002, 4.388694E-001
1.730880E-001, 1.328579E+000, 1.512010E+000, 6.064407E+000, 4.637793E-001, -2.706696E-001, 3.544379E-003, 4.396948E-001
1.730960E-001, 1.447788E+000, 1.615670E+000, 6.288533E+000, 5.076807E-001, -2.753281E-001, 6.025445E-003, 4.361574E-001
1.731040E-001, 1.468520E+000, 1.769373E+000, 6.241435E+000, 4.210035E-001, -2.729391E-001, 1.500454E-002, 4.253095E-001
1.731120E-001, 1.335490E+000, 1.769373E+000, 5.996194E+000, 3.073101E-001, -2.833311E-001, 1.358679E-002, 4.142258E-001
1.731200E-001, 1.454699E+000, 1.701458E+000, 5.934479E+000, 3.568399E-001, -2.924092E-001, 8.270218E-003, 4.010196E-001
1.731280E-001, 1.660292E+000, 1.706820E+000, 6.064407E+000, 4.570252E-001, -2.884674E-001, 8.624656E-003, 3.920583E-001
1.731360E-001, 1.646470E+000, 1.706820E+000, 6.069279E+000, 4.378887E-001, -2.956343E-001, 1.642229E-002, 3.908791E-001
1.731440E-001, 1.473703E+000, 1.624606E+000, 5.981577E+000, 3.849818E-001, -3.012483E-001, 3.130868E-002, 3.887567E-001
1.731520E-001, 1.243923E+000, 1.535244E+000, 6.022180E+000, 3.951129E-001, -2.814199E-001, 4.714024E-002, 3.846298E-001
1.731600E-001, 1.254289E+000, 1.499499E+000, 6.114754E+000, 3.534628E-001, -2.558580E-001, 6.580731E-002, 3.808566E-001
1.731680E-001, 1.641287E+000, 1.612096E+000, 5.994570E+000, 2.397694E-001, -2.343574E-001, 9.368975E-002, 3.767297E-001
1.731760E-001, 1.820965E+000, 1.801544E+000, 5.671374E+000, 2.082504E-001, -2.122594E-001, 1.228718E-001, 3.816820E-001
1.731840E-001, 1.549721E+000, 1.756863E+000, 5.661629E+000, 2.701627E-001, -2.004341E-001, 1.394123E-001, 3.959494E-001
1.731920E-001, 1.368315E+000, 1.513797E+000, 6.051414E+000, 3.771021E-001, -1.908782E-001, 1.429566E-001, 3.958315E-001
1.732000E-001, 1.357949E+000, 1.458393E+000, 6.145612E+000, 4.604023E-001, -1.703331E-001, 1.482732E-001, 3.892284E-001
1.732080E-001, 1.230102E+000, 1.560266E+000, 5.832160E+000, 4.817901E-001, -1.600606E-001, 1.671766E-001, 4.019629E-001
1.732160E-001, 1.211097E+000, 1.515584E+000, 5.770444E+000, 5.121834E-001, -1.672275E-001, 1.890336E-001, 4.125750E-001
1.732240E-001, 1.484069E+000, 1.497712E+000, 6.007563E+000, 5.437024E-001, -1.727221E-001, 1.936412E-001, 4.003121E-001
1.732320E-001, 1.656836E+000, 1.701458E+000, 6.044918E+000, 4.604023E-001, -1.775000E-001, 1.834807E-001, 3.873418E-001
1.732400E-001, 1.487525E+000, 1.808693E+000, 5.923110E+000, 2.791681E-001, -1.893254E-001, 1.702483E-001, 3.922941E-001
1.732480E-001, 1.271566E+000, 1.735416E+000, 5.876011E+000, 2.487748E-001, -2.113038E-001, 1.597334E-001, 4.047928E-001
1.732560E-001, 1.162722E+000, 1.821203E+000, 5.825664E+000, 3.816048E-001, -2.344768E-001, 1.613874E-001, 4.017271E-001
1.732640E-001, 1.116075E+000, 2.042822E+000, 5.775316E+000, 4.412657E-001, -2.381797E-001, 1.749742E-001, 3.782625E-001
1.732720E-001, 1.167905E+000, 2.073205E+000, 5.837032E+000, 4.862928E-001, -2.306545E-001, 1.847803E-001, 3.573920E-001
1.732800E-001, 1.138535E+000, 1.910566E+000, 5.963713E+000, 5.121834E-001, -2.351935E-001, 1.840714E-001, 3.570383E-001
1.732880E-001, 9.623127E-001, 1.914140E+000, 5.963713E+000, 4.007413E-001, -2.455855E-001, 1.840714E-001, 3.688295E-001
1.732960E-001, 9.277592E-001, 2.184014E+000, 5.827288E+000, 3.174412E-001, -2.489300E-001, 1.954134E-001, 3.727207E-001
1.733040E-001, 1.121258E+000, 2.303760E+000, 5.710352E+000, 3.951129E-001, -2.564553E-001, 2.069917E-001, 3.656459E-001
1.733120E-001, 1.389047E+000, 2.096439E+000, 5.664877E+000, 5.313200E-001, -2.774782E-001, 2.059284E-001, 3.614011E-001
1.733200E-001, 1.587730E+000, 1.990992E+000, 5.629147E+000, 5.211889E-001, -2.988594E-001, 2.010844E-001, 3.650564E-001
1.733280E-001, 1.537627E+000, 2.030311E+000, 5.586920E+000, 3.084357E-001, -3.178516E-001, 2.012026E-001, 3.704803E-001
1.733360E-001, 1.240468E+000, 1.892693E+000, 5.684366E+000, 1.699774E-001, -3.430552E-001, 2.012026E-001, 3.721311E-001
1.733440E-001, 1.050424E+000, 1.822991E+000, 5.859770E+000, 2.690370E-001, -3.679004E-001, 1.986034E-001, 3.667071E-001
1.733520E-001, 1.152357E+000, 1.930225E+000, 5.854897E+000, 4.288833E-001, -3.892817E-001, 1.970675E-001, 3.513785E-001
1.733600E-001, 1.328579E+000, 1.848012E+000, 5.746082E+000, 4.998010E-001, -4.032571E-001, 1.980127E-001, 3.343992E-001
1.733680E-001, 1.427056E+000, 1.722905E+000, 5.721721E+000, 4.998010E-001, -3.983597E-001, 1.963586E-001, 3.303902E-001
1.733760E-001, 1.402869E+000, 1.731841E+000, 5.674622E+000, 5.234402E-001, -3.794869E-001, 1.879703E-001, 3.320409E-001
1.733840E-001, 1.273293E+000, 1.687160E+000, 5.543069E+000, 5.437024E-001, -3.551195E-001, 1.811178E-001, 3.280319E-001
1.733920E-001, 1.264655E+000, 1.781884E+000, 5.596665E+000, 4.862928E-001, -3.332604E-001, 1.858436E-001, 3.326305E-001
1.734000E-001, 1.435694E+000, 2.082141E+000, 5.776940E+000, 4.221292E-001, -3.268102E-001, 1.898606E-001, 3.427709E-001
1.734080E-001, 1.547993E+000, 2.094652E+000, 5.710352E+000, 3.703480E-001, -3.243018E-001, 1.774552E-001, 3.359320E-001
1.734160E-001, 1.451244E+000, 1.831927E+000, 5.569055E+000, 3.050587E-001, -3.071013E-001, 1.578430E-001, 3.234333E-001
1.734240E-001, 1.219736E+000, 1.844438E+000, 5.676246E+000, 3.196925E-001, -2.861979E-001, 1.416570E-001, 3.277961E-001
1.734320E-001, 1.097071E+000, 2.117886E+000, 5.812671E+000, 3.816048E-001, -2.686390E-001, 1.281884E-001, 3.367574E-001
1.734400E-001, 1.091888E+000, 2.271589E+000, 5.685990E+000, 4.300089E-001, -2.566942E-001, 1.187367E-001, 3.335738E-001
1.734480E-001, 1.103982E+000, 2.305547E+000, 5.570679E+000, 5.144348E-001, -2.679223E-001, 1.055044E-001, 3.187168E-001
1.734560E-001, 1.283659E+000, 2.278738E+000, 5.718472E+000, 6.157458E-001, -2.959926E-001, 8.092999E-002, 3.010300E-001
1.734640E-001, 1.475431E+000, 2.107163E+000, 5.734714E+000, 6.517675E-001, -3.170155E-001, 5.375642E-002, 2.938373E-001
1.734720E-001, 1.323396E+000, 2.008864E+000, 5.455368E+000, 5.876039E-001, -3.307520E-001, 3.485306E-002, 2.931299E-001
1.734800E-001, 1.114348E+000, 2.116099E+000, 5.305950E+000, 5.166861E-001, -3.459220E-001, 2.504695E-002, 2.864089E-001
1.734880E-001, 1.240468E+000, 2.164355E+000, 5.400148E+000, 4.986753E-001, -3.656309E-001, 2.162071E-002, 2.788625E-001
1.734960E-001, 1.451244E+000, 2.139333E+000, 5.552814E+000, 4.975496E-001, -3.854593E-001, 3.780671E-002, 2.701370E-001
1.735040E-001, 1.394230E+000, 2.205461E+000, 5.681118E+000, 5.403254E-001, -3.892817E-001, 7.844893E-002, 2.537472E-001
1.735120E-001, 1.200731E+000, 2.287674E+000, 5.603161E+000, 5.684673E-001, -3.720811E-001, 1.099939E-001, 2.432530E-001
1.735200E-001, 1.109165E+000, 2.262653E+000, 5.328688E+000, 5.065550E-001, -3.484304E-001, 1.260618E-001, 2.506815E-001
1.735280E-001, 1.083250E+000, 2.107163E+000, 5.247482E+000, 4.671563E-001, -3.174933E-001, 1.625689E-001, 2.715519E-001
1.735360E-001, 1.045241E+000, 2.016013E+000, 5.406644E+000, 4.941726E-001, -2.808227E-001, 2.205785E-001, 2.982001E-001
1.735440E-001, 1.071156E+000, 2.121461E+000, 5.494346E+000, 4.694077E-001, -2.558580E-001, 2.683095E-001, 3.154153E-001
1.735520E-001, 1.200731E+000, 2.073205E+000, 5.469985E+000, 3.883589E-001, -2.375825E-001, 3.002089E-001, 3.127033E-001
1.735600E-001, 1.228374E+000, 1.873034E+000, 5.421261E+000, 3.838561E-001, -2.221736E-001, 3.283277E-001, 3.026808E-001
1.735680E-001, 1.079794E+000, 1.958821E+000, 5.343305E+000, 4.547739E-001, -2.079593E-001, 3.545561E-001, 2.963135E-001
1.735760E-001, 1.003777E+000, 2.157206E+000, 5.278340E+000, 4.975496E-001, -1.821585E-001, 3.754679E-001, 2.887671E-001
1.735840E-001, 1.084977E+000, 2.216185E+000, 5.307574E+000, 5.088064E-001, -1.779778E-001, 3.865736E-001, 2.828715E-001
1.735920E-001, 1.183455E+000, 2.323419E+000, 5.486226E+000, 4.964240E-001, -2.134539E-001, 3.848014E-001, 2.813387E-001
1.736000E-001, 1.141990E+000, 2.423505E+000, 5.616154E+000, 4.570252E-001, -2.311323E-001, 3.736957E-001, 2.743818E-001
1.736080E-001, 9.761341E-001, 2.330569E+000, 5.458616E+000, 4.277576E-001, -2.134539E-001, 3.577460E-001, 2.581099E-001
1.736160E-001, 1.147173E+000, 2.201887E+000, 5.232865E+000, 4.716590E-001, -2.054509E-001, 3.458133E-001, 2.365320E-001
1.736240E-001, 1.499618E+000, 2.171504E+000, 5.375787E+000, 5.459538E-001, -2.188291E-001, 3.448681E-001, 2.161332E-001
1.736320E-001, 1.404596E+000, 2.242993E+000, 5.700607E+000, 4.964240E-001, -2.455855E-001, 3.415600E-001, 1.999792E-001
1.736400E-001, 1.249106E+000, 2.352015E+000, 5.534949E+000, 3.332007E-001, -2.922897E-001, 3.263192E-001, 1.789908E-001
1.736480E-001, 1.345856E+000, 2.325207E+000, 5.055838E+000, 2.172558E-001, -3.383967E-001, 3.136775E-001, 1.564696E-001
1.736560E-001, 1.309574E+000, 2.223334E+000, 4.976257E+000, 2.960533E-001, -3.645559E-001, 3.124961E-001, 1.478620E-001
1.736640E-001, 1.200731E+000, 2.280525E+000, 5.224745E+000, 4.547739E-001, -3.837870E-001, 3.176945E-001, 1.475082E-001
1.736720E-001, 1.152357E+000, 2.434229E+000, 5.406644E+000, 4.052441E-001, -4.024210E-001, 3.215933E-001, 1.431455E-001
1.736800E-001, 1.147173E+000, 2.461037E+000, 5.395276E+000, 3.298236E-001, -4.303718E-001, 3.214752E-001, 1.377215E-001
1.736880E-001, 1.259472E+000, 2.380611E+000, 5.273468E+000, 4.480198E-001, -4.634590E-001, 3.243107E-001, 1.376036E-001
1.736960E-001, 1.371771E+000, 2.403846E+000, 5.275092E+000, 4.840415E-001, -4.591588E-001, 3.282095E-001, 1.430276E-001
1.737040E-001, 1.437422E+000, 2.530740E+000, 5.299454E+000, 3.849818E-001, -4.367026E-001, 3.291547E-001, 1.452679E-001
1.737120E-001, 1.518623E+000, 2.620102E+000, 5.182518E+000, 3.377034E-001, -4.482891E-001, 3.321083E-001, 1.460933E-001
1.737200E-001, 1.459882E+000, 2.675507E+000, 5.148412E+000, 3.399547E-001, -4.504391E-001, 3.315176E-001, 1.592995E-001
1.737280E-001, 1.288842E+000, 2.632613E+000, 5.213376E+000, 4.108724E-001, -4.190243E-001, 3.180490E-001, 1.761609E-001
1.737360E-001, 1.328579E+000, 2.375250E+000, 5.236114E+000, 4.727847E-001, -4.107823E-001, 3.019811E-001, 1.753355E-001
1.737440E-001, 1.499618E+000, 2.135759E+000, 5.380659E+000, 4.300089E-001, -4.155602E-001, 2.925294E-001, 1.621294E-001
1.737520E-001, 1.503074E+000, 2.307334E+000, 5.595041E+000, 4.592766E-001, -3.983597E-001, 2.785882E-001, 1.557621E-001
1.737600E-001, 1.394230E+000, 2.629039E+000, 5.565807E+000, 5.268173E-001, -3.813981E-001, 2.607482E-001, 1.584741E-001
1.737680E-001, 1.268110E+000, 2.582570E+000, 5.409893E+000, 4.221292E-001, -3.695727E-001, 2.556679E-001, 1.598890E-001
1.737760E-001, 1.216280E+000, 2.394909E+000, 5.336808E+000, 3.095614E-001, -3.695727E-001, 2.611026E-001, 1.596532E-001
1.737840E-001, 1.252561E+000, 2.382399E+000, 5.240986E+000, 3.782278E-001, -3.932234E-001, 2.599211E-001, 1.604786E-001
1.737920E-001, 1.199004E+000, 2.346654E+000, 5.240986E+000, 4.660307E-001, -3.963291E-001, 2.510602E-001, 1.581203E-001
1.738000E-001, 1.204187E+000, 2.285887E+000, 5.440751E+000, 4.423914E-001, -3.757840E-001, 2.528324E-001, 1.598890E-001
1.738080E-001, 1.359677E+000, 2.362739E+000, 5.356297E+000, 4.176265E-001, -3.756646E-001, 2.722083E-001, 1.742743E-001
1.738160E-001, 1.338945E+000, 2.432441E+000, 4.964888E+000, 4.840415E-001, -3.745895E-001, 2.961920E-001, 1.910179E-001
1.738240E-001, 1.093616E+000, 2.348441E+000, 4.929158E+000, 5.797241E-001, -3.548806E-001, 3.101332E-001, 2.107092E-001
1.738320E-001, 9.502190E-001, 2.276951E+000, 5.119178E+000, 5.819755E-001, -3.415024E-001, 3.139139E-001, 2.401873E-001
1.738400E-001, 1.072884E+000, 2.377037E+000, 5.023356E+000, 4.975496E-001, -3.229879E-001, 3.210026E-001, 2.584637E-001
1.738480E-001, 1.183455E+000, 2.437803E+000, 5.041221E+000, 4.862928E-001, -2.912147E-001, 3.310450E-001, 2.598786E-001
1.738560E-001, 1.176544E+000, 2.312696E+000, 5.301078E+000, 5.673416E-001, -2.883479E-001, 3.351801E-001, 2.658921E-001
1.738640E-001, 1.340673E+000, 2.209036E+000, 5.260475E+000, 5.977349E-001, -3.220323E-001, 3.414419E-001, 2.766221E-001
1.738720E-001, 1.496163E+000, 2.248355E+000, 5.044469E+000, 5.650903E-001, -3.467581E-001, 3.460495E-001, 2.813387E-001
1.738800E-001, 1.401141E+000, 2.307334E+000, 4.951895E+000, 5.763471E-001, -3.539250E-001, 3.384882E-001, 2.825178E-001
1.738880E-001, 1.281932E+000, 2.262653E+000, 4.919413E+000, 5.932323E-001, -3.609724E-001, 3.368342E-001, 2.848760E-001
1.738960E-001, 1.271566E+000, 2.178653E+000, 5.072079E+000, 4.930469E-001, -3.563139E-001, 3.498302E-001, 2.858193E-001
1.739040E-001, 1.395958E+000, 2.301972E+000, 5.333560E+000, 3.602169E-001, -3.362467E-001, 3.542016E-001, 2.834611E-001
1.739120E-001, 1.539355E+000, 2.450314E+000, 5.268596E+000, 4.367630E-001, -3.145071E-001, 3.460495E-001, 2.733206E-001
1.739200E-001, 1.394230E+000, 2.285887E+000, 4.950271E+000, 6.517675E-001, -3.026817E-001, 3.477036E-001, 2.563412E-001
1.739280E-001, 1.179999E+000, 2.116099E+000, 4.841456E+000, 6.551445E-001, -3.036373E-001, 3.576279E-001, 2.577562E-001
1.739360E-001, 1.174816E+000, 2.139333E+000, 4.919413E+000, 5.155604E-001, -2.904980E-001, 3.696788E-001, 2.790983E-001
1.739440E-001, 1.091888E+000, 2.162567E+000, 4.937278E+000, 5.459538E-001, -2.694751E-001, 3.935442E-001, 2.879417E-001
1.739520E-001, 9.916831E-001, 2.198312E+000, 5.007115E+000, 5.943579E-001, -2.814199E-001, 4.195364E-001, 2.900642E-001
1.739600E-001, 1.126441E+000, 2.319845E+000, 5.101313E+000, 5.335713E-001, -2.904980E-001, 4.351316E-001, 3.036241E-001
1.739680E-001, 1.261200E+000, 2.448527E+000, 4.997370E+000, 5.966093E-001, -2.713863E-001, 4.378490E-001, 3.124675E-001
1.739760E-001, 1.256017E+000, 2.462825E+000, 4.912917E+000, 7.136798E-001, -2.780754E-001, 4.321780E-001, 3.111705E-001
1.739840E-001, 1.205914E+000, 2.326994E+000, 5.046093E+000, 5.797241E-001, -3.000539E-001, 4.424567E-001, 3.168302E-001
1.739920E-001, 1.207642E+000, 2.167929E+000, 5.145164E+000, 3.230695E-001, -3.055485E-001, 4.561616E-001, 3.341633E-001
1.740000E-001, 1.313030E+000, 2.228695E+000, 5.158156E+000, 3.185668E-001, -3.293187E-001, 4.341865E-001, 3.454829E-001
1.740080E-001, 1.261200E+000, 2.453888E+000, 5.138667E+000, 4.671563E-001, -3.598974E-001, 4.029959E-001, 3.408843E-001
1.740160E-001, 1.024509E+000, 2.452101E+000, 5.005491E+000, 4.941726E-001, -3.634808E-001, 3.961434E-001, 3.262632E-001
1.740240E-001, 1.064245E+000, 2.293036E+000, 4.912917E+000, 5.470794E-001, -3.713644E-001, 3.912995E-001, 3.007942E-001
1.740320E-001, 1.297481E+000, 2.321632E+000, 4.976257E+000, 7.193081E-001, -3.980014E-001, 3.760586E-001, 2.792162E-001
1.740400E-001, 1.195548E+000, 2.334143E+000, 5.007115E+000, 7.688380E-001, -4.172325E-001, 3.575097E-001, 2.812207E-001
1.740480E-001, 8.621078E-001, 2.133971E+000, 4.943775E+000, 5.797241E-001, -4.261912E-001, 3.383701E-001, 2.917149E-001
1.740560E-001, 7.809072E-001, 2.108950E+000, 4.893427E+000, 3.939873E-001, -4.284607E-001, 3.263192E-001, 2.900642E-001
1.740640E-001, 9.657680E-001, 2.471761E+000, 4.932406E+000, 4.018670E-001, -4.168742E-001, 3.168675E-001, 2.805133E-001
1.740720E-001, 1.059062E+000, 2.696954E+000, 5.015235E+000, 5.031780E-001, -3.980014E-001, 3.045803E-001, 2.724952E-001
1.740800E-001, 1.008960E+000, 2.444952E+000, 5.063959E+000, 5.932323E-001, -3.861760E-001, 3.020993E-001, 2.722594E-001
1.740880E-001, 1.133352E+000, 2.185802E+000, 5.117554E+000, 5.459538E-001, -3.886844E-001, 3.017448E-001, 2.770938E-001
1.740960E-001, 1.321668E+000, 2.275164E+000, 5.202007E+000, 4.108724E-001, -3.966874E-001, 2.863858E-001, 2.769759E-001
1.741040E-001, 1.119531E+000, 2.512867E+000, 5.211752E+000, 4.840415E-001, -3.948957E-001, 2.750438E-001, 2.766221E-001
1.741120E-001, 7.549922E-001, 2.639762E+000, 5.133795E+000, 6.382594E-001, -3.928651E-001, 2.847318E-001, 2.842865E-001
1.741200E-001, 8.551971E-001, 2.527165E+000, 5.120802E+000, 6.224999E-001, -3.994347E-001, 2.901665E-001, 2.888850E-001
1.741280E-001, 1.219736E+000, 2.269802E+000, 5.115930E+000, 5.628389E-001, -4.008681E-001, 2.727990E-001, 2.812207E-001
1.741360E-001, 1.179999E+000, 2.194738E+000, 4.982753E+000, 5.718443E-001, -4.014654E-001, 2.540138E-001, 2.654205E-001
1.741440E-001, 8.361927E-001, 2.421718E+000, 4.826839E+000, 6.056147E-001, -4.073183E-001, 2.509421E-001, 2.491486E-001
1.741520E-001, 7.843626E-001, 2.614741E+000, 4.843080E+000, 5.718443E-001, -4.038543E-001, 2.548409E-001, 2.414843E-001
1.741600E-001, 1.122986E+000, 2.562910E+000, 5.080200E+000, 5.268173E-001, -3.941790E-001, 2.562586E-001, 2.443142E-001
1.741680E-001, 1.368315E+000, 2.380611E+000, 5.249106E+000, 5.662160E-001, -3.913123E-001, 2.579127E-001, 2.473799E-001
1.741760E-001, 1.231829E+000, 2.132184E+000, 5.180894E+000, 5.650903E-001, -3.862954E-001, 2.606300E-001, 2.425455E-001
1.741840E-001, 1.043513E+000, 1.994566E+000, 5.148412E+000, 5.425767E-001, -3.770979E-001, 2.609845E-001, 2.390081E-001
1.741920E-001, 1.088433E+000, 2.214397E+000, 5.221497E+000, 5.628389E-001, -3.751868E-001, 2.596849E-001, 2.490307E-001
1.742000E-001, 1.102254E+000, 2.520016E+000, 5.318943E+000, 5.301943E-001, -3.713644E-001, 2.599211E-001, 2.571666E-001
1.742080E-001, 1.053879E+000, 2.455676E+000, 5.370914E+000, 5.088064E-001, -3.539250E-001, 2.621659E-001, 2.520964E-001
1.742160E-001, 1.205914E+000, 2.200099E+000, 5.244234E+000, 5.088064E-001, -3.420996E-001, 2.579127E-001, 2.579920E-001
1.742240E-001, 1.178272E+000, 2.191163E+000, 5.080200E+000, 4.829158E-001, -3.511777E-001, 2.419630E-001, 2.805133E-001
1.742320E-001, 8.413757E-001, 2.309121E+000, 5.120802E+000, 5.211889E-001, -3.689755E-001, 2.280217E-001, 2.888850E-001
1.742400E-001, 8.690184E-001, 2.223334E+000, 5.377411E+000, 5.110577E-001, -3.830703E-001, 2.198697E-001, 2.785088E-001
1.742480E-001, 1.219736E+000, 2.151844E+000, 5.541445E+000, 4.570252E-001, -3.896400E-001, 2.086458E-001, 2.789804E-001
1.742560E-001, 1.383864E+000, 2.341292E+000, 5.367666E+000, 5.763471E-001, -3.947763E-001, 1.969493E-001, 2.999688E-001
1.742640E-001, 1.323396E+000, 2.503931E+000, 5.101313E+000, 6.956689E-001, -4.097073E-001, 1.923416E-001, 3.196601E-001
1.742720E-001, 1.100526E+000, 2.453888E+000, 4.997370E+000, 6.360080E-001, -4.281023E-001, 1.947046E-001, 3.257916E-001
1.742800E-001, 1.005504E+000, 2.430654E+000, 4.998994E+000, 5.887296E-001, -4.368220E-001, 1.915146E-001, 3.325126E-001
1.742880E-001, 1.250834E+000, 2.498569E+000, 5.052590E+000, 5.752214E-001, -4.327608E-001, 1.778097E-001, 3.496099E-001
1.742960E-001, 1.371771E+000, 2.402058E+000, 5.109433E+000, 4.829158E-001, -4.166353E-001, 1.693032E-001, 3.657638E-001
1.743040E-001, 1.190365E+000, 2.200099E+000, 5.164653E+000, 3.996156E-001, -4.002709E-001, 1.709572E-001, 3.715415E-001
1.743120E-001, 1.259472E+000, 2.123248E+000, 5.231241E+000, 3.962386E-001, -4.009876E-001, 1.732020E-001, 3.770834E-001
1.743200E-001, 1.541082E+000, 2.071418E+000, 5.218248E+000, 4.502712E-001, -4.153214E-001, 1.729657E-001, 3.880492E-001
1.743280E-001, 1.425328E+000, 1.937374E+000, 5.143539E+000, 5.358227E-001, -4.233244E-001, 1.678854E-001, 3.968927E-001
1.743360E-001, 1.045241E+000, 1.908778E+000, 5.138667E+000, 5.223145E-001, -4.191437E-001, 1.626870E-001, 4.085660E-001
1.743440E-001, 9.001165E-001, 2.112525E+000, 5.236114E+000, 4.288833E-001, -4.195020E-001, 1.684762E-001, 4.251916E-001
1.743520E-001, 9.623127E-001, 2.321632E+000, 5.346553E+000, 4.784131E-001, -4.294162E-001, 1.754468E-001, 4.313231E-001
1.743600E-001, 1.124714E+000, 2.293036E+000, 5.317319E+000, 5.673416E-001, -4.369415E-001, 1.730839E-001, 4.209468E-001
1.743680E-001, 1.345856E+000, 2.066056E+000, 5.224745E+000, 5.009267E-001, -4.392110E-001, 1.680036E-001, 4.060898E-001
1.743760E-001, 1.340673E+000, 1.912353E+000, 5.294581E+000, 4.423914E-001, -4.427944E-001, 1.603241E-001, 4.024345E-001
1.743840E-001, 1.188638E+000, 1.912353E+000, 5.448871E+000, 4.885442E-001, -4.493641E-001, 1.546531E-001, 4.045570E-001
1.743920E-001, 1.300936E+000, 1.856948E+000, 5.497594E+000, 5.279430E-001, -4.517531E-001, 1.552438E-001, 3.938269E-001
1.744000E-001, 1.528989E+000, 1.833714E+000, 5.439126E+000, 5.414510E-001, -4.525892E-001, 1.522902E-001, 3.876955E-001
1.744080E-001, 1.522078E+000, 1.932013E+000, 5.252355E+000, 5.887296E-001, -4.593977E-001, 1.509906E-001, 4.058540E-001
1.744160E-001, 1.309574E+000, 1.903417E+000, 5.023356E+000, 6.056147E-001, -4.688342E-001, 1.597334E-001, 4.221259E-001
1.744240E-001, 1.174816E+000, 1.815842E+000, 5.106185E+000, 4.851672E-001, -4.758816E-001, 1.691850E-001, 4.207110E-001
1.744320E-001, 1.295753E+000, 1.880183E+000, 5.380659E+000, 3.388290E-001, -4.789872E-001, 1.786367E-001, 4.192960E-001
1.744400E-001, 1.477159E+000, 1.969545E+000, 5.379035E+000, 3.478345E-001, -4.774344E-001, 1.982489E-001, 4.263707E-001
1.744480E-001, 1.430511E+000, 1.967758E+000, 5.338432E+000, 4.964240E-001, -4.755233E-001, 2.165616E-001, 4.368649E-001
1.744560E-001, 1.179999E+000, 1.985630E+000, 5.557686E+000, 6.247512E-001, -4.787484E-001, 2.193971E-001, 4.442934E-001
1.744640E-001, 1.076339E+000, 2.078567E+000, 5.663253E+000, 5.831012E-001, -4.847208E-001, 2.217600E-001, 4.466516E-001
1.744720E-001, 1.243923E+000, 2.071418E+000, 5.523580E+000, 4.435171E-001, -4.915293E-001, 2.316843E-001, 4.516039E-001
1.744800E-001, 1.399413E+000, 1.912353E+000, 5.489474E+000, 4.637793E-001, -5.028769E-001, 2.374734E-001, 4.613907E-001
1.744880E-001, 1.413235E+000, 1.801544E+000, 5.564183E+000, 6.112431E-001, -5.147023E-001, 2.372371E-001, 4.704699E-001
1.744960E-001, 1.373498E+000, 1.821203E+000, 5.495970E+000, 6.315053E-001, -5.201969E-001, 2.347561E-001, 4.758939E-001
1.745040E-001, 1.307847E+000, 1.969545E+000, 5.392027E+000, 5.301943E-001, -5.213913E-001, 2.339290E-001, 4.716490E-001
1.745120E-001, 1.228374E+000, 2.117886E+000, 5.487850E+000, 4.401400E-001, -5.230637E-001, 2.365282E-001, 4.585608E-001
1.745200E-001, 1.147173E+000, 2.033886E+000, 5.539821E+000, 3.602169E-001, -5.243776E-001, 2.394819E-001, 4.574996E-001
1.745280E-001, 1.122986E+000, 1.856948E+000, 5.314071E+000, 2.892992E-001, -5.261693E-001, 2.468069E-001, 4.722386E-001
1.745360E-001, 1.240468E+000, 1.874821E+000, 5.268596E+000, 3.129385E-001, -5.266471E-001, 2.665373E-001, 4.790775E-001
1.745440E-001, 1.370043E+000, 1.915927E+000, 5.531701E+000, 4.333860E-001, -5.161356E-001, 2.880399E-001, 4.819074E-001
1.745520E-001, 1.261200E+000, 1.789033E+000, 5.523580E+000, 4.817901E-001, -4.969045E-001, 2.886306E-001, 4.971181E-001
1.745600E-001, 9.588574E-001, 1.762224E+000, 5.333560E+000, 3.827305E-001, -4.869903E-001, 2.757527E-001, 5.139796E-001
1.745680E-001, 9.381253E-001, 1.948098E+000, 5.474857E+000, 2.870479E-001, -4.900959E-001, 2.771704E-001, 5.254170E-001
1.745760E-001, 1.268110E+000, 2.035673E+000, 5.752579E+000, 3.039330E-001, -4.887820E-001, 2.915843E-001, 5.317843E-001
1.745840E-001, 1.347583E+000, 1.878395E+000, 5.767196E+000, 4.210035E-001, -4.731343E-001, 2.958375E-001, 5.336709E-001
1.745920E-001, 1.135080E+000, 1.654990E+000, 5.672998E+000, 5.763471E-001, -4.548587E-001, 2.855588E-001, 5.410994E-001
1.746000E-001, 1.067701E+000, 1.587074E+000, 5.666502E+000, 6.517675E-001, -4.390916E-001, 2.809511E-001, 5.452263E-001
1.746080E-001, 1.133352E+000, 1.667500E+000, 5.627523E+000, 5.662160E-001, -4.245189E-001, 2.878036E-001, 5.353217E-001
1.746160E-001, 1.221463E+000, 1.738990E+000, 5.595041E+000, 4.446428E-001, -4.210549E-001, 2.813056E-001, 5.363829E-001
1.746240E-001, 1.281932E+000, 1.742565E+000, 5.669750E+000, 4.885442E-001, -4.290579E-001, 2.522416E-001, 5.545413E-001
1.746320E-001, 1.288842E+000, 1.649628E+000, 5.650260E+000, 6.044890E-001, -4.356275E-001, 2.238866E-001, 5.570175E-001
1.746400E-001, 1.375226E+000, 1.576351E+000, 5.512211E+000, 5.954836E-001, -4.359859E-001, 2.066373E-001, 5.442830E-001
1.746480E-001, 1.402869E+000, 1.735416E+000, 5.513835E+000, 5.256916E-001, -4.425555E-001, 1.906876E-001, 5.453442E-001
1.746560E-001, 1.167905E+000, 1.837289E+000, 5.591793E+000, 4.772874E-001, -4.614284E-001, 1.752105E-001, 5.577250E-001
1.746640E-001, 9.778617E-001, 1.558478E+000, 5.570679E+000, 4.153751E-001, -4.699092E-001, 1.665858E-001, 5.586683E-001
1.746720E-001, 1.046969E+000, 1.361881E+000, 5.556062E+000, 4.097467E-001, -4.570088E-001, 1.633959E-001, 5.501786E-001
1.746800E-001, 1.057335E+000, 1.540606E+000, 5.575552E+000, 4.739104E-001, -4.407638E-001, 1.631596E-001, 5.510040E-001
1.746880E-001, 9.519467E-001, 1.615670E+000, 5.541445E+000, 4.378887E-001, -4.243994E-001, 1.633959E-001, 5.655072E-001
1.746960E-001, 9.899554E-001, 1.553117E+000, 5.565807E+000, 3.534628E-001, -4.109018E-001, 1.628052E-001, 5.843732E-001
1.747040E-001, 1.093616E+000, 1.769373E+000, 5.685990E+000, 3.984900E-001, -4.148436E-001, 1.706028E-001, 5.923912E-001
1.747120E-001, 1.193821E+000, 1.867672E+000, 5.711976E+000, 4.930469E-001, -4.178298E-001, 1.850166E-001, 5.887359E-001
1.747200E-001, 1.332034E+000, 1.397626E+000, 5.588544E+000, 5.504565E-001, -4.044516E-001, 1.905695E-001, 5.862597E-001
1.747280E-001, 1.299209E+000, 1.074135E+000, 5.505715E+000, 5.065550E-001, -4.024210E-001, 1.885610E-001, 5.902688E-001
1.747360E-001, 1.145446E+000, 1.379754E+000, 5.630771E+000, 2.994303E-001, -4.130518E-001, 1.963586E-001, 6.057153E-001
1.747440E-001, 1.135080E+000, 1.692522E+000, 5.822415E+000, 2.105018E-001, -4.037349E-001, 2.144349E-001, 6.254066E-001
1.747520E-001, 1.110892E+000, 1.660351E+000, 5.824039E+000, 3.534628E-001, -3.841454E-001, 2.249499E-001, 6.297694E-001
1.747600E-001, 8.880228E-001, 1.560266E+000, 5.689239E+000, 3.984900E-001, -3.781730E-001, 2.293213E-001, 6.198648E-001
1.747680E-001, 7.584475E-001, 1.617457E+000, 5.611282E+000, 2.735397E-001, -3.785313E-001, 2.377097E-001, 6.104318E-001
1.747760E-001, 1.053879E+000, 1.671075E+000, 5.625899E+000, 2.059990E-001, -3.833092E-001, 2.434988E-001, 6.072481E-001
1.747840E-001, 1.383864E+000, 1.488776E+000, 5.647012E+000, 2.836708E-001, -3.891622E-001, 2.449166E-001, 6.077198E-001
1.747920E-001, 1.199004E+000, 1.308264E+000, 5.650260E+000, 3.467088E-001, -3.806814E-001, 2.464525E-001, 6.066586E-001
1.748000E-001, 8.932058E-001, 1.385115E+000, 5.697359E+000, 2.971790E-001, -3.675421E-001, 2.479884E-001, 6.073660E-001
1.748080E-001, 1.002049E+000, 1.603159E+000, 5.692487E+000, 3.106871E-001, -3.671837E-001, 2.569675E-001, 6.104318E-001
1.748160E-001, 1.160995E+000, 1.789033E+000, 5.575552E+000, 4.378887E-001, -3.749479E-001, 2.714995E-001, 6.112571E-001
1.748240E-001, 1.002049E+000, 1.797969E+000, 5.508963E+000, 4.885442E-001, -3.791285E-001, 2.777612E-001, 6.172706E-001
1.748320E-001, 8.621078E-001, 1.613883E+000, 5.510587E+000, 4.671563E-001, -3.737534E-001, 2.823689E-001, 6.241096E-001
1.748400E-001, 9.985937E-001, 1.570989E+000, 5.492722E+000, 5.346970E-001, -3.701699E-001, 2.939472E-001, 6.125542E-001
1.748480E-001, 1.147173E+000, 1.690735E+000, 5.510587E+000, 5.335713E-001, -3.840259E-001, 2.976097E-001, 5.987585E-001
1.748560E-001, 1.078067E+000, 1.583500E+000, 5.554438E+000, 3.163155E-001, -4.058850E-001, 2.933564E-001, 6.045362E-001
1.748640E-001, 8.983889E-001, 1.420860E+000, 5.573927E+000, 2.172558E-001, -4.120963E-001, 3.013904E-001, 6.040645E-001
1.748720E-001, 7.895456E-001, 1.447669E+000, 5.513835E+000, 3.298236E-001, -4.063627E-001, 3.102513E-001, 5.867314E-001
1.748800E-001, 8.206437E-001, 1.436946E+000, 5.377411E+000, 3.084357E-001, -4.126935E-001, 2.993819E-001, 5.837836E-001
1.748880E-001, 9.674957E-001, 1.435158E+000, 5.364418E+000, 2.003707E-001, -4.291773E-001, 2.889850E-001, 5.930986E-001
1.748960E-001, 1.179999E+000, 1.538819E+000, 5.455368E+000, 2.679113E-001, -4.359859E-001, 2.917024E-001, 5.941599E-001
1.749040E-001, 1.314758E+000, 1.479839E+000, 5.390403E+000, 4.097467E-001, -4.291773E-001, 2.922931E-001, 5.928628E-001
1.749120E-001, 1.131624E+000, 1.279668E+000, 5.257227E+000, 4.356374E-001, -4.123352E-001, 2.875673E-001, 5.889717E-001
1.749200E-001, 7.843626E-001, 1.295753E+000, 5.258851E+000, 3.286979E-001, -3.897595E-001, 2.815419E-001, 5.840194E-001
1.749280E-001, 7.739965E-001, 1.465541E+000, 5.302702E+000, 2.116274E-001, -3.711255E-001, 2.769342E-001, 5.862597E-001
1.749360E-001, 1.008960E+000, 1.545968E+000, 5.335184E+000, 1.744801E-001, -3.633614E-001, 2.750438E-001, 5.926270E-001
1.749440E-001, 9.605850E-001, 1.642479E+000, 5.442375E+000, 1.530922E-001, -3.622864E-001, 2.698454E-001, 6.017063E-001
1.749520E-001, 7.083451E-001, 1.697883E+000, 5.624275E+000, 1.677260E-001, -3.594196E-001, 2.637018E-001, 6.031212E-001
1.749600E-001, 8.759291E-001, 1.603159E+000, 5.739586E+000, 2.679113E-001, -3.606141E-001, 2.619296E-001, 5.921553E-001
1.749680E-001, 1.352766E+000, 1.597798E+000, 5.643764E+000, 3.624683E-001, -3.718422E-001, 2.531868E-001, 5.940419E-001
1.749760E-001, 1.338945E+000, 1.651415E+000, 5.439126E+000, 3.838561E-001, -3.686171E-001, 2.410178E-001, 6.064227E-001
1.749840E-001, 9.830447E-001, 1.597798E+000, 5.292957E+000, 3.377034E-001, -3.406662E-001, 2.413722E-001, 5.988764E-001
1.749920E-001, 9.657680E-001, 1.551329E+000, 5.297830E+000, 3.838561E-001, -3.264519E-001, 2.451529E-001, 5.833119E-001
1.750000E-001, 1.152357E+000, 1.608521E+000, 5.426134E+000, 5.414510E-001, -3.297965E-001, 2.444440E-001, 5.814254E-001
1.750080E-001, 1.205914E+000, 1.731841E+000, 5.414765E+000, 5.245659E-001, -3.172544E-001, 2.514146E-001, 5.782417E-001
1.750160E-001, 1.150629E+000, 1.640692E+000, 5.291333E+000, 3.883589E-001, -3.020845E-001, 2.737442E-001, 5.664505E-001
1.750240E-001, 1.040058E+000, 1.379754E+000, 5.327064E+000, 3.939873E-001, -3.023234E-001, 2.991456E-001, 5.653893E-001
1.750320E-001, 9.726787E-001, 1.410137E+000, 5.325439E+000, 4.232549E-001, -2.979038E-001, 3.049348E-001, 5.760014E-001
1.750400E-001, 9.934108E-001, 1.494137E+000, 5.249106E+000, 4.536482E-001, -2.901396E-001, 2.989093E-001, 5.755298E-001
1.750480E-001, 8.983889E-001, 1.347583E+000, 5.279964E+000, 5.977349E-001, -2.943203E-001, 3.109602E-001, 5.637385E-001
1.750560E-001, 7.688136E-001, 1.299328E+000, 5.284837E+000, 5.999863E-001, -2.939620E-001, 3.231292E-001, 5.567817E-001
1.750640E-001, 8.966612E-001, 1.367243E+000, 5.281589E+000, 3.455831E-001, -2.797477E-001, 3.077703E-001, 5.527726E-001
1.750720E-001, 1.098799E+000, 1.397626E+000, 5.356297E+000, 1.969936E-001, -2.695946E-001, 2.959557E-001, 5.413352E-001
1.750800E-001, 1.136807E+000, 1.411924E+000, 5.395276E+000, 3.523372E-001, -2.668473E-001, 3.084791E-001, 5.230588E-001
1.750880E-001, 1.159267E+000, 1.420860E+000, 5.351425E+000, 5.358227E-001, -2.652944E-001, 3.202937E-001, 5.092630E-001
1.750960E-001, 1.109165E+000, 1.447669E+000, 5.266972E+000, 5.009267E-001, -2.756864E-001, 3.225385E-001, 5.060794E-001
1.751040E-001, 8.085499E-001, 1.442307E+000, 5.192263E+000, 4.367630E-001, -2.988594E-001, 3.288002E-001, 5.038391E-001
1.751120E-001, 5.839527E-001, 1.390477E+000, 5.159781E+000, 4.952983E-001, -3.135515E-001, 3.397878E-001, 4.920478E-001
1.751200E-001, 6.979790E-001, 1.463754E+000, 5.226369E+000, 4.851672E-001, -3.145071E-001, 3.503028E-001, 4.789596E-001
1.751280E-001, 8.154606E-001, 1.658564E+000, 5.409893E+000, 4.074954E-001, -3.091319E-001, 3.643622E-001, 4.750685E-001
1.751360E-001, 8.517417E-001, 1.588861E+000, 5.551190E+000, 4.446428E-001, -3.011289E-001, 3.794849E-001, 4.753043E-001
1.751440E-001, 1.052152E+000, 1.308264E+000, 5.432630E+000, 5.065550E-001, -2.957537E-001, 3.863373E-001, 4.707057E-001
1.751520E-001, 1.136807E+000, 1.358307E+000, 5.124050E+000, 4.423914E-001, -2.916925E-001, 3.911813E-001, 4.606832E-001
1.751600E-001, 9.571297E-001, 1.680011E+000, 4.986001E+000, 3.095614E-001, -2.884674E-001, 4.136291E-001, 4.507786E-001
1.751680E-001, 9.554020E-001, 1.789033E+000, 5.122426E+000, 2.769168E-001, -2.876312E-001, 4.473006E-001, 4.444113E-001
1.751760E-001, 1.031420E+000, 1.596010E+000, 5.276716E+000, 3.872332E-001, -2.746114E-001, 4.606512E-001, 4.361574E-001
1.751840E-001, 9.277592E-001, 1.419073E+000, 5.281589E+000, 4.288833E-001, -2.464216E-001, 4.527354E-001, 4.281394E-001
1.751920E-001, 1.010687E+000, 1.526308E+000, 5.153284E+000, 3.624683E-001, -2.220542E-001, 4.495454E-001, 4.229513E-001
1.752000E-001, 1.209370E+000, 1.728267E+000, 4.987626E+000, 4.131238E-001, -2.007924E-001, 4.580519E-001, 4.077406E-001
1.752080E-001, 1.140263E+000, 1.697883E+000, 4.961640E+000, 5.639646E-001, -1.773806E-001, 4.649044E-001, 3.906433E-001
1.752160E-001, 1.022781E+000, 1.537031E+000, 5.127298E+000, 6.213742E-001, -1.710498E-001, 4.580519E-001, 3.897000E-001
1.752240E-001, 9.415807E-001, 1.631755E+000, 5.189014E+000, 5.628389E-001, -1.773806E-001, 4.481277E-001, 3.803850E-001
1.752320E-001, 7.480815E-001, 1.885544E+000, 5.015235E+000, 4.829158E-001, -1.748721E-001, 4.467099E-001, 3.535010E-001
1.752400E-001, 7.722689E-001, 1.785458E+000, 5.041221E+000, 4.581509E-001, -1.761861E-001, 4.380853E-001, 3.427709E-001
1.752480E-001, 1.024509E+000, 1.522733E+000, 5.338432E+000, 4.750361E-001, -1.841891E-001, 4.131565E-001, 3.425351E-001
1.752560E-001, 1.003777E+000, 1.694309E+000, 5.364418E+000, 4.671563E-001, -1.754694E-001, 3.856285E-001, 3.283857E-001
1.752640E-001, 8.707461E-001, 2.017800E+000, 5.068831E+000, 4.604023E-001, -1.632857E-001, 3.746409E-001, 3.213109E-001
1.752720E-001, 9.761341E-001, 1.953460E+000, 4.916165E+000, 4.896699E-001, -1.683025E-001, 3.853922E-001, 3.365216E-001
1.752800E-001, 1.105709E+000, 1.824778E+000, 5.076952E+000, 4.806645E-001, -1.705720E-001, 3.966160E-001, 3.494919E-001
1.752880E-001, 1.081522E+000, 1.915927E+000, 5.255603E+000, 4.255062E-001, -1.619717E-001, 3.966160E-001, 3.470158E-001
1.752960E-001, 9.605850E-001, 1.880183E+000, 5.179270E+000, 4.423914E-001, -1.600606E-001, 4.015782E-001, 3.441859E-001
1.753040E-001, 9.761341E-001, 1.760437E+000, 4.989250E+000, 5.279430E-001, -1.597022E-001, 4.139835E-001, 3.499636E-001
1.753120E-001, 1.114348E+000, 1.967758E+000, 4.981129E+000, 5.459538E-001, -1.518186E-001, 4.229626E-001, 3.555055E-001
1.753200E-001, 1.021053E+000, 2.278738E+000, 5.089944E+000, 4.885442E-001, -1.425017E-001, 4.338320E-001, 3.602220E-001
1.753280E-001, 8.932058E-001, 2.198312E+000, 5.049342E+000, 4.108724E-001, -1.274512E-001, 4.467099E-001, 3.680042E-001
1.753360E-001, 9.830447E-001, 1.887331E+000, 4.890179E+000, 3.433318E-001, -1.198065E-001, 4.480095E-001, 3.720132E-001
1.753440E-001, 9.260316E-001, 1.701458E+000, 4.869066E+000, 3.804791E-001, -1.328264E-001, 4.422204E-001, 3.716594E-001
1.753520E-001, 7.722689E-001, 1.663926E+000, 4.994122E+000, 4.874185E-001, -1.339014E-001, 4.461192E-001, 3.716594E-001
1.753600E-001, 9.018442E-001, 1.771160E+000, 5.023356E+000, 5.088064E-001, -1.199260E-001, 4.554527E-001, 3.685937E-001
1.753680E-001, 1.033147E+000, 1.887331E+000, 4.960016E+000, 5.166861E-001, -1.233900E-001, 4.579338E-001, 3.621086E-001
1.753760E-001, 1.019326E+000, 1.790820E+000, 4.940526E+000, 6.337566E-001, -1.199260E-001, 4.556890E-001, 3.608115E-001
1.753840E-001, 1.159267E+000, 1.755075E+000, 4.995746E+000, 7.339420E-001, -9.543911E-002, 4.529717E-001, 3.635235E-001
1.753920E-001, 1.197276E+000, 1.978481E+000, 5.180894E+000, 7.136798E-001, -8.624160E-002, 4.473006E-001, 3.630518E-001
1.754000E-001, 9.433083E-001, 2.100014E+000, 5.305950E+000, 6.967946E-001, -8.050808E-002, 4.417478E-001, 3.565667E-001
1.754080E-001, 9.225762E-001, 2.035673E+000, 5.185766E+000, 7.114284E-001, -6.271030E-002, 4.409208E-001, 3.454829E-001
1.754160E-001, 1.124714E+000, 1.990992E+000, 5.060710E+000, 6.483905E-001, -6.557706E-002, 4.482458E-001, 3.361678E-001
1.754240E-001, 9.778617E-001, 1.942736E+000, 5.063959E+000, 5.707187E-001, -7.656629E-002, 4.653770E-001, 3.276782E-001
1.754320E-001, 6.841577E-001, 1.944523E+000, 4.997370E+000, 5.290686E-001, -7.525236E-002, 4.711661E-001, 3.154153E-001
1.754400E-001, 7.290771E-001, 2.008864E+000, 4.844704E+000, 4.750361E-001, -8.301649E-002, 4.585245E-001, 3.061002E-001
1.754480E-001, 9.191209E-001, 1.987417E+000, 4.847952E+000, 4.311346E-001, -7.859691E-002, 4.618326E-001, 3.032703E-001
1.754560E-001, 1.007232E+000, 1.946311E+000, 4.955143E+000, 4.311346E-001, -5.291555E-002, 4.864070E-001, 3.055107E-001
1.754640E-001, 1.081522E+000, 2.030311E+000, 4.917789E+000, 4.986753E-001, -4.503197E-002, 5.011752E-001, 3.077510E-001
1.754720E-001, 1.098799E+000, 2.146482E+000, 4.800854E+000, 5.740957E-001, -4.192632E-002, 4.991667E-001, 2.956060E-001
1.754800E-001, 9.934108E-001, 2.082141E+000, 4.706656E+000, 5.887296E-001, -3.487887E-002, 4.862888E-001, 2.729669E-001
1.754880E-001, 8.759291E-001, 1.935587E+000, 4.610833E+000, 5.831012E-001, -4.109018E-002, 4.710480E-001, 2.570487E-001
1.754960E-001, 8.379204E-001, 1.914140E+000, 4.485777E+000, 5.200632E-001, -3.177322E-002, 4.611237E-001, 2.443142E-001
1.755040E-001, 9.865001E-001, 1.892693E+000, 4.424061E+000, 4.772874E-001, -1.493102E-002, 4.501362E-001, 2.334663E-001
1.755120E-001, 1.297481E+000, 1.835501E+000, 4.635195E+000, 5.966093E-001, -2.162012E-002, 4.436381E-001, 2.294573E-001
1.755200E-001, 1.278476E+000, 1.896268E+000, 4.961640E+000, 6.832865E-001, -2.090343E-002, 4.447014E-001, 2.202601E-001
1.755280E-001, 7.947286E-001, 1.994566E+000, 4.998994E+000, 6.022376E-001, -1.576716E-002, 4.371401E-001, 2.015121E-001
1.755360E-001, 5.822251E-001, 2.064269E+000, 4.802478E+000, 5.099321E-001, -2.508412E-002, 4.204815E-001, 1.893671E-001
1.755440E-001, 8.534694E-001, 2.185802E+000, 4.718024E+000, 4.941726E-001, -1.349765E-002, 4.083125E-001, 1.848864E-001
1.755520E-001, 9.329423E-001, 2.287674E+000, 4.846328E+000, 5.178118E-001, 1.552826E-003, 4.070129E-001, 1.747460E-001
1.755600E-001, 7.256218E-001, 2.226908E+000, 4.969760E+000, 5.076807E-001, -1.158647E-002, 4.132746E-001, 1.653130E-001
1.755680E-001, 6.945237E-001, 2.128610E+000, 4.872314E+000, 4.840415E-001, -1.540882E-002, 4.058314E-001, 1.646055E-001
1.755760E-001, 8.240990E-001, 2.198312E+000, 4.771620E+000, 5.414510E-001, -7.525236E-003, 3.824385E-001, 1.626010E-001
1.755840E-001, 9.208485E-001, 2.241206E+000, 4.846328E+000, 5.943579E-001, -3.105653E-003, 3.700332E-001, 1.559979E-001
1.755920E-001, 1.100526E+000, 2.171504E+000, 4.761875E+000, 4.975496E-001, 8.600269E-003, 3.660162E-001, 1.521068E-001
1.756000E-001, 1.176544E+000, 2.251930E+000, 4.628698E+000, 4.007413E-001, 1.051144E-002, 3.569190E-001, 1.529322E-001
1.756080E-001, 8.983889E-001, 2.380611E+000, 4.820343E+000, 5.482051E-001, 5.972410E-003, 3.532565E-001, 1.603607E-001
1.756160E-001, 6.997067E-001, 2.301972E+000, 4.940526E+000, 7.767177E-001, 1.660330E-002, 3.487669E-001, 1.705011E-001
1.756240E-001, 8.120053E-001, 2.253717E+000, 4.716400E+000, 7.699637E-001, 2.544246E-002, 3.373068E-001, 1.756893E-001
1.756320E-001, 8.828398E-001, 2.335930E+000, 4.570230E+000, 5.999863E-001, 2.854812E-002, 3.335261E-001, 1.793445E-001
1.756400E-001, 8.586524E-001, 2.287674E+000, 4.661180E+000, 4.986753E-001, 3.153432E-002, 3.326991E-001, 1.837073E-001
1.756480E-001, 8.223713E-001, 2.141120E+000, 4.701783E+000, 5.313200E-001, 2.257571E-002, 3.251377E-001, 1.787550E-001
1.756560E-001, 7.290771E-001, 1.969545E+000, 4.555614E+000, 5.842268E-001, 1.600606E-002, 3.148590E-001, 1.677891E-001
1.756640E-001, 6.945237E-001, 1.928438E+000, 4.467912E+000, 5.223145E-001, 2.257571E-002, 3.004452E-001, 1.679071E-001
1.756720E-001, 7.722689E-001, 2.239419E+000, 4.651436E+000, 4.288833E-001, 2.209792E-002, 2.979642E-001, 1.697937E-001
1.756800E-001, 8.603801E-001, 2.421718E+000, 4.870690E+000, 3.658453E-001, 2.042564E-002, 3.168675E-001, 1.519889E-001
1.756880E-001, 8.707461E-001, 2.041035E+000, 4.925910E+000, 2.667857E-001, 3.953735E-002, 3.238381E-001, 1.350095E-001
1.756960E-001, 7.169834E-001, 1.764012E+000, 4.875562E+000, 2.836708E-001, 5.637955E-002, 3.174582E-001, 1.407872E-001
1.757040E-001, 5.649484E-001, 2.037460E+000, 4.740762E+000, 4.739104E-001, 4.742093E-002, 3.295091E-001, 1.522247E-001
1.757120E-001, 7.273495E-001, 2.242993E+000, 4.740762E+000, 5.515822E-001, 2.615915E-002, 3.446318E-001, 1.530501E-001
1.757200E-001, 1.000321E+000, 2.216185E+000, 4.909668E+000, 4.941726E-001, -2.866757E-003, 3.448681E-001, 1.429097E-001
1.757280E-001, 1.034875E+000, 2.357377E+000, 4.872314E+000, 4.874185E-001, -2.138123E-002, 3.408511E-001, 1.302930E-001
1.757360E-001, 1.008960E+000, 2.478910E+000, 4.748882E+000, 4.333860E-001, -7.883580E-003, 3.376612E-001, 1.293498E-001
1.757440E-001, 1.029692E+000, 2.323419E+000, 4.799230E+000, 3.332007E-001, -1.672275E-003, 3.452225E-001, 1.403156E-001
1.757520E-001, 8.742015E-001, 2.139333E+000, 4.776492E+000, 3.793534E-001, -8.241925E-003, 3.606997E-001, 1.515173E-001
1.757600E-001, 7.031620E-001, 2.067843E+000, 4.604337E+000, 4.930469E-001, 1.313930E-002, 3.670796E-001, 1.620114E-001
1.757680E-001, 8.068223E-001, 2.083929E+000, 4.555614E+000, 5.200632E-001, 2.448688E-002, 3.680247E-001, 1.653130E-001
1.757760E-001, 9.260316E-001, 2.262653E+000, 4.711528E+000, 5.707187E-001, 2.866757E-003, 3.669614E-001, 1.517531E-001
1.757840E-001, 8.171883E-001, 2.437803E+000, 4.836584E+000, 6.157458E-001, -3.583446E-004, 3.596363E-001, 1.423201E-001
1.757920E-001, 8.517417E-001, 2.380611E+000, 4.791109E+000, 5.054294E-001, -4.777928E-003, 3.543198E-001, 1.451500E-001
1.758000E-001, 1.162722E+000, 2.264440E+000, 4.786237E+000, 4.288833E-001, -3.010094E-002, 3.543198E-001, 1.365424E-001
1.758080E-001, 1.166178E+000, 2.255504E+000, 4.943775E+000, 5.268173E-001, -1.755888E-002, 3.505391E-001, 1.201526E-001
1.758160E-001, 8.275543E-001, 2.294823E+000, 5.031476E+000, 5.853525E-001, 5.972410E-003, 3.423870E-001, 1.068285E-001
1.758240E-001, 7.653582E-001, 2.310909E+000, 4.872314E+000, 4.964240E-001, -1.528937E-002, 3.432141E-001, 9.067453E-002
1.758320E-001, 8.655631E-001, 2.244781E+000, 4.731017E+000, 4.018670E-001, -2.699529E-002, 3.536109E-001, 8.772672E-002
1.758400E-001, 7.947286E-001, 2.139333E+000, 4.854449E+000, 3.579656E-001, -2.138123E-002, 3.563282E-001, 1.008150E-001
1.758480E-001, 8.137330E-001, 2.112525E+000, 5.036349E+000, 3.005560E-001, -4.132907E-002, 3.551468E-001, 1.006971E-001
1.758560E-001, 9.882277E-001, 2.150057E+000, 5.059086E+000, 3.163155E-001, -3.595391E-002, 3.565646E-001, 8.501474E-002
1.758640E-001, 9.726787E-001, 2.187589E+000, 4.973009E+000, 4.570252E-001, -7.764132E-003, 3.447500E-001, 7.628923E-002
1.758720E-001, 7.843626E-001, 2.285887E+000, 4.937278E+000, 5.279430E-001, -2.365074E-002, 3.289184E-001, 7.511011E-002
1.758800E-001, 7.394431E-001, 2.427080E+000, 4.997370E+000, 5.121834E-001, -3.189267E-002, 3.339987E-001, 7.039362E-002
1.758880E-001, 8.206437E-001, 2.455676E+000, 5.021732E+000, 5.178118E-001, -3.583446E-003, 3.461677E-001, 6.791746E-002
1.758960E-001, 7.809072E-001, 2.323419E+000, 4.938902E+000, 4.649050E-001, -8.839166E-003, 3.419144E-001, 6.626669E-002
1.759040E-001, 6.789746E-001, 2.219759E+000, 4.904796E+000, 3.962386E-001, -2.412853E-002, 3.345894E-001, 6.272932E-002
1.759120E-001, 7.549922E-001, 2.357377E+000, 5.034725E+000, 4.784131E-001, -1.421434E-002, 3.356527E-001, 6.803537E-002
1.759200E-001, 9.018442E-001, 2.509293E+000, 5.000618E+000, 5.256916E-001, -3.690949E-002, 3.306906E-001, 6.685625E-002
1.759280E-001, 9.243039E-001, 2.343079E+000, 4.700159E+000, 3.579656E-001, -5.996299E-002, 3.226567E-001, 4.622161E-002
1.759360E-001, 9.985937E-001, 2.166142E+000, 4.683918E+000, 2.904249E-001, -3.201212E-002, 3.236018E-001, 3.784984E-002
1.759440E-001, 1.126441E+000, 2.234057E+000, 4.961640E+000, 4.435171E-001, -3.248991E-002, 3.257284E-001, 5.011271E-002
1.759520E-001, 9.692234E-001, 2.244781E+000, 5.003867E+000, 4.885442E-001, -5.709624E-002, 3.270281E-001, 4.952315E-002
1.759600E-001, 8.327374E-001, 2.074992E+000, 4.886931E+000, 3.286979E-001, -3.679004E-002, 3.282095E-001, 3.855731E-002
1.759680E-001, 1.045241E+000, 2.019588E+000, 4.916165E+000, 2.667857E-001, -3.619280E-002, 3.195848E-001, 4.409919E-002
1.759760E-001, 1.027964E+000, 2.226908E+000, 4.955143E+000, 4.513968E-001, -6.402423E-002, 3.108421E-001, 5.223513E-002
1.759840E-001, 6.616979E-001, 2.335930E+000, 4.864193E+000, 5.740957E-001, -4.957100E-002, 3.159223E-001, 5.046645E-002
1.759920E-001, 5.856804E-001, 2.108950E+000, 4.924285E+000, 4.423914E-001, -4.634590E-002, 3.219478E-001, 6.001734E-002
1.760000E-001, 8.033670E-001, 1.903417E+000, 5.197135E+000, 3.241952E-001, -6.939940E-002, 3.204119E-001, 7.228021E-002
1.760080E-001, 8.845675E-001, 1.908778E+000, 5.249106E+000, 3.658453E-001, -5.339334E-002, 3.231292E-001, 6.709208E-002
1.760160E-001, 8.534694E-001, 1.989205E+000, 5.060710E+000, 4.446428E-001, -5.016824E-002, 3.309269E-001, 7.051153E-002
1.760240E-001, 9.467636E-001, 2.210823E+000, 5.034725E+000, 5.279430E-001, -7.549126E-002, 3.331716E-001, 8.760881E-002
1.760320E-001, 1.071156E+000, 2.436016E+000, 5.184142E+000, 5.065550E-001, -5.661844E-002, 3.315176E-001, 9.161782E-002
1.760400E-001, 1.067701E+000, 2.409207E+000, 5.197135E+000, 3.185668E-001, -4.132907E-002, 3.265555E-001, 1.015225E-001
1.760480E-001, 1.046969E+000, 2.250142E+000, 5.013611E+000, 2.431464E-001, -7.847746E-002, 3.154497E-001, 1.180302E-001
1.760560E-001, 1.121258E+000, 2.116099E+000, 4.966512E+000, 3.264466E-001, -1.000976E-001, 3.048166E-001, 1.051777E-001
1.760640E-001, 1.159267E+000, 2.028524E+000, 5.176022E+000, 3.545885E-001, -9.746972E-002, 2.961920E-001, 9.692388E-002
1.760720E-001, 1.040058E+000, 2.096439E+000, 5.284837E+000, 3.647196E-001, -1.040394E-001, 2.931202E-001, 1.203884E-001
1.760800E-001, 9.070272E-001, 2.244781E+000, 5.169525E+000, 4.300089E-001, -9.257235E-002, 3.020993E-001, 1.235720E-001
1.760880E-001, 8.448310E-001, 2.158993E+000, 5.158156E+000, 4.119981E-001, -7.334119E-002, 3.018630E-001, 1.089509E-001
1.760960E-001, 7.653582E-001, 1.923076E+000, 5.328688E+000, 2.904249E-001, -8.946670E-002, 2.896939E-001, 1.235720E-001
1.761040E-001, 8.621078E-001, 1.957034E+000, 5.443999E+000, 2.544032E-001, -1.081006E-001, 3.010359E-001, 1.437350E-001
1.761120E-001, 1.093616E+000, 2.285887E+000, 5.411517E+000, 3.174412E-001, -1.038005E-001, 3.243107E-001, 1.460933E-001
1.761200E-001, 1.043513E+000, 2.503931E+000, 5.333560E+000, 3.771021E-001, -1.069061E-001, 3.276188E-001, 1.508098E-001
1.761280E-001, 9.173932E-001, 2.410995E+000, 5.240986E+000, 4.671563E-001, -1.069061E-001, 3.335261E-001, 1.558800E-001
1.761360E-001, 9.381253E-001, 2.244781E+000, 5.107809E+000, 5.313200E-001, -9.054173E-002, 3.471129E-001, 1.620114E-001
1.761440E-001, 7.981839E-001, 2.184014E+000, 5.114305E+000, 4.952983E-001, -9.961979E-002, 3.384882E-001, 1.793445E-001
1.761520E-001, 6.858853E-001, 2.178653E+000, 5.208504E+000, 4.716590E-001, -1.211205E-001, 3.263192E-001, 1.879521E-001
1.761600E-001, 8.880228E-001, 2.155418E+000, 5.171149E+000, 5.031780E-001, -1.029643E-001, 3.364797E-001, 1.860655E-001
1.761680E-001, 1.088433E+000, 2.132184E+000, 5.262099E+000, 4.502712E-001, -8.301649E-002, 3.419144E-001, 1.999792E-001
1.761760E-001, 1.155812E+000, 2.164355E+000, 5.530077E+000, 3.343263E-001, -1.005754E-001, 3.318720E-001, 2.115346E-001
1.761840E-001, 1.192093E+000, 2.203674E+000, 5.621027E+000, 3.478345E-001, -1.088173E-001, 3.275006E-001, 1.940836E-001
1.761920E-001, 1.083250E+000, 2.160780E+000, 5.578800E+000, 4.435171E-001, -8.863056E-002, 3.210026E-001, 1.817028E-001
1.762000E-001, 9.001165E-001, 2.069631E+000, 5.513835E+000, 4.097467E-001, -8.206091E-002, 3.124961E-001, 1.931403E-001
1.762080E-001, 8.672908E-001, 2.069631E+000, 5.325439E+000, 2.375180E-001, -9.950034E-002, 3.225385E-001, 1.940836E-001
1.762160E-001, 9.450360E-001, 2.121461E+000, 5.167901E+000, 1.204475E-001, -1.135952E-001, 3.251377E-001, 1.896029E-001
1.762240E-001, 9.363976E-001, 1.987417E+000, 5.234489E+000, 2.048734E-001, -1.153870E-001, 3.069432E-001, 2.017479E-001
1.762320E-001, 8.327374E-001, 1.787246E+000, 5.327064E+000, 3.703480E-001, -1.094145E-001, 3.104876E-001, 2.078793E-001
1.762400E-001, 8.189160E-001, 1.780097E+000, 5.341681E+000, 3.692223E-001, -1.039199E-001, 3.257284E-001, 2.136570E-001
1.762480E-001, 9.104825E-001, 1.940949E+000, 5.414765E+000, 2.634086E-001, -1.128785E-001, 3.153316E-001, 2.333484E-001
1.762560E-001, 9.243039E-001, 2.110737E+000, 5.489474E+000, 2.960533E-001, -1.257789E-001, 3.101332E-001, 2.294573E-001
1.762640E-001, 9.536743E-001, 2.148269E+000, 5.489474E+000, 4.018670E-001, -1.316319E-001, 3.217115E-001, 2.130675E-001
1.762720E-001, 1.162722E+000, 2.133971E+000, 5.421261E+000, 3.849818E-001, -1.404711E-001, 3.187578E-001, 2.278065E-001
1.762800E-001, 1.262927E+000, 2.189376E+000, 5.307574E+000, 3.129385E-001, -1.483546E-001, 3.120235E-001, 2.426634E-001
1.762880E-001, 1.076339E+000, 2.169716E+000, 5.296206E+000, 3.579656E-001, -1.606578E-001, 3.087154E-001, 2.311080E-001
1.762960E-001, 9.191209E-001, 2.005290E+000, 5.413141E+000, 4.727847E-001, -1.845475E-001, 2.901665E-001, 2.256841E-001
1.763040E-001, 9.139379E-001, 1.948098E+000, 5.491098E+000, 4.423914E-001, -1.926699E-001, 2.735079E-001, 2.333484E-001
1.763120E-001, 8.672908E-001, 2.049971E+000, 5.447247E+000, 2.420207E-001, -1.818001E-001, 2.765797E-001, 2.345275E-001
1.763200E-001, 8.431034E-001, 2.049971E+000, 5.379035E+000, 1.598463E-001, -1.851447E-001, 2.763434E-001, 2.371216E-001
1.763280E-001, 9.657680E-001, 2.016013E+000, 5.353049E+000, 2.983046E-001, -1.961339E-001, 2.654740E-001, 2.404231E-001
1.763360E-001, 1.055607E+000, 2.117886E+000, 5.395276E+000, 4.029927E-001, -1.914755E-001, 2.677188E-001, 2.359424E-001
1.763440E-001, 1.052152E+000, 2.176865E+000, 5.494346E+000, 3.714737E-001, -1.874142E-001, 2.784701E-001, 2.449038E-001
1.763520E-001, 1.067701E+000, 2.057120E+000, 5.508963E+000, 2.949276E-001, -1.961339E-001, 2.764616E-001, 2.623548E-001
1.763600E-001, 1.095343E+000, 1.915927E+000, 5.478105E+000, 2.589059E-001, -2.073621E-001, 2.713813E-001, 2.623548E-001
1.763680E-001, 1.121258E+000, 1.914140E+000, 5.533325E+000, 2.802938E-001, -2.181124E-001, 2.687821E-001, 2.682504E-001
1.763760E-001, 1.088433E+000, 1.971332E+000, 5.608034E+000, 2.960533E-001, -2.214569E-001, 2.581489E-001, 2.866447E-001
1.763840E-001, 1.024509E+000, 1.898055E+000, 5.624275E+000, 3.602169E-001, -2.098705E-001, 2.518872E-001, 2.776834E-001
1.763920E-001, 1.064245E+000, 1.803331E+000, 5.578800E+000, 4.592766E-001, -2.042564E-001, 2.568493E-001, 2.564592E-001
1.764000E-001, 1.010687E+000, 1.998141E+000, 5.533325E+000, 4.502712E-001, -2.210986E-001, 2.564949E-001, 2.640055E-001
1.764080E-001, 7.394431E-001, 2.171504E+000, 5.541445E+000, 4.210035E-001, -2.312517E-001, 2.459799E-001, 2.739102E-001
1.764160E-001, 6.115955E-001, 2.012439E+000, 5.499218E+000, 4.345117E-001, -2.237265E-001, 2.374734E-001, 2.693116E-001
1.764240E-001, 7.619029E-001, 1.983843E+000, 5.422885E+000, 4.435171E-001, -2.256376E-001, 2.403089E-001, 2.722594E-001
1.764320E-001, 8.638355E-001, 2.067843E+000, 5.562559E+000, 4.682820E-001, -2.355518E-001, 2.501150E-001, 2.717878E-001
1.764400E-001, 8.154606E-001, 1.885544E+000, 5.822415E+000, 4.739104E-001, -2.402103E-001, 2.525961E-001, 2.641235E-001
1.764480E-001, 8.880228E-001, 1.765799E+000, 5.880883E+000, 4.525225E-001, -2.430771E-001, 2.375915E-001, 2.739102E-001
1.764560E-001, 1.048696E+000, 1.955247E+000, 5.749331E+000, 4.907956E-001, -2.396131E-001, 2.261314E-001, 2.877059E-001
1.764640E-001, 1.003777E+000, 2.139333E+000, 5.468360E+000, 5.515822E-001, -2.329240E-001, 2.417267E-001, 2.825178E-001
1.764720E-001, 9.052995E-001, 2.032098E+000, 5.236114E+000, 4.468941E-001, -2.264738E-001, 2.567312E-001, 2.714340E-001
1.764800E-001, 1.008960E+000, 1.878395E+000, 5.510587E+000, 2.217585E-001, -2.160818E-001, 2.516509E-001, 2.588174E-001
1.764880E-001, 1.116075E+000, 2.019588E+000, 5.968585E+000, 1.666003E-001, -2.222931E-001, 2.546046E-001, 2.485590E-001
1.764960E-001, 9.951384E-001, 2.117886E+000, 5.828912E+000, 3.275723E-001, -2.440327E-001, 2.663010E-001, 2.649488E-001
1.765040E-001, 7.947286E-001, 2.010651E+000, 5.383907E+000, 4.806645E-001, -2.491689E-001, 2.637018E-001, 2.879417E-001
1.765120E-001, 7.809072E-001, 2.117886E+000, 5.393651E+000, 4.221292E-001, -2.483328E-001, 2.537776E-001, 2.788625E-001
1.765200E-001, 8.482864E-001, 2.207248E+000, 5.677870E+000, 2.476491E-001, -2.608748E-001, 2.421992E-001, 2.625906E-001
1.765280E-001, 7.515368E-001, 1.873034E+000, 5.697359E+000, 2.926762E-001, -2.661306E-001, 2.326294E-001, 2.681325E-001
1.765360E-001, 7.221664E-001, 1.570989E+000, 5.572303E+000, 4.536482E-001, -2.577692E-001, 2.404271E-001, 2.695474E-001
1.765440E-001, 9.052995E-001, 1.588861E+000, 5.525204E+000, 4.750361E-001, -2.551413E-001, 2.486973E-001, 2.574024E-001
1.765520E-001, 9.968661E-001, 1.735416E+000, 5.443999E+000, 4.626536E-001, -2.649361E-001, 2.391275E-001, 2.597607E-001
1.765600E-001, 9.674957E-001, 2.003502E+000, 5.439126E+000, 4.615279E-001, -2.854812E-001, 2.348742E-001, 2.660100E-001
1.765680E-001, 9.692234E-001, 2.217972E+000, 5.650260E+000, 4.682820E-001, -3.073402E-001, 2.394819E-001, 2.539830E-001
1.765760E-001, 9.709510E-001, 2.107163E+000, 5.768820E+000, 5.515822E-001, -3.124765E-001, 2.347561E-001, 2.497382E-001
1.765840E-001, 9.726787E-001, 1.901629E+000, 5.601537E+000, 5.932323E-001, -3.081763E-001, 2.354649E-001, 2.582279E-001
1.765920E-001, 9.381253E-001, 1.919502E+000, 5.452119E+000, 4.829158E-001, -3.176127E-001, 2.456255E-001, 2.520964E-001
1.766000E-001, 8.033670E-001, 1.887331E+000, 5.583672E+000, 3.332007E-001, -3.318271E-001, 2.460981E-001, 2.456112E-001
1.766080E-001, 7.601752E-001, 1.526308E+000, 5.793181E+000, 2.600316E-001, -3.252574E-001, 2.465706E-001, 2.535114E-001
1.766160E-001, 9.813170E-001, 1.365456E+000, 5.856522E+000, 2.949276E-001, -3.051901E-001, 2.556679E-001, 2.602324E-001
1.766240E-001, 1.223191E+000, 1.672862E+000, 5.853273E+000, 4.176265E-001, -3.024428E-001, 2.549590E-001, 2.667175E-001
1.766320E-001, 1.121258E+000, 1.842650E+000, 5.785061E+000, 4.795388E-001, -3.222712E-001, 2.455073E-001, 2.714340E-001
1.766400E-001, 8.586524E-001, 1.749714E+000, 5.744458E+000, 4.468941E-001, -3.364856E-001, 2.463344E-001, 2.636518E-001
1.766480E-001, 9.156656E-001, 1.837289E+000, 5.850025E+000, 4.649050E-001, -3.362467E-001, 2.573219E-001, 2.577562E-001
1.766560E-001, 1.152357E+000, 1.983843E+000, 5.854897E+000, 4.637793E-001, -3.380384E-001, 2.640563E-001, 2.588174E-001
1.766640E-001, 1.200731E+000, 1.901629E+000, 5.668126E+000, 4.007413E-001, -3.393523E-001, 2.605119E-001, 2.561054E-001
1.766720E-001, 1.193821E+000, 1.840863E+000, 5.554438E+000, 3.883589E-001, -3.373217E-001, 2.504695E-001, 2.592891E-001
1.766800E-001, 1.195548E+000, 1.935587E+000, 5.630771E+000, 3.793534E-001, -3.372023E-001, 2.398363E-001, 2.720236E-001
1.766880E-001, 1.055607E+000, 1.933800E+000, 5.809422E+000, 3.996156E-001, -3.331410E-001, 2.385367E-001, 2.805133E-001
1.766960E-001, 8.897505E-001, 1.905204E+000, 5.859770E+000, 4.896699E-001, -3.308715E-001, 2.555497E-001, 2.716698E-001
1.767040E-001, 8.189160E-001, 1.962396E+000, 5.672998E+000, 4.998010E-001, -3.337382E-001, 2.749257E-001, 2.522143E-001
1.767120E-001, 8.050946E-001, 1.867672E+000, 5.578800E+000, 4.480198E-001, -3.343355E-001, 2.815419E-001, 2.443142E-001
1.767200E-001, 8.292820E-001, 1.665713E+000, 5.729841E+000, 4.502712E-001, -3.400690E-001, 2.829596E-001, 2.485590E-001
1.767280E-001, 9.225762E-001, 1.669288E+000, 5.768820E+000, 4.412657E-001, -3.466386E-001, 2.783519E-001, 2.581099E-001
1.767360E-001, 1.098799E+000, 1.915927E+000, 5.538197E+000, 3.872332E-001, -3.450858E-001, 2.712632E-001, 2.721415E-001
1.767440E-001, 1.148901E+000, 2.148269E+000, 5.408268E+000, 4.255062E-001, -3.503416E-001, 2.750438E-001, 2.783909E-001
1.767520E-001, 9.761341E-001, 2.080354E+000, 5.616154E+000, 5.594619E-001, -3.588224E-001, 2.745712E-001, 2.807491E-001
1.767600E-001, 9.122102E-001, 1.867672E+000, 5.781813E+000, 5.707187E-001, -3.498637E-001, 2.666555E-001, 2.919508E-001
1.767680E-001, 9.692234E-001, 1.855161E+000, 5.651885E+000, 5.301943E-001, -3.357689E-001, 2.757527E-001, 3.007942E-001
1.767760E-001, 9.709510E-001, 1.867672E+000, 5.525204E+000, 6.281282E-001, -3.360078E-001, 2.965464E-001, 3.024449E-001
1.767840E-001, 1.179999E+000, 1.796182E+000, 5.437502E+000, 6.877892E-001, -3.423385E-001, 3.041077E-001, 3.077510E-001
1.767920E-001, 1.387320E+000, 1.864097E+000, 5.331936E+000, 5.583363E-001, -3.480720E-001, 2.908754E-001, 3.108167E-001
1.768000E-001, 1.141990E+000, 1.958821E+000, 5.528452E+000, 3.816048E-001, -3.557167E-001, 2.714995E-001, 3.022091E-001
1.768080E-001, 8.621078E-001, 1.926651E+000, 5.801302E+000, 3.230695E-001, -3.523722E-001, 2.697273E-001, 3.000867E-001
1.768160E-001, 9.830447E-001, 1.855161E+000, 5.658381E+000, 4.513968E-001, -3.363661E-001, 2.777612E-001, 3.158869E-001
1.768240E-001, 1.252561E+000, 1.833714E+000, 5.427758E+000, 5.876039E-001, -3.367245E-001, 2.719720E-001, 3.249662E-001
1.768320E-001, 1.309574E+000, 1.878395E+000, 5.531701E+000, 5.605876E-001, -3.565528E-001, 2.667736E-001, 3.203676E-001
1.768400E-001, 1.147173E+000, 1.894480E+000, 5.692487E+000, 5.256916E-001, -3.631225E-001, 2.795334E-001, 3.215467E-001
1.768480E-001, 1.084977E+000, 1.883757E+000, 5.621027E+000, 5.403254E-001, -3.509388E-001, 2.912298E-001, 3.329842E-001
1.768560E-001, 1.185182E+000, 1.860523E+000, 5.526828E+000, 4.907956E-001, -3.471164E-001, 2.847318E-001, 3.447754E-001
1.768640E-001, 1.143718E+000, 1.808693E+000, 5.544693E+000, 4.277576E-001, -3.593002E-001, 2.678369E-001, 3.431247E-001
1.768720E-001, 9.761341E-001, 1.842650E+000, 5.474857E+000, 4.097467E-001, -3.706477E-001, 2.616933E-001, 3.268528E-001
1.768800E-001, 9.847724E-001, 1.894480E+000, 5.424510E+000, 3.647196E-001, -3.751868E-001, 2.670099E-001, 3.214288E-001
1.768880E-001, 1.086705E+000, 1.853374E+000, 5.580424E+000, 3.478345E-001, -3.742312E-001, 2.629929E-001, 3.364037E-001
1.768960E-001, 1.033147E+000, 1.856948E+000, 5.601537E+000, 4.874185E-001, -3.722006E-001, 2.520054E-001, 3.452471E-001
1.769040E-001, 9.554020E-001, 1.874821E+000, 5.403396E+000, 6.213742E-001, -3.803231E-001, 2.443259E-001, 3.414739E-001
1.769120E-001, 1.003777E+000, 1.858736E+000, 5.432630E+000, 5.763471E-001, -3.853399E-001, 2.325113E-001, 3.428889E-001
1.769200E-001, 1.107437E+000, 1.946311E+000, 5.668126E+000, 5.369483E-001, -3.788897E-001, 2.212874E-001, 3.470158E-001
1.769280E-001, 1.214553E+000, 1.976694E+000, 5.611282E+000, 6.078660E-001, -3.886844E-001, 2.225870E-001, 3.399411E-001
1.769360E-001, 1.323396E+000, 1.864097E+000, 5.283213E+000, 5.785984E-001, -4.106629E-001, 2.248318E-001, 3.295648E-001
1.769440E-001, 1.290570E+000, 1.903417E+000, 5.185766E+000, 3.602169E-001, -4.141269E-001, 2.097091E-001, 3.355783E-001
1.769520E-001, 9.657680E-001, 1.915927E+000, 5.366042E+000, 2.059990E-001, -4.128129E-001, 1.909239E-001, 3.486665E-001
1.769600E-001, 7.532645E-001, 1.751501E+000, 5.450495E+000, 3.039330E-001, -4.227271E-001, 1.892699E-001, 3.457187E-001
1.769680E-001, 1.008960E+000, 1.805118E+000, 5.382283E+000, 4.288833E-001, -4.248772E-001, 1.955316E-001, 3.314514E-001
1.769760E-001, 1.335490E+000, 2.037460E+000, 5.375787E+000, 3.568399E-001, -4.186659E-001, 2.013207E-001, 3.198960E-001
1.769840E-001, 1.273293E+000, 2.094652E+000, 5.351425E+000, 3.039330E-001, -4.185465E-001, 2.094728E-001, 3.156511E-001
1.769920E-001, 9.398530E-001, 1.957034E+000, 5.229617E+000, 4.412657E-001, -4.157991E-001, 2.072280E-001, 3.196601E-001
1.770000E-001, 8.413757E-001, 1.839076E+000, 5.283213E+000, 6.112431E-001, -4.052877E-001, 1.944683E-001, 3.198960E-001
1.770080E-001, 1.053879E+000, 2.012439E+000, 5.492722E+000, 6.664013E-001, -3.963291E-001, 1.938775E-001, 3.086943E-001
1.770160E-001, 1.148901E+000, 2.194738E+000, 5.481353E+000, 5.572106E-001, -3.926262E-001, 2.040381E-001, 3.040957E-001
1.770240E-001, 1.045241E+000, 1.982056E+000, 5.216624E+000, 5.110577E-001, -3.954930E-001, 2.023841E-001, 3.111705E-001
1.770320E-001, 9.951384E-001, 1.783671E+000, 5.026604E+000, 6.855378E-001, -3.966874E-001, 1.865525E-001, 3.116421E-001
1.770400E-001, 1.034875E+000, 1.930225E+000, 5.098064E+000, 7.632096E-001, -3.873705E-001, 1.691850E-001, 3.005584E-001
1.770480E-001, 9.847724E-001, 2.087503E+000, 5.249106E+000, 6.112431E-001, -3.788897E-001, 1.626870E-001, 2.847581E-001
1.770560E-001, 8.949335E-001, 2.046396E+000, 5.253979E+000, 4.142494E-001, -3.759035E-001, 1.664677E-001, 2.742639E-001
1.770640E-001, 1.027964E+000, 2.007077E+000, 5.138667E+000, 3.500858E-001, -3.756646E-001, 1.650499E-001, 2.801595E-001
1.770720E-001, 1.173089E+000, 2.117886E+000, 5.104561E+000, 4.829158E-001, -3.861760E-001, 1.592608E-001, 2.930120E-001
1.770800E-001, 1.045241E+000, 2.241206E+000, 5.240986E+000, 5.639646E-001, -3.952541E-001, 1.576067E-001, 2.945448E-001
1.770880E-001, 9.519467E-001, 2.173291E+000, 5.325439E+000, 4.615279E-001, -3.921484E-001, 1.495728E-001, 2.844044E-001
1.770960E-001, 1.036602E+000, 2.008864E+000, 5.245858E+000, 4.119981E-001, -4.036154E-001, 1.327961E-001, 2.756789E-001
1.771040E-001, 1.019326E+000, 1.932013E+000, 5.172773E+000, 4.255062E-001, -4.307302E-001, 1.155468E-001, 2.757968E-001
1.771120E-001, 9.450360E-001, 1.858736E+000, 5.145164E+000, 3.444574E-001, -4.389721E-001, 9.569824E-002, 2.829894E-001
1.771200E-001, 9.571297E-001, 1.701458E+000, 5.153284E+000, 3.557142E-001, -4.320441E-001, 7.868522E-002, 2.901821E-001
1.771280E-001, 8.897505E-001, 1.631755E+000, 5.182518E+000, 5.268173E-001, -4.289384E-001, 8.187516E-002, 2.875880E-001
1.771360E-001, 8.327374E-001, 1.883757E+000, 5.198759E+000, 5.414510E-001, -4.328803E-001, 9.628897E-002, 2.807491E-001
1.771440E-001, 1.052152E+000, 2.255504E+000, 5.221497E+000, 4.007413E-001, -4.510364E-001, 9.995149E-002, 2.821640E-001
1.771520E-001, 1.218008E+000, 2.171504E+000, 5.154908E+000, 3.669710E-001, -4.627423E-001, 1.033777E-001, 2.836969E-001
1.771600E-001, 1.069428E+000, 1.826565E+000, 5.098064E+000, 4.255062E-001, -4.499613E-001, 1.088124E-001, 2.765042E-001
1.771680E-001, 9.571297E-001, 1.915927E+000, 5.211752E+000, 4.682820E-001, -4.421972E-001, 9.664340E-002, 2.727311E-001
1.771760E-001, 1.060790E+000, 2.210823E+000, 5.253979E+000, 4.784131E-001, -4.480502E-001, 8.222960E-002, 2.813387E-001
1.771840E-001, 1.216280E+000, 2.107163E+000, 5.206880E+000, 4.491455E-001, -4.513947E-001, 8.565583E-002, 2.906537E-001
1.771920E-001, 1.231829E+000, 1.824778E+000, 5.255603E+000, 4.772874E-001, -4.585616E-001, 8.683729E-002, 2.867626E-001
1.772000E-001, 1.090160E+000, 1.962396E+000, 5.255603E+000, 5.774727E-001, -4.644146E-001, 6.887911E-002, 2.747356E-001
1.772080E-001, 1.043513E+000, 2.296611E+000, 5.114305E+000, 5.797241E-001, -4.602339E-001, 4.784912E-002, 2.742639E-001
1.772160E-001, 1.076339E+000, 2.234057E+000, 5.005491E+000, 5.414510E-001, -4.670424E-001, 5.139350E-002, 2.839327E-001
1.772240E-001, 9.450360E-001, 2.103588E+000, 5.000618E+000, 5.808498E-001, -4.767177E-001, 7.395938E-002, 2.833432E-001
1.772320E-001, 8.016393E-001, 2.228695E+000, 4.961640E+000, 5.628389E-001, -4.651313E-001, 7.844893E-002, 2.782729E-001
1.772400E-001, 8.396481E-001, 2.200099E+000, 4.904796E+000, 4.491455E-001, -4.611895E-001, 6.769764E-002, 2.798058E-001
1.772480E-001, 9.208485E-001, 2.053545E+000, 4.990874E+000, 3.579656E-001, -4.803012E-001, 7.774005E-002, 2.811028E-001
1.772560E-001, 9.277592E-001, 2.032098E+000, 5.159781E+000, 3.692223E-001, -4.860347E-001, 9.912447E-002, 2.822819E-001
1.772640E-001, 9.035718E-001, 1.985630E+000, 5.242610E+000, 4.536482E-001, -4.757622E-001, 1.063314E-001, 2.763863E-001
1.772720E-001, 8.154606E-001, 1.915927E+000, 5.190639E+000, 4.513968E-001, -4.746871E-001, 1.096395E-001, 2.645951E-001
1.772800E-001, 6.616979E-001, 1.880183E+000, 5.137043E+000, 3.478345E-001, -4.819734E-001, 1.135383E-001, 2.647130E-001
1.772880E-001, 6.755193E-001, 1.910566E+000, 5.205256E+000, 3.590913E-001, -4.897376E-001, 1.045592E-001, 2.668355E-001
1.772960E-001, 8.482864E-001, 2.107163E+000, 5.288085E+000, 4.615279E-001, -4.889014E-001, 9.699784E-002, 2.636518E-001
1.773040E-001, 9.052995E-001, 2.223334E+000, 5.211752E+000, 4.874185E-001, -4.806595E-001, 1.104665E-001, 2.704907E-001
1.773120E-001, 8.016393E-001, 2.135759E+000, 5.054214E+000, 5.155604E-001, -4.836457E-001, 1.232262E-001, 2.805133E-001
1.773200E-001, 6.426936E-001, 2.142908E+000, 5.140291E+000, 5.380740E-001, -4.965461E-001, 1.183823E-001, 2.769759E-001
1.773280E-001, 5.995018E-001, 2.162567E+000, 5.421261E+000, 4.885442E-001, -5.046686E-001, 1.166101E-001, 2.653026E-001
1.773360E-001, 7.100728E-001, 2.037460E+000, 5.456992E+000, 4.772874E-001, -5.118355E-001, 1.236988E-001, 2.586995E-001
1.773440E-001, 7.567198E-001, 2.078567E+000, 5.257227E+000, 4.761617E-001, -5.144634E-001, 1.251166E-001, 2.542188E-001
1.773520E-001, 6.962513E-001, 2.273376E+000, 5.140291E+000, 4.131238E-001, -5.002490E-001, 1.223992E-001, 2.467904E-001
1.773600E-001, 7.031620E-001, 2.223334E+000, 5.072079E+000, 3.939873E-001, -4.898570E-001, 1.278339E-001, 2.428993E-001
1.773680E-001, 7.325324E-001, 2.055333E+000, 5.007115E+000, 4.187522E-001, -5.012046E-001, 1.403574E-001, 2.430172E-001
1.773760E-001, 7.135281E-001, 2.144695E+000, 5.119178E+000, 4.108724E-001, -5.108799E-001, 1.463829E-001, 2.465545E-001
1.773840E-001, 7.670859E-001, 2.348441E+000, 5.304326E+000, 4.142494E-001, -5.120744E-001, 1.454377E-001, 2.517427E-001
1.773920E-001, 7.809072E-001, 2.269802E+000, 5.281589E+000, 4.761617E-001, -5.166134E-001, 1.511087E-001, 2.470262E-001
1.774000E-001, 5.839527E-001, 2.041035E+000, 5.164653E+000, 4.784131E-001, -5.154189E-001, 1.618600E-001, 2.392440E-001
1.774080E-001, 4.129134E-001, 2.078567E+000, 5.161405E+000, 4.210035E-001, -5.092077E-001, 1.658770E-001, 2.401873E-001
1.774160E-001, 4.042750E-001, 2.200099E+000, 5.130547E+000, 4.547739E-001, -5.115966E-001, 1.623326E-001, 2.430172E-001
1.774240E-001, 4.906585E-001, 2.182227E+000, 5.034725E+000, 4.694077E-001, -5.071770E-001, 1.557164E-001, 2.411306E-001
1.774320E-001, 6.807023E-001, 2.244781E+000, 5.111057E+000, 4.018670E-001, -4.856763E-001, 1.552438E-001, 2.258020E-001
1.774400E-001, 7.705412E-001, 2.259079E+000, 5.297830E+000, 3.838561E-001, -4.785095E-001, 1.648136E-001, 2.008046E-001
1.774480E-001, 7.411708E-001, 2.158993E+000, 5.327064E+000, 3.365777E-001, -4.915293E-001, 1.763919E-001, 1.947910E-001
1.774560E-001, 8.396481E-001, 2.259079E+000, 5.138667E+000, 2.048734E-001, -4.902154E-001, 1.837170E-001, 2.089405E-001
1.774640E-001, 9.346699E-001, 2.305547E+000, 4.877186E+000, 2.026220E-001, -4.727759E-001, 1.876158E-001, 2.200243E-001
1.774720E-001, 8.344650E-001, 1.958821E+000, 4.782989E+000, 3.219439E-001, -4.675202E-001, 1.928142E-001, 2.263915E-001
1.774800E-001, 6.893407E-001, 1.613883E+000, 4.919413E+000, 3.433318E-001, -4.739704E-001, 1.905695E-001, 2.312259E-001
1.774880E-001, 7.152557E-001, 1.640692E+000, 5.041221E+000, 3.455831E-001, -4.700286E-001, 1.737927E-001, 2.371216E-001
1.774960E-001, 9.346699E-001, 1.951672E+000, 5.046093E+000, 3.883589E-001, -4.629812E-001, 1.737927E-001, 2.463187E-001
1.775040E-001, 1.091888E+000, 2.301972E+000, 5.150036E+000, 4.153751E-001, -4.688342E-001, 1.996667E-001, 2.479695E-001
1.775120E-001, 1.045241E+000, 2.432441E+000, 5.343305E+000, 5.099321E-001, -4.745677E-001, 2.110087E-001, 2.477337E-001
1.775200E-001, 1.002049E+000, 2.325207E+000, 5.357922E+000, 5.009267E-001, -4.752844E-001, 1.974219E-001, 2.563412E-001
1.775280E-001, 1.041785E+000, 2.216185E+000, 5.184142E+000, 2.769168E-001, -4.799428E-001, 1.890336E-001, 2.615294E-001
1.775360E-001, 1.071156E+000, 2.153631E+000, 5.130547E+000, 2.397694E-001, -4.842430E-001, 1.988397E-001, 2.649488E-001
1.775440E-001, 1.103982E+000, 2.055333E+000, 5.288085E+000, 5.031780E-001, -4.836457E-001, 2.094728E-001, 2.760326E-001
1.775520E-001, 1.090160E+000, 2.110737E+000, 5.348177E+000, 6.495162E-001, -4.813762E-001, 2.045107E-001, 2.818103E-001
1.775600E-001, 9.191209E-001, 2.278738E+000, 5.226369E+000, 5.707187E-001, -4.792261E-001, 1.912783E-001, 2.753251E-001
1.775680E-001, 8.223713E-001, 2.166142E+000, 5.208504E+000, 4.986753E-001, -4.803012E-001, 1.853710E-001, 2.729669E-001
1.775760E-001, 1.026237E+000, 2.024949E+000, 5.307574E+000, 4.502712E-001, -4.848402E-001, 1.921054E-001, 2.860551E-001
1.775840E-001, 1.199004E+000, 2.196525E+000, 5.338432E+000, 3.523372E-001, -4.903348E-001, 2.010844E-001, 3.010300E-001
1.775920E-001, 1.098799E+000, 2.260866E+000, 5.328688E+000, 3.174412E-001, -5.032352E-001, 1.990760E-001, 3.048032E-001
1.776000E-001, 9.795894E-001, 2.116099E+000, 5.291333E+000, 3.568399E-001, -5.213913E-001, 1.935231E-001, 3.036241E-001
1.776080E-001, 9.346699E-001, 2.180440E+000, 5.223121E+000, 2.318897E-001, -5.211524E-001, 2.013207E-001, 3.052748E-001
1.776160E-001, 8.223713E-001, 2.366313E+000, 5.260475E+000, 5.966093E-002, -5.080131E-001, 2.188063E-001, 3.097555E-001
1.776240E-001, 8.310097E-001, 2.371675E+000, 5.333560E+000, 1.711030E-001, -5.071770E-001, 2.292032E-001, 3.143541E-001
1.776320E-001, 1.017598E+000, 2.280525E+000, 5.263723E+000, 4.029927E-001, -5.061020E-001, 2.295576E-001, 3.188348E-001
1.776400E-001, 1.000321E+000, 2.130397E+000, 5.219872E+000, 3.996156E-001, -4.992934E-001, 2.227052E-001, 3.214288E-001
1.776480E-001, 8.448310E-001, 1.987417E+000, 5.356297E+000, 1.440868E-001, -5.058631E-001, 2.137261E-001, 3.184810E-001
1.776560E-001, 8.361927E-001, 2.096439E+000, 5.403396E+000, 0.000000E+000, -5.162551E-001, 2.137261E-001, 3.187168E-001
1.776640E-001, 8.068223E-001, 2.269802E+000, 5.184142E+000, 1.947423E-001, -5.210330E-001, 2.176249E-001, 3.268528E-001
1.776720E-001, 7.619029E-001, 2.287674E+000, 4.953519E+000, 4.333860E-001, -5.261693E-001, 2.204604E-001, 3.268528E-001
1.776800E-001, 8.776568E-001, 2.250142E+000, 4.981129E+000, 4.322603E-001, -5.206746E-001, 2.281399E-001, 3.164765E-001
1.776880E-001, 1.055607E+000, 2.144695E+000, 5.223121E+000, 3.140641E-001, -5.055047E-001, 2.335746E-001, 3.163586E-001
1.776960E-001, 1.136807E+000, 2.157206E+000, 5.279964E+000, 2.757911E-001, -4.936794E-001, 2.279036E-001, 3.252020E-001
1.777040E-001, 1.069428E+000, 2.344867E+000, 4.997370E+000, 3.185668E-001, -4.878264E-001, 2.170342E-001, 3.224900E-001
1.777120E-001, 1.048696E+000, 2.319845E+000, 4.854449E+000, 3.433318E-001, -4.937988E-001, 2.085276E-001, 3.143541E-001
1.777200E-001, 1.178272E+000, 2.144695E+000, 5.039597E+000, 3.106871E-001, -5.031158E-001, 2.119539E-001, 3.144720E-001
1.777280E-001, 1.173089E+000, 2.089290E+000, 5.215000E+000, 2.994303E-001, -5.000101E-001, 2.254225E-001, 3.168302E-001
1.777360E-001, 9.657680E-001, 2.017800E+000, 5.327064E+000, 4.457684E-001, -4.936794E-001, 2.256588E-001, 3.200139E-001
1.777440E-001, 7.964563E-001, 1.905204E+000, 5.426134E+000, 6.303796E-001, -4.941572E-001, 2.110087E-001, 3.294469E-001
1.777520E-001, 7.014344E-001, 1.985630E+000, 5.341681E+000, 6.168715E-001, -4.924849E-001, 2.014389E-001, 3.375828E-001
1.777600E-001, 7.118004E-001, 2.303760E+000, 5.245858E+000, 5.043037E-001, -4.842430E-001, 1.924598E-001, 3.380544E-001
1.777680E-001, 9.450360E-001, 2.444952E+000, 5.414765E+000, 4.604023E-001, -4.811373E-001, 1.767464E-001, 3.313335E-001
1.777760E-001, 1.154084E+000, 2.173291E+000, 5.515460E+000, 4.919212E-001, -4.936794E-001, 1.663495E-001, 3.226079E-001
1.777840E-001, 1.195548E+000, 1.974907E+000, 5.379035E+000, 5.819755E-001, -5.123133E-001, 1.669403E-001, 3.255557E-001
1.777920E-001, 1.209370E+000, 2.033886E+000, 5.390403E+000, 5.988606E-001, -5.121939E-001, 1.722568E-001, 3.353425E-001
1.778000E-001, 1.024509E+000, 1.971332E+000, 5.479729E+000, 4.975496E-001, -5.025185E-001, 1.758012E-001, 3.356962E-001
1.778080E-001, 8.586524E-001, 1.864097E+000, 5.341681E+000, 4.592766E-001, -5.144634E-001, 1.733201E-001, 3.343992E-001
1.778160E-001, 1.226646E+000, 2.012439E+000, 5.260475E+000, 4.851672E-001, -5.402642E-001, 1.644592E-001, 3.345171E-001
1.778240E-001, 1.586002E+000, 2.266227E+000, 5.526828E+000, 4.795388E-001, -5.572258E-001, 1.568979E-001, 3.231975E-001
1.778320E-001, 1.416690E+000, 2.276951E+000, 5.796430E+000, 5.178118E-001, -5.600926E-001, 1.650499E-001, 3.147078E-001
1.778400E-001, 1.252561E+000, 2.089290E+000, 5.754203E+000, 5.560849E-001, -5.517312E-001, 1.830081E-001, 3.249662E-001
1.778480E-001, 1.249106E+000, 2.064269E+000, 5.604785E+000, 4.874185E-001, -5.529257E-001, 1.817085E-001, 3.379365E-001
1.778560E-001, 1.107437E+000, 2.135759E+000, 5.453743E+000, 4.525225E-001, -5.719180E-001, 1.604422E-001, 3.484307E-001
1.778640E-001, 1.033147E+000, 2.105376E+000, 5.340056E+000, 5.234402E-001, -5.777709E-001, 1.501635E-001, 3.601040E-001
1.778720E-001, 1.188638E+000, 2.135759E+000, 5.392027E+000, 5.448281E-001, -5.623621E-001, 1.587882E-001, 3.652922E-001
1.778800E-001, 1.259472E+000, 2.242993E+000, 5.461864E+000, 4.435171E-001, -5.543591E-001, 1.709572E-001, 3.604578E-001
1.778880E-001, 1.131624E+000, 2.273376E+000, 5.468360E+000, 3.106871E-001, -5.583009E-001, 1.788730E-001, 3.451292E-001
1.778960E-001, 1.105709E+000, 2.157206E+000, 5.575552E+000, 3.095614E-001, -5.641538E-001, 1.860799E-001, 3.267349E-001
1.779040E-001, 1.193821E+000, 1.962396E+000, 5.692487E+000, 4.198779E-001, -5.719180E-001, 1.912783E-001, 3.227259E-001
1.779120E-001, 1.145446E+000, 1.994566E+000, 5.569055E+000, 4.502712E-001, -5.739486E-001, 1.926961E-001, 3.388798E-001
1.779200E-001, 1.059062E+000, 2.194738E+000, 5.356297E+000, 3.782278E-001, -5.679762E-001, 1.975401E-001, 3.558592E-001
1.779280E-001, 1.078067E+000, 2.158993E+000, 5.395276E+000, 3.230695E-001, -5.672595E-001, 2.021478E-001, 3.578637E-001
1.779360E-001, 1.069428E+000, 1.983843E+000, 5.554438E+000, 3.624683E-001, -5.728735E-001, 1.970675E-001, 3.565667E-001
1.779440E-001, 1.046969E+000, 1.930225E+000, 5.586920E+000, 4.502712E-001, -5.723957E-001, 1.873795E-001, 3.598682E-001
1.779520E-001, 1.147173E+000, 1.946311E+000, 5.697359E+000, 4.649050E-001, -5.599731E-001, 1.891517E-001, 3.568025E-001
1.779600E-001, 1.264655E+000, 2.010651E+000, 5.905245E+000, 3.545885E-001, -5.456393E-001, 2.009663E-001, 3.505532E-001
1.779680E-001, 1.250834E+000, 2.128610E+000, 5.893876E+000, 2.487748E-001, -5.463560E-001, 2.039199E-001, 3.550338E-001
1.779760E-001, 1.059062E+000, 2.144695E+000, 5.789933E+000, 3.590913E-001, -5.586592E-001, 2.059284E-001, 3.601040E-001
1.779840E-001, 8.897505E-001, 2.055333E+000, 5.772068E+000, 5.752214E-001, -5.605704E-001, 2.189245E-001, 3.499636E-001
1.779920E-001, 1.067701E+000, 2.016013E+000, 5.747706E+000, 6.078660E-001, -5.523284E-001, 2.283762E-001, 3.367574E-001
1.780000E-001, 1.473703E+000, 2.041035E+000, 5.697359E+000, 5.065550E-001, -5.495811E-001, 2.283762E-001, 3.320409E-001
1.780080E-001, 1.665475E+000, 2.123248E+000, 5.632395E+000, 4.277576E-001, -5.457588E-001, 2.229415E-001, 3.305081E-001
1.780160E-001, 1.378681E+000, 2.203674E+000, 5.640516E+000, 3.928616E-001, -5.363224E-001, 2.167979E-001, 3.316872E-001
1.780240E-001, 8.759291E-001, 2.142908E+000, 5.767196E+000, 3.894846E-001, -5.389503E-001, 2.173886E-001, 3.367574E-001
1.780320E-001, 7.394431E-001, 2.058907E+000, 5.781813E+000, 3.838561E-001, -5.524479E-001, 2.166797E-001, 3.368753E-001
1.780400E-001, 9.554020E-001, 2.130397E+000, 5.640516E+000, 3.906102E-001, -5.536424E-001, 2.090002E-001, 3.307439E-001
1.780480E-001, 1.083250E+000, 2.237632E+000, 5.648636E+000, 4.153751E-001, -5.510145E-001, 2.072280E-001, 3.331021E-001
1.780560E-001, 1.098799E+000, 2.214397E+000, 5.726593E+000, 4.232549E-001, -5.624815E-001, 2.144349E-001, 3.401769E-001
1.780640E-001, 1.129897E+000, 2.094652E+000, 5.694111E+000, 4.547739E-001, -5.701262E-001, 2.186882E-001, 3.338096E-001
1.780720E-001, 1.076339E+000, 1.996354E+000, 5.778564E+000, 5.391997E-001, -5.653483E-001, 2.182156E-001, 3.288573E-001
1.780800E-001, 9.225762E-001, 2.001715E+000, 5.901997E+000, 5.234402E-001, -5.652288E-001, 2.221144E-001, 3.355783E-001
1.780880E-001, 8.482864E-001, 2.108950E+000, 5.724969E+000, 3.647196E-001, -5.753819E-001, 2.248318E-001, 3.314514E-001
1.780960E-001, 9.640403E-001, 2.135759E+000, 5.456992E+000, 3.354520E-001, -5.824294E-001, 2.163253E-001, 3.239050E-001
1.781040E-001, 1.166178E+000, 2.046396E+000, 5.489474E+000, 5.020523E-001, -5.783681E-001, 2.071099E-001, 3.316872E-001
1.781120E-001, 1.297481E+000, 2.003502E+000, 5.713600E+000, 5.583363E-001, -5.784876E-001, 2.099454E-001, 3.361678E-001
1.781200E-001, 1.230102E+000, 1.987417E+000, 5.760699E+000, 4.018670E-001, -5.874462E-001, 2.210511E-001, 3.272065E-001
1.781280E-001, 1.048696E+000, 2.078567E+000, 5.604785E+000, 3.264466E-001, -5.895963E-001, 2.295576E-001, 3.215467E-001
1.781360E-001, 1.045241E+000, 2.294823E+000, 5.487850E+000, 4.784131E-001, -5.845795E-001, 2.379460E-001, 3.300364E-001
1.781440E-001, 1.041785E+000, 2.255504E+000, 5.491098E+000, 5.223145E-001, -5.820711E-001, 2.491699E-001, 3.406485E-001
1.781520E-001, 9.381253E-001, 1.940949E+000, 5.515460E+000, 3.050587E-001, -5.830266E-001, 2.504695E-001, 3.399411E-001
1.781600E-001, 1.117803E+000, 1.776522E+000, 5.573927E+000, 1.699774E-001, -5.863712E-001, 2.509421E-001, 3.368753E-001
1.781680E-001, 1.356222E+000, 1.858736E+000, 5.793181E+000, 2.577802E-001, -5.923436E-001, 2.627566E-001, 3.338096E-001
1.781760E-001, 1.366588E+000, 1.989205E+000, 6.035173E+000, 3.365777E-001, -5.977188E-001, 2.720902E-001, 3.207214E-001
1.781840E-001, 1.402869E+000, 2.017800E+000, 5.945848E+000, 3.005560E-001, -5.948520E-001, 2.739805E-001, 3.102272E-001
1.781920E-001, 1.395958E+000, 1.962396E+000, 5.554438E+000, 2.791681E-001, -5.814738E-001, 2.712632E-001, 3.230796E-001
1.782000E-001, 1.205914E+000, 1.957034E+000, 5.361170E+000, 3.365777E-001, -5.643927E-001, 2.706724E-001, 3.439501E-001
1.782080E-001, 1.109165E+000, 1.967758E+000, 5.593417E+000, 4.401400E-001, -5.554341E-001, 2.849681E-001, 3.459546E-001
1.782160E-001, 1.140263E+000, 1.853374E+000, 5.858146E+000, 5.110577E-001, -5.523284E-001, 2.991456E-001, 3.374649E-001
1.782240E-001, 1.114348E+000, 1.765799E+000, 5.901997E+000, 3.692223E-001, -5.405031E-001, 2.971371E-001, 3.361678E-001
1.782320E-001, 1.110892E+000, 1.985630E+000, 5.906869E+000, 1.767314E-001, -5.336945E-001, 2.973734E-001, 3.341633E-001
1.782400E-001, 1.252561E+000, 2.284100E+000, 5.895500E+000, 3.174412E-001, -5.402642E-001, 3.109602E-001, 3.203676E-001
1.782480E-001, 1.475431E+000, 2.250142E+000, 5.726593E+000, 5.358227E-001, -5.348890E-001, 3.249014E-001, 3.099913E-001
1.782560E-001, 1.599823E+000, 2.057120E+000, 5.595041E+000, 4.277576E-001, -5.155384E-001, 3.295091E-001, 3.196601E-001
1.782640E-001, 1.442605E+000, 1.980268E+000, 5.832160E+000, 2.870479E-001, -5.018018E-001, 3.275006E-001, 3.300364E-001
1.782720E-001, 1.148901E+000, 1.926651E+000, 6.189463E+000, 3.861075E-001, -4.948739E-001, 3.323446E-001, 3.240229E-001
1.782800E-001, 1.110892E+000, 1.889119E+000, 6.195960E+000, 5.088064E-001, -4.867514E-001, 3.442774E-001, 3.167123E-001
1.782880E-001, 1.285387E+000, 1.914140E+000, 5.979953E+000, 5.200632E-001, -4.774344E-001, 3.479399E-001, 3.197781E-001
1.782960E-001, 1.294026E+000, 1.971332E+000, 5.830536E+000, 4.052441E-001, -4.749260E-001, 3.486488E-001, 3.229617E-001
1.783040E-001, 1.200731E+000, 2.069631E+000, 5.786685E+000, 3.118128E-001, -4.724176E-001, 3.521931E-001, 3.185989E-001
1.783120E-001, 1.214553E+000, 2.101801E+000, 5.824039E+000, 4.378887E-001, -4.573671E-001, 3.513661E-001, 3.116421E-001
1.783200E-001, 1.261200E+000, 2.069631E+000, 5.861394E+000, 4.998010E-001, -4.474529E-001, 3.519568E-001, 3.038599E-001
1.783280E-001, 1.314758E+000, 2.133971E+000, 5.887380E+000, 3.827305E-001, -4.534253E-001, 3.545561E-001, 2.965493E-001
1.783360E-001, 1.340673E+000, 2.150057E+000, 5.892252E+000, 4.266319E-001, -4.518725E-001, 3.529020E-001, 2.947806E-001
1.783440E-001, 1.261200E+000, 1.946311E+000, 5.853273E+000, 5.223145E-001, -4.414805E-001, 3.511298E-001, 2.959598E-001
1.783520E-001, 1.221463E+000, 1.876608E+000, 5.807798E+000, 4.063697E-001, -4.427944E-001, 3.466403E-001, 2.956060E-001
1.783600E-001, 1.292298E+000, 2.125035E+000, 5.660005E+000, 2.814195E-001, -4.488863E-001, 3.426233E-001, 2.946627E-001
1.783680E-001, 1.302664E+000, 2.175078E+000, 5.508963E+000, 3.286979E-001, -4.456612E-001, 3.530202E-001, 2.964314E-001
1.783760E-001, 1.249106E+000, 1.999928E+000, 5.750955E+000, 3.827305E-001, -4.338358E-001, 3.657799E-001, 3.029166E-001
1.783840E-001, 1.235285E+000, 2.112525E+000, 6.160229E+000, 3.523372E-001, -4.211743E-001, 3.572734E-001, 3.056286E-001
1.783920E-001, 1.240468E+000, 2.180440E+000, 6.145612E+000, 3.816048E-001, -4.215327E-001, 3.380156E-001, 3.013837E-001
1.784000E-001, 1.254289E+000, 1.915927E+000, 5.880883E+000, 4.964240E-001, -4.266689E-001, 3.330535E-001, 3.037420E-001
1.784080E-001, 1.285387E+000, 1.955247E+000, 5.876011E+000, 5.335713E-001, -4.162770E-001, 3.393152E-001, 3.127033E-001
1.784160E-001, 1.304392E+000, 2.276951E+000, 5.971833E+000, 4.288833E-001, -4.023015E-001, 3.365979E-001, 3.152974E-001
1.784240E-001, 1.219736E+000, 2.285887E+000, 5.785061E+000, 3.095614E-001, -4.044516E-001, 3.275006E-001, 3.085764E-001
1.784320E-001, 1.059062E+000, 2.167929E+000, 5.559310E+000, 3.061844E-001, -4.141269E-001, 3.259647E-001, 2.960777E-001
1.784400E-001, 1.129897E+000, 2.196525E+000, 5.614530E+000, 3.298236E-001, -4.135296E-001, 3.226567E-001, 2.877059E-001
1.784480E-001, 1.418418E+000, 2.235844E+000, 5.762323E+000, 3.050587E-001, -4.063627E-001, 3.146227E-001, 2.973747E-001
1.784560E-001, 1.489252E+000, 2.194738E+000, 5.801302E+000, 3.185668E-001, -4.003903E-001, 3.215933E-001, 3.157690E-001
1.784640E-001, 1.349311E+000, 2.055333E+000, 5.798054E+000, 3.354520E-001, -3.915512E-001, 3.324628E-001, 3.143541E-001
1.784720E-001, 1.278476E+000, 2.044609E+000, 5.768820E+000, 2.622829E-001, -3.907150E-001, 3.239563E-001, 2.963135E-001
1.784800E-001, 1.200731E+000, 2.284100E+000, 5.674622E+000, 2.116274E-001, -4.012265E-001, 3.172219E-001, 2.937194E-001
1.784880E-001, 1.064245E+000, 2.325207E+000, 5.627523E+000, 2.757911E-001, -4.003903E-001, 3.317539E-001, 3.068077E-001
1.784960E-001, 1.003777E+000, 2.062482E+000, 5.685990E+000, 3.861075E-001, -3.923873E-001, 3.426233E-001, 3.078689E-001
1.785040E-001, 1.031420E+000, 1.999928E+000, 5.711976E+000, 4.570252E-001, -3.914317E-001, 3.355346E-001, 2.963135E-001
1.785120E-001, 1.097071E+000, 2.055333E+000, 5.634019E+000, 4.671563E-001, -3.931040E-001, 3.319902E-001, 2.880597E-001
1.785200E-001, 1.188638E+000, 1.853374E+000, 5.508963E+000, 4.074954E-001, -4.001514E-001, 3.349438E-001, 2.839327E-001
1.785280E-001, 1.257744E+000, 1.756863E+000, 5.439126E+000, 3.185668E-001, -4.064822E-001, 3.303362E-001, 2.785088E-001
1.785360E-001, 1.228374E+000, 1.960609E+000, 5.549566E+000, 3.264466E-001, -4.012265E-001, 3.306906E-001, 2.737923E-001
1.785440E-001, 1.205914E+000, 2.057120E+000, 5.773692E+000, 4.153751E-001, -3.990764E-001, 3.369523E-001, 2.815745E-001
1.785520E-001, 1.319941E+000, 2.007077E+000, 5.901997E+000, 3.872332E-001, -4.058850E-001, 3.277369E-001, 2.930120E-001
1.785600E-001, 1.292298E+000, 1.971332E+000, 5.833784E+000, 2.251356E-001, -3.990764E-001, 3.155679E-001, 2.864089E-001
1.785680E-001, 1.069428E+000, 1.933800E+000, 5.634019E+000, 1.587206E-001, -3.779341E-001, 3.161586E-001, 2.769759E-001
1.785760E-001, 1.074611E+000, 2.001715E+000, 5.497594E+000, 2.397694E-001, -3.725589E-001, 3.135594E-001, 2.770938E-001
1.785840E-001, 1.250834E+000, 2.248355E+000, 5.471609E+000, 3.377034E-001, -3.831898E-001, 3.068251E-001, 2.720236E-001
1.785920E-001, 1.295753E+000, 2.434229E+000, 5.505715E+000, 4.108724E-001, -3.806814E-001, 3.108421E-001, 2.676608E-001
1.786000E-001, 1.318213E+000, 2.284100E+000, 5.622651E+000, 4.513968E-001, -3.687366E-001, 3.206482E-001, 2.711982E-001
1.786080E-001, 1.302664E+000, 2.066056E+000, 5.685990E+000, 4.694077E-001, -3.690949E-001, 3.233655E-001, 2.697833E-001
1.786160E-001, 1.103982E+000, 2.151844E+000, 5.575552E+000, 4.874185E-001, -3.714839E-001, 3.174582E-001, 2.618831E-001
1.786240E-001, 9.605850E-001, 2.269802E+000, 5.500843E+000, 4.998010E-001, -3.701699E-001, 3.045803E-001, 2.539830E-001
1.786320E-001, 1.124714E+000, 2.217972E+000, 5.510587E+000, 4.063697E-001, -3.763812E-001, 2.886306E-001, 2.479695E-001
1.786400E-001, 1.318213E+000, 2.235844E+000, 5.461864E+000, 1.801085E-001, -3.854593E-001, 2.813056E-001, 2.458471E-001
1.786480E-001, 1.155812E+000, 2.301972E+000, 5.489474E+000, 1.609719E-001, -3.908345E-001, 2.843774E-001, 2.486770E-001
1.786560E-001, 9.381253E-001, 2.167929E+000, 5.565807E+000, 4.626536E-001, -3.888039E-001, 2.892213E-001, 2.536293E-001
1.786640E-001, 1.062518E+000, 2.083929E+000, 5.479729E+000, 6.416364E-001, -3.824731E-001, 2.930020E-001, 2.578741E-001
1.786720E-001, 1.205914E+000, 2.432441E+000, 5.474857E+000, 5.245659E-001, -3.898789E-001, 2.892213E-001, 2.597607E-001
1.786800E-001, 1.081522E+000, 2.695167E+000, 5.710352E+000, 4.187522E-001, -3.984792E-001, 2.750438E-001, 2.579920E-001
1.786880E-001, 1.005504E+000, 2.296611E+000, 5.773692E+000, 4.063697E-001, -3.870122E-001, 2.678369E-001, 2.557517E-001
1.786960E-001, 1.116075E+000, 1.848012E+000, 5.499218E+000, 3.759764E-001, -3.824731E-001, 2.740987E-001, 2.577562E-001
1.787040E-001, 1.143718E+000, 2.007077E+000, 5.317319E+000, 3.613426E-001, -3.994347E-001, 2.696091E-001, 2.564592E-001
1.787120E-001, 1.091888E+000, 2.325207E+000, 5.424510E+000, 3.568399E-001, -4.087517E-001, 2.535413E-001, 2.474978E-001
1.787200E-001, 1.122986E+000, 2.294823E+000, 5.435878E+000, 3.804791E-001, -4.019432E-001, 2.541320E-001, 2.450217E-001
1.787280E-001, 1.147173E+000, 2.248355E+000, 5.304326E+000, 4.772874E-001, -3.976430E-001, 2.653559E-001, 2.443142E-001
1.787360E-001, 1.150629E+000, 2.348441E+000, 5.414765E+000, 5.099321E-001, -4.007487E-001, 2.685458E-001, 2.320513E-001
1.787440E-001, 1.249106E+000, 2.246568E+000, 5.608034E+000, 4.367630E-001, -4.038543E-001, 2.694910E-001, 2.226183E-001
1.787520E-001, 1.356222E+000, 2.098227E+000, 5.489474E+000, 3.939873E-001, -4.043321E-001, 2.698454E-001, 2.222646E-001
1.787600E-001, 1.299209E+000, 2.142908E+000, 5.250731E+000, 3.928616E-001, -4.061238E-001, 2.658284E-001, 2.184914E-001
1.787680E-001, 1.097071E+000, 2.105376E+000, 5.265347E+000, 3.714737E-001, -4.161575E-001, 2.633474E-001, 2.081151E-001
1.787760E-001, 8.983889E-001, 1.998141E+000, 5.494346E+000, 3.320750E-001, -4.270273E-001, 2.572038E-001, 1.989180E-001
1.787840E-001, 9.467636E-001, 2.033886E+000, 5.622651E+000, 2.847965E-001, -4.233244E-001, 2.476340E-001, 2.015121E-001
1.787920E-001, 1.190365E+000, 2.132184E+000, 5.500843E+000, 2.476491E-001, -4.174714E-001, 2.548409E-001, 2.017479E-001
1.788000E-001, 1.174816E+000, 2.260866E+000, 5.318943E+000, 2.836708E-001, -4.223688E-001, 2.683095E-001, 1.857118E-001
1.788080E-001, 1.046969E+000, 2.502144E+000, 5.333560E+000, 4.086211E-001, -4.247578E-001, 2.680732E-001, 1.775759E-001
1.788160E-001, 1.181727E+000, 2.718401E+000, 5.413141E+000, 4.649050E-001, -4.241605E-001, 2.680732E-001, 1.834715E-001
1.788240E-001, 1.269838E+000, 2.532527E+000, 5.265347E+000, 3.872332E-001, -4.258328E-001, 2.742168E-001, 1.824103E-001
1.788320E-001, 1.133352E+000, 2.108950E+000, 5.094817E+000, 3.624683E-001, -4.226077E-001, 2.802423E-001, 1.791087E-001
1.788400E-001, 1.014143E+000, 2.144695E+000, 5.206880E+000, 4.198779E-001, -4.141269E-001, 2.891032E-001, 1.776938E-001
1.788480E-001, 9.916831E-001, 2.484272E+000, 5.322191E+000, 3.782278E-001, -4.063627E-001, 2.921750E-001, 1.696757E-001
1.788560E-001, 9.934108E-001, 2.437803E+000, 5.239362E+000, 2.994303E-001, -4.048099E-001, 2.857951E-001, 1.621294E-001
1.788640E-001, 9.433083E-001, 2.262653E+000, 5.240986E+000, 3.849818E-001, -4.054072E-001, 2.911117E-001, 1.597711E-001
1.788720E-001, 8.016393E-001, 2.357377E+000, 5.385531E+000, 5.268173E-001, -3.964486E-001, 3.100150E-001, 1.564696E-001
1.788800E-001, 7.584475E-001, 2.334143E+000, 5.494346E+000, 5.054294E-001, -3.864149E-001, 3.197030E-001, 1.531680E-001
1.788880E-001, 1.090160E+000, 2.148269E+000, 5.583672E+000, 4.119981E-001, -3.867733E-001, 3.189941E-001, 1.537576E-001
1.788960E-001, 1.357949E+000, 2.141120E+000, 5.580424E+000, 4.682820E-001, -3.851010E-001, 3.206482E-001, 1.521068E-001
1.789040E-001, 9.985937E-001, 2.264440E+000, 5.310822E+000, 6.281282E-001, -3.751868E-001, 3.309269E-001, 1.493948E-001
1.789120E-001, 5.960464E-001, 2.382399E+000, 5.047718E+000, 6.405107E-001, -3.687366E-001, 3.383701E-001, 1.518710E-001
1.789200E-001, 7.912732E-001, 2.325207E+000, 5.078576E+000, 4.390144E-001, -3.671837E-001, 3.386064E-001, 1.529322E-001
1.789280E-001, 1.126441E+000, 2.189376E+000, 5.148412E+000, 2.938019E-001, -3.603752E-001, 3.532565E-001, 1.489232E-001
1.789360E-001, 1.105709E+000, 2.293036E+000, 5.215000E+000, 3.557142E-001, -3.493859E-001, 3.699150E-001, 1.459754E-001
1.789440E-001, 9.968661E-001, 2.434229E+000, 5.354673E+000, 4.412657E-001, -3.418607E-001, 3.611722E-001, 1.398439E-001
1.789520E-001, 9.692234E-001, 2.448527E+000, 5.257227E+000, 4.671563E-001, -3.323049E-001, 3.564464E-001, 1.299393E-001
1.789600E-001, 8.742015E-001, 2.486059E+000, 5.050966E+000, 5.279430E-001, -3.216740E-001, 3.754679E-001, 1.321796E-001
1.789680E-001, 8.050946E-001, 2.362739E+000, 5.037973E+000, 5.966093E-001, -3.254963E-001, 3.889365E-001, 1.484515E-001
1.789760E-001, 8.914782E-001, 2.098227E+000, 5.050966E+000, 6.011120E-001, -3.305131E-001, 3.907087E-001, 1.589457E-001
1.789840E-001, 1.027964E+000, 2.150057E+000, 5.096441E+000, 5.628389E-001, -3.142682E-001, 3.933080E-001, 1.512814E-001
1.789920E-001, 1.057335E+000, 2.468186E+000, 5.187390E+000, 4.907956E-001, -3.004122E-001, 3.953164E-001, 1.401977E-001
1.790000E-001, 9.605850E-001, 2.596868E+000, 5.145164E+000, 3.917359E-001, -3.116403E-001, 4.006330E-001, 1.429097E-001
1.790080E-001, 8.551971E-001, 2.602230E+000, 5.202007E+000, 3.579656E-001, -3.276464E-001, 4.102028E-001, 1.524605E-001
1.790160E-001, 8.379204E-001, 2.618315E+000, 5.465112E+000, 4.401400E-001, -3.346938E-001, 4.190638E-001, 1.575308E-001
1.790240E-001, 8.966612E-001, 2.389548E+000, 5.487850E+000, 5.335713E-001, -3.357689E-001, 4.319417E-001, 1.545830E-001
1.790320E-001, 9.433083E-001, 2.119673E+000, 5.245858E+000, 5.504565E-001, -3.214351E-001, 4.445833E-001, 1.463291E-001
1.790400E-001, 1.055607E+000, 2.217972E+000, 5.163029E+000, 5.178118E-001, -2.915730E-001, 4.428111E-001, 1.453858E-001
1.790480E-001, 1.185182E+000, 2.443165E+000, 5.263723E+000, 4.772874E-001, -2.701918E-001, 4.328868E-001, 1.512814E-001
1.790560E-001, 1.005504E+000, 2.500357E+000, 5.383907E+000, 3.804791E-001, -2.697140E-001, 4.344228E-001, 1.523426E-001
1.790640E-001, 7.118004E-001, 2.364526E+000, 5.453743E+000, 2.397694E-001, -2.703113E-001, 4.455285E-001, 1.564696E-001
1.790720E-001, 8.120053E-001, 2.082141E+000, 5.385531E+000, 2.780424E-001, -2.483328E-001, 4.519083E-001, 1.660205E-001
1.790800E-001, 1.064245E+000, 1.946311E+000, 5.164653E+000, 4.378887E-001, -2.208597E-001, 4.547439E-001, 1.657846E-001
1.790880E-001, 1.005504E+000, 2.132184E+000, 4.940526E+000, 3.973643E-001, -2.228903E-001, 4.620689E-001, 1.650772E-001
1.790960E-001, 8.310097E-001, 2.334143E+000, 5.036349E+000, 2.814195E-001, -2.418826E-001, 4.719932E-001, 1.707370E-001
1.791040E-001, 7.826349E-001, 2.360952E+000, 5.294581E+000, 3.602169E-001, -2.424798E-001, 4.745924E-001, 1.650772E-001
1.791120E-001, 7.757242E-001, 2.425292E+000, 5.119178E+000, 4.784131E-001, -2.318489E-001, 4.706936E-001, 1.581203E-001
1.791200E-001, 7.774519E-001, 2.591506E+000, 4.815470E+000, 4.333860E-001, -2.150067E-001, 4.745924E-001, 1.657846E-001
1.791280E-001, 8.828398E-001, 2.623677E+000, 4.934030E+000, 3.332007E-001, -1.673469E-001, 4.851074E-001, 1.760430E-001
1.791360E-001, 1.017598E+000, 2.552187E+000, 5.065583E+000, 3.512115E-001, -1.141925E-001, 4.879429E-001, 1.848864E-001
1.791440E-001, 9.484913E-001, 2.443165E+000, 5.052590E+000, 4.446428E-001, -1.003365E-001, 4.939683E-001, 1.966777E-001
1.791520E-001, 7.515368E-001, 2.167929E+000, 5.146788E+000, 4.570252E-001, -1.033227E-001, 5.066099E-001, 2.023374E-001
1.791600E-001, 6.219615E-001, 2.041035E+000, 5.112681E+000, 4.153751E-001, -9.746972E-002, 5.042470E-001, 1.916074E-001
1.791680E-001, 5.839527E-001, 2.321632E+000, 4.982753E+000, 4.727847E-001, -9.042228E-002, 4.969220E-001, 1.775759E-001
1.791760E-001, 7.619029E-001, 2.496782E+000, 5.059086E+000, 5.448281E-001, -7.692464E-002, 5.004663E-001, 1.804058E-001
1.791840E-001, 1.024509E+000, 2.380611E+000, 5.232865E+000, 4.491455E-001, -6.892160E-002, 4.940865E-001, 1.911358E-001
1.791920E-001, 1.064245E+000, 2.319845E+000, 5.275092E+000, 3.377034E-001, -8.421098E-002, 4.753013E-001, 1.873626E-001
1.792000E-001, 1.036602E+000, 2.344867E+000, 5.106185E+000, 3.917359E-001, -1.035616E-001, 4.640774E-001, 1.750997E-001
1.792080E-001, 1.093616E+000, 2.473548E+000, 4.909668E+000, 4.378887E-001, -1.243456E-001, 4.526172E-001, 1.762788E-001
1.792160E-001, 1.121258E+000, 2.598655E+000, 4.987626E+000, 3.759764E-001, -1.548049E-001, 4.387941E-001, 1.839431E-001
1.792240E-001, 1.117803E+000, 2.491421E+000, 5.317319E+000, 3.737251E-001, -1.742749E-001, 4.421022E-001, 1.829998E-001
1.792320E-001, 1.078067E+000, 2.346654E+000, 5.546318E+000, 4.165008E-001, -1.849058E-001, 4.524991E-001, 1.817028E-001
1.792400E-001, 9.502190E-001, 2.271589E+000, 5.491098E+000, 3.196925E-001, -2.085565E-001, 4.591153E-001, 1.819386E-001
1.792480E-001, 9.536743E-001, 2.191163E+000, 5.314071E+000, 1.632233E-001, -2.332823E-001, 4.803815E-001, 1.725056E-001
1.792560E-001, 1.148901E+000, 2.144695E+000, 5.153284E+000, 2.014963E-001, -2.439132E-001, 5.179520E-001, 1.609502E-001
1.792640E-001, 1.250834E+000, 2.107163E+000, 4.995746E+000, 4.232549E-001, -2.479744E-001, 5.522143E-001, 1.709728E-001
1.792720E-001, 1.185182E+000, 2.132184E+000, 5.024980E+000, 5.797241E-001, -2.461827E-001, 5.726535E-001, 2.009225E-001
1.792800E-001, 1.083250E+000, 2.266227E+000, 5.232865E+000, 5.290686E-001, -2.311323E-001, 5.875399E-001, 2.180198E-001
1.792880E-001, 1.008960E+000, 2.389548E+000, 5.232865E+000, 4.345117E-001, -2.113038E-001, 6.157768E-001, 2.188452E-001
1.792960E-001, 9.985937E-001, 2.459250E+000, 5.036349E+000, 4.660307E-001, -2.018674E-001, 6.480306E-001, 2.296931E-001
1.793040E-001, 1.045241E+000, 2.364526E+000, 4.925910E+000, 5.009267E-001, -2.009119E-001, 6.566553E-001, 2.452575E-001
1.793120E-001, 9.985937E-001, 2.091078E+000, 4.982753E+000, 4.457684E-001, -1.984034E-001, 6.493303E-001, 2.491486E-001
1.793200E-001, 8.085499E-001, 1.985630E+000, 5.232865E+000, 3.748507E-001, -1.979257E-001, 6.456677E-001, 2.464366E-001
1.793280E-001, 7.878179E-001, 2.223334E+000, 5.396900E+000, 3.151898E-001, -2.055703E-001, 6.283003E-001, 2.410127E-001
1.793360E-001, 9.968661E-001, 2.439590E+000, 5.327064E+000, 3.084357E-001, -2.105872E-001, 5.797423E-001, 2.390081E-001
1.793440E-001, 1.160995E+000, 2.280525E+000, 5.406644E+000, 4.086211E-001, -2.067648E-001, 5.246863E-001, 2.450217E-001
1.793520E-001, 1.243923E+000, 2.037460E+000, 5.567431E+000, 5.031780E-001, -2.080787E-001, 4.808541E-001, 2.460829E-001
1.793600E-001, 1.218008E+000, 2.074992E+000, 5.491098E+000, 4.221292E-001, -2.240848E-001, 4.348953E-001, 2.377111E-001
1.793680E-001, 9.951384E-001, 2.173291E+000, 5.388779E+000, 2.532775E-001, -2.511995E-001, 3.814934E-001, 2.340558E-001
1.793760E-001, 8.223713E-001, 2.108950E+000, 5.281589E+000, 2.589059E-001, -2.838089E-001, 3.254921E-001, 2.347633E-001
1.793840E-001, 9.536743E-001, 1.953460E+000, 5.091568E+000, 4.165008E-001, -3.131932E-001, 2.677188E-001, 2.367678E-001
1.793920E-001, 1.233557E+000, 1.801544E+000, 5.086696E+000, 4.356374E-001, -3.373217E-001, 2.093547E-001, 2.464366E-001
1.794000E-001, 1.262927E+000, 1.781884E+000, 5.154908E+000, 3.005560E-001, -3.702894E-001, 1.572523E-001, 2.528039E-001
1.794080E-001, 1.002049E+000, 1.810480E+000, 5.065583E+000, 2.645343E-001, -4.080350E-001, 1.177915E-001, 2.528039E-001
1.794160E-001, 8.672908E-001, 1.876608E+000, 5.128922E+000, 3.500858E-001, -4.266689E-001, 8.860948E-002, 2.668355E-001
1.794240E-001, 9.830447E-001, 2.201887E+000, 5.421261E+000, 3.500858E-001, -4.349109E-001, 6.946983E-002, 2.961956E-001
1.794320E-001, 1.088433E+000, 2.359164E+000, 5.528452E+000, 3.073101E-001, -4.560532E-001, 6.167220E-002, 3.242587E-001
1.794400E-001, 1.029692E+000, 2.096439E+000, 5.422885E+000, 4.592766E-001, -4.743288E-001, 6.049074E-002, 3.499636E-001
1.794480E-001, 9.415807E-001, 2.116099E+000, 5.492722E+000, 6.078660E-001, -4.768372E-001, 6.580731E-002, 3.750789E-001
1.794560E-001, 1.052152E+000, 2.464612E+000, 5.616154E+000, 4.131238E-001, -4.801817E-001, 8.423808E-002, 3.940628E-001
1.794640E-001, 1.145446E+000, 2.494995E+000, 5.479729E+000, 1.711030E-001, -4.807790E-001, 1.150742E-001, 4.118675E-001
1.794720E-001, 9.173932E-001, 2.259079E+000, 5.335184E+000, 1.857368E-001, -4.700286E-001, 1.480369E-001, 4.299081E-001
1.794800E-001, 7.567198E-001, 2.216185E+000, 5.364418E+000, 3.241952E-001, -4.657285E-001, 1.802908E-001, 4.404023E-001
1.794880E-001, 9.623127E-001, 2.326994E+000, 5.413141E+000, 4.907956E-001, -4.646535E-001, 2.211693E-001, 4.523114E-001
1.794960E-001, 1.050424E+000, 2.182227E+000, 5.465112E+000, 5.684673E-001, -4.374193E-001, 2.739805E-001, 4.730640E-001
1.795040E-001, 8.431034E-001, 1.965970E+000, 5.447247E+000, 4.750361E-001, -3.885650E-001, 3.283277E-001, 4.867418E-001
1.795120E-001, 7.601752E-001, 2.126822E+000, 5.400148E+000, 3.861075E-001, -3.504610E-001, 3.747590E-001, 4.925195E-001
1.795200E-001, 8.033670E-001, 2.371675E+000, 5.473233E+000, 4.435171E-001, -3.265713E-001, 4.218993E-001, 5.053719E-001
1.795280E-001, 8.465587E-001, 2.412782E+000, 5.414765E+000, 4.975496E-001, -2.961121E-001, 4.828626E-001, 5.149229E-001
1.795360E-001, 1.002049E+000, 2.344867E+000, 5.197135E+000, 4.210035E-001, -2.554997E-001, 5.479611E-001, 5.072585E-001
1.795440E-001, 1.064245E+000, 2.162567E+000, 5.190639E+000, 3.534628E-001, -2.240848E-001, 6.041985E-001, 4.967643E-001
1.795520E-001, 9.415807E-001, 1.965970E+000, 5.335184E+000, 3.568399E-001, -2.185902E-001, 6.596090E-001, 4.907508E-001
1.795600E-001, 9.277592E-001, 1.898055E+000, 5.419637E+000, 3.872332E-001, -2.199041E-001, 7.198634E-001, 4.771909E-001
1.795680E-001, 1.022781E+000, 2.001715E+000, 5.500843E+000, 4.829158E-001, -2.072426E-001, 7.696029E-001, 4.613907E-001
1.795760E-001, 1.065973E+000, 2.155418E+000, 5.599913E+000, 5.200632E-001, -2.058092E-001, 8.029200E-001, 4.519577E-001
1.795840E-001, 9.830447E-001, 2.026737E+000, 5.630771E+000, 4.277576E-001, -2.207403E-001, 8.321021E-001, 4.345067E-001
1.795920E-001, 8.431034E-001, 1.808693E+000, 5.547942E+000, 3.984900E-001, -2.239654E-001, 8.553768E-001, 4.121034E-001
1.796000E-001, 8.258267E-001, 1.876608E+000, 5.405020E+000, 4.367630E-001, -2.203819E-001, 8.751072E-001, 3.987793E-001
1.796080E-001, 8.240990E-001, 1.940949E+000, 5.289709E+000, 3.500858E-001, -2.251598E-001, 9.126776E-001, 3.744893E-001
1.796160E-001, 8.275543E-001, 1.935587E+000, 5.240986E+000, 2.048734E-001, -2.329240E-001, 9.571005E-001, 3.295648E-001
1.796240E-001, 9.916831E-001, 2.135759E+000, 5.185766E+000, 2.352667E-001, -2.408075E-001, 9.771854E-001, 2.978464E-001
1.796320E-001, 1.126441E+000, 2.260866E+000, 5.198759E+000, 3.422061E-001, -2.490495E-001, 9.853374E-001, 2.926582E-001
1.796400E-001, 1.116075E+000, 2.066056E+000, 5.419637E+000, 3.219439E-001, -2.596804E-001, 1.003768E+000, 2.848760E-001
1.796480E-001, 1.059062E+000, 1.822991E+000, 5.572303E+000, 3.793534E-001, -2.836895E-001, 1.018891E+000, 2.581099E-001
1.796560E-001, 9.173932E-001, 1.765799E+000, 5.517084E+000, 5.572106E-001, -3.134321E-001, 1.023617E+000, 2.229721E-001
1.796640E-001, 8.171883E-001, 1.892693E+000, 5.487850E+000, 5.245659E-001, -3.229879E-001, 1.025507E+000, 1.877163E-001
1.796720E-001, 9.657680E-001, 1.985630E+000, 5.499218E+000, 3.928616E-001, -3.207184E-001, 1.014519E+000, 1.521068E-001
1.796800E-001, 1.071156E+000, 2.017800E+000, 5.495970E+000, 4.885442E-001, -3.313493E-001, 9.873459E-001, 1.202705E-001
1.796880E-001, 9.052995E-001, 2.184014E+000, 5.543069E+000, 5.954836E-001, -3.381578E-001, 9.543832E-001, 9.197156E-002
1.796960E-001, 8.776568E-001, 2.262653E+000, 5.595041E+000, 5.245659E-001, -3.325438E-001, 9.120869E-001, 5.954569E-002
1.797040E-001, 1.081522E+000, 2.114312E+000, 5.546318E+000, 4.952983E-001, -3.357689E-001, 8.573853E-001, 2.240333E-002
1.797120E-001, 1.055607E+000, 1.964183E+000, 5.513835E+000, 5.076807E-001, -3.382773E-001, 8.009115E-001, -1.238079E-002
1.797200E-001, 9.277592E-001, 1.810480E+000, 5.616154E+000, 4.187522E-001, -3.185683E-001, 7.508177E-001, -3.761401E-002
1.797280E-001, 1.007232E+000, 1.701458E+000, 5.664877E+000, 3.849818E-001, -2.871535E-001, 7.021415E-001, -5.624415E-002
1.797360E-001, 1.059062E+000, 1.814054E+000, 5.643764E+000, 4.378887E-001, -2.639805E-001, 6.496847E-001, -7.145483E-002
1.797440E-001, 1.036602E+000, 1.998141E+000, 5.676246E+000, 3.827305E-001, -2.522746E-001, 5.995908E-001, -7.947286E-002
1.797520E-001, 1.045241E+000, 2.042822E+000, 5.609658E+000, 3.298236E-001, -2.385380E-001, 5.479611E-001, -8.418936E-002
1.797600E-001, 8.949335E-001, 2.062482E+000, 5.491098E+000, 4.300089E-001, -2.079593E-001, 4.897151E-001, -8.595803E-002
1.797680E-001, 7.757242E-001, 2.203674E+000, 5.573927E+000, 4.874185E-001, -1.697359E-001, 4.452922E-001, -8.407144E-002
1.797760E-001, 9.588574E-001, 2.318058E+000, 5.741210E+000, 3.872332E-001, -1.423822E-001, 4.165827E-001, -8.584012E-002
1.797840E-001, 1.050424E+000, 2.294823E+000, 5.724969E+000, 3.365777E-001, -1.151481E-001, 3.831474E-001, -8.513265E-002
1.797920E-001, 9.104825E-001, 2.225121E+000, 5.630771E+000, 4.097467E-001, -7.441622E-002, 3.445137E-001, -6.874285E-002
1.798000E-001, 9.519467E-001, 2.123248E+000, 5.724969E+000, 4.446428E-001, -4.049294E-002, 3.098969E-001, -4.009017E-002
1.798080E-001, 1.126441E+000, 2.150057E+000, 5.744458E+000, 4.513968E-001, -2.556191E-002, 2.822507E-001, -2.039882E-002
1.798160E-001, 1.167905E+000, 2.326994E+000, 5.512211E+000, 5.031780E-001, -6.091858E-003, 2.607482E-001, -1.733310E-002
1.798240E-001, 1.121258E+000, 2.223334E+000, 5.492722E+000, 5.076807E-001, 2.842867E-002, 2.423174E-001, -9.904630E-003
1.798320E-001, 1.062518E+000, 1.965970E+000, 5.596665E+000, 4.255062E-001, 5.554341E-002, 2.211693E-001, 1.096584E-002
1.798400E-001, 1.002049E+000, 1.985630E+000, 5.424510E+000, 3.433318E-001, 7.119112E-002, 1.950590E-001, 3.301543E-002
1.798480E-001, 9.692234E-001, 2.039247E+000, 5.263723E+000, 3.061844E-001, 9.400573E-002, 1.756831E-001, 5.282469E-002
1.798560E-001, 1.026237E+000, 1.971332E+000, 5.395276E+000, 3.467088E-001, 1.128785E-001, 1.778097E-001, 7.086527E-002
1.798640E-001, 1.017598E+000, 2.041035E+000, 5.705480E+000, 5.380740E-001, 1.085784E-001, 1.956497E-001, 8.760881E-002
1.798720E-001, 8.396481E-001, 2.248355E+000, 5.822415E+000, 6.832865E-001, 9.746972E-002, 2.029748E-001, 1.097763E-001
1.798800E-001, 8.793845E-001, 2.348441E+000, 5.588544E+000, 5.155604E-001, 1.043977E-001, 1.948227E-001, 1.302930E-001
1.798880E-001, 1.181727E+000, 2.230483E+000, 5.471609E+000, 2.521518E-001, 1.288846E-001, 1.996667E-001, 1.427917E-001
1.798960E-001, 1.328579E+000, 2.019588E+000, 5.643764E+000, 2.105018E-001, 1.507436E-001, 2.284943E-001, 1.666100E-001
1.799040E-001, 1.233557E+000, 1.912353E+000, 5.718472E+000, 3.703480E-001, 1.611356E-001, 2.640563E-001, 2.038703E-001
1.799120E-001, 1.008960E+000, 1.923076E+000, 5.716848E+000, 5.504565E-001, 1.697359E-001, 3.003271E-001, 2.357066E-001
1.799200E-001, 9.260316E-001, 1.944523E+000, 5.776940E+000, 5.752214E-001, 1.780972E-001, 3.391971E-001, 2.641235E-001
1.799280E-001, 1.171361E+000, 1.898055E+000, 5.702231E+000, 4.457684E-001, 1.807251E-001, 3.746409E-001, 2.869985E-001
1.799360E-001, 1.421873E+000, 1.892693E+000, 5.513835E+000, 3.523372E-001, 1.798890E-001, 4.048862E-001, 2.998509E-001
1.799440E-001, 1.404596E+000, 2.189376E+000, 5.487850E+000, 3.489601E-001, 1.711693E-001, 4.393849E-001, 3.194243E-001
1.799520E-001, 1.318213E+000, 2.402058E+000, 5.630771E+000, 3.174412E-001, 1.493102E-001, 4.747105E-001, 3.422993E-001
1.799600E-001, 1.442605E+000, 2.135759E+000, 5.708728E+000, 2.600316E-001, 1.311541E-001, 4.971583E-001, 3.472516E-001
1.799680E-001, 1.679296E+000, 2.071418E+000, 5.676246E+000, 3.140641E-001, 1.281679E-001, 5.141713E-001, 3.418276E-001
1.799760E-001, 1.586002E+000, 2.398484E+000, 5.629147E+000, 4.074954E-001, 1.201649E-001, 5.318932E-001, 3.437142E-001
1.799840E-001, 1.145446E+000, 2.450314E+000, 5.572303E+000, 3.917359E-001, 1.006948E-001, 5.401634E-001, 3.549159E-001
1.799920E-001, 9.122102E-001, 2.237632E+000, 5.492722E+000, 3.928616E-001, 8.206091E-002, 5.440622E-001, 3.670609E-001
1.800000E-001, 1.100526E+000, 2.024949E+000, 5.406644E+000, 4.457684E-001, 5.924630E-002, 5.564675E-001, 3.750789E-001
1.800080E-001, 1.337217E+000, 1.924864E+000, 5.359546E+000, 4.739104E-001, 3.786508E-002, 5.724173E-001, 3.838044E-001
1.800160E-001, 1.394230E+000, 2.019588E+000, 5.408268E+000, 5.932323E-001, 3.045929E-002, 5.838774E-001, 3.872239E-001
1.800240E-001, 1.392503E+000, 2.112525E+000, 5.468360E+000, 6.450135E-001, 2.424798E-002, 5.867129E-001, 3.801491E-001
1.800320E-001, 1.385592E+000, 2.244781E+000, 5.482977E+000, 3.883589E-001, 5.614065E-003, 5.773793E-001, 3.820357E-001
1.800400E-001, 1.378681E+000, 2.482484E+000, 5.523580E+000, 1.643490E-001, -2.496467E-002, 5.633200E-001, 3.952419E-001
1.800480E-001, 1.378681E+000, 2.539676E+000, 5.481353E+000, 2.487748E-001, -5.100438E-002, 5.502058E-001, 3.937090E-001
1.800560E-001, 1.344128E+000, 2.493208E+000, 5.331936E+000, 3.365777E-001, -5.769348E-002, 5.303573E-001, 3.863985E-001
1.800640E-001, 1.356222E+000, 2.412782E+000, 5.354673E+000, 3.196925E-001, -6.163527E-002, 5.074369E-001, 3.941807E-001
1.800720E-001, 1.395958E+000, 2.275164E+000, 5.528452E+000, 3.309493E-001, -6.760768E-002, 4.910147E-001, 3.973643E-001
1.800800E-001, 1.292298E+000, 2.269802E+000, 5.560935E+000, 2.825451E-001, -6.330754E-002, 4.724658E-001, 3.901717E-001
1.800880E-001, 1.155812E+000, 2.226908E+000, 5.427758E+000, 2.273869E-001, -6.533816E-002, 4.496636E-001, 3.963031E-001
1.800960E-001, 1.186910E+000, 2.146482E+000, 5.356297E+000, 3.016817E-001, -8.194146E-002, 4.308784E-001, 4.073868E-001
1.801040E-001, 1.285387E+000, 2.228695E+000, 5.466736E+000, 3.917359E-001, -9.424462E-002, 4.118569E-001, 3.994867E-001
1.801120E-001, 1.313030E+000, 2.207248E+000, 5.549566E+000, 4.378887E-001, -9.173621E-002, 3.871644E-001, 3.839223E-001
1.801200E-001, 1.259472E+000, 2.175078E+000, 5.491098E+000, 4.412657E-001, -7.788022E-002, 3.611722E-001, 3.793238E-001
1.801280E-001, 1.237012E+000, 2.343079E+000, 5.508963E+000, 4.153751E-001, -7.035498E-002, 3.332898E-001, 3.810924E-001
1.801360E-001, 1.385592E+000, 2.352015E+000, 5.562559E+000, 4.705333E-001, -7.811911E-002, 3.006815E-001, 3.820357E-001
1.801440E-001, 1.554904E+000, 2.091078E+000, 5.439126E+000, 4.750361E-001, -8.815277E-002, 2.778793E-001, 3.805028E-001
1.801520E-001, 1.553176E+000, 1.896268E+000, 5.310822E+000, 3.241952E-001, -9.460296E-002, 2.697273E-001, 3.748431E-001
1.801600E-001, 1.471976E+000, 1.990992E+000, 5.361170E+000, 3.309493E-001, -9.388628E-002, 2.595667E-001, 3.720132E-001
1.801680E-001, 1.345856E+000, 2.285887E+000, 5.466736E+000, 5.088064E-001, -8.122477E-002, 2.479884E-001, 3.740177E-001
1.801760E-001, 1.205914E+000, 2.389548E+000, 5.505715E+000, 4.784131E-001, -7.202726E-002, 2.436170E-001, 3.648205E-001
1.801840E-001, 1.252561E+000, 2.119673E+000, 5.504091E+000, 2.802938E-001, -8.182201E-002, 2.360557E-001, 3.384082E-001
1.801920E-001, 1.465065E+000, 1.885544E+000, 5.547942E+000, 2.105018E-001, -1.054728E-001, 2.208148E-001, 3.194243E-001
1.802000E-001, 1.506529E+000, 1.983843E+000, 5.517084E+000, 3.365777E-001, -1.258984E-001, 2.158527E-001, 3.220184E-001
1.802080E-001, 1.330307E+000, 2.150057E+000, 5.304326E+000, 5.279430E-001, -1.328264E-001, 2.299121E-001, 3.217826E-001
1.802160E-001, 1.269838E+000, 2.133971E+000, 5.236114E+000, 6.033633E-001, -1.395155E-001, 2.518872E-001, 3.062181E-001
1.802240E-001, 1.337217E+000, 2.110737E+000, 5.426134E+000, 5.583363E-001, -1.598217E-001, 2.676006E-001, 2.925403E-001
1.802320E-001, 1.314758E+000, 2.278738E+000, 5.564183E+000, 5.110577E-001, -1.746332E-001, 2.768160E-001, 2.880597E-001
1.802400E-001, 1.240468E+000, 2.407420E+000, 5.544693E+000, 4.795388E-001, -1.624495E-001, 2.963101E-001, 2.927761E-001
1.802480E-001, 1.295753E+000, 2.285887E+000, 5.419637E+000, 4.333860E-001, -1.444129E-001, 3.236018E-001, 3.025629E-001
1.802560E-001, 1.480614E+000, 2.126822E+000, 5.317319E+000, 3.849818E-001, -1.411878E-001, 3.391971E-001, 2.939553E-001
1.802640E-001, 1.537627E+000, 2.100014E+000, 5.357922E+000, 3.973643E-001, -1.353348E-001, 3.538472E-001, 2.695474E-001
1.802720E-001, 1.390775E+000, 2.132184E+000, 5.426134E+000, 4.930469E-001, -1.219566E-001, 3.838563E-001, 2.596428E-001
1.802800E-001, 1.264655E+000, 2.164355E+000, 5.448871E+000, 5.504565E-001, -1.153870E-001, 4.113843E-001, 2.570487E-001
1.802880E-001, 1.307847E+000, 2.221546E+000, 5.473233E+000, 4.998010E-001, -1.159842E-001, 4.205997E-001, 2.506815E-001
1.802960E-001, 1.442605E+000, 2.300185E+000, 5.484601E+000, 5.020523E-001, -1.189704E-001, 4.217811E-001, 2.490307E-001
1.803040E-001, 1.363132E+000, 2.289462E+000, 5.468360E+000, 6.303796E-001, -1.194482E-001, 4.275703E-001, 2.364141E-001
1.803120E-001, 1.027964E+000, 2.182227E+000, 5.450495E+000, 6.889148E-001, -1.124007E-001, 4.307602E-001, 2.097659E-001
1.803200E-001, 8.845675E-001, 2.141120E+000, 5.487850E+000, 6.337566E-001, -1.115646E-001, 4.244985E-001, 1.934940E-001
1.803280E-001, 1.059062E+000, 2.166142E+000, 5.541445E+000, 6.033633E-001, -1.296013E-001, 4.234352E-001, 1.871268E-001
1.803360E-001, 1.154084E+000, 2.146482E+000, 5.534949E+000, 5.628389E-001, -1.417850E-001, 4.272158E-001, 1.742743E-001
1.803440E-001, 1.117803E+000, 2.155418E+000, 5.547942E+000, 4.468941E-001, -1.282874E-001, 4.231989E-001, 1.617756E-001
1.803520E-001, 1.264655E+000, 2.225121E+000, 5.588544E+000, 3.894846E-001, -1.121619E-001, 4.172916E-001, 1.664921E-001
1.803600E-001, 1.427056E+000, 2.244781E+000, 5.536573E+000, 4.570252E-001, -1.178954E-001, 4.046500E-001, 1.760430E-001
1.803680E-001, 1.330307E+000, 2.167929E+000, 5.392027E+000, 5.088064E-001, -1.390377E-001, 3.816115E-001, 1.681429E-001
1.803760E-001, 1.159267E+000, 2.092865E+000, 5.288085E+000, 4.390144E-001, -1.512214E-001, 3.692062E-001, 1.565875E-001
1.803840E-001, 1.040058E+000, 2.155418E+000, 5.286461E+000, 3.365777E-001, -1.482352E-001, 3.764131E-001, 1.589457E-001
1.803920E-001, 1.002049E+000, 2.241206E+000, 5.296206E+000, 3.399547E-001, -1.433378E-001, 3.844470E-001, 1.605965E-001
1.804000E-001, 1.046969E+000, 2.201887E+000, 5.229617E+000, 4.165008E-001, -1.419045E-001, 3.761768E-001, 1.522247E-001
1.804080E-001, 1.072884E+000, 2.167929E+000, 5.140291E+000, 4.210035E-001, -1.534909E-001, 3.647166E-001, 1.484515E-001
1.804160E-001, 1.105709E+000, 2.250142E+000, 5.146788E+000, 3.286979E-001, -1.764250E-001, 3.658981E-001, 1.580024E-001
1.804240E-001, 1.154084E+000, 2.366313E+000, 5.271844E+000, 3.095614E-001, -1.807251E-001, 3.637715E-001, 1.706190E-001
1.804320E-001, 1.078067E+000, 2.462825E+000, 5.416389E+000, 4.367630E-001, -1.575522E-001, 3.517206E-001, 1.789908E-001
1.804400E-001, 8.500141E-001, 2.464612E+000, 5.370914E+000, 5.099321E-001, -1.349765E-001, 3.428596E-001, 1.891313E-001
1.804480E-001, 7.601752E-001, 2.325207E+000, 5.258851E+000, 4.007413E-001, -1.315125E-001, 3.386064E-001, 2.055211E-001
1.804560E-001, 1.026237E+000, 2.230483E+000, 5.400148E+000, 2.757911E-001, -1.321097E-001, 3.445137E-001, 2.215571E-001
1.804640E-001, 1.285387E+000, 2.303760E+000, 5.525204E+000, 3.174412E-001, -1.260178E-001, 3.649529E-001, 2.281602E-001
1.804720E-001, 1.306119E+000, 2.409207E+000, 5.396900E+000, 4.547739E-001, -1.213594E-001, 3.826748E-001, 2.329946E-001
1.804800E-001, 1.323396E+000, 2.398484E+000, 5.409893E+000, 4.795388E-001, -1.161036E-001, 3.836200E-001, 2.531576E-001
1.804880E-001, 1.357949E+000, 2.318058E+000, 5.569055E+000, 4.165008E-001, -1.116841E-001, 3.806663E-001, 2.788625E-001
1.804960E-001, 1.370043E+000, 2.343079E+000, 5.442375E+000, 4.243806E-001, -1.149092E-001, 3.907087E-001, 2.880597E-001
1.805040E-001, 1.288842E+000, 2.371675E+000, 5.286461E+000, 4.131238E-001, -1.107285E-001, 4.021689E-001, 2.970210E-001
1.805120E-001, 1.036602E+000, 2.269802E+000, 5.359546E+000, 3.613426E-001, -9.627524E-002, 4.002786E-001, 3.260274E-001
1.805200E-001, 9.813170E-001, 2.284100E+000, 5.169525E+000, 4.412657E-001, -9.054173E-002, 4.021689E-001, 3.568025E-001
1.805280E-001, 1.197276E+000, 2.360952E+000, 4.828463E+000, 5.223145E-001, -8.803332E-002, 4.237896E-001, 3.819178E-001
1.805360E-001, 1.297481E+000, 2.228695E+000, 5.031476E+000, 3.962386E-001, -7.931360E-002, 4.463555E-001, 4.122213E-001
1.805440E-001, 1.237012E+000, 2.203674E+000, 5.559310E+000, 2.408951E-001, -7.011609E-002, 4.491910E-001, 4.330917E-001
1.805520E-001, 1.078067E+000, 2.434229E+000, 5.682742E+000, 2.341410E-001, -5.148217E-002, 4.504906E-001, 4.424068E-001
1.805600E-001, 9.484913E-001, 2.446739E+000, 5.249106E+000, 2.870479E-001, -2.472578E-002, 4.676218E-001, 4.609190E-001
1.805680E-001, 1.060790E+000, 2.301972E+000, 4.877186E+000, 3.793534E-001, -9.316958E-003, 4.816811E-001, 4.861522E-001
1.805760E-001, 1.223191E+000, 2.357377E+000, 5.031476E+000, 4.840415E-001, 6.689099E-003, 4.840440E-001, 5.046645E-001
1.805840E-001, 1.230102E+000, 2.382399E+000, 5.312447E+000, 4.243806E-001, 3.237046E-002, 4.891243E-001, 5.172811E-001
1.805920E-001, 1.131624E+000, 2.339505E+000, 5.385531E+000, 2.881735E-001, 4.754038E-002, 4.927869E-001, 5.289544E-001
1.806000E-001, 9.001165E-001, 2.453888E+000, 5.361170E+000, 2.780424E-001, 5.279610E-002, 4.886518E-001, 5.374441E-001
1.806080E-001, 7.964563E-001, 2.484272E+000, 5.301078E+000, 3.185668E-001, 5.984354E-002, 4.881792E-001, 5.452263E-001
1.806160E-001, 1.107437E+000, 2.264440E+000, 5.310822E+000, 3.635940E-001, 6.294920E-002, 4.887699E-001, 5.568996E-001
1.806240E-001, 1.345856E+000, 2.057120E+000, 5.406644E+000, 4.198779E-001, 5.841016E-002, 4.847529E-001, 5.625594E-001
1.806320E-001, 1.185182E+000, 2.101801E+000, 5.364418E+000, 3.478345E-001, 5.494617E-002, 4.854618E-001, 5.598474E-001
1.806400E-001, 1.128169E+000, 2.377037E+000, 5.271844E+000, 1.677260E-001, 6.103802E-002, 4.847529E-001, 5.619698E-001
1.806480E-001, 1.243923E+000, 2.532527E+000, 5.362794E+000, 1.452124E-001, 7.584960E-002, 4.735291E-001, 5.749401E-001
1.806560E-001, 1.048696E+000, 2.416356E+000, 5.435878E+000, 2.836708E-001, 8.946670E-002, 4.688032E-001, 5.880284E-001
1.806640E-001, 8.137330E-001, 2.407420E+000, 5.244234E+000, 4.063697E-001, 1.010532E-001, 4.770734E-001, 5.886180E-001
1.806720E-001, 1.050424E+000, 2.570059E+000, 5.042845E+000, 5.076807E-001, 1.243456E-001, 4.803815E-001, 5.883822E-001
1.806800E-001, 1.406324E+000, 2.566485E+000, 5.088320E+000, 5.009267E-001, 1.525353E-001, 4.742379E-001, 6.008809E-001
1.806880E-001, 1.382137E+000, 2.543251E+000, 5.093193E+000, 4.277576E-001, 1.680636E-001, 4.682125E-001, 6.081914E-001
1.806960E-001, 1.157539E+000, 2.682656E+000, 5.002243E+000, 4.412657E-001, 1.716471E-001, 4.654951E-001, 5.919195E-001
1.807040E-001, 1.083250E+000, 2.639762E+000, 5.180894E+000, 3.827305E-001, 1.672275E-001, 4.631322E-001, 5.665684E-001
1.807120E-001, 1.166178E+000, 2.334143E+000, 5.432630E+000, 2.780424E-001, 1.599411E-001, 4.562798E-001, 5.564280E-001
1.807200E-001, 1.233557E+000, 2.234057E+000, 5.445623E+000, 3.557142E-001, 1.585077E-001, 4.455285E-001, 5.626773E-001
1.807280E-001, 1.133352E+000, 2.432441E+000, 5.543069E+000, 4.919212E-001, 1.671080E-001, 4.377308E-001, 5.639743E-001
1.807360E-001, 9.346699E-001, 2.482484E+000, 5.700607E+000, 5.110577E-001, 1.803668E-001, 4.307602E-001, 5.528906E-001
1.807440E-001, 9.139379E-001, 2.468186E+000, 5.479729E+000, 4.705333E-001, 1.871753E-001, 4.176460E-001, 5.459338E-001
1.807520E-001, 1.103982E+000, 2.770231E+000, 5.080200E+000, 4.502712E-001, 1.845475E-001, 4.018145E-001, 5.365008E-001
1.807600E-001, 1.299209E+000, 2.857806E+000, 4.947023E+000, 4.513968E-001, 1.763055E-001, 3.892910E-001, 5.104422E-001
1.807680E-001, 1.446061E+000, 2.389548E+000, 5.096441E+000, 3.962386E-001, 1.680636E-001, 3.807845E-001, 4.869776E-001
1.807760E-001, 1.490980E+000, 2.160780E+000, 5.364418E+000, 3.320750E-001, 1.613745E-001, 3.736957E-001, 4.824970E-001
1.807840E-001, 1.268110E+000, 2.357377E+000, 5.547942E+000, 3.489601E-001, 1.485935E-001, 3.697969E-001, 4.829686E-001
1.807920E-001, 1.040058E+000, 2.303760E+000, 5.500843E+000, 3.320750E-001, 1.342598E-001, 3.684973E-001, 4.698803E-001
1.808000E-001, 1.169633E+000, 2.091078E+000, 5.333560E+000, 3.174412E-001, 1.305569E-001, 3.677884E-001, 4.471233E-001
1.808080E-001, 1.359677E+000, 2.155418E+000, 5.211752E+000, 4.176265E-001, 1.331847E-001, 3.791304E-001, 4.353321E-001
1.808160E-001, 1.318213E+000, 2.344867E+000, 5.130547E+000, 4.840415E-001, 1.325875E-001, 4.007511E-001, 4.406381E-001
1.808240E-001, 1.280204E+000, 2.427080E+000, 5.034725E+000, 4.727847E-001, 1.261373E-001, 4.112661E-001, 4.488920E-001
1.808320E-001, 1.373498E+000, 2.341292E+000, 5.065583E+000, 4.682820E-001, 1.193287E-001, 4.131565E-001, 4.414635E-001
1.808400E-001, 1.387320E+000, 2.278738E+000, 5.271844E+000, 4.446428E-001, 1.146703E-001, 4.167008E-001, 4.195318E-001
1.808480E-001, 1.285387E+000, 2.471761E+000, 5.283213E+000, 4.300089E-001, 9.782807E-002, 4.162283E-001, 4.103346E-001
1.808560E-001, 1.231829E+000, 2.562910E+000, 5.060710E+000, 4.986753E-001, 7.083277E-002, 4.193000E-001, 4.196497E-001
1.808640E-001, 1.169633E+000, 2.309121E+000, 5.130547E+000, 5.538335E-001, 6.103802E-002, 4.280429E-001, 4.207110E-001
1.808720E-001, 1.027964E+000, 2.103588E+000, 5.356297E+000, 4.277576E-001, 6.211306E-002, 4.262707E-001, 4.059719E-001
1.808800E-001, 9.951384E-001, 2.141120E+000, 5.218248E+000, 2.656600E-001, 4.801817E-002, 4.151649E-001, 3.868701E-001
1.808880E-001, 1.190365E+000, 2.380611E+000, 5.013611E+000, 3.613426E-001, 3.010094E-002, 4.051225E-001, 3.735460E-001
1.808960E-001, 1.421873E+000, 2.655847E+000, 5.112681E+000, 5.662160E-001, 2.054509E-002, 3.988608E-001, 3.753147E-001
1.809040E-001, 1.418418E+000, 2.523591E+000, 5.247482E+000, 5.909809E-001, 1.266151E-002, 4.035867E-001, 3.744893E-001
1.809120E-001, 1.276749E+000, 2.114312E+000, 5.320567E+000, 5.043037E-001, 5.494617E-003, 4.184730E-001, 3.543263E-001
1.809200E-001, 1.257744E+000, 1.989205E+000, 5.447247E+000, 3.771021E-001, -5.972410E-004, 4.282792E-001, 3.460725E-001
1.809280E-001, 1.259472E+000, 2.221546E+000, 5.421261E+000, 2.870479E-001, 3.583446E-004, 4.295788E-001, 3.665892E-001
1.809360E-001, 1.160995E+000, 2.543251E+000, 5.232865E+000, 3.557142E-001, 1.433378E-003, 4.360768E-001, 3.794416E-001
1.809440E-001, 1.122986E+000, 2.641549E+000, 5.252355E+000, 4.221292E-001, -7.883580E-003, 4.522628E-001, 3.688295E-001
1.809520E-001, 1.162722E+000, 2.414569E+000, 5.406644E+000, 4.300089E-001, -1.098923E-002, 4.665585E-001, 3.644668E-001
1.809600E-001, 1.107437E+000, 2.200099E+000, 5.333560E+000, 5.065550E-001, 9.555855E-004, 4.679762E-001, 3.728386E-001
1.809680E-001, 9.605850E-001, 2.221546E+000, 5.205256E+000, 5.234402E-001, 1.266151E-002, 4.613600E-001, 3.770834E-001
1.809760E-001, 9.087549E-001, 2.230483E+000, 5.252355E+000, 3.658453E-001, 1.122813E-002, 4.660859E-001, 3.800312E-001
1.809840E-001, 1.027964E+000, 2.173291E+000, 5.234489E+000, 2.431464E-001, 1.182537E-002, 4.856981E-001, 3.816820E-001
1.809920E-001, 1.166178E+000, 2.167929E+000, 5.132171E+000, 3.692223E-001, 2.496467E-002, 4.916054E-001, 3.730744E-001
1.810000E-001, 1.179999E+000, 2.144695E+000, 5.219872E+000, 4.907956E-001, 2.233681E-002, 4.696302E-001, 3.637593E-001
1.810080E-001, 1.178272E+000, 2.321632E+000, 5.327064E+000, 3.624683E-001, -9.555855E-004, 4.520265E-001, 3.685937E-001
1.810160E-001, 1.237012E+000, 2.709465E+000, 5.327064E+000, 3.320750E-001, -1.564771E-002, 4.593515E-001, 3.767297E-001
1.810240E-001, 1.164450E+000, 2.711252E+000, 5.392027E+000, 5.211889E-001, -1.947005E-002, 4.658496E-001, 3.687116E-001
1.810320E-001, 1.002049E+000, 2.339505E+000, 5.284837E+000, 5.740957E-001, -2.090343E-002, 4.581701E-001, 3.546801E-001
1.810400E-001, 1.007232E+000, 2.234057E+000, 4.986001E+000, 4.919212E-001, -1.385599E-002, 4.506087E-001, 3.438321E-001
1.810480E-001, 1.152357E+000, 2.312696E+000, 5.000618E+000, 4.491455E-001, -9.675303E-003, 4.486003E-001, 3.294469E-001
1.810560E-001, 1.237012E+000, 2.221546E+000, 5.236114E+000, 4.570252E-001, -2.771198E-002, 4.524991E-001, 3.250841E-001
1.810640E-001, 1.226646E+000, 2.098227E+000, 5.348177E+000, 4.716590E-001, -5.219886E-002, 4.621871E-001, 3.388798E-001
1.810720E-001, 1.224919E+000, 1.973119E+000, 5.366042E+000, 4.063697E-001, -6.474092E-002, 4.728202E-001, 3.496099E-001
1.810800E-001, 1.207642E+000, 1.899842E+000, 5.281589E+000, 4.356374E-001, -7.381898E-002, 4.832170E-001, 3.470158E-001
1.810880E-001, 1.116075E+000, 2.110737E+000, 5.128922E+000, 5.707187E-001, -8.218036E-002, 4.923143E-001, 3.445396E-001
1.810960E-001, 1.002049E+000, 2.353803E+000, 5.146788E+000, 4.761617E-001, -8.576380E-002, 5.029474E-001, 3.524397E-001
1.811040E-001, 9.588574E-001, 2.360952E+000, 5.380659E+000, 3.455831E-001, -8.934725E-002, 5.161797E-001, 3.622265E-001
1.811120E-001, 9.363976E-001, 2.410995E+000, 5.520332E+000, 4.356374E-001, -9.699193E-002, 5.214964E-001, 3.651743E-001
1.811200E-001, 8.569248E-001, 2.518229E+000, 5.349801E+000, 4.919212E-001, -1.135952E-001, 5.229141E-001, 3.709520E-001
1.811280E-001, 9.381253E-001, 2.357377E+000, 5.164653E+000, 5.301943E-001, -1.354543E-001, 5.370916E-001, 3.782625E-001
1.811360E-001, 1.086705E+000, 2.144695E+000, 5.158156E+000, 6.607729E-001, -1.513409E-001, 5.604845E-001, 3.696549E-001
1.811440E-001, 9.605850E-001, 2.200099E+000, 5.133795E+000, 6.224999E-001, -1.638829E-001, 5.773793E-001, 3.569204E-001
1.811520E-001, 8.413757E-001, 2.309121E+000, 5.083448E+000, 4.131238E-001, -1.755888E-001, 5.815145E-001, 3.598682E-001
1.811600E-001, 1.022781E+000, 2.328781E+000, 5.122426E+000, 3.388290E-001, -1.803668E-001, 5.800967E-001, 3.626981E-001
1.811680E-001, 1.211097E+000, 2.405633E+000, 5.284837E+000, 3.962386E-001, -1.815612E-001, 5.864766E-001, 3.476053E-001
1.811760E-001, 1.109165E+000, 2.493208E+000, 5.564183E+000, 4.097467E-001, -1.853836E-001, 5.974642E-001, 3.285035E-001
1.811840E-001, 9.173932E-001, 2.471761E+000, 5.689239E+000, 4.513968E-001, -1.856225E-001, 5.941561E-001, 3.272065E-001
1.811920E-001, 9.882277E-001, 2.407420E+000, 5.526828E+000, 5.639646E-001, -1.760666E-001, 5.831685E-001, 3.348708E-001
1.812000E-001, 1.219736E+000, 2.352015E+000, 5.431006E+000, 5.763471E-001, -1.665108E-001, 5.851770E-001, 3.279140E-001
1.812080E-001, 1.299209E+000, 2.316270E+000, 5.474857E+000, 5.707187E-001, -1.648385E-001, 5.930928E-001, 3.151795E-001
1.812160E-001, 1.173089E+000, 2.380611E+000, 5.398524E+000, 6.450135E-001, -1.710498E-001, 5.952194E-001, 3.124675E-001
1.812240E-001, 1.048696E+000, 2.496782E+000, 5.351425E+000, 5.819755E-001, -1.856225E-001, 5.952194E-001, 3.114063E-001
1.812320E-001, 1.078067E+000, 2.464612E+000, 5.486226E+000, 4.851672E-001, -1.936255E-001, 5.920295E-001, 3.119958E-001
1.812400E-001, 1.036602E+000, 2.344867E+000, 5.507339E+000, 4.840415E-001, -1.857419E-001, 5.894303E-001, 3.144720E-001
1.812480E-001, 7.739965E-001, 2.414569E+000, 5.380659E+000, 3.793534E-001, -1.865781E-001, 5.864766E-001, 3.039778E-001
1.812560E-001, 7.204388E-001, 2.618315E+000, 5.343305E+000, 3.264466E-001, -2.041370E-001, 5.711176E-001, 2.921866E-001
1.812640E-001, 1.090160E+000, 2.550400E+000, 5.250731E+000, 4.705333E-001, -2.060481E-001, 5.649741E-001, 2.938373E-001
1.812720E-001, 1.300936E+000, 2.189376E+000, 5.153284E+000, 5.493308E-001, -1.889670E-001, 5.747802E-001, 2.911254E-001
1.812800E-001, 9.744064E-001, 2.116099E+000, 5.357922E+000, 5.031780E-001, -1.761861E-001, 5.595393E-001, 2.892388E-001
1.812880E-001, 6.081402E-001, 2.462825E+000, 5.531701E+000, 4.874185E-001, -1.657941E-001, 5.352013E-001, 3.013837E-001
1.812960E-001, 6.755193E-001, 2.564698E+000, 5.340056E+000, 5.020523E-001, -1.597022E-001, 5.461888E-001, 3.098734E-001
1.813040E-001, 9.363976E-001, 2.246568E+000, 5.109433E+000, 4.277576E-001, -1.620912E-001, 5.620204E-001, 3.105809E-001
1.813120E-001, 1.015870E+000, 2.066056E+000, 5.148412E+000, 3.545885E-001, -1.484741E-001, 5.541046E-001, 3.156511E-001
1.813200E-001, 9.744064E-001, 2.276951E+000, 5.489474E+000, 4.187522E-001, -1.153870E-001, 5.445348E-001, 3.210751E-001
1.813280E-001, 1.091888E+000, 2.595081E+000, 5.835408E+000, 4.626536E-001, -9.472241E-002, 5.425263E-001, 3.230796E-001
1.813360E-001, 1.207642E+000, 2.546825E+000, 5.754203E+000, 4.649050E-001, -9.472241E-002, 5.448892E-001, 3.300364E-001
1.813440E-001, 1.017598E+000, 2.237632E+000, 5.458616E+000, 4.885442E-001, -8.731662E-002, 5.494969E-001, 3.445396E-001
1.813520E-001, 8.793845E-001, 2.280525E+000, 5.405020E+000, 4.052441E-001, -6.235196E-002, 5.472522E-001, 3.542084E-001
1.813600E-001, 1.053879E+000, 2.475335E+000, 5.500843E+000, 3.816048E-001, -4.909321E-002, 5.426444E-001, 3.520860E-001
1.813680E-001, 1.114348E+000, 2.321632E+000, 5.466736E+000, 5.178118E-001, -4.598755E-002, 5.437078E-001, 3.477232E-001
1.813760E-001, 9.605850E-001, 2.121461E+000, 5.366042E+000, 5.313200E-001, -3.177322E-002, 5.440622E-001, 3.505532E-001
1.813840E-001, 1.033147E+000, 2.098227E+000, 5.362794E+000, 4.367630E-001, -3.081763E-002, 5.476066E-001, 3.556234E-001
1.813920E-001, 1.325124E+000, 2.117886E+000, 5.369290E+000, 4.322603E-001, -3.917901E-002, 5.549316E-001, 3.577458E-001
1.814000E-001, 1.316485E+000, 2.284100E+000, 5.359546E+000, 4.649050E-001, -2.365074E-002, 5.484336E-001, 3.592786E-001
1.814080E-001, 1.002049E+000, 2.466399E+000, 5.414765E+000, 5.279430E-001, -4.658479E-003, 5.387456E-001, 3.573920E-001
1.814160E-001, 1.040058E+000, 2.289462E+000, 5.336808E+000, 5.605876E-001, 4.897376E-003, 5.467796E-001, 3.478412E-001
1.814240E-001, 1.378681E+000, 2.064269E+000, 5.117554E+000, 4.367630E-001, 1.039199E-002, 5.596575E-001, 3.387619E-001
1.814320E-001, 1.313030E+000, 2.257291E+000, 5.141915E+000, 3.939873E-001, -6.689099E-003, 5.666281E-001, 3.417097E-001
1.814400E-001, 1.046969E+000, 2.525378E+000, 5.497594E+000, 5.256916E-001, -2.365074E-002, 5.738350E-001, 3.477232E-001
1.814480E-001, 1.154084E+000, 2.537889E+000, 5.804550E+000, 5.459538E-001, -6.689099E-003, 5.799786E-001, 3.430068E-001
1.814560E-001, 1.408052E+000, 2.450314E+000, 5.711976E+000, 4.727847E-001, 1.445323E-002, 5.865948E-001, 3.364037E-001
1.814640E-001, 1.435694E+000, 2.350228E+000, 5.461864E+000, 4.435171E-001, 1.254206E-002, 5.977005E-001, 3.342813E-001
1.814720E-001, 1.345856E+000, 2.326994E+000, 5.456992E+000, 4.277576E-001, 3.941790E-003, 6.043167E-001, 3.288573E-001
1.814800E-001, 1.330307E+000, 2.452101E+000, 5.539821E+000, 4.716590E-001, 9.197511E-003, 6.040804E-001, 3.180094E-001
1.814880E-001, 1.354494E+000, 2.478910E+000, 5.443999E+000, 5.178118E-001, 2.317295E-002, 6.065614E-001, 3.046853E-001
1.814960E-001, 1.306119E+000, 2.262653E+000, 5.310822E+000, 4.705333E-001, 2.269516E-002, 6.108147E-001, 2.927761E-001
1.815040E-001, 1.235285E+000, 2.042822E+000, 5.390403E+000, 4.784131E-001, 1.421434E-002, 6.097513E-001, 2.789804E-001
1.815120E-001, 1.207642E+000, 1.951672E+000, 5.577176E+000, 5.009267E-001, 1.911171E-002, 6.064433E-001, 2.632981E-001
1.815200E-001, 1.200731E+000, 2.042822E+000, 5.573927E+000, 4.018670E-001, 2.066454E-002, 5.980549E-001, 2.532755E-001
1.815280E-001, 1.204187E+000, 2.368101E+000, 5.495970E+000, 3.748507E-001, 7.764132E-003, 5.831685E-001, 2.476157E-001
1.815360E-001, 1.179999E+000, 2.530740E+000, 5.502467E+000, 4.615279E-001, 4.061238E-003, 5.746620E-001, 2.433709E-001
1.815440E-001, 1.181727E+000, 2.276951E+000, 5.434254E+000, 4.513968E-001, 2.508412E-003, 5.733624E-001, 2.408947E-001
1.815520E-001, 1.269838E+000, 2.016013E+000, 5.447247E+000, 3.433318E-001, -1.600606E-002, 5.656829E-001, 2.365320E-001
1.815600E-001, 1.271566E+000, 2.103588E+000, 5.601537E+000, 2.971790E-001, -2.484522E-002, 5.506784E-001, 2.309901E-001
1.815680E-001, 1.131624E+000, 2.264440E+000, 5.544693E+000, 3.973643E-001, -1.815612E-002, 5.360283E-001, 2.243870E-001
1.815760E-001, 1.072884E+000, 2.112525E+000, 5.445623E+000, 4.907956E-001, -2.926481E-002, 5.185427E-001, 2.181377E-001
1.815840E-001, 1.128169E+000, 1.937374E+000, 5.676246E+000, 4.097467E-001, -4.252356E-002, 4.884154E-001, 2.213213E-001
1.815920E-001, 1.202459E+000, 2.014226E+000, 5.867890E+000, 2.791681E-001, -3.248991E-002, 4.500180E-001, 2.270990E-001
1.816000E-001, 1.297481E+000, 2.114312E+000, 5.664877E+000, 2.105018E-001, -4.288190E-002, 4.265070E-001, 2.187272E-001
1.816080E-001, 1.326851E+000, 2.266227E+000, 5.528452E+000, 2.712884E-001, -7.859691E-002, 4.248529E-001, 2.064644E-001
1.816160E-001, 1.249106E+000, 2.534314E+000, 5.724969E+000, 4.423914E-001, -7.788022E-002, 4.205997E-001, 2.087047E-001
1.816240E-001, 1.192093E+000, 2.562910E+000, 5.768820E+000, 4.435171E-001, -6.020189E-002, 4.019326E-001, 2.149540E-001
1.816320E-001, 1.157539E+000, 2.239419E+000, 5.565807E+000, 3.590913E-001, -7.704408E-002, 3.819659E-001, 2.079972E-001
1.816400E-001, 1.048696E+000, 2.058907E+000, 5.526828E+000, 4.739104E-001, -1.021282E-001, 3.663707E-001, 2.006867E-001
1.816480E-001, 1.046969E+000, 2.344867E+000, 5.624275E+000, 5.414510E-001, -1.114452E-001, 3.532565E-001, 2.049315E-001
1.816560E-001, 1.205914E+000, 2.657634E+000, 5.621027E+000, 3.827305E-001, -1.187315E-001, 3.419144E-001, 2.017479E-001
1.816640E-001, 1.190365E+000, 2.487846E+000, 5.560935E+000, 3.039330E-001, -1.316319E-001, 3.270281E-001, 1.925507E-001
1.816720E-001, 1.036602E+000, 2.101801E+000, 5.518708E+000, 3.861075E-001, -1.438156E-001, 3.116691E-001, 2.038703E-001
1.816800E-001, 1.110892E+000, 2.074992E+000, 5.492722E+000, 3.500858E-001, -1.436962E-001, 3.080066E-001, 2.247408E-001
1.816880E-001, 1.347583E+000, 2.385973E+000, 5.481353E+000, 1.801085E-001, -1.390377E-001, 3.134413E-001, 2.291035E-001
1.816960E-001, 1.489252E+000, 2.548612E+000, 5.539821E+000, 1.756057E-001, -1.441740E-001, 3.220659E-001, 2.241512E-001
1.817040E-001, 1.444333E+000, 2.353803E+000, 5.702231E+000, 3.928616E-001, -1.470407E-001, 3.312813E-001, 2.210855E-001
1.817120E-001, 1.209370E+000, 2.078567E+000, 5.733089E+000, 5.290686E-001, -1.376043E-001, 3.370705E-001, 2.245049E-001
1.817200E-001, 1.019326E+000, 2.091078E+000, 5.549566E+000, 4.322603E-001, -1.353348E-001, 3.474673E-001, 2.377111E-001
1.817280E-001, 1.138535E+000, 2.377037E+000, 5.427758E+000, 3.422061E-001, -1.533715E-001, 3.655436E-001, 2.482053E-001
1.817360E-001, 1.390775E+000, 2.620102E+000, 5.471609E+000, 4.513968E-001, -1.669886E-001, 3.831474E-001, 2.495023E-001
1.817440E-001, 1.485797E+000, 2.688018E+000, 5.536573E+000, 5.729700E-001, -1.597022E-001, 4.012237E-001, 2.496203E-001
1.817520E-001, 1.392503E+000, 2.552187E+000, 5.544693E+000, 4.750361E-001, -1.570744E-001, 4.143379E-001, 2.486770E-001
1.817600E-001, 1.231829E+000, 2.296611E+000, 5.608034E+000, 3.016817E-001, -1.660330E-001, 4.112661E-001, 2.458471E-001
1.817680E-001, 1.140263E+000, 2.185802E+000, 5.679494E+000, 3.298236E-001, -1.649580E-001, 4.051225E-001, 2.505636E-001
1.817760E-001, 1.209370E+000, 2.241206E+000, 5.564183E+000, 5.301943E-001, -1.616134E-001, 4.139835E-001, 2.571666E-001
1.817840E-001, 1.397686E+000, 2.225121E+000, 5.479729E+000, 6.382594E-001, -1.651969E-001, 4.289880E-001, 2.504456E-001
1.817920E-001, 1.387320E+000, 2.157206E+000, 5.570679E+000, 5.121834E-001, -1.601800E-001, 4.309965E-001, 2.386544E-001
1.818000E-001, 1.095343E+000, 2.175078E+000, 5.578800E+000, 3.467088E-001, -1.499075E-001, 4.261525E-001, 2.341737E-001
1.818080E-001, 9.674957E-001, 2.273376E+000, 5.526828E+000, 3.737251E-001, -1.483546E-001, 4.332413E-001, 2.298110E-001
1.818160E-001, 1.164450E+000, 2.530740E+000, 5.668126E+000, 4.457684E-001, -1.471602E-001, 4.422204E-001, 2.207318E-001
1.818240E-001, 1.276749E+000, 2.636188E+000, 5.850025E+000, 4.547739E-001, -1.419045E-001, 4.386760E-001, 2.097659E-001
1.818320E-001, 1.112620E+000, 2.212610E+000, 5.824039E+000, 5.437024E-001, -1.499075E-001, 4.400938E-001, 2.009225E-001
1.818400E-001, 1.034875E+000, 1.973119E+000, 5.679494E+000, 5.853525E-001, -1.741555E-001, 4.448196E-001, 2.035166E-001
1.818480E-001, 1.072884E+000, 2.298398E+000, 5.551190E+000, 4.378887E-001, -1.874142E-001, 4.293425E-001, 2.146003E-001
1.818560E-001, 9.519467E-001, 2.330569E+000, 5.523580E+000, 3.568399E-001, -1.847863E-001, 4.150468E-001, 2.174302E-001
1.818640E-001, 1.007232E+000, 2.087503E+000, 5.505715E+000, 4.480198E-001, -1.938644E-001, 4.263888E-001, 2.156615E-001
1.818720E-001, 1.313030E+000, 2.241206E+000, 5.502467E+000, 4.874185E-001, -2.097510E-001, 4.327687E-001, 2.233258E-001
1.818800E-001, 1.408052E+000, 2.330569E+000, 5.770444E+000, 4.513968E-001, -2.176346E-001, 4.167008E-001, 2.325230E-001
1.818880E-001, 1.421873E+000, 2.051758E+000, 5.929606E+000, 4.480198E-001, -2.369852E-001, 4.059496E-001, 2.337021E-001
1.818960E-001, 1.541082E+000, 1.971332E+000, 5.647012E+000, 4.063697E-001, -2.606359E-001, 4.092577E-001, 2.318155E-001
1.819040E-001, 1.435694E+000, 2.101801E+000, 5.497594E+000, 3.624683E-001, -2.534690E-001, 4.141016E-001, 2.283960E-001
1.819120E-001, 1.116075E+000, 2.192950E+000, 5.564183E+000, 3.894846E-001, -2.304156E-001, 4.174097E-001, 2.269811E-001
1.819200E-001, 1.022781E+000, 2.305547E+000, 5.515460E+000, 4.480198E-001, -2.283849E-001, 4.176460E-001, 2.365320E-001
1.819280E-001, 1.245651E+000, 2.300185E+000, 5.606410E+000, 4.727847E-001, -2.386575E-001, 4.241441E-001, 2.490307E-001
1.819360E-001, 1.439150E+000, 2.201887E+000, 5.781813E+000, 3.635940E-001, -2.320878E-001, 4.447014E-001, 2.562234E-001
1.819440E-001, 1.399413E+000, 2.151844E+000, 5.629147E+000, 2.892992E-001, -2.084371E-001, 4.605330E-001, 2.669533E-001
1.819520E-001, 1.261200E+000, 2.026737E+000, 5.310822E+000, 4.097467E-001, -1.864586E-001, 4.630141E-001, 2.847581E-001
1.819600E-001, 1.231829E+000, 1.994566E+000, 5.206880E+000, 5.313200E-001, -1.743944E-001, 4.647863E-001, 2.943090E-001
1.819680E-001, 1.266383E+000, 2.275164E+000, 5.366042E+000, 5.707187E-001, -1.700942E-001, 4.712843E-001, 2.882955E-001
1.819760E-001, 1.252561E+000, 2.484272E+000, 5.609658E+000, 5.358227E-001, -1.712887E-001, 4.803815E-001, 2.893567E-001
1.819840E-001, 1.278476E+000, 2.301972E+000, 5.778564E+000, 3.973643E-001, -1.741555E-001, 4.787275E-001, 3.088122E-001
1.819920E-001, 1.332034E+000, 2.080354E+000, 5.819167E+000, 3.343263E-001, -1.765444E-001, 4.592334E-001, 3.214288E-001
1.820000E-001, 1.288842E+000, 2.126822E+000, 5.723345E+000, 4.119981E-001, -1.780972E-001, 4.389123E-001, 3.165944E-001
1.820080E-001, 1.237012E+000, 2.353803E+000, 5.562559E+000, 4.153751E-001, -1.821585E-001, 4.300514E-001, 3.138824E-001
1.820160E-001, 1.197276E+000, 2.559336E+000, 5.380659E+000, 3.286979E-001, -1.941033E-001, 4.255618E-001, 3.247304E-001
1.820240E-001, 1.107437E+000, 2.528953E+000, 5.266972E+000, 3.208182E-001, -2.021063E-001, 4.165827E-001, 3.372291E-001
1.820320E-001, 1.121258E+000, 2.316270E+000, 5.377411E+000, 3.737251E-001, -2.009119E-001, 4.084306E-001, 3.391156E-001
1.820400E-001, 1.278476E+000, 2.275164E+000, 5.565807E+000, 3.759764E-001, -2.007924E-001, 4.137472E-001, 3.419456E-001
1.820480E-001, 1.390775E+000, 2.410995E+000, 5.624275E+000, 3.725994E-001, -1.948200E-001, 4.227263E-001, 3.538547E-001
1.820560E-001, 1.404596E+000, 2.439590E+000, 5.538197E+000, 4.255062E-001, -1.896837E-001, 4.145742E-001, 3.641131E-001
1.820640E-001, 1.323396E+000, 2.330569E+000, 5.396900E+000, 5.144348E-001, -2.053314E-001, 4.061859E-001, 3.695370E-001
1.820720E-001, 1.135080E+000, 2.176865E+000, 5.469985E+000, 5.921066E-001, -2.222931E-001, 4.201271E-001, 3.728386E-001
1.820800E-001, 1.065973E+000, 2.221546E+000, 5.781813E+000, 6.146201E-001, -2.199041E-001, 4.371401E-001, 3.763759E-001
1.820880E-001, 1.204187E+000, 2.528953E+000, 5.984826E+000, 5.842268E-001, -2.134539E-001, 4.391486E-001, 3.882851E-001
1.820960E-001, 1.221463E+000, 2.593294E+000, 5.966961E+000, 5.020523E-001, -2.114233E-001, 4.367857E-001, 4.046749E-001
1.821040E-001, 1.147173E+000, 2.418144E+000, 5.820791E+000, 4.131238E-001, -2.073621E-001, 4.412752E-001, 4.135183E-001
1.821120E-001, 1.224919E+000, 2.496782E+000, 5.634019E+000, 4.716590E-001, -2.105872E-001, 4.493091E-001, 4.163482E-001
1.821200E-001, 1.280204E+000, 2.634400E+000, 5.625899E+000, 5.842268E-001, -2.214569E-001, 4.517902E-001, 4.178810E-001
1.821280E-001, 1.192093E+000, 2.491421E+000, 5.723345E+000, 5.121834E-001, -2.263543E-001, 4.495454E-001, 4.240125E-001
1.821360E-001, 1.114348E+000, 2.250142E+000, 5.694111E+000, 4.041184E-001, -2.276683E-001, 4.513176E-001, 4.374545E-001
1.821440E-001, 1.152357E+000, 2.128610E+000, 5.655133E+000, 4.637793E-001, -2.233681E-001, 4.672673E-001, 4.495994E-001
1.821520E-001, 1.240468E+000, 2.257291E+000, 5.572303E+000, 5.515822E-001, -2.036592E-001, 4.949135E-001, 4.570279E-001
1.821600E-001, 1.235285E+000, 2.550400E+000, 5.421261E+000, 4.716590E-001, -1.841891E-001, 5.092092E-001, 4.598578E-001
1.821680E-001, 1.199004E+000, 2.595081E+000, 5.453743E+000, 3.095614E-001, -1.846669E-001, 5.075551E-001, 4.565563E-001
1.821760E-001, 1.295753E+000, 2.393122E+000, 5.531701E+000, 3.658453E-001, -1.828752E-001, 5.141713E-001, 4.638668E-001
1.821840E-001, 1.389047E+000, 2.348441E+000, 5.495970E+000, 5.729700E-001, -1.564771E-001, 5.255133E-001, 4.839119E-001
1.821920E-001, 1.366588E+000, 2.375250E+000, 5.539821E+000, 5.729700E-001, -1.347376E-001, 5.274037E-001, 4.852090E-001
1.822000E-001, 1.413235E+000, 2.235844E+000, 5.716848E+000, 4.480198E-001, -1.376043E-001, 5.297666E-001, 4.730640E-001
1.822080E-001, 1.447788E+000, 2.144695E+000, 5.880883E+000, 4.221292E-001, -1.450101E-001, 5.375642E-001, 4.766014E-001
1.822160E-001, 1.368315E+000, 2.235844E+000, 5.854897E+000, 4.153751E-001, -1.426211E-001, 5.447711E-001, 4.807283E-001
1.822240E-001, 1.394230E+000, 2.293036E+000, 5.700607E+000, 4.097467E-001, -1.285263E-001, 5.550498E-001, 4.690550E-001
1.822320E-001, 1.442605E+000, 2.337718E+000, 5.669750E+000, 4.412657E-001, -1.175370E-001, 5.654466E-001, 4.646922E-001
1.822400E-001, 1.435694E+000, 2.334143E+000, 5.677870E+000, 4.457684E-001, -1.217177E-001, 5.611933E-001, 4.702341E-001
1.822480E-001, 1.534172E+000, 2.214397E+000, 5.599913E+000, 4.232549E-001, -1.225538E-001, 5.450074E-001, 4.583249E-001
1.822560E-001, 1.611917E+000, 2.312696E+000, 5.593417E+000, 3.725994E-001, -1.122813E-001, 5.337835E-001, 4.451188E-001
1.822640E-001, 1.620555E+000, 2.543251E+000, 5.635643E+000, 3.264466E-001, -9.842531E-002, 5.311843E-001, 4.544339E-001
1.822720E-001, 1.627466E+000, 2.530740E+000, 5.601537E+000, 3.354520E-001, -8.301649E-002, 5.360283E-001, 4.598578E-001
1.822800E-001, 1.490980E+000, 2.377037E+000, 5.595041E+000, 3.455831E-001, -7.298285E-002, 5.465433E-001, 4.510144E-001
1.822880E-001, 1.297481E+000, 2.316270E+000, 5.671374E+000, 3.894846E-001, -6.414368E-002, 5.520961E-001, 4.454725E-001
1.822960E-001, 1.252561E+000, 2.453888E+000, 5.721721E+000, 4.739104E-001, -5.757403E-002, 5.522143E-001, 4.445292E-001
1.823040E-001, 1.340673E+000, 2.523591E+000, 5.621027E+000, 4.525225E-001, -7.226615E-002, 5.541046E-001, 4.466516E-001
1.823120E-001, 1.446061E+000, 2.298398E+000, 5.429382E+000, 3.500858E-001, -9.496132E-002, 5.542228E-001, 4.472412E-001
1.823200E-001, 1.401141E+000, 2.173291E+000, 5.440751E+000, 3.343263E-001, -1.004559E-001, 5.542228E-001, 4.426426E-001
1.823280E-001, 1.266383E+000, 2.298398E+000, 5.570679E+000, 4.018670E-001, -1.064283E-001, 5.533957E-001, 4.424068E-001
1.823360E-001, 1.240468E+000, 2.410995E+000, 5.552814E+000, 4.367630E-001, -1.198065E-001, 5.420537E-001, 4.488920E-001
1.823440E-001, 1.240468E+000, 2.511080E+000, 5.582048E+000, 4.255062E-001, -1.151481E-001, 5.216145E-001, 4.501890E-001
1.823520E-001, 1.249106E+000, 2.578996E+000, 5.690863E+000, 4.694077E-001, -1.040394E-001, 5.069644E-001, 4.439397E-001
1.823600E-001, 1.332034E+000, 2.530740E+000, 5.625899E+000, 5.099321E-001, -1.085784E-001, 5.055466E-001, 4.400485E-001
1.823680E-001, 1.414962E+000, 2.464612E+000, 5.541445E+000, 4.018670E-001, -1.149092E-001, 5.011752E-001, 4.392232E-001
1.823760E-001, 1.537627E+000, 2.444952E+000, 5.663253E+000, 3.241952E-001, -1.255400E-001, 4.843985E-001, 4.369828E-001
1.823840E-001, 1.528989E+000, 2.484272E+000, 5.794806E+000, 4.311346E-001, -1.500269E-001, 4.717569E-001, 4.326201E-001
1.823920E-001, 1.288842E+000, 2.584357E+000, 5.715224E+000, 4.817901E-001, -1.597022E-001, 4.711661E-001, 4.307335E-001
1.824000E-001, 1.219736E+000, 2.552187E+000, 5.536573E+000, 4.052441E-001, -1.471602E-001, 4.744742E-001, 4.315589E-001
1.824080E-001, 1.247378E+000, 2.410995E+000, 5.531701E+000, 4.086211E-001, -1.464435E-001, 4.736472E-001, 4.221259E-001
1.824160E-001, 1.145446E+000, 2.403846E+000, 5.625899E+000, 4.333860E-001, -1.688997E-001, 4.679762E-001, 4.134004E-001
1.824240E-001, 1.245651E+000, 2.486059E+000, 5.521956E+000, 4.356374E-001, -1.924310E-001, 4.672673E-001, 4.289648E-001
1.824320E-001, 1.468520E+000, 2.602230E+000, 5.439126E+000, 5.009267E-001, -1.936255E-001, 4.783731E-001, 4.494815E-001
1.824400E-001, 1.482342E+000, 2.662996E+000, 5.531701E+000, 4.649050E-001, -1.763055E-001, 4.898332E-001, 4.457083E-001
1.824480E-001, 1.430511E+000, 2.478910E+000, 5.557686E+000, 3.579656E-001, -1.642413E-001, 4.942046E-001, 4.332096E-001
1.824560E-001, 1.461610E+000, 2.275164E+000, 5.518708E+000, 4.390144E-001, -1.586272E-001, 5.043651E-001, 4.396948E-001
1.824640E-001, 1.546265E+000, 2.291249E+000, 5.422885E+000, 5.189375E-001, -1.536104E-001, 5.174794E-001, 4.526652E-001
1.824720E-001, 1.547993E+000, 2.421718E+000, 5.224745E+000, 4.311346E-001, -1.599411E-001, 5.178338E-001, 4.495994E-001
1.824800E-001, 1.385592E+000, 2.595081E+000, 5.180894E+000, 3.444574E-001, -1.731999E-001, 5.171250E-001, 4.392232E-001
1.824880E-001, 1.283659E+000, 2.713039E+000, 5.369290E+000, 2.690370E-001, -1.742749E-001, 5.297666E-001, 4.340350E-001
1.824960E-001, 1.404596E+000, 2.645124E+000, 5.431006E+000, 2.014963E-001, -1.626884E-001, 5.389819E-001, 4.341529E-001
1.825040E-001, 1.485797E+000, 2.478910E+000, 5.356297E+000, 2.679113E-001, -1.446518E-001, 5.327202E-001, 4.343888E-001
1.825120E-001, 1.354494E+000, 2.398484E+000, 5.458616E+000, 4.041184E-001, -1.165814E-001, 5.295302E-001, 4.292006E-001
1.825200E-001, 1.197276E+000, 2.484272E+000, 5.591793E+000, 4.547739E-001, -9.448352E-002, 5.391001E-001, 4.231871E-001
1.825280E-001, 1.186910E+000, 2.662996E+000, 5.593417E+000, 3.624683E-001, -9.639469E-002, 5.484336E-001, 4.217722E-001
1.825360E-001, 1.321668E+000, 2.695167E+000, 5.586920E+000, 2.679113E-001, -1.033227E-001, 5.559949E-001, 4.241304E-001
1.825440E-001, 1.509984E+000, 2.486059E+000, 5.508963E+000, 3.849818E-001, -1.005754E-001, 5.613115E-001, 4.297902E-001
1.825520E-001, 1.532444E+000, 2.330569E+000, 5.374163E+000, 5.628389E-001, -9.639469E-002, 5.548135E-001, 4.358037E-001
1.825600E-001, 1.356222E+000, 2.466399E+000, 5.416389E+000, 4.705333E-001, -9.293069E-002, 5.450074E-001, 4.323843E-001
1.825680E-001, 1.439150E+000, 2.729124E+000, 5.499218E+000, 2.780424E-001, -9.149732E-002, 5.432352E-001, 4.171736E-001
1.825760E-001, 1.727671E+000, 2.875678E+000, 5.456992E+000, 3.365777E-001, -8.851111E-002, 5.398089E-001, 4.100989E-001
1.825840E-001, 1.606734E+000, 2.750571E+000, 5.569055E+000, 5.088064E-001, -7.668574E-002, 5.265766E-001, 4.171736E-001
1.825920E-001, 1.302664E+000, 2.500357E+000, 5.682742E+000, 5.301943E-001, -6.294920E-002, 5.095636E-001, 4.207110E-001
1.826000E-001, 1.268110E+000, 2.400271E+000, 5.366042E+000, 4.761617E-001, -5.458782E-002, 4.951498E-001, 4.211826E-001
1.826080E-001, 1.307847E+000, 2.396697E+000, 5.031476E+000, 4.198779E-001, -4.885431E-002, 4.836896E-001, 4.260170E-001
1.826160E-001, 1.326851E+000, 2.568272E+000, 5.239362E+000, 3.174412E-001, -4.957100E-002, 4.767190E-001, 4.280215E-001
1.826240E-001, 1.299209E+000, 2.850657E+000, 5.625899E+000, 3.377034E-001, -6.223251E-002, 4.789638E-001, 4.237767E-001
1.826320E-001, 1.154084E+000, 2.763082E+000, 5.668126E+000, 5.301943E-001, -7.369953E-002, 4.826263E-001, 4.222438E-001
1.826400E-001, 1.128169E+000, 2.444952E+000, 5.502467E+000, 6.123688E-001, -6.951885E-002, 4.751831E-001, 4.261349E-001
1.826480E-001, 1.370043E+000, 2.430654E+000, 5.419637E+000, 4.930469E-001, -6.056023E-002, 4.666766E-001, 4.340350E-001
1.826560E-001, 1.573908E+000, 2.716614E+000, 5.416389E+000, 3.253209E-001, -6.294920E-002, 4.666766E-001, 4.540801E-001
1.826640E-001, 1.516895E+000, 2.943594E+000, 5.388779E+000, 2.172558E-001, -7.501347E-002, 4.684488E-001, 4.757760E-001
1.826720E-001, 1.439150E+000, 2.904274E+000, 5.383907E+000, 2.240099E-001, -8.277760E-002, 4.710480E-001, 4.773088E-001
1.826800E-001, 1.506529E+000, 2.786316E+000, 5.518708E+000, 3.906102E-001, -7.776077E-002, 4.745924E-001, 4.692908E-001
1.826880E-001, 1.589457E+000, 2.714826E+000, 5.710352E+000, 5.515822E-001, -7.704408E-002, 4.788456E-001, 4.766014E-001
1.826960E-001, 1.660292E+000, 2.564698E+000, 5.679494E+000, 4.896699E-001, -9.603634E-002, 4.874703E-001, 5.028958E-001
1.827040E-001, 1.739765E+000, 2.578996E+000, 5.396900E+000, 3.984900E-001, -1.138341E-001, 4.965675E-001, 5.298977E-001
1.827120E-001, 1.724216E+000, 2.793465E+000, 5.288085E+000, 4.964240E-001, -1.193287E-001, 5.011752E-001, 5.421606E-001
1.827200E-001, 1.553176E+000, 2.779167E+000, 5.403396E+000, 5.977349E-001, -1.243456E-001, 5.046015E-001, 5.464054E-001
1.827280E-001, 1.323396E+000, 2.662996E+000, 5.377411E+000, 5.774727E-001, -1.256595E-001, 5.114539E-001, 5.539518E-001
1.827360E-001, 1.228374E+000, 2.775593E+000, 5.357922E+000, 5.155604E-001, -1.233900E-001, 5.238593E-001, 5.578429E-001
1.827440E-001, 1.432239E+000, 2.866742E+000, 5.656757E+000, 4.480198E-001, -1.325875E-001, 5.370916E-001, 5.560742E-001
1.827520E-001, 1.715577E+000, 2.716614E+000, 5.890628E+000, 4.198779E-001, -1.557604E-001, 5.402815E-001, 5.626773E-001
1.827600E-001, 1.660292E+000, 2.528953E+000, 5.671374E+000, 4.952983E-001, -1.804862E-001, 5.387456E-001, 5.741148E-001
1.827680E-001, 1.364860E+000, 2.557549E+000, 5.380659E+000, 5.583363E-001, -1.911171E-001, 5.440622E-001, 5.781238E-001
1.827760E-001, 1.228374E+000, 2.763082E+000, 5.450495E+000, 4.660307E-001, -1.833530E-001, 5.538684E-001, 5.806000E-001
1.827840E-001, 1.332034E+000, 2.822061E+000, 5.697359E+000, 3.568399E-001, -1.734388E-001, 5.628474E-001, 5.801283E-001
1.827920E-001, 1.478886E+000, 2.625464E+000, 5.721721E+000, 4.007413E-001, -1.773806E-001, 5.668644E-001, 5.649176E-001
1.828000E-001, 1.530716E+000, 2.525378E+000, 5.505715E+000, 4.682820E-001, -1.878920E-001, 5.672188E-001, 5.429860E-001
1.828080E-001, 1.589457E+000, 2.736273E+000, 5.344929E+000, 4.626536E-001, -1.904004E-001, 5.687547E-001, 5.360291E-001
1.828160E-001, 1.573908E+000, 2.900700E+000, 5.398524E+000, 4.795388E-001, -1.869364E-001, 5.705269E-001, 5.494711E-001
1.828240E-001, 1.504801E+000, 2.741635E+000, 5.543069E+000, 4.547739E-001, -1.853836E-001, 5.674551E-001, 5.537159E-001
1.828320E-001, 1.722488E+000, 2.591506E+000, 5.531701E+000, 3.613426E-001, -1.852641E-001, 5.620204E-001, 5.297798E-001
1.828400E-001, 1.795050E+000, 2.652273E+000, 5.348177E+000, 3.996156E-001, -1.888476E-001, 5.684003E-001, 5.063152E-001
1.828480E-001, 1.287115E+000, 2.607592E+000, 5.286461E+000, 5.054294E-001, -1.945811E-001, 5.822234E-001, 5.053719E-001
1.828560E-001, 8.897505E-001, 2.425292E+000, 5.416389E+000, 4.300089E-001, -1.874142E-001, 5.829322E-001, 5.137437E-001
1.828640E-001, 1.003777E+000, 2.491421E+000, 5.556062E+000, 2.938019E-001, -1.741555E-001, 5.751346E-001, 5.232946E-001
1.828720E-001, 1.185182E+000, 2.702316E+000, 5.661629E+000, 3.028074E-001, -1.721248E-001, 5.715902E-001, 5.310768E-001
1.828800E-001, 1.242195E+000, 2.695167E+000, 5.716848E+000, 3.703480E-001, -1.673469E-001, 5.658011E-001, 5.207005E-001
1.828880E-001, 1.302664E+000, 2.639762E+000, 5.656757E+000, 4.412657E-001, -1.562382E-001, 5.565857E-001, 4.990047E-001
1.828960E-001, 1.454699E+000, 2.791678E+000, 5.543069E+000, 5.538335E-001, -1.536104E-001, 5.520961E-001, 4.988868E-001
1.829040E-001, 1.613645E+000, 3.032956E+000, 5.534949E+000, 5.639646E-001, -1.496686E-001, 5.461888E-001, 5.169274E-001
1.829120E-001, 1.580819E+000, 3.181297E+000, 5.604785E+000, 4.660307E-001, -1.373654E-001, 5.366190E-001, 5.238842E-001
1.829200E-001, 1.413235E+000, 3.095510E+000, 5.536573E+000, 5.166861E-001, -1.254206E-001, 5.342561E-001, 5.201110E-001
1.829280E-001, 1.335490E+000, 2.818486E+000, 5.390403E+000, 6.382594E-001, -1.107285E-001, 5.369735E-001, 5.162199E-001
1.829360E-001, 1.423601E+000, 2.686230E+000, 5.383907E+000, 5.774727E-001, -8.827221E-002, 5.381549E-001, 5.106780E-001
1.829440E-001, 1.546265E+000, 2.813125E+000, 5.481353E+000, 4.694077E-001, -7.262450E-002, 5.308298E-001, 5.050182E-001
1.829520E-001, 1.537627E+000, 2.779167E+000, 5.494346E+000, 4.435171E-001, -7.584960E-002, 5.067281E-001, 5.011271E-001
1.829600E-001, 1.497891E+000, 2.437803E+000, 5.500843E+000, 4.131238E-001, -7.799967E-002, 4.888881E-001, 4.949957E-001
1.829680E-001, 1.503074E+000, 2.412782E+000, 5.624275E+000, 4.446428E-001, -6.927995E-002, 4.958586E-001, 4.861522E-001
1.829760E-001, 1.432239E+000, 2.804188E+000, 5.637268E+000, 5.504565E-001, -7.154947E-002, 5.025930E-001, 4.781342E-001
1.829840E-001, 1.288842E+000, 2.861380E+000, 5.517084E+000, 5.549592E-001, -8.265815E-002, 4.957405E-001, 4.714132E-001
1.829920E-001, 1.216280E+000, 2.587932E+000, 5.478105E+000, 4.333860E-001, -8.934725E-002, 4.885336E-001, 4.655176E-001
1.830000E-001, 1.347583E+000, 2.675507E+000, 5.419637E+000, 3.658453E-001, -1.045172E-001, 4.856981E-001, 4.608011E-001
1.830080E-001, 1.497891E+000, 2.938232E+000, 5.414765E+000, 4.108724E-001, -1.232705E-001, 4.869977E-001, 4.585608E-001
1.830160E-001, 1.394230E+000, 2.748784E+000, 5.590168E+000, 4.108724E-001, -1.343792E-001, 4.945590E-001, 4.624519E-001
1.830240E-001, 1.235285E+000, 2.477123E+000, 5.564183E+000, 3.624683E-001, -1.491908E-001, 4.997575E-001, 4.659892E-001
1.830320E-001, 1.294026E+000, 2.713039E+000, 5.247482E+000, 4.210035E-001, -1.641218E-001, 4.973946E-001, 4.567921E-001
1.830400E-001, 1.459882E+000, 2.925721E+000, 5.167901E+000, 4.705333E-001, -1.645996E-001, 4.978671E-001, 4.445292E-001
1.830480E-001, 1.499618E+000, 2.637975E+000, 5.421261E+000, 3.500858E-001, -1.544465E-001, 5.040107E-001, 4.457083E-001
1.830560E-001, 1.442605E+000, 2.396697E+000, 5.547942E+000, 2.307640E-001, -1.485935E-001, 5.128717E-001, 4.511323E-001
1.830640E-001, 1.444333E+000, 2.486059E+000, 5.487850E+000, 2.499005E-001, -1.554021E-001, 5.265766E-001, 4.481845E-001
1.830720E-001, 1.490980E+000, 2.625464E+000, 5.521956E+000, 2.656600E-001, -1.635246E-001, 5.356739E-001, 4.372187E-001
1.830800E-001, 1.537627E+000, 2.662996E+000, 5.681118E+000, 2.814195E-001, -1.616134E-001, 5.369735E-001, 4.217722E-001
1.830880E-001, 1.587730E+000, 2.627251E+000, 5.871139E+000, 4.119981E-001, -1.522964E-001, 5.454800E-001, 4.104526E-001
1.830960E-001, 1.596368E+000, 2.607592E+000, 5.966961E+000, 5.043037E-001, -1.423822E-001, 5.608389E-001, 4.010196E-001
1.831040E-001, 1.596368E+000, 2.605804E+000, 5.861394E+000, 4.007413E-001, -1.405905E-001, 5.674551E-001, 3.907612E-001
1.831120E-001, 1.660292E+000, 2.552187E+000, 5.677870E+000, 2.634086E-001, -1.488324E-001, 5.596575E-001, 3.918224E-001
1.831200E-001, 1.698300E+000, 2.500357E+000, 5.510587E+000, 3.275723E-001, -1.588661E-001, 5.510328E-001, 3.991330E-001
1.831280E-001, 1.603279E+000, 2.564698E+000, 5.392027E+000, 4.919212E-001, -1.613745E-001, 5.532776E-001, 3.938269E-001
1.831360E-001, 1.435694E+000, 2.784529E+000, 5.465112E+000, 4.874185E-001, -1.538493E-001, 5.510328E-001, 3.760222E-001
1.831440E-001, 1.323396E+000, 2.954317E+000, 5.582048E+000, 3.545885E-001, -1.420239E-001, 5.361464E-001, 3.549159E-001
1.831520E-001, 1.378681E+000, 2.886402E+000, 5.560935E+000, 3.140641E-001, -1.258984E-001, 5.250407E-001, 3.421814E-001
1.831600E-001, 1.527261E+000, 2.723763E+000, 5.637268E+000, 4.468941E-001, -1.010532E-001, 5.230322E-001, 3.509069E-001
1.831680E-001, 1.528989E+000, 2.645124E+000, 5.759075E+000, 6.224999E-001, -7.680519E-002, 5.205511E-001, 3.665892E-001
1.831760E-001, 1.439150E+000, 2.691592E+000, 5.685990E+000, 6.281282E-001, -7.166892E-002, 5.132261E-001, 3.693012E-001
1.831840E-001, 1.404596E+000, 2.798827E+000, 5.617778E+000, 5.031780E-001, -8.361373E-002, 5.024748E-001, 3.694191E-001
1.831920E-001, 1.368315E+000, 2.848870E+000, 5.606410E+000, 4.378887E-001, -8.659994E-002, 4.976308E-001, 3.721311E-001
1.832000E-001, 1.433967E+000, 2.798827E+000, 5.564183E+000, 3.973643E-001, -7.525236E-002, 5.077914E-001, 3.690654E-001
1.832080E-001, 1.579091E+000, 2.700528E+000, 5.643764E+000, 3.118128E-001, -6.975774E-002, 5.151165E-001, 3.695370E-001
1.832160E-001, 1.561814E+000, 2.700528E+000, 5.806174E+000, 2.510262E-001, -6.808547E-002, 5.030656E-001, 3.721311E-001
1.832240E-001, 1.402869E+000, 2.845295E+000, 5.762323E+000, 2.904249E-001, -5.602120E-002, 4.943227E-001, 3.630518E-001
1.832320E-001, 1.285387E+000, 2.957892E+000, 5.487850E+000, 4.277576E-001, -4.216521E-002, 5.020022E-001, 3.580995E-001
1.832400E-001, 1.243923E+000, 2.916785E+000, 5.359546E+000, 5.335713E-001, -4.228466E-002, 5.088547E-001, 3.683579E-001
1.832480E-001, 1.219736E+000, 2.721975E+000, 5.518708E+000, 4.795388E-001, -5.745458E-002, 5.088547E-001, 3.835686E-001
1.832560E-001, 1.231829E+000, 2.507506E+000, 5.658381E+000, 3.489601E-001, -7.131057E-002, 5.062555E-001, 4.000763E-001
1.832640E-001, 1.338945E+000, 2.523591E+000, 5.672998E+000, 3.061844E-001, -7.644685E-002, 5.092092E-001, 4.086839E-001
1.832720E-001, 1.452971E+000, 2.693379E+000, 5.616154E+000, 3.241952E-001, -7.656629E-002, 5.233867E-001, 4.057361E-001
1.832800E-001, 1.492708E+000, 2.629039E+000, 5.518708E+000, 3.759764E-001, -6.450202E-002, 5.322476E-001, 4.027883E-001
1.832880E-001, 1.530716E+000, 2.446739E+000, 5.580424E+000, 5.200632E-001, -5.184051E-002, 5.292940E-001, 4.031420E-001
1.832960E-001, 1.622283E+000, 2.578996E+000, 5.806174E+000, 6.134945E-001, -6.008244E-002, 5.375642E-001, 4.104526E-001
1.833040E-001, 1.720760E+000, 2.854231E+000, 5.950720E+000, 5.076807E-001, -7.381898E-002, 5.603663E-001, 4.202393E-001
1.833120E-001, 1.701756E+000, 2.925721E+000, 5.918238E+000, 3.365777E-001, -7.477457E-002, 5.735987E-001, 4.151691E-001
1.833200E-001, 1.558359E+000, 2.804188E+000, 5.750955E+000, 2.566546E-001, -7.429677E-002, 5.739532E-001, 4.051465E-001
1.833280E-001, 1.447788E+000, 2.637975E+000, 5.603161E+000, 2.352667E-001, -8.086643E-002, 5.714720E-001, 4.034958E-001
1.833360E-001, 1.373498E+000, 2.671932E+000, 5.679494E+000, 2.262613E-001, -9.113897E-002, 5.629656E-001, 3.945344E-001
1.833440E-001, 1.262927E+000, 2.864955E+000, 5.773692E+000, 2.431464E-001, -1.028449E-001, 5.576490E-001, 3.797954E-001
1.833520E-001, 1.207642E+000, 2.959679E+000, 5.660005E+000, 2.217585E-001, -1.091756E-001, 5.704088E-001, 3.763759E-001
1.833600E-001, 1.266383E+000, 2.990062E+000, 5.638892E+000, 2.262613E-001, -1.118035E-001, 5.860040E-001, 3.815641E-001
1.833680E-001, 1.395958E+000, 2.916785E+000, 5.798054E+000, 3.422061E-001, -1.174176E-001, 5.899029E-001, 3.848656E-001
1.833760E-001, 1.518623E+000, 2.721975E+000, 5.819167E+000, 4.142494E-001, -1.187315E-001, 5.851770E-001, 3.770834E-001
1.833840E-001, 1.549721E+000, 2.680869E+000, 5.614530E+000, 3.748507E-001, -1.225538E-001, 5.754890E-001, 3.576279E-001
1.833920E-001, 1.522078E+000, 2.745209E+000, 5.452119E+000, 3.613426E-001, -1.329458E-001, 5.757253E-001, 3.386440E-001
1.834000E-001, 1.480614E+000, 2.784529E+000, 5.510587E+000, 4.772874E-001, -1.247039E-001, 5.855315E-001, 3.293289E-001
1.834080E-001, 1.430511E+000, 2.859593E+000, 5.593417E+000, 5.808498E-001, -1.103701E-001, 5.874218E-001, 3.219005E-001
1.834160E-001, 1.342400E+000, 2.827423E+000, 5.575552E+000, 4.919212E-001, -1.196871E-001, 5.812782E-001, 3.063360E-001
1.834240E-001, 1.243923E+000, 2.689805E+000, 5.544693E+000, 4.255062E-001, -1.274512E-001, 5.764342E-001, 2.956060E-001
1.834320E-001, 1.304392E+000, 2.655847E+000, 5.572303E+000, 4.637793E-001, -1.170592E-001, 5.759616E-001, 2.936015E-001
1.834400E-001, 1.451244E+000, 2.705890E+000, 5.752579E+000, 3.894846E-001, -1.126396E-001, 5.725354E-001, 2.860551E-001
1.834480E-001, 1.446061E+000, 2.702316E+000, 5.944223E+000, 3.264466E-001, -1.094145E-001, 5.632018E-001, 2.729669E-001
1.834560E-001, 1.316485E+000, 2.730911E+000, 5.940975E+000, 3.635940E-001, -9.054173E-002, 5.530413E-001, 2.543367E-001
1.834640E-001, 1.223191E+000, 2.798827E+000, 5.802926E+000, 3.557142E-001, -7.955249E-002, 5.375642E-001, 2.349991E-001
1.834720E-001, 1.243923E+000, 2.720188E+000, 5.661629E+000, 4.243806E-001, -8.600270E-002, 5.240955E-001, 2.270990E-001
1.834800E-001, 1.420146E+000, 2.688018E+000, 5.642140E+000, 5.932323E-001, -8.074698E-002, 5.238593E-001, 2.230900E-001
1.834880E-001, 1.632649E+000, 2.870317E+000, 5.676246E+000, 5.898552E-001, -6.450202E-002, 5.180701E-001, 2.120062E-001
1.834960E-001, 1.727671E+000, 2.963253E+000, 5.604785E+000, 4.063697E-001, -5.829072E-002, 5.003482E-001, 1.951448E-001
1.835040E-001, 1.698300E+000, 2.895338E+000, 5.491098E+000, 3.129385E-001, -4.586811E-002, 4.879429E-001, 1.900746E-001
1.835120E-001, 1.575636E+000, 2.745209E+000, 5.413141E+000, 3.962386E-001, -2.126178E-002, 4.884154E-001, 2.101196E-001
1.835200E-001, 1.359677E+000, 2.659422E+000, 5.416389E+000, 4.097467E-001, -1.385599E-002, 4.936139E-001, 2.282781E-001
1.835280E-001, 1.154084E+000, 2.775593E+000, 5.554438E+000, 3.275723E-001, -2.114233E-002, 4.946772E-001, 2.278065E-001
1.835360E-001, 1.269838E+000, 2.786316E+000, 5.694111E+000, 3.906102E-001, -2.233681E-002, 5.001119E-001, 2.255661E-001
1.835440E-001, 1.541082E+000, 2.713039E+000, 5.750955E+000, 4.435171E-001, -2.185902E-002, 5.092092E-001, 2.179019E-001
1.835520E-001, 1.508257E+000, 2.838146E+000, 5.846777E+000, 3.771021E-001, -1.755888E-002, 5.037744E-001, 2.016300E-001
1.835600E-001, 1.458154E+000, 2.909636E+000, 5.822415E+000, 3.984900E-001, 3.583446E-004, 4.930232E-001, 1.953806E-001
1.835680E-001, 1.522078E+000, 2.866742E+000, 5.556062E+000, 4.266319E-001, 1.564771E-002, 4.988123E-001, 1.991538E-001
1.835760E-001, 1.433967E+000, 3.020445E+000, 5.482977E+000, 4.378887E-001, 5.614065E-003, 5.059010E-001, 1.982105E-001
1.835840E-001, 1.425328E+000, 3.147340E+000, 5.713600E+000, 4.829158E-001, -1.576716E-002, 4.981034E-001, 1.905462E-001
1.835920E-001, 1.499618E+000, 2.913211E+000, 5.739586E+000, 3.309493E-001, -1.170592E-002, 4.999938E-001, 1.867730E-001
1.836000E-001, 1.425328E+000, 2.659422E+000, 5.538197E+000, 1.834855E-001, 5.733513E-003, 5.139350E-001, 1.957344E-001
1.836080E-001, 1.413235E+000, 2.805976E+000, 5.465112E+000, 3.827305E-001, 4.658479E-003, 5.095636E-001, 2.035166E-001
1.836160E-001, 1.547993E+000, 3.075850E+000, 5.460240E+000, 5.999863E-001, 2.388964E-003, 4.972764E-001, 1.984463E-001
1.836240E-001, 1.710394E+000, 3.120531E+000, 5.476481E+000, 5.043037E-001, 3.941790E-003, 5.046015E-001, 1.947910E-001
1.836320E-001, 1.777773E+000, 3.161638E+000, 5.638892E+000, 3.095614E-001, 9.555855E-004, 5.300028E-001, 1.903104E-001
1.836400E-001, 1.570453E+000, 3.238489E+000, 5.778564E+000, 3.174412E-001, 5.972410E-004, 5.526869E-001, 1.832356E-001
1.836480E-001, 1.294026E+000, 3.022233E+000, 5.671374E+000, 4.851672E-001, -1.421434E-002, 5.619022E-001, 1.962060E-001
1.836560E-001, 1.307847E+000, 2.688018E+000, 5.486226E+000, 4.896699E-001, -2.615915E-002, 5.693455E-001, 2.115346E-001
1.836640E-001, 1.382137E+000, 2.713039E+000, 5.510587E+000, 2.960533E-001, -2.627860E-003, 5.812782E-001, 2.006867E-001
1.836720E-001, 1.340673E+000, 2.993637E+000, 5.634019E+000, 2.589059E-001, 1.576716E-002, 5.935653E-001, 1.891313E-001
1.836800E-001, 1.299209E+000, 2.998998E+000, 5.637268E+000, 3.714737E-001, 8.122477E-003, 6.058525E-001, 1.912537E-001
1.836880E-001, 1.202459E+000, 2.784529E+000, 5.586920E+000, 2.892992E-001, 2.269516E-003, 6.104602E-001, 1.900746E-001
1.836960E-001, 1.231829E+000, 2.829210E+000, 5.551190E+000, 1.485895E-001, -5.972410E-003, 6.089243E-001, 1.934940E-001
1.837040E-001, 1.537627E+000, 2.940019E+000, 5.583672E+000, 3.028074E-001, -1.242261E-002, 6.223930E-001, 2.067002E-001
1.837120E-001, 1.700028E+000, 2.807763E+000, 5.785061E+000, 4.817901E-001, 3.583446E-004, 6.460222E-001, 2.127137E-001
1.837200E-001, 1.508257E+000, 2.797040E+000, 5.929606E+000, 3.309493E-001, 1.457268E-002, 6.538198E-001, 2.103555E-001
1.837280E-001, 1.299209E+000, 2.898913E+000, 5.767196E+000, 1.485895E-001, 2.162012E-002, 6.496847E-001, 2.070539E-001
1.837360E-001, 1.340673E+000, 2.766656E+000, 5.551190E+000, 2.296383E-001, 3.547611E-002, 6.550013E-001, 2.051673E-001
1.837440E-001, 1.542810E+000, 2.720188E+000, 5.482977E+000, 4.086211E-001, 4.742093E-002, 6.600816E-001, 2.078793E-001
1.837520E-001, 1.644743E+000, 2.884615E+000, 5.431006E+000, 5.121834E-001, 4.933210E-002, 6.490940E-001, 2.102376E-001
1.837600E-001, 1.648198E+000, 2.805976E+000, 5.479729E+000, 5.099321E-001, 5.960465E-002, 6.412963E-001, 2.094122E-001
1.837680E-001, 1.660292E+000, 2.605804E+000, 5.549566E+000, 3.984900E-001, 7.274395E-002, 6.487395E-001, 2.061106E-001
1.837760E-001, 1.501346E+000, 2.682656E+000, 5.375787E+000, 3.264466E-001, 7.501347E-002, 6.528746E-001, 1.989180E-001
1.837840E-001, 1.326851E+000, 2.780954E+000, 5.328688E+000, 4.243806E-001, 8.325539E-002, 6.506299E-001, 1.963239E-001
1.837920E-001, 1.496163E+000, 2.598655E+000, 5.556062E+000, 4.558995E-001, 9.197511E-002, 6.496847E-001, 2.062285E-001
1.838000E-001, 1.674113E+000, 2.527165E+000, 5.569055E+000, 2.847965E-001, 8.683883E-002, 6.431867E-001, 2.140107E-001
1.838080E-001, 1.504801E+000, 2.772018E+000, 5.447247E+000, 2.757911E-001, 9.018338E-002, 6.369249E-001, 2.030449E-001
1.838160E-001, 1.262927E+000, 2.881040E+000, 5.510587E+000, 5.245659E-001, 1.083395E-001, 6.407056E-001, 1.893671E-001
1.838240E-001, 1.257744E+000, 2.773805E+000, 5.583672E+000, 6.236256E-001, 1.176565E-001, 6.424778E-001, 1.904283E-001
1.838320E-001, 1.319941E+000, 2.784529E+000, 5.513835E+000, 4.604023E-001, 1.178954E-001, 6.291273E-001, 1.914895E-001
1.838400E-001, 1.174816E+000, 2.838146E+000, 5.314071E+000, 2.544032E-001, 1.210010E-001, 6.105784E-001, 1.904283E-001
1.838480E-001, 1.029692E+000, 2.698741E+000, 5.104561E+000, 1.711030E-001, 1.200454E-001, 6.043167E-001, 1.962060E-001
1.838560E-001, 1.193821E+000, 2.618315E+000, 5.200383E+000, 2.431464E-001, 1.187315E-001, 6.023082E-001, 2.031628E-001
1.838640E-001, 1.433967E+000, 2.764869E+000, 5.588544E+000, 3.230695E-001, 1.244650E-001, 5.876580E-001, 2.117704E-001
1.838720E-001, 1.390775E+000, 2.746997E+000, 5.767196E+000, 3.219439E-001, 1.229122E-001, 5.735987E-001, 2.223825E-001
1.838800E-001, 1.273293E+000, 2.573634E+000, 5.582048E+000, 3.253209E-001, 1.156259E-001, 5.734805E-001, 2.260378E-001
1.838880E-001, 1.321668E+000, 2.655847E+000, 5.484601E+000, 3.725994E-001, 1.215983E-001, 5.739532E-001, 2.246228E-001
1.838960E-001, 1.195548E+000, 2.813125E+000, 5.721721E+000, 3.804791E-001, 1.393960E-001, 5.733624E-001, 2.349991E-001
1.839040E-001, 9.813170E-001, 2.718401E+000, 5.914989E+000, 2.690370E-001, 1.567160E-001, 5.838774E-001, 2.555159E-001
1.839120E-001, 1.230102E+000, 2.604017E+000, 5.814295E+000, 1.598463E-001, 1.561188E-001, 5.921476E-001, 2.636518E-001
1.839200E-001, 1.520350E+000, 2.680869E+000, 5.703856E+000, 2.127531E-001, 1.409489E-001, 5.837592E-001, 2.585816E-001
1.839280E-001, 1.273293E+000, 2.770231E+000, 5.681118E+000, 3.309493E-001, 1.434573E-001, 5.753709E-001, 2.585816E-001
1.839360E-001, 1.062518E+000, 2.773805E+000, 5.624275E+000, 3.230695E-001, 1.625690E-001, 5.784427E-001, 2.733206E-001
1.839440E-001, 1.313030E+000, 2.716614E+000, 5.599913E+000, 3.005560E-001, 1.675858E-001, 5.797423E-001, 2.946627E-001
1.839520E-001, 1.496163E+000, 2.639762E+000, 5.598289E+000, 4.153751E-001, 1.619717E-001, 5.748983E-001, 2.996151E-001
1.839600E-001, 1.356222E+000, 2.679081E+000, 5.593417E+000, 4.615279E-001, 1.690192E-001, 5.777338E-001, 2.927761E-001
1.839680E-001, 1.221463E+000, 2.714826E+000, 5.658381E+000, 4.142494E-001, 1.778584E-001, 5.848226E-001, 2.910075E-001
1.839760E-001, 1.242195E+000, 2.625464E+000, 5.676246E+000, 4.727847E-001, 1.736777E-001, 5.847044E-001, 2.823999E-001
1.839840E-001, 1.237012E+000, 2.627251E+000, 5.642140E+000, 5.189375E-001, 1.735582E-001, 5.845863E-001, 2.722594E-001
1.839920E-001, 1.069428E+000, 2.786316E+000, 5.658381E+000, 4.626536E-001, 1.809640E-001, 5.850589E-001, 2.793341E-001
1.840000E-001, 9.398530E-001, 2.907849E+000, 5.621027E+000, 4.277576E-001, 1.874142E-001, 5.783246E-001, 2.917149E-001
1.840080E-001, 1.033147E+000, 2.825635E+000, 5.547942E+000, 3.714737E-001, 2.016286E-001, 5.745439E-001, 2.973747E-001
1.840160E-001, 1.150629E+000, 2.596868E+000, 5.507339E+000, 2.802938E-001, 2.121400E-001, 5.847044E-001, 3.032703E-001
1.840240E-001, 1.262927E+000, 2.453888E+000, 5.461864E+000, 3.118128E-001, 2.102288E-001, 5.993545E-001, 3.106988E-001
1.840320E-001, 1.501346E+000, 2.491421E+000, 5.426134E+000, 4.063697E-001, 2.162012E-001, 6.040804E-001, 3.177736E-001
1.840400E-001, 1.624011E+000, 2.591506E+000, 5.318943E+000, 3.624683E-001, 2.258765E-001, 5.981731E-001, 3.217826E-001
1.840480E-001, 1.501346E+000, 2.639762E+000, 5.166277E+000, 2.206329E-001, 2.289822E-001, 5.972279E-001, 3.177736E-001
1.840560E-001, 1.361405E+000, 2.618315E+000, 5.166277E+000, 1.879882E-001, 2.379408E-001, 6.096332E-001, 3.112884E-001
1.840640E-001, 1.287115E+000, 2.561123E+000, 5.351425E+000, 3.264466E-001, 2.551413E-001, 6.202664E-001, 3.064540E-001
1.840720E-001, 1.192093E+000, 2.512867E+000, 5.504091E+000, 4.333860E-001, 2.748503E-001, 6.175490E-001, 3.031524E-001
1.840800E-001, 1.122986E+000, 2.577208E+000, 5.474857E+000, 3.489601E-001, 2.863173E-001, 6.129413E-001, 3.101092E-001
1.840880E-001, 1.264655E+000, 2.759507E+000, 5.380659E+000, 3.016817E-001, 2.847645E-001, 6.193212E-001, 3.262632E-001
1.840960E-001, 1.452971E+000, 2.789891E+000, 5.266972E+000, 4.446428E-001, 2.845256E-001, 6.333806E-001, 3.329842E-001
1.841040E-001, 1.371771E+000, 2.671932E+000, 5.187390E+000, 4.986753E-001, 2.881090E-001, 6.418871E-001, 3.285035E-001
1.841120E-001, 1.228374E+000, 2.695167E+000, 5.327064E+000, 3.264466E-001, 2.838089E-001, 6.346802E-001, 3.290931E-001
1.841200E-001, 1.205914E+000, 2.745209E+000, 5.458616E+000, 2.397694E-001, 2.748503E-001, 6.215660E-001, 3.345171E-001
1.841280E-001, 1.226646E+000, 2.629039E+000, 5.382283E+000, 4.052441E-001, 2.783143E-001, 6.222748E-001, 3.384082E-001
1.841360E-001, 1.352766E+000, 2.575421E+000, 5.351425E+000, 5.279430E-001, 3.010094E-001, 6.264099E-001, 3.435963E-001
1.841440E-001, 1.385592E+000, 2.632613E+000, 5.400148E+000, 4.322603E-001, 3.210768E-001, 6.160131E-001, 3.484307E-001
1.841520E-001, 1.154084E+000, 2.459250E+000, 5.331936E+000, 3.804791E-001, 3.165377E-001, 6.140046E-001, 3.527935E-001
1.841600E-001, 1.040058E+000, 2.321632E+000, 5.286461E+000, 5.088064E-001, 3.019650E-001, 6.305451E-001, 3.605757E-001
1.841680E-001, 1.155812E+000, 2.625464E+000, 5.424510E+000, 5.684673E-001, 2.947981E-001, 6.338531E-001, 3.703624E-001
1.841760E-001, 1.133352E+000, 2.814912E+000, 5.445623E+000, 4.592766E-001, 2.973065E-001, 6.268826E-001, 3.786163E-001
1.841840E-001, 1.048696E+000, 2.691592E+000, 5.253979E+000, 3.827305E-001, 3.103264E-001, 6.357435E-001, 3.781446E-001
1.841920E-001, 1.280204E+000, 2.779167E+000, 5.195511E+000, 4.041184E-001, 3.183294E-001, 6.431867E-001, 3.707162E-001
1.842000E-001, 1.575636E+000, 2.895338E+000, 5.294581E+000, 4.435171E-001, 3.102069E-001, 6.310176E-001, 3.750789E-001
1.842080E-001, 1.468520E+000, 2.707677E+000, 5.367666E+000, 5.076807E-001, 2.958732E-001, 6.223930E-001, 3.908791E-001
1.842160E-001, 1.212825E+000, 2.557549E+000, 5.442375E+000, 5.234402E-001, 2.861979E-001, 6.344439E-001, 4.014913E-001
1.842240E-001, 1.299209E+000, 2.637975E+000, 5.458616E+000, 4.525225E-001, 2.859590E-001, 6.473218E-001, 4.145795E-001
1.842320E-001, 1.459882E+000, 2.766656E+000, 5.374163E+000, 4.975496E-001, 2.942009E-001, 6.459041E-001, 4.334455E-001
1.842400E-001, 1.328579E+000, 2.854231E+000, 5.288085E+000, 6.101174E-001, 3.010094E-001, 6.446044E-001, 4.411097E-001
1.842480E-001, 1.292298E+000, 2.802401E+000, 5.184142E+000, 4.885442E-001, 2.965899E-001, 6.503936E-001, 4.440576E-001
1.842560E-001, 1.513440E+000, 2.616528E+000, 5.106185E+000, 3.061844E-001, 2.946787E-001, 6.586638E-001, 4.530189E-001
1.842640E-001, 1.515167E+000, 2.521804E+000, 5.172773E+000, 4.210035E-001, 3.084152E-001, 6.677610E-001, 4.558488E-001
1.842720E-001, 1.264655E+000, 2.593294E+000, 5.294581E+000, 5.909809E-001, 3.145071E-001, 6.685880E-001, 4.516039E-001
1.842800E-001, 1.148901E+000, 2.716614E+000, 5.370914E+000, 5.178118E-001, 3.026817E-001, 6.636260E-001, 4.543159E-001
1.842880E-001, 1.249106E+000, 2.746997E+000, 5.463488E+000, 4.660307E-001, 2.979038E-001, 6.675248E-001, 4.721207E-001
1.842960E-001, 1.465065E+000, 2.688018E+000, 5.504091E+000, 4.964240E-001, 3.012483E-001, 6.778035E-001, 4.909866E-001
1.843040E-001, 1.494435E+000, 2.657634E+000, 5.353049E+000, 4.198779E-001, 3.026817E-001, 6.782761E-001, 4.898075E-001
1.843120E-001, 1.209370E+000, 2.700528E+000, 5.253979E+000, 3.872332E-001, 3.088930E-001, 6.650437E-001, 4.847373E-001
1.843200E-001, 1.084977E+000, 2.861380E+000, 5.304326E+000, 4.086211E-001, 3.149849E-001, 6.560646E-001, 4.964106E-001
1.843280E-001, 1.269838E+000, 2.988275E+000, 5.179270E+000, 3.827305E-001, 3.168961E-001, 6.657526E-001, 5.080839E-001
1.843360E-001, 1.333762E+000, 2.830997E+000, 5.007115E+000, 3.849818E-001, 3.197628E-001, 6.741409E-001, 5.058436E-001
1.843440E-001, 1.264655E+000, 2.668358E+000, 5.132171E+000, 3.635940E-001, 3.207184E-001, 6.616175E-001, 4.965285E-001
1.843520E-001, 1.359677E+000, 2.748784E+000, 5.353049E+000, 3.061844E-001, 3.247796E-001, 6.470855E-001, 4.938166E-001
1.843600E-001, 1.561814E+000, 2.746997E+000, 5.364418E+000, 3.365777E-001, 3.364856E-001, 6.509843E-001, 5.014808E-001
1.843680E-001, 1.509984E+000, 2.612953E+000, 5.192263E+000, 4.660307E-001, 3.461609E-001, 6.684699E-001, 5.028958E-001
1.843760E-001, 1.200731E+000, 2.634400E+000, 5.055838E+000, 5.448281E-001, 3.484304E-001, 6.820567E-001, 5.017167E-001
1.843840E-001, 1.195548E+000, 2.797040E+000, 5.158156E+000, 4.412657E-001, 3.539250E-001, 6.833563E-001, 5.125646E-001
1.843920E-001, 1.482342E+000, 2.990062E+000, 5.398524E+000, 3.286979E-001, 3.688560E-001, 6.817023E-001, 5.197572E-001
1.844000E-001, 1.504801E+000, 2.997211E+000, 5.481353E+000, 4.221292E-001, 3.770979E-001, 6.772127E-001, 5.133899E-001
1.844080E-001, 1.435694E+000, 2.732699E+000, 5.362794E+000, 5.470794E-001, 3.755451E-001, 6.587819E-001, 5.067869E-001
1.844160E-001, 1.528989E+000, 2.652273E+000, 5.262099E+000, 5.268173E-001, 3.818759E-001, 6.351528E-001, 5.032495E-001
1.844240E-001, 1.385592E+000, 2.839933E+000, 5.231241E+000, 5.178118E-001, 3.950152E-001, 6.257011E-001, 5.019525E-001
1.844320E-001, 1.050424E+000, 2.893551E+000, 5.184142E+000, 5.650903E-001, 4.009876E-001, 6.331443E-001, 5.064331E-001
1.844400E-001, 1.091888E+000, 2.814912E+000, 5.104561E+000, 5.459538E-001, 4.018237E-001, 6.405874E-001, 5.058436E-001
1.844480E-001, 1.328579E+000, 2.795252E+000, 5.037973E+000, 4.739104E-001, 4.069600E-001, 6.318446E-001, 4.986509E-001
1.844560E-001, 1.152357E+000, 2.857806E+000, 5.067207E+000, 4.311346E-001, 4.130518E-001, 6.131776E-001, 5.032495E-001
1.844640E-001, 8.621078E-001, 2.927509E+000, 5.190639E+000, 4.221292E-001, 4.113796E-001, 6.001815E-001, 5.153945E-001
1.844720E-001, 1.129897E+000, 2.893551E+000, 5.216624E+000, 3.906102E-001, 4.091101E-001, 5.899029E-001, 5.146870E-001
1.844800E-001, 1.598096E+000, 2.745209E+000, 5.106185E+000, 3.793534E-001, 4.191437E-001, 5.760798E-001, 5.069048E-001
1.844880E-001, 1.603279E+000, 2.664783E+000, 5.106185E+000, 4.153751E-001, 4.364637E-001, 5.660374E-001, 5.089093E-001
1.844960E-001, 1.332034E+000, 2.793465E+000, 5.223121E+000, 4.784131E-001, 4.453028E-001, 5.602482E-001, 5.142154E-001
1.845040E-001, 1.078067E+000, 2.959679E+000, 5.177646E+000, 6.067404E-001, 4.448251E-001, 5.494969E-001, 5.190498E-001
1.845120E-001, 9.433083E-001, 2.997211E+000, 5.005491E+000, 6.754068E-001, 4.476918E-001, 5.387456E-001, 5.301335E-001
1.845200E-001, 1.109165E+000, 3.018658E+000, 4.995746E+000, 5.628389E-001, 4.498419E-001, 5.324839E-001, 5.343783E-001
1.845280E-001, 1.337217E+000, 3.122318E+000, 5.112681E+000, 4.480198E-001, 4.376582E-001, 5.197241E-001, 5.339067E-001
1.845360E-001, 1.257744E+000, 3.188446E+000, 5.163029E+000, 4.637793E-001, 4.296551E-001, 5.038926E-001, 5.441651E-001
1.845440E-001, 1.135080E+000, 3.108020E+000, 5.135419E+000, 5.121834E-001, 4.371804E-001, 4.964494E-001, 5.481741E-001
1.845520E-001, 1.178272E+000, 3.032956E+000, 5.140291E+000, 5.133091E-001, 4.356275E-001, 4.906602E-001, 5.382695E-001
1.845600E-001, 1.226646E+000, 3.054403E+000, 5.223121E+000, 4.570252E-001, 4.261912E-001, 4.851074E-001, 5.339067E-001
1.845680E-001, 1.351039E+000, 3.072275E+000, 5.203631E+000, 4.074954E-001, 4.285801E-001, 4.841622E-001, 5.429860E-001
1.845760E-001, 1.427056E+000, 3.093722E+000, 5.018484E+000, 4.694077E-001, 4.387332E-001, 4.809723E-001, 5.543056E-001
1.845840E-001, 1.278476E+000, 3.102659E+000, 4.998994E+000, 5.909809E-001, 4.547393E-001, 4.709299E-001, 5.573713E-001
1.845920E-001, 1.264655E+000, 2.947168E+000, 5.234489E+000, 5.482051E-001, 4.743288E-001, 4.612419E-001, 5.556026E-001
1.846000E-001, 1.446061E+000, 2.752358E+000, 5.266972E+000, 4.052441E-001, 4.752844E-001, 4.568705E-001, 5.548951E-001
1.846080E-001, 1.352766E+000, 2.872104E+000, 4.973009E+000, 4.322603E-001, 4.622645E-001, 4.474188E-001, 5.579608E-001
1.846160E-001, 1.034875E+000, 3.143765E+000, 4.838208E+000, 5.245659E-001, 4.666841E-001, 4.295788E-001, 5.669221E-001
1.846240E-001, 9.951384E-001, 3.111595E+000, 4.870690E+000, 5.178118E-001, 4.758816E-001, 4.248529E-001, 5.747043E-001
1.846320E-001, 1.164450E+000, 2.847082E+000, 4.672549E+000, 4.975496E-001, 4.730148E-001, 4.363131E-001, 5.722282E-001
1.846400E-001, 1.228374E+000, 2.761295E+000, 4.586472E+000, 4.592766E-001, 4.810179E-001, 4.389123E-001, 5.645639E-001
1.846480E-001, 1.307847E+000, 3.032956E+000, 4.927534E+000, 3.928616E-001, 4.954711E-001, 4.272158E-001, 5.649176E-001
1.846560E-001, 1.425328E+000, 3.351086E+000, 5.130547E+000, 3.872332E-001, 4.953516E-001, 4.159920E-001, 5.751760E-001
1.846640E-001, 1.357949E+000, 3.335001E+000, 5.044469E+000, 3.861075E-001, 4.923654E-001, 4.150468E-001, 5.828403E-001
1.846720E-001, 1.204187E+000, 3.175936E+000, 5.093193E+000, 3.692223E-001, 5.008463E-001, 4.189456E-001, 5.882643E-001
1.846800E-001, 1.249106E+000, 3.159850E+000, 5.135419E+000, 4.637793E-001, 5.156578E-001, 4.156375E-001, 5.998197E-001
1.846880E-001, 1.418418E+000, 3.102659E+000, 4.997370E+000, 6.179972E-001, 5.235415E-001, 4.079581E-001, 6.063048E-001
1.846960E-001, 1.359677E+000, 2.895338E+000, 4.963264E+000, 6.213742E-001, 5.190024E-001, 4.021689E-001, 5.972256E-001
1.847040E-001, 1.074611E+000, 2.754146E+000, 5.098064E+000, 4.862928E-001, 5.131494E-001, 3.964979E-001, 5.841373E-001
1.847120E-001, 9.450360E-001, 2.832784E+000, 5.179270E+000, 4.322603E-001, 5.219886E-001, 3.935442E-001, 5.840194E-001
1.847200E-001, 1.024509E+000, 3.004360E+000, 5.125674E+000, 5.088064E-001, 5.433698E-001, 3.937805E-001, 5.948673E-001
1.847280E-001, 1.138535E+000, 3.070488E+000, 5.115930E+000, 5.448281E-001, 5.592564E-001, 3.899999E-001, 5.980510E-001
1.847360E-001, 1.238740E+000, 3.070488E+000, 5.179270E+000, 5.088064E-001, 5.599731E-001, 3.823204E-001, 5.919195E-001
1.847440E-001, 1.192093E+000, 3.052616E+000, 5.029852E+000, 4.772874E-001, 5.514923E-001, 3.790123E-001, 5.947495E-001
1.847520E-001, 1.091888E+000, 2.923934E+000, 4.782989E+000, 4.412657E-001, 5.528063E-001, 3.787760E-001, 5.980510E-001
1.847600E-001, 1.164450E+000, 2.786316E+000, 4.872314E+000, 4.221292E-001, 5.654677E-001, 3.748772E-001, 5.862597E-001
1.847680E-001, 1.237012E+000, 2.848870E+000, 5.117554E+000, 3.838561E-001, 5.706040E-001, 3.656618E-001, 5.797746E-001
1.847760E-001, 1.226646E+000, 3.052616E+000, 5.174397E+000, 2.994303E-001, 5.764570E-001, 3.573916E-001, 5.863777E-001
1.847840E-001, 1.294026E+000, 3.150914E+000, 5.171149E+000, 3.365777E-001, 5.972410E-001, 3.590456E-001, 5.892075E-001
1.847920E-001, 1.413235E+000, 3.063339E+000, 5.177646E+000, 4.975496E-001, 6.115748E-001, 3.644803E-001, 5.888538E-001
1.848000E-001, 1.404596E+000, 2.940019E+000, 5.086696E+000, 5.943579E-001, 6.056023E-001, 3.611722E-001, 5.848448E-001
1.848080E-001, 1.257744E+000, 2.827423E+000, 4.938902E+000, 5.740957E-001, 6.034523E-001, 3.575097E-001, 5.784776E-001
1.848160E-001, 1.109165E+000, 2.721975E+000, 4.812222E+000, 4.840415E-001, 6.136054E-001, 3.641259E-001, 5.848448E-001
1.848240E-001, 1.045241E+000, 2.741635E+000, 4.719648E+000, 3.984900E-001, 6.140832E-001, 3.715691E-001, 5.919195E-001
1.848320E-001, 1.107437E+000, 2.938232E+000, 4.742386E+000, 3.669710E-001, 6.095441E-001, 3.760586E-001, 5.876747E-001
1.848400E-001, 1.102254E+000, 3.141978E+000, 4.981129E+000, 4.198779E-001, 6.185027E-001, 3.796030E-001, 5.861418E-001
1.848480E-001, 9.830447E-001, 3.174148E+000, 5.218248E+000, 5.301943E-001, 6.279392E-001, 3.779490E-001, 5.867314E-001
1.848560E-001, 1.102254E+000, 3.027594E+000, 5.190639E+000, 5.943579E-001, 6.267447E-001, 3.783034E-001, 5.823687E-001
1.848640E-001, 1.294026E+000, 2.888189E+000, 5.119178E+000, 6.089917E-001, 6.260279E-001, 3.868099E-001, 5.784776E-001
1.848720E-001, 1.131624E+000, 3.029382E+000, 5.200383E+000, 5.470794E-001, 6.325976E-001, 3.985064E-001, 5.756477E-001
1.848800E-001, 9.519467E-001, 3.240277E+000, 5.190639E+000, 3.939873E-001, 6.454980E-001, 4.123294E-001, 5.736431E-001
1.848880E-001, 1.129897E+000, 3.129467E+000, 5.115930E+000, 3.444574E-001, 6.587568E-001, 4.211904E-001, 5.747043E-001
1.848960E-001, 1.352766E+000, 2.988275E+000, 5.213376E+000, 4.221292E-001, 6.632958E-001, 4.144561E-001, 5.691625E-001
1.849040E-001, 1.363132E+000, 3.084786E+000, 5.223121E+000, 4.480198E-001, 6.618624E-001, 4.070129E-001, 5.594937E-001
1.849120E-001, 1.281932E+000, 3.093722E+000, 4.937278E+000, 4.322603E-001, 6.653264E-001, 4.159920E-001, 5.627952E-001
1.849200E-001, 1.147173E+000, 2.990062E+000, 4.732641E+000, 4.378887E-001, 6.716572E-001, 4.272158E-001, 5.683371E-001
1.849280E-001, 9.985937E-001, 2.970402E+000, 4.869066E+000, 4.750361E-001, 6.714183E-001, 4.263888E-001, 5.587862E-001
1.849360E-001, 1.019326E+000, 2.866742E+000, 5.187390E+000, 5.088064E-001, 6.692682E-001, 4.226081E-001, 5.482920E-001
1.849440E-001, 1.245651E+000, 2.847082E+000, 5.364418E+000, 4.243806E-001, 6.745239E-001, 4.273340E-001, 5.512398E-001
1.849520E-001, 1.401141E+000, 3.213468E+000, 5.296206E+000, 3.230695E-001, 6.824075E-001, 4.413933E-001, 5.574892E-001
1.849600E-001, 1.321668E+000, 3.481555E+000, 5.245858E+000, 3.669710E-001, 6.788241E-001, 4.509632E-001, 5.591399E-001
1.849680E-001, 1.266383E+000, 3.213468E+000, 5.273468E+000, 4.705333E-001, 6.652070E-001, 4.490728E-001, 5.607907E-001
1.849760E-001, 1.411507E+000, 2.843508E+000, 5.211752E+000, 6.134945E-001, 6.649681E-001, 4.455285E-001, 5.570175E-001
1.849840E-001, 1.582546E+000, 2.872104E+000, 5.137043E+000, 7.395704E-001, 6.831242E-001, 4.456466E-001, 5.402740E-001
1.849920E-001, 1.580819E+000, 3.097297E+000, 5.161405E+000, 6.866635E-001, 6.918439E-001, 4.524991E-001, 5.304872E-001
1.850000E-001, 1.423601E+000, 3.090148E+000, 5.145164E+000, 5.335713E-001, 6.871855E-001, 4.644318E-001, 5.427501E-001
1.850080E-001, 1.383864E+000, 2.934658E+000, 5.065583E+000, 3.669710E-001, 6.906494E-001, 4.650226E-001, 5.524189E-001
1.850160E-001, 1.397686E+000, 2.975764E+000, 5.098064E+000, 2.082504E-001, 6.978163E-001, 4.560435E-001, 5.401561E-001
1.850240E-001, 1.126441E+000, 3.161638E+000, 5.184142E+000, 2.352667E-001, 6.965024E-001, 4.534442E-001, 5.250633E-001
1.850320E-001, 8.465587E-001, 3.209893E+000, 5.128922E+000, 4.221292E-001, 6.927995E-001, 4.550983E-001, 5.263603E-001
1.850400E-001, 1.015870E+000, 3.011509E+000, 4.968136E+000, 5.346970E-001, 6.998470E-001, 4.594697E-001, 5.330813E-001
1.850480E-001, 1.449516E+000, 2.764869E+000, 4.867442E+000, 4.502712E-001, 7.163308E-001, 4.677399E-001, 5.283648E-001
1.850560E-001, 1.627466E+000, 2.811337E+000, 4.901548E+000, 2.589059E-001, 7.150169E-001, 4.658496E-001, 5.204647E-001
1.850640E-001, 1.414962E+000, 3.061552E+000, 5.016860E+000, 2.352667E-001, 6.993691E-001, 4.517902E-001, 5.209364E-001
1.850720E-001, 1.280204E+000, 3.163425E+000, 5.143539E+000, 3.759764E-001, 7.035499E-001, 4.474188E-001, 5.194035E-001
1.850800E-001, 1.414962E+000, 3.149127E+000, 5.218248E+000, 4.266319E-001, 7.127473E-001, 4.571068E-001, 5.155124E-001
1.850880E-001, 1.425328E+000, 3.013296E+000, 5.202007E+000, 3.804791E-001, 7.062972E-001, 4.581701E-001, 5.183423E-001
1.850960E-001, 1.240468E+000, 2.764869E+000, 5.215000E+000, 3.129385E-001, 7.028332E-001, 4.475369E-001, 5.188140E-001
1.851040E-001, 1.186910E+000, 2.834572E+000, 5.279964E+000, 2.341410E-001, 7.076111E-001, 4.408026E-001, 5.148049E-001
1.851120E-001, 1.271566E+000, 3.147340E+000, 5.255603E+000, 2.544032E-001, 7.127473E-001, 4.406845E-001, 5.161020E-001
1.851200E-001, 1.273293E+000, 3.070488E+000, 5.283213E+000, 4.266319E-001, 7.162114E-001, 4.430474E-001, 5.136258E-001
1.851280E-001, 1.257744E+000, 2.738060E+000, 5.388779E+000, 5.437024E-001, 7.117918E-001, 4.443470E-001, 5.021883E-001
1.851360E-001, 1.306119E+000, 2.813125E+000, 5.366042E+000, 4.300089E-001, 7.058194E-001, 4.437563E-001, 4.965285E-001
1.851440E-001, 1.281932E+000, 3.122318E+000, 5.348177E+000, 2.983046E-001, 7.114334E-001, 4.418660E-001, 4.965285E-001
1.851520E-001, 1.231829E+000, 2.997211E+000, 5.398524E+000, 3.557142E-001, 7.213476E-001, 4.418660E-001, 4.946419E-001
1.851600E-001, 1.164450E+000, 2.627251E+000, 5.401772E+000, 4.041184E-001, 7.249311E-001, 4.510813E-001, 4.977076E-001
1.851680E-001, 1.112620E+000, 2.746997E+000, 5.418013E+000, 3.118128E-001, 7.233782E-001, 4.650226E-001, 5.007734E-001
1.851760E-001, 1.361405E+000, 3.245638E+000, 5.405020E+000, 2.971790E-001, 7.188392E-001, 4.695121E-001, 4.977076E-001
1.851840E-001, 1.551448E+000, 3.295681E+000, 5.383907E+000, 3.658453E-001, 7.170475E-001, 4.649044E-001, 5.018346E-001
1.851920E-001, 1.295753E+000, 2.913211E+000, 5.500843E+000, 3.230695E-001, 7.223032E-001, 4.644318E-001, 5.032495E-001
1.852000E-001, 1.181727E+000, 2.859593E+000, 5.578800E+000, 3.174412E-001, 7.261255E-001, 4.740016E-001, 4.868597E-001
1.852080E-001, 1.363132E+000, 3.072275E+000, 5.468360E+000, 4.300089E-001, 7.263644E-001, 4.843985E-001, 4.820253E-001
1.852160E-001, 1.421873E+000, 2.956105E+000, 5.344929E+000, 4.063697E-001, 7.391454E-001, 4.879429E-001, 4.938166E-001
1.852240E-001, 1.428784E+000, 2.736273E+000, 5.299454E+000, 2.465235E-001, 7.587349E-001, 4.895969E-001, 4.973539E-001
1.852320E-001, 1.354494E+000, 2.982913E+000, 5.234489E+000, 1.823598E-001, 7.612433E-001, 4.942046E-001, 5.043107E-001
1.852400E-001, 1.211097E+000, 3.363596E+000, 5.164653E+000, 2.217585E-001, 7.614822E-001, 4.992849E-001, 5.158662E-001
1.852480E-001, 1.318213E+000, 3.234915E+000, 5.250731E+000, 2.791681E-001, 7.774883E-001, 5.016478E-001, 5.047824E-001
1.852560E-001, 1.439150E+000, 2.757720E+000, 5.439126E+000, 3.849818E-001, 7.840579E-001, 5.044833E-001, 4.845015E-001
1.852640E-001, 1.363132E+000, 2.487846E+000, 5.476481E+000, 5.324456E-001, 7.723520E-001, 5.060192E-001, 4.800208E-001
1.852720E-001, 1.373498E+000, 2.704103E+000, 5.310822E+000, 5.414510E-001, 7.668574E-001, 4.984579E-001, 4.762476E-001
1.852800E-001, 1.395958E+000, 3.086573E+000, 5.133795E+000, 3.388290E-001, 7.716353E-001, 4.871159E-001, 4.689370E-001
1.852880E-001, 1.323396E+000, 3.072275E+000, 5.211752E+000, 2.476491E-001, 7.750993E-001, 4.819174E-001, 4.735356E-001
1.852960E-001, 1.364860E+000, 2.816699E+000, 5.471609E+000, 4.333860E-001, 7.713964E-001, 4.812086E-001, 4.734177E-001
1.853040E-001, 1.471976E+000, 2.807763E+000, 5.538197E+000, 5.425767E-001, 7.682908E-001, 4.775460E-001, 4.580891E-001
1.853120E-001, 1.439150E+000, 2.961466E+000, 5.468360E+000, 4.705333E-001, 7.721131E-001, 4.698665E-001, 4.485382E-001
1.853200E-001, 1.299209E+000, 2.904274E+000, 5.443999E+000, 5.031780E-001, 7.643490E-001, 4.695121E-001, 4.473591E-001
1.853280E-001, 1.237012E+000, 2.689805E+000, 5.312447E+000, 6.033633E-001, 7.467901E-001, 4.670310E-001, 4.491278E-001
1.853360E-001, 1.319941E+000, 2.693379E+000, 5.163029E+000, 5.493308E-001, 7.475068E-001, 4.436381E-001, 4.546697E-001
1.853440E-001, 1.459882E+000, 2.872104E+000, 5.268596E+000, 4.119981E-001, 7.571821E-001, 4.288699E-001, 4.473591E-001
1.853520E-001, 1.599823E+000, 2.900700E+000, 5.452119E+000, 3.455831E-001, 7.540764E-001, 4.403301E-001, 4.328559E-001
1.853600E-001, 1.563542E+000, 2.823848E+000, 5.481353E+000, 3.545885E-001, 7.482235E-001, 4.391486E-001, 4.388694E-001
1.853680E-001, 1.321668E+000, 2.752358E+000, 5.426134E+000, 3.680967E-001, 7.547931E-001, 4.111480E-001, 4.473591E-001
1.853760E-001, 1.292298E+000, 2.745209E+000, 5.414765E+000, 3.613426E-001, 7.682908E-001, 3.844470E-001, 4.376903E-001
1.853840E-001, 1.591185E+000, 2.872104E+000, 5.595041E+000, 3.658453E-001, 7.661407E-001, 3.731050E-001, 4.363933E-001
1.853920E-001, 1.795050E+000, 3.007935E+000, 5.812671E+000, 3.771021E-001, 7.494180E-001, 3.675521E-001, 4.473591E-001
1.854000E-001, 1.625738E+000, 3.041892E+000, 5.757451E+000, 3.827305E-001, 7.411760E-001, 3.622355E-001, 4.474770E-001
1.854080E-001, 1.211097E+000, 2.957892E+000, 5.556062E+000, 3.714737E-001, 7.411760E-001, 3.595182E-001, 4.446471E-001
1.854160E-001, 9.968661E-001, 2.906062E+000, 5.414765E+000, 3.917359E-001, 7.372342E-001, 3.592819E-001, 4.544339E-001
1.854240E-001, 1.150629E+000, 2.950743E+000, 5.359546E+000, 4.491455E-001, 7.289923E-001, 3.602271E-001, 4.635131E-001
1.854320E-001, 1.375226E+000, 2.877466E+000, 5.468360E+000, 3.557142E-001, 7.218254E-001, 3.563282E-001, 4.574996E-001
1.854400E-001, 1.527261E+000, 2.877466E+000, 5.651885E+000, 1.879882E-001, 7.158530E-001, 3.456951E-001, 4.499532E-001
1.854480E-001, 1.520350E+000, 3.145552E+000, 5.676246E+000, 2.442721E-001, 7.068944E-001, 3.409693E-001, 4.551413E-001
1.854560E-001, 1.300936E+000, 3.277809E+000, 5.502467E+000, 4.345117E-001, 6.972191E-001, 3.445137E-001, 4.596220E-001
1.854640E-001, 1.173089E+000, 3.111595E+000, 5.375787E+000, 5.785984E-001, 6.887383E-001, 3.429778E-001, 4.533726E-001
1.854720E-001, 1.271566E+000, 2.877466E+000, 5.486226E+000, 6.191229E-001, 6.837214E-001, 3.397878E-001, 4.527831E-001
1.854800E-001, 1.423601E+000, 2.779167E+000, 5.718472E+000, 5.166861E-001, 6.796602E-001, 3.490032E-001, 4.635131E-001
1.854880E-001, 1.428784E+000, 2.864955E+000, 5.820791E+000, 4.468941E-001, 6.693876E-001, 3.597545E-001, 4.648101E-001
1.854960E-001, 1.230102E+000, 2.954317E+000, 5.627523E+000, 5.121834E-001, 6.572040E-001, 3.552649E-001, 4.450009E-001
1.855040E-001, 1.221463E+000, 2.950743E+000, 5.310822E+000, 4.874185E-001, 6.513510E-001, 3.504210E-001, 4.244841E-001
1.855120E-001, 1.437422E+000, 2.870317E+000, 5.172773E+000, 3.354520E-001, 6.493204E-001, 3.591638E-001, 4.310872E-001
1.855200E-001, 1.366588E+000, 2.755933E+000, 5.229617E+000, 3.332007E-001, 6.420341E-001, 3.675521E-001, 4.526652E-001
1.855280E-001, 1.148901E+000, 2.757720E+000, 5.353049E+000, 4.727847E-001, 6.353449E-001, 3.643622E-001, 4.572637E-001
1.855360E-001, 1.204187E+000, 2.956105E+000, 5.502467E+000, 4.423914E-001, 6.389284E-001, 3.635352E-001, 4.453546E-001
1.855440E-001, 1.383864E+000, 3.206319E+000, 5.690863E+000, 2.949276E-001, 6.397645E-001, 3.826748E-001, 4.321484E-001
1.855520E-001, 1.401141E+000, 3.290319E+000, 5.780189E+000, 2.780424E-001, 6.305670E-001, 4.084306E-001, 4.200035E-001
1.855600E-001, 1.259472E+000, 3.154489E+000, 5.703856E+000, 3.163155E-001, 6.265058E-001, 4.163464E-001, 4.077406E-001
1.855680E-001, 1.197276E+000, 2.909636E+000, 5.661629E+000, 2.904249E-001, 6.253113E-001, 4.092577E-001, 3.983076E-001
1.855760E-001, 1.328579E+000, 2.730911E+000, 5.562559E+000, 2.352667E-001, 6.168305E-001, 4.066584E-001, 3.986613E-001
1.855840E-001, 1.473703E+000, 2.782742E+000, 5.322191E+000, 2.071247E-001, 6.157554E-001, 4.119750E-001, 4.036137E-001
1.855920E-001, 1.520350E+000, 2.990062E+000, 5.343305E+000, 2.352667E-001, 6.238779E-001, 4.132746E-001, 3.941807E-001
1.856000E-001, 1.470248E+000, 2.981126E+000, 5.577176E+000, 3.253209E-001, 6.213695E-001, 4.116206E-001, 3.762580E-001
1.856080E-001, 1.319941E+000, 2.816699E+000, 5.525204E+000, 4.041184E-001, 6.155165E-001, 4.109117E-001, 3.708341E-001
1.856160E-001, 1.276749E+000, 2.948956E+000, 5.356297E+000, 3.512115E-001, 6.239973E-001, 4.087851E-001, 3.777909E-001
1.856240E-001, 1.404596E+000, 3.145552E+000, 5.448871E+000, 2.983046E-001, 6.352255E-001, 4.148105E-001, 3.860447E-001
1.856320E-001, 1.459882E+000, 2.991849E+000, 5.598289E+000, 3.996156E-001, 6.342699E-001, 4.273340E-001, 3.861626E-001
1.856400E-001, 1.558359E+000, 2.854231E+000, 5.603161E+000, 4.626536E-001, 6.235195E-001, 4.301695E-001, 3.737819E-001
1.856480E-001, 1.703483E+000, 3.068701E+000, 5.494346E+000, 3.928616E-001, 6.126498E-001, 4.287517E-001, 3.664713E-001
1.856560E-001, 1.535899E+000, 3.231340E+000, 5.388779E+000, 3.489601E-001, 6.071551E-001, 4.320598E-001, 3.762580E-001
1.856640E-001, 1.330307E+000, 3.063339E+000, 5.461864E+000, 3.714737E-001, 5.974799E-001, 4.318235E-001, 3.852193E-001
1.856720E-001, 1.430511E+000, 2.995424E+000, 5.668126E+000, 3.894846E-001, 5.837433E-001, 4.305239E-001, 3.825074E-001
1.856800E-001, 1.492708E+000, 3.236702E+000, 5.833784E+000, 3.725994E-001, 5.796821E-001, 4.371401E-001, 3.742535E-001
1.856880E-001, 1.539355E+000, 3.297468E+000, 5.832160E+000, 3.286979E-001, 5.845795E-001, 4.413933E-001, 3.668250E-001
1.856960E-001, 1.720760E+000, 2.991849E+000, 5.656757E+000, 2.971790E-001, 5.835044E-001, 4.307602E-001, 3.645847E-001
1.857040E-001, 1.656836E+000, 2.830997E+000, 5.521956E+000, 3.005560E-001, 5.695290E-001, 4.146924E-001, 3.677683E-001
1.857120E-001, 1.376954E+000, 3.115169E+000, 5.560935E+000, 3.196925E-001, 5.538813E-001, 4.112661E-001, 3.707162E-001
1.857200E-001, 1.247378E+000, 3.326064E+000, 5.707104E+000, 3.613426E-001, 5.499395E-001, 4.187093E-001, 3.726027E-001
1.857280E-001, 1.271566E+000, 3.097297E+000, 5.798054E+000, 4.255062E-001, 5.523284E-001, 4.278066E-001, 3.742535E-001
1.857360E-001, 1.435694E+000, 2.857806E+000, 5.755827E+000, 4.232549E-001, 5.467144E-001, 4.332413E-001, 3.688295E-001
1.857440E-001, 1.606734E+000, 2.881040E+000, 5.716848E+000, 3.635940E-001, 5.330973E-001, 4.255618E-001, 3.668250E-001
1.857520E-001, 1.554904E+000, 3.027594E+000, 5.671374E+000, 3.771021E-001, 5.272443E-001, 4.156375E-001, 3.743714E-001
1.857600E-001, 1.511712E+000, 3.183085E+000, 5.716848E+000, 4.131238E-001, 5.301111E-001, 4.207178E-001, 3.760222E-001
1.857680E-001, 1.689662E+000, 3.254575E+000, 6.035173E+000, 3.500858E-001, 5.246165E-001, 4.291062E-001, 3.775550E-001
1.857760E-001, 1.800233E+000, 3.152701E+000, 6.137492E+000, 3.106871E-001, 5.119550E-001, 4.350135E-001, 3.836865E-001
1.857840E-001, 1.691390E+000, 2.972190E+000, 5.811047E+000, 4.243806E-001, 5.087299E-001, 4.413933E-001, 3.808566E-001
1.857920E-001, 1.587730E+000, 3.002573E+000, 5.755827E+000, 5.054294E-001, 5.068187E-001, 4.383216E-001, 3.735460E-001
1.858000E-001, 1.554904E+000, 3.165212E+000, 6.012435E+000, 4.029927E-001, 4.937988E-001, 4.312328E-001, 3.637593E-001
1.858080E-001, 1.518623E+000, 3.131254E+000, 5.924734E+000, 3.039330E-001, 4.842430E-001, 4.313509E-001, 3.527935E-001
1.858160E-001, 1.579091E+000, 3.056190E+000, 5.614530E+000, 3.219439E-001, 4.801817E-001, 4.263888E-001, 3.551517E-001
1.858240E-001, 1.791595E+000, 3.234915E+000, 5.541445E+000, 3.984900E-001, 4.654896E-001, 4.106754E-001, 3.584533E-001
1.858320E-001, 1.986822E+000, 3.399341E+000, 5.573927E+000, 4.491455E-001, 4.509169E-001, 3.960253E-001, 3.496099E-001
1.858400E-001, 1.926353E+000, 3.236702E+000, 5.611282E+000, 4.266319E-001, 4.469751E-001, 3.923628E-001, 3.483128E-001
1.858480E-001, 1.586002E+000, 3.063339E+000, 5.789933E+000, 4.255062E-001, 4.395694E-001, 3.998060E-001, 3.624623E-001
1.858560E-001, 1.370043E+000, 3.141978E+000, 5.897124E+000, 4.513968E-001, 4.291773E-001, 4.097302E-001, 3.747252E-001
1.858640E-001, 1.503074E+000, 3.272447E+000, 5.804550E+000, 4.221292E-001, 4.251161E-001, 4.188275E-001, 3.748431E-001
1.858720E-001, 1.701756E+000, 3.361809E+000, 5.733089E+000, 4.232549E-001, 4.192632E-001, 4.210722E-001, 3.726027E-001
1.858800E-001, 1.848608E+000, 3.370745E+000, 5.737962E+000, 4.682820E-001, 4.097073E-001, 4.119750E-001, 3.823895E-001
1.858880E-001, 1.943630E+000, 3.224191E+000, 5.825664E+000, 3.748507E-001, 4.099462E-001, 4.037048E-001, 3.907612E-001
1.858960E-001, 1.814054E+000, 3.043679E+000, 5.884131E+000, 2.150045E-001, 4.149630E-001, 4.005148E-001, 3.872239E-001
1.859040E-001, 1.606734E+000, 2.963253E+000, 5.677870E+000, 2.645343E-001, 4.076767E-001, 4.000423E-001, 3.904075E-001
1.859120E-001, 1.558359E+000, 3.057977E+000, 5.494346E+000, 4.018670E-001, 3.982403E-001, 4.052407E-001, 4.001942E-001
1.859200E-001, 1.615372E+000, 3.311766E+000, 5.638892E+000, 3.894846E-001, 4.046905E-001, 4.052407E-001, 4.011375E-001
1.859280E-001, 1.717305E+000, 3.517300E+000, 5.837032E+000, 3.759764E-001, 4.168742E-001, 3.892910E-001, 3.991330E-001
1.859360E-001, 1.700028E+000, 3.547683E+000, 5.877635E+000, 4.806645E-001, 4.171131E-001, 3.716872E-001, 4.065615E-001
1.859440E-001, 1.480614E+000, 3.433299E+000, 5.819167E+000, 5.414510E-001, 4.064822E-001, 3.608178E-001, 4.172915E-001
1.859520E-001, 1.387320E+000, 3.293894E+000, 5.772068E+000, 4.750361E-001, 3.939401E-001, 3.504210E-001, 4.141079E-001
1.859600E-001, 1.452971E+000, 3.197383E+000, 5.838656E+000, 4.131238E-001, 3.858176E-001, 3.422689E-001, 4.012554E-001
1.859680E-001, 1.477159E+000, 3.147340E+000, 5.885756E+000, 3.771021E-001, 3.763812E-001, 3.357708E-001, 4.006658E-001
1.859760E-001, 1.554904E+000, 3.256362E+000, 5.760699E+000, 2.487748E-001, 3.622864E-001, 3.225385E-001, 4.137541E-001
1.859840E-001, 1.608462E+000, 3.386831E+000, 5.632395E+000, 1.722287E-001, 3.548806E-001, 3.049348E-001, 4.216542E-001
1.859920E-001, 1.530716E+000, 3.313554E+000, 5.742834E+000, 2.769168E-001, 3.560750E-001, 2.950105E-001, 4.236588E-001
1.860000E-001, 1.409779E+000, 3.290319E+000, 6.018932E+000, 3.264466E-001, 3.517749E-001, 2.958375E-001, 4.283752E-001
1.860080E-001, 1.328579E+000, 3.388618E+000, 6.046542E+000, 2.667857E-001, 3.356494E-001, 2.909935E-001, 4.295544E-001
1.860160E-001, 1.606734E+000, 3.272447E+000, 5.752579E+000, 2.825451E-001, 3.161794E-001, 2.705543E-001, 4.313231E-001
1.860240E-001, 2.100848E+000, 3.106233E+000, 5.695735E+000, 3.084357E-001, 3.080569E-001, 2.641744E-001, 4.408739E-001
1.860320E-001, 2.090482E+000, 3.163425E+000, 6.002691E+000, 2.735397E-001, 3.149849E-001, 2.859133E-001, 4.485382E-001
1.860400E-001, 1.744948E+000, 3.254575E+000, 6.142364E+000, 2.802938E-001, 3.146265E-001, 2.926476E-001, 4.517219E-001
1.860480E-001, 1.674113E+000, 3.286745E+000, 5.945848E+000, 3.039330E-001, 2.950370E-001, 2.720902E-001, 4.547876E-001
1.860560E-001, 1.691390E+000, 3.301043E+000, 5.770444E+000, 2.622829E-001, 2.775976E-001, 2.609845E-001, 4.549055E-001
1.860640E-001, 1.668930E+000, 3.284958E+000, 5.798054E+000, 2.105018E-001, 2.717446E-001, 2.625203E-001, 4.511323E-001
1.860720E-001, 1.772590E+000, 3.222404E+000, 5.828912E+000, 2.600316E-001, 2.629055E-001, 2.579127E-001, 4.483024E-001
1.860800E-001, 1.746675E+000, 3.072275E+000, 5.794806E+000, 3.748507E-001, 2.459438E-001, 2.521235E-001, 4.484203E-001
1.860880E-001, 1.497891E+000, 2.981126E+000, 5.726593E+000, 3.512115E-001, 2.324462E-001, 2.549590E-001, 4.518398E-001
1.860960E-001, 1.378681E+000, 3.138403E+000, 5.609658E+000, 1.744801E-001, 2.300572E-001, 2.533050E-001, 4.558488E-001
1.861040E-001, 1.466793E+000, 3.347511E+000, 5.609658E+000, 1.452124E-001, 2.319684E-001, 2.390093E-001, 4.525473E-001
1.861120E-001, 1.565270E+000, 3.283170E+000, 5.814295E+000, 3.208182E-001, 2.264738E-001, 2.336927E-001, 4.418172E-001
1.861200E-001, 1.549721E+000, 3.090148E+000, 5.989698E+000, 3.680967E-001, 2.139317E-001, 2.385367E-001, 4.413456E-001
1.861280E-001, 1.501346E+000, 3.116956E+000, 5.936103E+000, 2.521518E-001, 1.998368E-001, 2.295576E-001, 4.569100E-001
1.861360E-001, 1.556631E+000, 3.243851E+000, 5.824039E+000, 2.600316E-001, 1.872948E-001, 2.160890E-001, 4.610369E-001
1.861440E-001, 1.712122E+000, 3.247426E+000, 5.936103E+000, 3.275723E-001, 1.789334E-001, 2.150257E-001, 4.459442E-001
1.861520E-001, 1.758769E+000, 3.224191E+000, 6.059535E+000, 2.667857E-001, 1.698553E-001, 2.149075E-001, 4.441755E-001
1.861600E-001, 1.513440E+000, 3.272447E+000, 5.940975E+000, 2.048734E-001, 1.576716E-001, 2.085276E-001, 4.564384E-001
1.861680E-001, 1.275021E+000, 3.365384E+000, 5.936103E+000, 2.251356E-001, 1.489519E-001, 1.984852E-001, 4.525473E-001
1.861760E-001, 1.366588E+000, 3.383256E+000, 6.122875E+000, 2.172558E-001, 1.473991E-001, 1.885610E-001, 4.388694E-001
1.861840E-001, 1.541082E+000, 3.211681E+000, 6.156981E+000, 2.386437E-001, 1.471602E-001, 1.883247E-001, 4.395769E-001
1.861920E-001, 1.601551E+000, 3.018658E+000, 6.007563E+000, 3.624683E-001, 1.371265E-001, 1.956497E-001, 4.457083E-001
1.862000E-001, 1.663747E+000, 3.088361E+000, 5.768820E+000, 4.108724E-001, 1.255400E-001, 1.960042E-001, 4.386336E-001
1.862080E-001, 1.679296E+000, 3.342149E+000, 5.585296E+000, 3.050587E-001, 1.310347E-001, 1.872614E-001, 4.275498E-001
1.862160E-001, 1.601551E+000, 3.402916E+000, 5.677870E+000, 3.118128E-001, 1.370071E-001, 1.784004E-001, 4.262528E-001
1.862240E-001, 1.646470E+000, 3.217042E+000, 5.876011E+000, 5.031780E-001, 1.254206E-001, 1.765101E-001, 4.258991E-001
1.862320E-001, 1.820965E+000, 3.168787E+000, 5.882507E+000, 5.223145E-001, 1.205232E-001, 1.793456E-001, 4.176452E-001
1.862400E-001, 1.831331E+000, 3.438661E+000, 5.809422E+000, 3.219439E-001, 1.294818E-001, 1.807633E-001, 4.112779E-001
1.862480E-001, 1.656836E+000, 3.744280E+000, 5.775316E+000, 2.487748E-001, 1.275707E-001, 1.835988E-001, 4.168198E-001
1.862560E-001, 1.478886E+000, 3.776450E+000, 5.694111E+000, 3.635940E-001, 1.204038E-001, 1.856073E-001, 4.235408E-001
1.862640E-001, 1.459882E+000, 3.604875E+000, 5.723345E+000, 4.626536E-001, 1.253012E-001, 1.797000E-001, 4.141079E-001
1.862720E-001, 1.643015E+000, 3.522661E+000, 5.944223E+000, 3.827305E-001, 1.260178E-001, 1.733201E-001, 3.951240E-001
1.862800E-001, 1.834786E+000, 3.474406E+000, 5.971833E+000, 2.442721E-001, 1.122813E-001, 1.766282E-001, 3.871059E-001
1.862880E-001, 1.876251E+000, 3.374320E+000, 5.752579E+000, 2.859222E-001, 1.002170E-001, 1.838351E-001, 3.861626E-001
1.862960E-001, 1.800233E+000, 3.399341E+000, 5.718472E+000, 3.545885E-001, 9.484187E-002, 1.809996E-001, 3.782625E-001
1.863040E-001, 1.763952E+000, 3.510151E+000, 5.848401E+000, 3.106871E-001, 9.484187E-002, 1.734383E-001, 3.761401E-001
1.863120E-001, 1.791595E+000, 3.542321E+000, 5.895500E+000, 2.802938E-001, 9.758917E-002, 1.771008E-001, 3.847477E-001
1.863200E-001, 1.712122E+000, 3.370745E+000, 5.976705E+000, 2.589059E-001, 9.436407E-002, 1.860799E-001, 3.800312E-001
1.863280E-001, 1.561814E+000, 3.084786E+000, 6.092017E+000, 2.611573E-001, 9.281124E-002, 1.866706E-001, 3.661176E-001
1.863360E-001, 1.563542E+000, 3.218830E+000, 5.957216E+000, 3.894846E-001, 9.042228E-002, 1.841896E-001, 3.696549E-001
1.863440E-001, 1.684479E+000, 3.640620E+000, 5.661629E+000, 5.189375E-001, 7.620794E-002, 1.906876E-001, 3.796775E-001
1.863520E-001, 1.700028E+000, 3.619173E+000, 5.674622E+000, 4.817901E-001, 7.023554E-002, 2.020296E-001, 3.738998E-001
1.863600E-001, 1.627466E+000, 3.377894E+000, 5.966961E+000, 3.354520E-001, 7.023554E-002, 2.087639E-001, 3.601040E-001
1.863680E-001, 1.701756E+000, 3.415426E+000, 5.986450E+000, 2.780424E-001, 6.701043E-002, 2.126628E-001, 3.522039E-001
1.863760E-001, 1.817510E+000, 3.422575E+000, 5.697359E+000, 3.827305E-001, 7.465512E-002, 2.219963E-001, 3.519681E-001
1.863840E-001, 1.687934E+000, 3.168787E+000, 5.577176E+000, 3.917359E-001, 7.071333E-002, 2.277854E-001, 3.524397E-001
1.863920E-001, 1.452971E+000, 3.032956E+000, 5.767196E+000, 2.420207E-001, 4.730148E-002, 2.203422E-001, 3.474874E-001
1.864000E-001, 1.459882E+000, 3.208106E+000, 5.905245E+000, 2.251356E-001, 4.777928E-002, 2.199878E-001, 3.402948E-001
1.864080E-001, 1.655109E+000, 3.376107E+000, 5.781813E+000, 3.095614E-001, 6.820492E-002, 2.359375E-001, 3.323947E-001
1.864160E-001, 1.615372E+000, 3.427937E+000, 5.655133E+000, 3.219439E-001, 6.712988E-002, 2.521235E-001, 3.216646E-001
1.864240E-001, 1.395958E+000, 3.526236E+000, 5.707104E+000, 2.611573E-001, 5.279610E-002, 2.647651E-001, 3.168302E-001
1.864320E-001, 1.544538E+000, 3.578066E+000, 5.798054E+000, 1.429611E-001, 5.327389E-002, 2.749257E-001, 3.226079E-001
1.864400E-001, 1.922898E+000, 3.460108E+000, 5.866266E+000, 1.350814E-001, 5.745458E-002, 2.787063E-001, 3.277961E-001
1.864480E-001, 1.959179E+000, 3.352873E+000, 5.910117E+000, 2.701627E-001, 4.945155E-002, 2.834322E-001, 3.208393E-001
1.864560E-001, 1.684479E+000, 3.481555E+000, 5.869514E+000, 3.016817E-001, 4.383749E-002, 2.879217E-001, 3.101092E-001
1.864640E-001, 1.506529E+000, 3.731769E+000, 5.752579E+000, 2.138788E-001, 4.801817E-002, 2.782338E-001, 3.090480E-001
1.864720E-001, 1.575636E+000, 3.810408E+000, 5.606410E+000, 1.575949E-001, 5.148217E-002, 2.706724E-001, 3.096376E-001
1.864800E-001, 1.651653E+000, 3.645981E+000, 5.557686E+000, 1.924909E-001, 5.578231E-002, 2.826052E-001, 3.027987E-001
1.864880E-001, 1.544538E+000, 3.402916E+000, 5.713600E+000, 2.690370E-001, 5.912685E-002, 2.887488E-001, 2.973747E-001
1.864960E-001, 1.511712E+000, 3.320703E+000, 5.900373E+000, 2.577802E-001, 5.422948E-002, 2.829596E-001, 2.960777E-001
1.865040E-001, 1.693117E+000, 3.472618E+000, 5.976705E+000, 1.553435E-001, 5.411003E-002, 2.895758E-001, 2.930120E-001
1.865120E-001, 1.805416E+000, 3.654917E+000, 6.048166E+000, 1.497152E-001, 6.402423E-002, 3.023356E-001, 2.984359E-001
1.865200E-001, 1.762224E+000, 3.687088E+000, 6.056286E+000, 2.363923E-001, 6.880216E-002, 2.979642E-001, 3.119958E-001
1.865280E-001, 1.643015E+000, 3.604875E+000, 5.893876E+000, 2.285126E-001, 5.554341E-002, 2.816600E-001, 3.094018E-001
1.865360E-001, 1.509984E+000, 3.545896E+000, 5.718472E+000, 2.048734E-001, 3.559556E-002, 2.750438E-001, 2.948986E-001
1.865440E-001, 1.592913E+000, 3.558406E+000, 5.689239E+000, 2.622829E-001, 4.335969E-002, 2.831959E-001, 2.931299E-001
1.865520E-001, 1.848608E+000, 3.613811E+000, 5.817543E+000, 2.453978E-001, 6.927995E-002, 2.894576E-001, 3.045674E-001
1.865600E-001, 1.827876E+000, 3.599513E+000, 5.981577E+000, 1.722287E-001, 6.999664E-002, 2.829596E-001, 3.177736E-001
1.865680E-001, 1.641287E+000, 3.510151E+000, 5.996194E+000, 2.093761E-001, 5.984354E-002, 2.775249E-001, 3.202497E-001
1.865760E-001, 1.784684E+000, 3.486917E+000, 5.903621E+000, 2.802938E-001, 6.796602E-002, 2.849681E-001, 3.052748E-001
1.865840E-001, 2.017920E+000, 3.442235E+000, 5.905245E+000, 2.780424E-001, 7.680519E-002, 2.946561E-001, 2.887671E-001
1.865920E-001, 1.962634E+000, 3.415426E+000, 5.950720E+000, 2.476491E-001, 7.967194E-002, 2.927657E-001, 2.882955E-001
1.866000E-001, 1.814054E+000, 3.672790E+000, 5.864642E+000, 2.499005E-001, 7.776077E-002, 2.816600E-001, 2.937194E-001
1.866080E-001, 1.713850E+000, 3.826493E+000, 5.729841E+000, 2.780424E-001, 5.876851E-002, 2.743349E-001, 2.945448E-001
1.866160E-001, 1.751858E+000, 3.526236E+000, 5.837032E+000, 2.499005E-001, 4.646534E-002, 2.749257E-001, 2.983180E-001
1.866240E-001, 1.936719E+000, 3.249213E+000, 6.095265E+000, 1.823598E-001, 5.446837E-002, 2.737442E-001, 3.010300E-001
1.866320E-001, 1.950540E+000, 3.200957E+000, 6.075776E+000, 2.161302E-001, 5.028769E-002, 2.694910E-001, 2.959598E-001
1.866400E-001, 1.817510E+000, 3.233128E+000, 5.932855E+000, 3.500858E-001, 4.539031E-002, 2.704361E-001, 2.966672E-001
1.866480E-001, 1.812327E+000, 3.424363E+000, 5.970209E+000, 4.176265E-001, 6.378534E-002, 2.719720E-001, 3.051569E-001
1.866560E-001, 1.819237E+000, 3.592364E+000, 5.884131E+000, 3.782278E-001, 7.381898E-002, 2.676006E-001, 3.052748E-001
1.866640E-001, 1.706939E+000, 3.547683E+000, 5.645388E+000, 3.253209E-001, 6.259085E-002, 2.639381E-001, 2.970210E-001
1.866720E-001, 1.629194E+000, 3.485129E+000, 5.705480E+000, 3.230695E-001, 4.813762E-002, 2.645288E-001, 2.946627E-001
1.866800E-001, 1.675841E+000, 3.563768E+000, 5.965337E+000, 3.478345E-001, 3.690949E-002, 2.660647E-001, 2.998509E-001
1.866880E-001, 1.758769E+000, 3.640620E+000, 5.983202E+000, 2.431464E-001, 3.619280E-002, 2.646470E-001, 3.078689E-001
1.866960E-001, 1.789867E+000, 3.506576E+000, 5.817543E+000, 4.952983E-002, 4.025404E-002, 2.582671E-001, 3.185989E-001
1.867040E-001, 1.663747E+000, 3.352873E+000, 5.833784E+000, 1.114421E-001, 3.010094E-002, 2.518872E-001, 3.230796E-001
1.867120E-001, 1.587730E+000, 3.413639E+000, 6.015684E+000, 3.354520E-001, 1.385599E-002, 2.505876E-001, 3.160048E-001
1.867200E-001, 1.896983E+000, 3.445810E+000, 6.025428E+000, 2.690370E-001, 1.266151E-002, 2.529505E-001, 3.070435E-001
1.867280E-001, 2.087026E+000, 3.420788E+000, 5.965337E+000, 6.303796E-002, 2.329240E-002, 2.549590E-001, 3.030345E-001
1.867360E-001, 1.694845E+000, 3.644194E+000, 6.105010E+000, 1.305786E-001, 3.272881E-002, 2.510602E-001, 3.057465E-001
1.867440E-001, 1.370043E+000, 3.887259E+000, 6.181343E+000, 2.577802E-001, 3.356494E-002, 2.444440E-001, 3.131750E-001
1.867520E-001, 1.568725E+000, 3.717471E+000, 6.001067E+000, 1.902396E-001, 1.970895E-002, 2.469251E-001, 3.180094E-001
1.867600E-001, 1.872795E+000, 3.426150E+000, 5.781813E+000, 2.003707E-001, 3.822342E-003, 2.504695E-001, 3.176556E-001
1.867680E-001, 1.974728E+000, 3.381469E+000, 5.664877E+000, 3.219439E-001, 5.614065E-003, 2.410178E-001, 3.194243E-001
1.867760E-001, 2.012737E+000, 3.349298E+000, 5.711976E+000, 2.679113E-001, 1.863392E-002, 2.371190E-001, 3.237871E-001
1.867840E-001, 2.014464E+000, 3.279596E+000, 5.822415E+000, 1.395841E-001, 3.248991E-002, 2.481065E-001, 3.237871E-001
1.867920E-001, 1.872795E+000, 3.440448E+000, 5.814295E+000, 1.947423E-001, 4.371804E-002, 2.503513E-001, 3.248483E-001
1.868000E-001, 1.722488E+000, 3.665641E+000, 5.815919E+000, 3.354520E-001, 3.559556E-002, 2.451529E-001, 3.338096E-001
1.868080E-001, 1.679296E+000, 3.563768E+000, 5.843529E+000, 3.827305E-001, 7.644684E-003, 2.473977E-001, 3.401769E-001
1.868160E-001, 1.717305E+000, 3.379682E+000, 5.812671E+000, 3.545885E-001, -1.421434E-002, 2.509421E-001, 3.318051E-001
1.868240E-001, 1.869340E+000, 3.515512E+000, 5.853273E+000, 2.600316E-001, -1.696164E-002, 2.510602E-001, 3.206034E-001
1.868320E-001, 1.962634E+000, 3.595938E+000, 5.893876E+000, 1.620976E-001, -5.972410E-003, 2.491699E-001, 3.198960E-001
1.868400E-001, 1.895255E+000, 3.433299E+000, 5.913365E+000, 1.666003E-001, 8.719718E-003, 2.433807E-001, 3.144720E-001
1.868480E-001, 1.881434E+000, 3.381469E+000, 6.077400E+000, 1.744801E-001, 1.313930E-002, 2.327476E-001, 3.062181E-001
1.868560E-001, 1.974728E+000, 3.420788E+000, 6.195960E+000, 1.936166E-001, 2.747308E-003, 2.268403E-001, 3.163586E-001
1.868640E-001, 2.016192E+000, 3.442235E+000, 6.088768E+000, 3.196925E-001, -5.972410E-003, 2.336927E-001, 3.259095E-001
1.868720E-001, 1.943630E+000, 3.538747E+000, 5.952344E+000, 4.311346E-001, -7.525236E-003, 2.398363E-001, 3.173019E-001
1.868800E-001, 1.895255E+000, 3.710322E+000, 5.927982E+000, 4.446428E-001, -1.505047E-002, 2.378279E-001, 3.145899E-001
1.868880E-001, 1.971272E+000, 3.678152E+000, 5.895500E+000, 3.771021E-001, -1.887281E-002, 2.366464E-001, 3.236691E-001
1.868960E-001, 2.050745E+000, 3.374320E+000, 5.776940E+000, 2.532775E-001, -1.218372E-002, 2.354649E-001, 3.250841E-001
1.869040E-001, 2.011009E+000, 3.276021E+000, 5.833784E+000, 1.756057E-001, -1.421434E-002, 2.367645E-001, 3.197781E-001
1.869120E-001, 1.862429E+000, 3.431512E+000, 6.122875E+000, 1.924909E-001, -2.627860E-002, 2.449166E-001, 3.209572E-001
1.869200E-001, 1.753586E+000, 3.510151E+000, 6.194335E+000, 2.476491E-001, -3.296770E-002, 2.443259E-001, 3.274423E-001
1.869280E-001, 1.715577E+000, 3.649556E+000, 5.924734E+000, 2.566546E-001, -2.938426E-002, 2.326294E-001, 3.266169E-001
1.869360E-001, 1.575636E+000, 3.776450E+000, 5.720097E+000, 2.273869E-001, -2.078399E-002, 2.273128E-001, 3.145899E-001
1.869440E-001, 1.565270E+000, 3.635258E+000, 5.754203E+000, 2.453978E-001, -2.018674E-002, 2.279036E-001, 3.059823E-001
1.869520E-001, 1.803688E+000, 3.520874E+000, 5.871139E+000, 1.913652E-001, -2.365074E-002, 2.280217E-001, 3.110525E-001
1.869600E-001, 1.819237E+000, 3.620960E+000, 5.931231E+000, 5.853525E-002, -1.505047E-002, 2.340472E-001, 3.169481E-001
1.869680E-001, 1.703483E+000, 3.747854E+000, 5.877635E+000, 1.136935E-001, -9.197511E-003, 2.459799E-001, 3.109346E-001
1.869760E-001, 1.872795E+000, 3.735344E+000, 5.908493E+000, 2.701627E-001, -1.636440E-002, 2.477521E-001, 3.033882E-001
1.869840E-001, 2.005826E+000, 3.597726E+000, 6.105010E+000, 2.611573E-001, -1.493102E-002, 2.336927E-001, 3.092839E-001
1.869920E-001, 1.883161E+000, 3.510151E+000, 6.014060E+000, 2.273869E-001, -5.614065E-003, 2.316843E-001, 3.178914E-001
1.870000E-001, 1.860702E+000, 3.456533E+000, 5.664877E+000, 3.545885E-001, -7.883580E-003, 2.523598E-001, 3.122317E-001
1.870080E-001, 2.050745E+000, 3.451171E+000, 5.757451E+000, 4.525225E-001, -1.982840E-002, 2.653559E-001, 2.996151E-001
1.870160E-001, 2.140584E+000, 3.579853E+000, 6.069279E+000, 3.208182E-001, -3.392329E-002, 2.628748E-001, 2.948986E-001
1.870240E-001, 2.009281E+000, 3.615598E+000, 5.937727E+000, 1.069394E-001, -3.894011E-002, 2.615752E-001, 2.984359E-001
1.870320E-001, 1.874523E+000, 3.510151E+000, 5.679494E+000, 1.181962E-001, -3.081763E-002, 2.590941E-001, 3.056286E-001
1.870400E-001, 1.786412E+000, 3.463682E+000, 5.750955E+000, 3.106871E-001, -2.687584E-002, 2.574401E-001, 3.142362E-001
1.870480E-001, 1.729398E+000, 3.533385E+000, 5.953968E+000, 3.455831E-001, -2.472578E-002, 2.640563E-001, 3.189526E-001
1.870560E-001, 1.777773E+000, 3.740705E+000, 5.966961E+000, 2.667857E-001, -1.839502E-002, 2.666555E-001, 3.144720E-001
1.870640E-001, 1.829603E+000, 3.844366E+000, 5.798054E+000, 2.634086E-001, -2.627860E-002, 2.625203E-001, 3.084585E-001
1.870720E-001, 1.812327E+000, 3.678152E+000, 5.736338E+000, 2.003707E-001, -3.834287E-002, 2.655922E-001, 3.137645E-001
1.870800E-001, 1.791595E+000, 3.545896E+000, 5.851649E+000, 1.350814E-001, -3.105653E-002, 2.794152E-001, 3.236691E-001
1.870880E-001, 1.758769E+000, 3.436873E+000, 5.877635E+000, 2.251356E-001, -1.863392E-002, 2.932383E-001, 3.280319E-001
1.870960E-001, 1.596368E+000, 3.270660E+000, 5.741210E+000, 2.330153E-001, -1.982840E-002, 2.911117E-001, 3.288573E-001
1.871040E-001, 1.487525E+000, 3.360022E+000, 5.606410E+000, 1.193219E-001, -2.651750E-002, 2.791789E-001, 3.175377E-001
1.871120E-001, 1.762224E+000, 3.601300E+000, 5.621027E+000, 2.014963E-001, -2.078399E-002, 2.791789E-001, 2.993792E-001
1.871200E-001, 2.128490E+000, 3.603087E+000, 5.796430E+000, 3.725994E-001, -5.494617E-003, 2.872128E-001, 3.003225E-001
1.871280E-001, 2.100848E+000, 3.433299E+000, 5.843529E+000, 3.219439E-001, -8.361373E-004, 2.956012E-001, 3.101092E-001
1.871360E-001, 1.757041E+000, 3.460108E+000, 5.661629E+000, 1.744801E-001, -7.405788E-003, 3.119054E-001, 3.063360E-001
1.871440E-001, 1.608462E+000, 3.692450E+000, 5.671374E+000, 1.395841E-001, -9.914200E-003, 3.243107E-001, 3.042136E-001
1.871520E-001, 1.786412E+000, 3.762152E+000, 5.895500E+000, 1.711030E-001, -6.569650E-003, 3.210026E-001, 3.073972E-001
1.871600E-001, 1.864157E+000, 3.647768E+000, 5.822415E+000, 1.857368E-001, -9.555855E-004, 3.179308E-001, 2.987897E-001
1.871680E-001, 1.798505E+000, 3.545896E+000, 5.567431E+000, 1.688517E-001, 1.349765E-002, 3.232474E-001, 2.907716E-001
1.871760E-001, 1.758769E+000, 3.520874E+000, 5.625899E+000, 1.598463E-001, 3.320660E-002, 3.328172E-001, 2.985538E-001
1.871840E-001, 1.641287E+000, 3.588789E+000, 5.877635E+000, 1.913652E-001, 3.905956E-002, 3.427415E-001, 3.084585E-001
1.871920E-001, 1.568725E+000, 3.667428E+000, 6.005939E+000, 2.487748E-001, 2.699529E-002, 3.458133E-001, 3.110525E-001
1.872000E-001, 1.693117E+000, 3.726407E+000, 6.028677E+000, 2.375180E-001, 1.540882E-002, 3.459314E-001, 3.085764E-001
1.872080E-001, 1.822693E+000, 3.797897E+000, 5.984826E+000, 1.485895E-001, 2.078399E-002, 3.559738E-001, 3.075152E-001
1.872160E-001, 1.803688E+000, 3.817557E+000, 5.901997E+000, 1.801085E-001, 3.870121E-002, 3.701513E-001, 3.142362E-001
1.872240E-001, 1.660292E+000, 3.699599E+000, 5.871139E+000, 2.859222E-001, 5.267665E-002, 3.732231E-001, 3.187168E-001
1.872320E-001, 1.518623E+000, 3.551257E+000, 5.796430E+000, 2.634086E-001, 5.363224E-002, 3.735776E-001, 3.131750E-001
1.872400E-001, 1.611917E+000, 3.551257E+000, 5.585296E+000, 2.296383E-001, 4.598755E-002, 3.837381E-001, 3.108167E-001
1.872480E-001, 1.900438E+000, 3.685301E+000, 5.492722E+000, 3.151898E-001, 4.801817E-002, 3.964979E-001, 3.207214E-001
1.872560E-001, 2.068022E+000, 3.833642E+000, 5.689239E+000, 4.221292E-001, 6.784657E-002, 4.033504E-001, 3.298006E-001
1.872640E-001, 2.019647E+000, 3.874749E+000, 5.918238E+000, 4.615279E-001, 8.755553E-002, 4.055951E-001, 3.296827E-001
1.872720E-001, 1.888344E+000, 3.799685E+000, 5.983202E+000, 4.795388E-001, 8.767498E-002, 4.059496E-001, 3.309797E-001
1.872800E-001, 1.833059E+000, 3.801472E+000, 5.871139E+000, 4.457684E-001, 7.441622E-002, 4.072492E-001, 3.375828E-001
1.872880E-001, 1.874523E+000, 3.912281E+000, 5.736338E+000, 2.712884E-001, 6.748823E-002, 4.126839E-001, 3.404127E-001
1.872960E-001, 1.852063E+000, 3.948026E+000, 5.833784E+000, 1.305786E-001, 6.820492E-002, 4.201271E-001, 3.347529E-001
1.873040E-001, 1.734582E+000, 3.833642E+000, 5.950720E+000, 1.440868E-001, 7.596905E-002, 4.304058E-001, 3.247304E-001
1.873120E-001, 1.646470E+000, 3.656705E+000, 5.736338E+000, 1.969936E-001, 1.000976E-001, 4.393849E-001, 3.191885E-001
1.873200E-001, 1.615372E+000, 3.503002E+000, 5.473233E+000, 2.622829E-001, 1.190898E-001, 4.393849E-001, 3.292110E-001
1.873280E-001, 1.763952E+000, 3.454746E+000, 5.546318E+000, 3.028074E-001, 1.104896E-001, 4.495454E-001, 3.478412E-001
1.873360E-001, 2.107759E+000, 3.579853E+000, 5.806174E+000, 2.273869E-001, 1.027254E-001, 4.755375E-001, 3.547980E-001
1.873440E-001, 2.171682E+000, 3.746067E+000, 5.885756E+000, 1.249502E-001, 1.200454E-001, 4.822719E-001, 3.549159E-001
1.873520E-001, 1.772590E+000, 3.753216E+000, 5.707104E+000, 1.722287E-001, 1.429795E-001, 4.696302E-001, 3.566846E-001
1.873600E-001, 1.451244E+000, 3.651343E+000, 5.570679E+000, 2.600316E-001, 1.465629E-001, 4.686851E-001, 3.539726E-001
1.873680E-001, 1.556631E+000, 3.454746E+000, 5.661629E+000, 2.138788E-001, 1.387988E-001, 4.732928E-001, 3.558592E-001
1.873760E-001, 1.824420E+000, 3.236702E+000, 5.776940E+000, 2.014963E-001, 1.432184E-001, 4.734109E-001, 3.635235E-001
1.873840E-001, 1.955723E+000, 3.352873E+000, 5.744458E+000, 3.455831E-001, 1.642413E-001, 4.789638E-001, 3.635235E-001
1.873920E-001, 2.002371E+000, 3.645981E+000, 5.697359E+000, 4.885442E-001, 1.828752E-001, 4.835715E-001, 3.641131E-001
1.874000E-001, 2.014464E+000, 3.635258E+000, 5.713600E+000, 4.626536E-001, 1.807251E-001, 4.813267E-001, 3.755505E-001
1.874080E-001, 1.819237E+000, 3.508363E+000, 5.737962E+000, 2.769168E-001, 1.735582E-001, 4.864070E-001, 3.861626E-001
1.874160E-001, 1.579091E+000, 3.561981E+000, 5.750955E+000, 1.429611E-001, 1.818001E-001, 4.982216E-001, 3.879313E-001
1.874240E-001, 1.646470E+000, 3.570917E+000, 5.677870E+000, 2.071247E-001, 1.849058E-001, 4.977490E-001, 3.855731E-001
1.874320E-001, 1.886617E+000, 3.374320E+000, 5.638892E+000, 3.399547E-001, 1.755888E-001, 4.871159E-001, 3.888746E-001
1.874400E-001, 1.974728E+000, 3.267085E+000, 5.833784E+000, 3.703480E-001, 1.834724E-001, 4.832170E-001, 4.001942E-001
1.874480E-001, 1.810599E+000, 3.358235E+000, 5.955592E+000, 3.275723E-001, 2.049731E-001, 4.856981E-001, 4.124571E-001
1.874560E-001, 1.606734E+000, 3.481555E+000, 5.767196E+000, 2.679113E-001, 2.096316E-001, 4.848711E-001, 4.235408E-001
1.874640E-001, 1.686207E+000, 3.504789E+000, 5.601537E+000, 1.542179E-001, 2.046148E-001, 4.776642E-001, 4.277857E-001
1.874720E-001, 1.888344E+000, 3.327852E+000, 5.621027E+000, 1.632233E-001, 2.113038E-001, 4.714024E-001, 4.209468E-001
1.874800E-001, 1.810599E+000, 3.209893E+000, 5.684366E+000, 4.119981E-001, 2.275488E-001, 4.750650E-001, 4.151691E-001
1.874880E-001, 1.715577E+000, 3.322490E+000, 5.724969E+000, 4.941726E-001, 2.326851E-001, 4.755375E-001, 4.129287E-001
1.874960E-001, 1.896983E+000, 3.374320E+000, 5.746082E+000, 2.566546E-001, 2.185902E-001, 4.621871E-001, 4.116317E-001
1.875040E-001, 1.926353E+000, 3.454746E+000, 5.749331E+000, 1.181962E-001, 2.092732E-001, 4.524991E-001, 4.192960E-001
1.875120E-001, 1.679296E+000, 3.654917E+000, 5.737962E+000, 1.924909E-001, 2.124983E-001, 4.552164E-001, 4.308514E-001
1.875200E-001, 1.520350E+000, 3.617385E+000, 5.736338E+000, 2.262613E-001, 2.141706E-001, 4.581701E-001, 4.325022E-001
1.875280E-001, 1.549721E+000, 3.442235E+000, 5.668126E+000, 1.699774E-001, 2.197847E-001, 4.600604E-001, 4.282573E-001
1.875360E-001, 1.715577E+000, 3.454746E+000, 5.500843E+000, 1.924909E-001, 2.222931E-001, 4.645500E-001, 4.326201E-001
1.875440E-001, 1.877978E+000, 3.526236E+000, 5.577176E+000, 3.196925E-001, 2.113038E-001, 4.623052E-001, 4.503069E-001
1.875520E-001, 1.909076E+000, 3.499427E+000, 5.903621E+000, 3.073101E-001, 2.130956E-001, 4.530898E-001, 4.642206E-001
1.875600E-001, 1.898710E+000, 3.476193E+000, 5.913365E+000, 1.474638E-001, 2.350740E-001, 4.496636E-001, 4.603295E-001
1.875680E-001, 1.928081E+000, 3.497640E+000, 5.586920E+000, 1.767314E-001, 2.480939E-001, 4.483640E-001, 4.557309E-001
1.875760E-001, 1.871068E+000, 3.472618E+000, 5.478105E+000, 3.084357E-001, 2.473772E-001, 4.422204E-001, 4.604474E-001
1.875840E-001, 1.708666E+000, 3.436873E+000, 5.703856E+000, 2.431464E-001, 2.466605E-001, 4.405663E-001, 4.638668E-001
1.875920E-001, 1.693117E+000, 3.581640E+000, 5.853273E+000, 2.014963E-001, 2.447493E-001, 4.421022E-001, 4.655176E-001
1.876000E-001, 1.791595E+000, 3.805046E+000, 5.676246E+000, 3.647196E-001, 2.412854E-001, 4.347772E-001, 4.638668E-001
1.876080E-001, 1.691390E+000, 3.794323E+000, 5.487850E+000, 4.649050E-001, 2.392547E-001, 4.279247E-001, 4.570279E-001
1.876160E-001, 1.515167E+000, 3.708535E+000, 5.554438E+000, 3.534628E-001, 2.311323E-001, 4.235533E-001, 4.523114E-001
1.876240E-001, 1.522078E+000, 3.628109E+000, 5.586920E+000, 1.846112E-001, 2.239654E-001, 4.113843E-001, 4.519577E-001
1.876320E-001, 1.551448E+000, 3.252787E+000, 5.481353E+000, 1.846112E-001, 2.296989E-001, 4.068947E-001, 4.520756E-001
1.876400E-001, 1.475431E+000, 2.970402E+000, 5.499218E+000, 4.322603E-001, 2.339990E-001, 4.131565E-001, 4.503069E-001
1.876480E-001, 1.515167E+000, 3.242064E+000, 5.653509E+000, 6.044890E-001, 2.287433E-001, 4.079581E-001, 4.465337E-001
1.876560E-001, 1.696573E+000, 3.608449E+000, 5.806174E+000, 4.390144E-001, 2.221736E-001, 3.953164E-001, 4.444113E-001
1.876640E-001, 1.746675E+000, 3.576279E+000, 5.869514E+000, 2.307640E-001, 2.200236E-001, 3.908269E-001, 4.480666E-001
1.876720E-001, 1.655109E+000, 3.299256E+000, 5.776940E+000, 2.318897E-001, 2.270710E-001, 3.871644E-001, 4.540801E-001
1.876800E-001, 1.586002E+000, 3.200957E+000, 5.642140E+000, 3.399547E-001, 2.363880E-001, 3.811389E-001, 4.503069E-001
1.876880E-001, 1.632649E+000, 3.315341E+000, 5.694111E+000, 4.333860E-001, 2.429576E-001, 3.823204E-001, 4.382799E-001
1.876960E-001, 1.751858E+000, 3.272447E+000, 5.949096E+000, 4.232549E-001, 2.506023E-001, 3.819659E-001, 4.400485E-001
1.877040E-001, 1.796778E+000, 3.177723E+000, 6.129371E+000, 3.782278E-001, 2.472578E-001, 3.760586E-001, 4.529010E-001
1.877120E-001, 1.746675E+000, 3.327852E+000, 6.041669E+000, 4.131238E-001, 2.396131E-001, 3.779490E-001, 4.514861E-001
1.877200E-001, 1.689662E+000, 3.445810E+000, 5.785061E+000, 4.041184E-001, 2.515579E-001, 3.884640E-001, 4.399306E-001
1.877280E-001, 1.684479E+000, 3.383256E+000, 5.557686E+000, 3.467088E-001, 2.681612E-001, 3.998060E-001, 4.407560E-001
1.877360E-001, 1.625738E+000, 3.324277E+000, 5.507339E+000, 3.984900E-001, 2.744919E-001, 3.990971E-001, 4.523114E-001
1.877440E-001, 1.523806E+000, 3.251000E+000, 5.569055E+000, 4.761617E-001, 2.781948E-001, 3.788942E-001, 4.523114E-001
1.877520E-001, 1.599823E+000, 3.261724E+000, 5.534949E+000, 4.480198E-001, 2.748503E-001, 3.640077E-001, 4.431143E-001
1.877600E-001, 1.725943E+000, 3.415426E+000, 5.499218E+000, 3.703480E-001, 2.715057E-001, 3.712147E-001, 4.474770E-001
1.877680E-001, 1.715577E+000, 3.426150E+000, 5.669750E+000, 3.433318E-001, 2.793893E-001, 3.814934E-001, 4.624519E-001
1.877760E-001, 1.724216E+000, 3.227766E+000, 5.887380E+000, 3.500858E-001, 2.805838E-001, 3.773582E-001, 4.699983E-001
1.877840E-001, 1.703483E+000, 3.251000E+000, 5.997818E+000, 3.545885E-001, 2.667278E-001, 3.648348E-001, 4.650460E-001
1.877920E-001, 1.537627E+000, 3.672790E+000, 5.953968E+000, 3.962386E-001, 2.529913E-001, 3.590456E-001, 4.563204E-001
1.878000E-001, 1.499618E+000, 3.872962E+000, 5.723345E+000, 4.660307E-001, 2.509606E-001, 3.602271E-001, 4.576175E-001
1.878080E-001, 1.817510E+000, 3.553045E+000, 5.547942E+000, 5.200632E-001, 2.624277E-001, 3.579823E-001, 4.678758E-001
1.878160E-001, 2.138857E+000, 3.290319E+000, 5.588544E+000, 4.975496E-001, 2.756864E-001, 3.592819E-001, 4.707057E-001
1.878240E-001, 2.038652E+000, 3.399341E+000, 5.656757E+000, 3.759764E-001, 2.830922E-001, 3.715691E-001, 4.644564E-001
1.878320E-001, 1.736309E+000, 3.561981E+000, 5.632395E+000, 3.444574E-001, 2.914536E-001, 3.786578E-001, 4.662251E-001
1.878400E-001, 1.677568E+000, 3.558406E+000, 5.606410E+000, 5.099321E-001, 2.961121E-001, 3.760586E-001, 4.710595E-001
1.878480E-001, 1.852063E+000, 3.522661E+000, 5.677870E+000, 6.112431E-001, 2.914536E-001, 3.804300E-001, 4.631594E-001
1.878560E-001, 1.915987E+000, 3.569130E+000, 5.789933E+000, 4.998010E-001, 2.947981E-001, 3.891729E-001, 4.578533E-001
1.878640E-001, 1.720760E+000, 3.601300E+000, 5.799678E+000, 3.579656E-001, 3.084152E-001, 3.905906E-001, 4.638668E-001
1.878720E-001, 1.518623E+000, 3.551257E+000, 5.627523E+000, 3.264466E-001, 3.161794E-001, 3.914176E-001, 4.695266E-001
1.878800E-001, 1.582546E+000, 3.497640E+000, 5.491098E+000, 4.041184E-001, 3.226296E-001, 3.964979E-001, 4.780163E-001
1.878880E-001, 1.789867E+000, 3.476193E+000, 5.608034E+000, 4.401400E-001, 3.325438E-001, 4.024052E-001, 4.863881E-001
1.878960E-001, 1.719033E+000, 3.508363E+000, 5.689239E+000, 3.320750E-001, 3.448469E-001, 4.021689E-001, 4.800208E-001
1.879040E-001, 1.433967E+000, 3.563768E+000, 5.590168E+000, 2.386437E-001, 3.570306E-001, 3.894091E-001, 4.637489E-001
1.879120E-001, 1.565270E+000, 3.463682E+000, 5.606410E+000, 2.521518E-001, 3.508193E-001, 3.824385E-001, 4.557309E-001
1.879200E-001, 1.979911E+000, 3.329639E+000, 5.749331E+000, 3.106871E-001, 3.375606E-001, 3.993334E-001, 4.631594E-001
1.879280E-001, 1.922898E+000, 3.417214E+000, 5.814295E+000, 3.962386E-001, 3.418607E-001, 4.241441E-001, 4.767193E-001
1.879360E-001, 1.549721E+000, 3.538747E+000, 5.840281E+000, 4.491455E-001, 3.446080E-001, 4.321780E-001, 4.846194E-001
1.879440E-001, 1.432239E+000, 3.474406E+000, 5.822415E+000, 3.917359E-001, 3.425774E-001, 4.223719E-001, 4.832044E-001
1.879520E-001, 1.530716E+000, 3.461895E+000, 5.630771E+000, 2.870479E-001, 3.608530E-001, 4.139835E-001, 4.784879E-001
1.879600E-001, 1.637832E+000, 3.642407E+000, 5.405020E+000, 2.679113E-001, 3.836676E-001, 4.211904E-001, 4.801387E-001
1.879680E-001, 1.720760E+000, 3.755003E+000, 5.369290E+000, 3.512115E-001, 3.836676E-001, 4.378490E-001, 4.892180E-001
1.879760E-001, 1.758769E+000, 3.708535E+000, 5.526828E+000, 3.872332E-001, 3.757840E-001, 4.463555E-001, 4.955852E-001
1.879840E-001, 1.630921E+000, 3.679939E+000, 5.770444E+000, 3.512115E-001, 3.821148E-001, 4.445833E-001, 4.947598E-001
1.879920E-001, 1.430511E+000, 3.738918E+000, 5.893876E+000, 3.849818E-001, 3.962097E-001, 4.422204E-001, 4.929911E-001
1.880000E-001, 1.497891E+000, 3.883685E+000, 5.757451E+000, 4.558995E-001, 4.018237E-001, 4.425748E-001, 4.964106E-001
1.880080E-001, 1.782956E+000, 4.015941E+000, 5.552814E+000, 4.390144E-001, 3.988375E-001, 4.539168E-001, 5.078481E-001
1.880160E-001, 1.817510E+000, 3.926579E+000, 5.564183E+000, 3.590913E-001, 3.999125E-001, 4.679762E-001, 5.210543E-001
1.880240E-001, 1.554904E+000, 3.806834E+000, 5.723345E+000, 3.422061E-001, 4.089906E-001, 4.638411E-001, 5.281290E-001
1.880320E-001, 1.547993E+000, 3.906919E+000, 5.645388E+000, 4.604023E-001, 4.130518E-001, 4.543894E-001, 5.283648E-001
1.880400E-001, 1.895255E+000, 3.855089E+000, 5.357922E+000, 5.842268E-001, 4.089906E-001, 4.543894E-001, 5.214080E-001
1.880480E-001, 1.993732E+000, 3.583428E+000, 5.354673E+000, 5.909809E-001, 4.157991E-001, 4.591153E-001, 5.098526E-001
1.880560E-001, 1.629194E+000, 3.501215E+000, 5.663253E+000, 5.380740E-001, 4.333580E-001, 4.671492E-001, 5.090272E-001
1.880640E-001, 1.378681E+000, 3.511938E+000, 5.793181E+000, 4.558995E-001, 4.395694E-001, 4.663222E-001, 5.244737E-001
1.880720E-001, 1.570453E+000, 3.449384E+000, 5.643764E+000, 3.534628E-001, 4.395694E-001, 4.547439E-001, 5.340246E-001
1.880800E-001, 1.803688E+000, 3.501215E+000, 5.578800E+000, 3.286979E-001, 4.472140E-001, 4.545076E-001, 5.334350E-001
1.880880E-001, 1.743220E+000, 3.679939E+000, 5.658381E+000, 3.782278E-001, 4.534253E-001, 4.589971E-001, 5.403919E-001
1.880960E-001, 1.503074E+000, 3.833642E+000, 5.616154E+000, 3.185668E-001, 4.534253E-001, 4.475369E-001, 5.480562E-001
1.881040E-001, 1.368315E+000, 3.908706E+000, 5.478105E+000, 1.643490E-001, 4.510364E-001, 4.338320E-001, 5.465233E-001
1.881120E-001, 1.433967E+000, 3.967685E+000, 5.450495E+000, 1.429611E-001, 4.534253E-001, 4.347772E-001, 5.491174E-001
1.881200E-001, 1.535899E+000, 3.942664E+000, 5.533325E+000, 2.611573E-001, 4.644146E-001, 4.389123E-001, 5.579608E-001
1.881280E-001, 1.570453E+000, 3.679939E+000, 5.700607E+000, 3.973643E-001, 4.663257E-001, 4.396212E-001, 5.684550E-001
1.881360E-001, 1.611917E+000, 3.404703E+000, 5.812671E+000, 4.705333E-001, 4.614284E-001, 4.397393E-001, 5.804821E-001
1.881440E-001, 1.741492E+000, 3.452959E+000, 5.697359E+000, 4.300089E-001, 4.659674E-001, 4.376127E-001, 5.822507E-001
1.881520E-001, 1.843425E+000, 3.615598E+000, 5.565807E+000, 3.590913E-001, 4.622645E-001, 4.413933E-001, 5.717565E-001
1.881600E-001, 1.760497E+000, 3.538747E+000, 5.588544E+000, 3.388290E-001, 4.481696E-001, 4.487184E-001, 5.678654E-001
1.881680E-001, 1.658564E+000, 3.461895E+000, 5.595041E+000, 3.771021E-001, 4.491252E-001, 4.513176E-001, 5.764731E-001
1.881760E-001, 1.687934E+000, 3.712109E+000, 5.608034E+000, 4.221292E-001, 4.592783E-001, 4.554527E-001, 5.867314E-001
1.881840E-001, 1.734582E+000, 3.903345E+000, 5.762323E+000, 3.444574E-001, 4.658479E-001, 4.509632E-001, 5.939240E-001
1.881920E-001, 1.746675E+000, 3.708535E+000, 5.861394E+000, 2.611573E-001, 4.768372E-001, 4.370220E-001, 6.007630E-001
1.882000E-001, 1.703483E+000, 3.583428E+000, 5.804550E+000, 3.309493E-001, 4.886625E-001, 4.340683E-001, 6.116109E-001
1.882080E-001, 1.717305E+000, 3.651343E+000, 5.768820E+000, 3.579656E-001, 4.910515E-001, 4.361949E-001, 6.172706E-001
1.882160E-001, 1.803688E+000, 3.578066E+000, 5.755827E+000, 2.915506E-001, 4.848402E-001, 4.326506E-001, 6.065407E-001
1.882240E-001, 1.684479E+000, 3.565555E+000, 5.700607E+000, 3.039330E-001, 4.798234E-001, 4.273340E-001, 5.978152E-001
1.882320E-001, 1.489252E+000, 3.790748E+000, 5.690863E+000, 3.568399E-001, 4.863930E-001, 4.256800E-001, 6.071302E-001
1.882400E-001, 1.537627E+000, 3.810408E+000, 5.627523E+000, 3.917359E-001, 4.969045E-001, 4.374945E-001, 6.210439E-001
1.882480E-001, 1.687934E+000, 3.545896E+000, 5.473233E+000, 4.063697E-001, 4.977406E-001, 4.548620E-001, 6.328351E-001
1.882560E-001, 1.703483E+000, 3.444022E+000, 5.499218E+000, 3.849818E-001, 4.892598E-001, 4.578156E-001, 6.384949E-001
1.882640E-001, 1.582546E+000, 3.447597E+000, 5.736338E+000, 3.782278E-001, 4.806595E-001, 4.530898E-001, 6.324813E-001
1.882720E-001, 1.461610E+000, 3.333213E+000, 5.885756E+000, 3.489601E-001, 4.842430E-001, 4.542713E-001, 6.274111E-001
1.882800E-001, 1.503074E+000, 3.352873E+000, 5.806174E+000, 2.791681E-001, 5.037130E-001, 4.546257E-001, 6.254066E-001
1.882880E-001, 1.712122E+000, 3.569130E+000, 5.710352E+000, 2.881735E-001, 5.199580E-001, 4.523809E-001, 6.183319E-001
1.882960E-001, 1.791595E+000, 3.647768E+000, 5.681118E+000, 3.433318E-001, 5.174496E-001, 4.600604E-001, 6.186856E-001
1.883040E-001, 1.684479E+000, 3.533385E+000, 5.598289E+000, 3.320750E-001, 5.130300E-001, 4.736472E-001, 6.289440E-001
1.883120E-001, 1.689662E+000, 3.510151E+000, 5.643764E+000, 3.332007E-001, 5.193607E-001, 4.763646E-001, 6.303589E-001
1.883200E-001, 1.691390E+000, 3.590577E+000, 5.854897E+000, 4.232549E-001, 5.186440E-001, 4.723476E-001, 6.223409E-001
1.883280E-001, 1.596368E+000, 3.524449E+000, 5.864642E+000, 5.099321E-001, 5.151801E-001, 4.758920E-001, 6.216334E-001
1.883360E-001, 1.706939E+000, 3.390405E+000, 5.767196E+000, 5.358227E-001, 5.255721E-001, 4.826263E-001, 6.330709E-001
1.883440E-001, 1.917715E+000, 3.402916E+000, 5.815919E+000, 5.391997E-001, 5.307083E-001, 4.842803E-001, 6.440368E-001
1.883520E-001, 1.865885E+000, 3.572704E+000, 5.658381E+000, 5.065550E-001, 5.298722E-001, 4.823900E-001, 6.465129E-001
1.883600E-001, 1.636104E+000, 3.710322E+000, 5.370914E+000, 4.086211E-001, 5.433698E-001, 4.753013E-001, 6.439189E-001
1.883680E-001, 1.551448E+000, 3.592364E+000, 5.466736E+000, 3.039330E-001, 5.534035E-001, 4.657314E-001, 6.360188E-001
1.883760E-001, 1.700028E+000, 3.510151E+000, 5.737962E+000, 2.769168E-001, 5.529257E-001, 4.680943E-001, 6.280007E-001
1.883840E-001, 1.850335E+000, 3.658492E+000, 5.884131E+000, 3.230695E-001, 5.661844E-001, 4.814448E-001, 6.275290E-001
1.883920E-001, 1.782956E+000, 3.676364E+000, 5.905245E+000, 3.725994E-001, 5.756208E-001, 4.815630E-001, 6.267037E-001
1.884000E-001, 1.508257E+000, 3.637045E+000, 5.750955E+000, 3.906102E-001, 5.618843E-001, 4.630141E-001, 6.175065E-001
1.884080E-001, 1.295753E+000, 3.703173E+000, 5.612906E+000, 4.074954E-001, 5.588981E-001, 4.486003E-001, 6.122004E-001
1.884160E-001, 1.404596E+000, 3.612024E+000, 5.642140E+000, 4.131238E-001, 5.659455E-001, 4.508450E-001, 6.255245E-001
1.884240E-001, 1.670658E+000, 3.417214E+000, 5.729841E+000, 4.176265E-001, 5.579425E-001, 4.643137E-001, 6.410890E-001
1.884320E-001, 1.808871E+000, 3.444022E+000, 5.742834E+000, 4.457684E-001, 5.545980E-001, 4.802634E-001, 6.379053E-001
1.884400E-001, 1.831331E+000, 3.665641E+000, 5.648636E+000, 3.928616E-001, 5.612870E-001, 4.830989E-001, 6.263499E-001
1.884480E-001, 1.789867E+000, 3.756791E+000, 5.567431E+000, 3.241952E-001, 5.631982E-001, 4.709299E-001, 6.204543E-001
1.884560E-001, 1.649926E+000, 3.737131E+000, 5.578800E+000, 3.782278E-001, 5.731124E-001, 4.649044E-001, 6.198648E-001
1.884640E-001, 1.482342E+000, 3.696024E+000, 5.705480E+000, 3.545885E-001, 5.857739E-001, 4.712843E-001, 6.218693E-001
1.884720E-001, 1.423601E+000, 3.474406E+000, 5.887380E+000, 1.969936E-001, 5.808765E-001, 4.782549E-001, 6.204543E-001
1.884800E-001, 1.546265E+000, 3.345724E+000, 5.877635E+000, 1.350814E-001, 5.731124E-001, 4.813267E-001, 6.120825E-001
1.884880E-001, 1.696573E+000, 3.495853E+000, 5.690863E+000, 2.487748E-001, 5.694095E-001, 4.786094E-001, 6.024137E-001
1.884960E-001, 1.662019E+000, 3.519087E+000, 5.588544E+000, 3.635940E-001, 5.577036E-001, 4.712843E-001, 5.991122E-001
1.885040E-001, 1.565270E+000, 3.477980E+000, 5.534949E+000, 3.095614E-001, 5.536424E-001, 4.709299E-001, 5.943957E-001
1.885120E-001, 1.618828E+000, 3.642407E+000, 5.508963E+000, 2.544032E-001, 5.616454E-001, 4.784912E-001, 5.850806E-001
1.885200E-001, 1.769135E+000, 3.694237E+000, 5.622651E+000, 2.757911E-001, 5.598537E-001, 4.773097E-001, 5.788313E-001
1.885280E-001, 1.909076E+000, 3.565555E+000, 5.697359E+000, 2.105018E-001, 5.580620E-001, 4.689214E-001, 5.749401E-001
1.885360E-001, 1.936719E+000, 3.581640E+000, 5.601537E+000, 1.969936E-001, 5.685734E-001, 4.755375E-001, 5.774164E-001
1.885440E-001, 1.767407E+000, 3.721046E+000, 5.466736E+000, 3.343263E-001, 5.691707E-001, 4.908965E-001, 5.840194E-001
1.885520E-001, 1.598096E+000, 3.755003E+000, 5.471609E+000, 4.446428E-001, 5.609287E-001, 4.908965E-001, 5.796567E-001
1.885600E-001, 1.634377E+000, 3.615598E+000, 5.625899E+000, 4.919212E-001, 5.637954E-001, 4.769553E-001, 5.725819E-001
1.885680E-001, 1.736309E+000, 3.463682E+000, 5.679494E+000, 4.401400E-001, 5.672595E-001, 4.640774E-001, 5.734073E-001
1.885760E-001, 1.741492E+000, 3.431512E+000, 5.580424E+000, 2.577802E-001, 5.629593E-001, 4.617145E-001, 5.731715E-001
1.885840E-001, 1.717305E+000, 3.551257E+000, 5.510587E+000, 1.733544E-001, 5.526868E-001, 4.732928E-001, 5.737610E-001
1.885920E-001, 1.708666E+000, 3.835429E+000, 5.497594E+000, 2.172558E-001, 5.359640E-001, 4.871159E-001, 5.768268E-001
1.886000E-001, 1.606734E+000, 4.001643E+000, 5.473233E+000, 1.666003E-001, 5.325000E-001, 4.862888E-001, 5.659788E-001
1.886080E-001, 1.558359E+000, 3.912281E+000, 5.424510E+000, 1.407097E-001, 5.487450E-001, 4.777823E-001, 5.480562E-001
1.886160E-001, 1.732854E+000, 3.812195E+000, 5.515460E+000, 3.647196E-001, 5.635566E-001, 4.815630E-001, 5.480562E-001
1.886240E-001, 1.746675E+000, 3.672790E+000, 5.733089E+000, 5.200632E-001, 5.746652E-001, 4.934957E-001, 5.532443E-001
1.886320E-001, 1.468520E+000, 3.433299E+000, 5.750955E+000, 3.455831E-001, 5.832655E-001, 5.001119E-001, 5.421606E-001
1.886400E-001, 1.330307E+000, 3.385043E+000, 5.608034E+000, 1.857368E-001, 5.800404E-001, 5.031837E-001, 5.257708E-001
1.886480E-001, 1.444333E+000, 3.608449E+000, 5.556062E+000, 2.172558E-001, 5.683345E-001, 5.002301E-001, 5.164557E-001
1.886560E-001, 1.634377E+000, 3.767514E+000, 5.635643E+000, 3.422061E-001, 5.553147E-001, 4.908965E-001, 5.082018E-001
1.886640E-001, 1.739765E+000, 3.687088E+000, 5.708728E+000, 5.223145E-001, 5.491033E-001, 4.958586E-001, 5.000659E-001
1.886720E-001, 1.725943E+000, 3.633471E+000, 5.570679E+000, 5.527079E-001, 5.621232E-001, 5.191334E-001, 4.971181E-001
1.886800E-001, 1.784684E+000, 3.692450E+000, 5.392027E+000, 3.500858E-001, 5.894768E-001, 5.308298E-001, 4.920478E-001
1.886880E-001, 1.857246E+000, 3.665641E+000, 5.432630E+000, 1.992450E-001, 6.147999E-001, 5.227959E-001, 4.841477E-001
1.886960E-001, 1.789867E+000, 3.574492E+000, 5.629147E+000, 2.600316E-001, 6.269836E-001, 5.230322E-001, 4.891000E-001
1.887040E-001, 1.757041E+000, 3.511938E+000, 5.838656E+000, 3.399547E-001, 6.236390E-001, 5.441803E-001, 4.990047E-001
1.887120E-001, 1.819237E+000, 3.454746E+000, 5.879259E+000, 3.095614E-001, 6.165916E-001, 5.632018E-001, 4.977076E-001
1.887200E-001, 1.857246E+000, 3.472618E+000, 5.742834E+000, 3.028074E-001, 6.171888E-001, 5.628474E-001, 4.933449E-001
1.887280E-001, 1.820965E+000, 3.587002E+000, 5.676246E+000, 3.275723E-001, 6.204139E-001, 5.578853E-001, 4.862702E-001
1.887360E-001, 1.715577E+000, 3.692450E+000, 5.710352E+000, 3.275723E-001, 6.210111E-001, 5.613115E-001, 4.760118E-001
1.887440E-001, 1.660292E+000, 3.678152E+000, 5.637268E+000, 4.221292E-001, 6.273419E-001, 5.667462E-001, 4.725923E-001
1.887520E-001, 1.687934E+000, 3.528023E+000, 5.530077E+000, 4.333860E-001, 6.441841E-001, 5.695817E-001, 4.717669E-001
1.887600E-001, 1.667202E+000, 3.519087E+000, 5.666502E+000, 2.645343E-001, 6.543372E-001, 5.722991E-001, 4.736536E-001
1.887680E-001, 1.677568E+000, 3.788961E+000, 5.924734E+000, 2.701627E-001, 6.513510E-001, 5.752528E-001, 4.834403E-001
1.887760E-001, 1.781229E+000, 3.917643E+000, 5.947472E+000, 3.996156E-001, 6.540983E-001, 5.799786E-001, 4.873314E-001
1.887840E-001, 1.789867E+000, 3.744280E+000, 5.746082E+000, 3.444574E-001, 6.572040E-001, 5.891940E-001, 4.787238E-001
1.887920E-001, 1.774318E+000, 3.585215E+000, 5.603161E+000, 2.138788E-001, 6.478870E-001, 5.946287E-001, 4.717669E-001
1.888000E-001, 1.852063E+000, 3.529810E+000, 5.632395E+000, 2.116274E-001, 6.451397E-001, 5.915569E-001, 4.679938E-001
1.888080E-001, 1.741492E+000, 3.554832E+000, 5.632395E+000, 3.365777E-001, 6.495593E-001, 5.910843E-001, 4.552592E-001
1.888160E-001, 1.520350E+000, 3.654917E+000, 5.502467E+000, 4.165008E-001, 6.443036E-001, 5.990001E-001, 4.392232E-001
1.888240E-001, 1.660292E+000, 3.692450E+000, 5.482977E+000, 3.680967E-001, 6.483648E-001, 6.148316E-001, 4.314409E-001
1.888320E-001, 2.012737E+000, 3.701386E+000, 5.608034E+000, 3.793534E-001, 6.656848E-001, 6.310176E-001, 4.309693E-001
1.888400E-001, 2.164772E+000, 3.697811E+000, 5.666502E+000, 5.144348E-001, 6.635347E-001, 6.338531E-001, 4.343888E-001
1.888480E-001, 2.064567E+000, 3.572704E+000, 5.656757E+000, 6.202485E-001, 6.578012E-001, 6.266462E-001, 4.399306E-001
1.888560E-001, 1.679296E+000, 3.519087E+000, 5.586920E+000, 5.831012E-001, 6.751212E-001, 6.279458E-001, 4.432322E-001
1.888640E-001, 1.304392E+000, 3.603087E+000, 5.502467E+000, 4.491455E-001, 6.825269E-001, 6.421233E-001, 4.429964E-001
1.888720E-001, 1.525533E+000, 3.635258E+000, 5.526828E+000, 3.962386E-001, 6.803769E-001, 6.552376E-001, 4.405202E-001
1.888800E-001, 1.960906E+000, 3.638832E+000, 5.614530E+000, 4.210035E-001, 6.970996E-001, 6.555920E-001, 4.358037E-001
1.888880E-001, 2.040379E+000, 3.567343E+000, 5.685990E+000, 3.613426E-001, 7.070138E-001, 6.453133E-001, 4.361574E-001
1.888960E-001, 2.123307E+000, 3.426150E+000, 5.724969E+000, 2.352667E-001, 6.997275E-001, 6.441318E-001, 4.432322E-001
1.889040E-001, 2.126763E+000, 3.488704E+000, 5.720097E+000, 1.913652E-001, 6.970996E-001, 6.577187E-001, 4.452367E-001
1.889120E-001, 1.767407E+000, 3.667428E+000, 5.671374E+000, 2.802938E-001, 7.023554E-001, 6.609086E-001, 4.411097E-001
1.889200E-001, 1.582546E+000, 3.676364E+000, 5.595041E+000, 4.277576E-001, 7.147780E-001, 6.557102E-001, 4.354500E-001
1.889280E-001, 1.808871E+000, 3.694237E+000, 5.507339E+000, 5.054294E-001, 7.233782E-001, 6.605541E-001, 4.243662E-001
1.889360E-001, 2.016192E+000, 3.833642E+000, 5.495970E+000, 4.187522E-001, 7.206309E-001, 6.616175E-001, 4.179990E-001
1.889440E-001, 1.976455E+000, 3.821131E+000, 5.731465E+000, 2.150045E-001, 7.270811E-001, 6.554739E-001, 4.289648E-001
1.889520E-001, 1.782956E+000, 3.642407E+000, 6.005939E+000, 8.892855E-002, 7.422510E-001, 6.509843E-001, 4.371007E-001
1.889600E-001, 1.634377E+000, 3.583428E+000, 5.879259E+000, 1.891139E-001, 7.414149E-001, 6.379883E-001, 4.270782E-001
1.889680E-001, 1.751858E+000, 3.810408E+000, 5.606410E+000, 3.422061E-001, 7.285145E-001, 6.209753E-001, 4.179990E-001
1.889760E-001, 2.005826E+000, 4.032026E+000, 5.580424E+000, 2.802938E-001, 7.200337E-001, 6.166039E-001, 4.196497E-001
1.889840E-001, 1.957451E+000, 3.835429E+000, 5.612906E+000, 1.722287E-001, 7.178836E-001, 6.131776E-001, 4.209468E-001
1.889920E-001, 1.703483E+000, 3.467257E+000, 5.617778E+000, 2.892992E-001, 7.239755E-001, 5.943924E-001, 4.072689E-001
1.890000E-001, 1.686207E+000, 3.372533E+000, 5.707104E+000, 4.975496E-001, 7.301868E-001, 5.764342E-001, 3.854552E-001
1.890080E-001, 1.826148E+000, 3.486917E+000, 5.749331E+000, 5.279430E-001, 7.234977E-001, 5.715902E-001, 3.861626E-001
1.890160E-001, 1.915987E+000, 3.671003E+000, 5.707104E+000, 4.187522E-001, 7.237366E-001, 5.633200E-001, 4.018450E-001
1.890240E-001, 1.986822E+000, 3.810408E+000, 5.721721E+000, 2.870479E-001, 7.349647E-001, 5.526869E-001, 3.992509E-001
1.890320E-001, 2.000643E+000, 3.660279E+000, 5.716848E+000, 1.238246E-001, 7.256477E-001, 5.537502E-001, 3.902896E-001
1.890400E-001, 2.012737E+000, 3.410065E+000, 5.666502E+000, 1.260759E-001, 7.068944E-001, 5.549316E-001, 3.996046E-001
1.890480E-001, 2.042107E+000, 3.406490E+000, 5.690863E+000, 3.455831E-001, 7.059388E-001, 5.519780E-001, 4.118675E-001
1.890560E-001, 1.922898E+000, 3.456533E+000, 5.663253E+000, 4.592766E-001, 7.058194E-001, 5.510328E-001, 4.078585E-001
1.890640E-001, 1.732854E+000, 3.411852E+000, 5.611282E+000, 4.300089E-001, 6.960246E-001, 5.422900E-001, 3.970106E-001
1.890720E-001, 1.648198E+000, 3.447597E+000, 5.742834E+000, 4.198779E-001, 6.917245E-001, 5.313025E-001, 3.963031E-001
1.890800E-001, 1.700028E+000, 3.574492E+000, 5.874387E+000, 4.311346E-001, 6.919634E-001, 5.270492E-001, 4.046749E-001
1.890880E-001, 1.803688E+000, 3.699599E+000, 5.768820E+000, 4.198779E-001, 6.925606E-001, 5.114539E-001, 4.104526E-001
1.890960E-001, 1.812327E+000, 3.703173E+000, 5.544693E+000, 3.286979E-001, 7.000859E-001, 4.848711E-001, 4.037316E-001
1.891040E-001, 1.729398E+000, 3.542321E+000, 5.379035E+000, 2.611573E-001, 7.046249E-001, 4.699847E-001, 3.884030E-001
1.891120E-001, 1.717305E+000, 3.458320E+000, 5.382283E+000, 3.647196E-001, 6.993691E-001, 4.679762E-001, 3.815641E-001
1.891200E-001, 1.779501E+000, 3.612024E+000, 5.508963E+000, 4.176265E-001, 6.957857E-001, 4.653770E-001, 3.835686E-001
1.891280E-001, 1.732854E+000, 3.787174E+000, 5.536573E+000, 2.577802E-001, 6.918439E-001, 4.507269E-001, 3.842761E-001
1.891360E-001, 1.681024E+000, 3.735344E+000, 5.395276E+000, 1.958680E-001, 6.833631E-001, 4.319417E-001, 3.878134E-001
1.891440E-001, 1.808871E+000, 3.526236E+000, 5.320567E+000, 3.286979E-001, 6.773907E-001, 4.309965E-001, 3.950061E-001
1.891520E-001, 1.928081E+000, 3.587002E+000, 5.456992E+000, 3.084357E-001, 6.656848E-001, 4.338320E-001, 3.981897E-001
1.891600E-001, 1.947085E+000, 3.890834E+000, 5.569055E+000, 1.801085E-001, 6.481259E-001, 4.193000E-001, 3.961852E-001
1.891680E-001, 1.879706E+000, 3.865813E+000, 5.523580E+000, 2.667857E-001, 6.487231E-001, 4.115024E-001, 3.888746E-001
1.891760E-001, 1.701756E+000, 3.651343E+000, 5.435878E+000, 4.052441E-001, 6.622208E-001, 4.216630E-001, 3.796775E-001
1.891840E-001, 1.732854E+000, 3.665641E+000, 5.366042E+000, 3.433318E-001, 6.695071E-001, 4.261525E-001, 3.755505E-001
1.891920E-001, 2.054201E+000, 3.622747E+000, 5.406644E+000, 3.163155E-001, 6.753601E-001, 4.247348E-001, 3.727207E-001
1.892000E-001, 2.178593E+000, 3.460108E+000, 5.573927E+000, 4.907956E-001, 6.742851E-001, 4.268614E-001, 3.701266E-001
1.892080E-001, 1.893527E+000, 3.529810E+000, 5.661629E+000, 5.673416E-001, 6.628180E-001, 4.276884E-001, 3.803850E-001
1.892160E-001, 1.663747E+000, 3.654917E+000, 5.629147E+000, 4.345117E-001, 6.568456E-001, 4.268614E-001, 3.985434E-001
1.892240E-001, 1.755314E+000, 3.696024E+000, 5.554438E+000, 3.489601E-001, 6.598318E-001, 4.215448E-001, 4.025525E-001
1.892320E-001, 1.772590E+000, 3.819344E+000, 5.486226E+000, 3.489601E-001, 6.695071E-001, 4.096121E-001, 3.909971E-001
1.892400E-001, 1.649926E+000, 3.776450E+000, 5.590168E+000, 2.814195E-001, 6.812130E-001, 4.007511E-001, 3.800312E-001
1.892480E-001, 1.710394E+000, 3.513725E+000, 5.780189E+000, 1.744801E-001, 6.852743E-001, 3.973249E-001, 3.817999E-001
1.892560E-001, 1.805416E+000, 3.393980E+000, 5.757451E+000, 1.362070E-001, 6.884994E-001, 3.979156E-001, 3.934732E-001
1.892640E-001, 1.769135E+000, 3.458320E+000, 5.640516E+000, 1.801085E-001, 6.948301E-001, 4.009874E-001, 3.927657E-001
1.892720E-001, 1.751858E+000, 3.588789E+000, 5.512211E+000, 2.634086E-001, 6.922023E-001, 4.014600E-001, 3.701266E-001
1.892800E-001, 1.800233E+000, 3.676364E+000, 5.273468E+000, 3.196925E-001, 6.874244E-001, 4.007511E-001, 3.575100E-001
1.892880E-001, 1.808871E+000, 3.708535E+000, 5.231241E+000, 3.973643E-001, 6.918439E-001, 4.019326E-001, 3.763759E-001
1.892960E-001, 1.713850E+000, 3.844366E+000, 5.471609E+000, 5.605876E-001, 6.883799E-001, 4.026415E-001, 3.933553E-001
1.893040E-001, 1.689662E+000, 3.880111E+000, 5.611282E+000, 6.179972E-001, 6.750017E-001, 4.026415E-001, 3.782625E-001
1.893120E-001, 1.791595E+000, 3.601300E+000, 5.478105E+000, 5.088064E-001, 6.773907E-001, 3.961434E-001, 3.595145E-001
1.893200E-001, 1.694845E+000, 3.420788E+000, 5.210128E+000, 4.255062E-001, 6.847965E-001, 3.800756E-001, 3.685937E-001
1.893280E-001, 1.494435E+000, 3.481555E+000, 5.034725E+000, 3.906102E-001, 6.702238E-001, 3.726324E-001, 3.800312E-001
1.893360E-001, 1.542810E+000, 3.411852E+000, 5.070455E+000, 4.176265E-001, 6.595929E-001, 3.829111E-001, 3.704803E-001
1.893440E-001, 1.681024E+000, 3.401129E+000, 5.218248E+000, 5.313200E-001, 6.734489E-001, 3.921265E-001, 3.585712E-001
1.893520E-001, 1.732854E+000, 3.656705E+000, 5.383907E+000, 5.403254E-001, 6.843187E-001, 3.889365E-001, 3.603399E-001
1.893600E-001, 1.796778E+000, 3.817557E+000, 5.530077E+000, 4.266319E-001, 6.865882E-001, 3.831474E-001, 3.675325E-001
1.893680E-001, 1.770863E+000, 3.830068E+000, 5.556062E+000, 3.489601E-001, 6.901717E-001, 3.846833E-001, 3.667071E-001
1.893760E-001, 1.615372E+000, 3.862238E+000, 5.544693E+000, 3.512115E-001, 6.789435E-001, 3.876369E-001, 3.669429E-001
1.893840E-001, 1.700028E+000, 3.787174E+000, 5.559310E+000, 4.052441E-001, 6.554122E-001, 3.822022E-001, 3.797954E-001
1.893920E-001, 1.931536E+000, 3.567343E+000, 5.416389E+000, 3.692223E-001, 6.445425E-001, 3.798393E-001, 3.852193E-001
1.894000E-001, 1.820965E+000, 3.454746E+000, 5.227993E+000, 2.960533E-001, 6.468120E-001, 3.967342E-001, 3.743714E-001
1.894080E-001, 1.708666E+000, 3.515512E+000, 5.189014E+000, 4.108724E-001, 6.520677E-001, 4.178823E-001, 3.711878E-001
1.894160E-001, 1.948813E+000, 3.594151E+000, 5.125674E+000, 5.999863E-001, 6.612652E-001, 4.213085E-001, 3.838044E-001
1.894240E-001, 1.953996E+000, 3.624534E+000, 5.039597E+000, 6.540189E-001, 6.659237E-001, 4.187093E-001, 3.954777E-001
1.894320E-001, 1.625738E+000, 3.531598E+000, 5.132171E+000, 5.650903E-001, 6.593540E-001, 4.259162E-001, 3.960673E-001
1.894400E-001, 1.570453E+000, 3.320703E+000, 5.353049E+000, 4.142494E-001, 6.587568E-001, 4.307602E-001, 3.940628E-001
1.894480E-001, 1.857246E+000, 3.267085E+000, 5.484601E+000, 3.095614E-001, 6.728517E-001, 4.298151E-001, 4.009017E-001
1.894560E-001, 2.074933E+000, 3.451171E+000, 5.408268E+000, 2.712884E-001, 6.820492E-001, 4.372582E-001, 4.047928E-001
1.894640E-001, 1.936719E+000, 3.538747E+000, 5.325439E+000, 3.050587E-001, 6.806158E-001, 4.516720E-001, 3.927657E-001
1.894720E-001, 1.663747E+000, 3.486917E+000, 5.401772E+000, 4.367630E-001, 6.853938E-001, 4.639592E-001, 3.832148E-001
1.894800E-001, 1.701756E+000, 3.556619E+000, 5.431006E+000, 4.907956E-001, 7.005637E-001, 4.740016E-001, 3.875776E-001
1.894880E-001, 1.915987E+000, 3.703173E+000, 5.390403E+000, 3.534628E-001, 7.128668E-001, 4.839259E-001, 3.889925E-001
1.894960E-001, 1.883161E+000, 3.781812E+000, 5.502467E+000, 2.217585E-001, 7.059388E-001, 4.886518E-001, 3.869880E-001
1.895040E-001, 1.712122E+000, 3.796110E+000, 5.614530E+000, 2.667857E-001, 6.907689E-001, 4.840440E-001, 3.952419E-001
1.895120E-001, 1.781229E+000, 3.724620E+000, 5.474857E+000, 4.345117E-001, 6.926801E-001, 4.819174E-001, 4.073868E-001
1.895200E-001, 1.943630E+000, 3.556619E+000, 5.273468E+000, 5.391997E-001, 6.997275E-001, 4.890062E-001, 4.088018E-001
1.895280E-001, 1.865885E+000, 3.442235E+000, 5.200383E+000, 4.423914E-001, 6.960246E-001, 4.914873E-001, 4.039674E-001
1.895360E-001, 1.706939E+000, 3.513725E+000, 5.135419E+000, 2.667857E-001, 6.926801E-001, 4.797908E-001, 4.124571E-001
1.895440E-001, 1.748403E+000, 3.628109E+000, 5.166277E+000, 2.150045E-001, 6.901717E-001, 4.594697E-001, 4.317947E-001
1.895520E-001, 1.903893E+000, 3.694237E+000, 5.432630E+000, 3.286979E-001, 6.832436E-001, 4.475369E-001, 4.407560E-001
1.895600E-001, 1.953996E+000, 3.808621E+000, 5.593417E+000, 5.121834E-001, 6.816908E-001, 4.550983E-001, 4.424068E-001
1.895680E-001, 1.883161E+000, 3.860451E+000, 5.517084E+000, 5.763471E-001, 6.906494E-001, 4.653770E-001, 4.475949E-001
1.895760E-001, 1.814054E+000, 3.744280E+000, 5.447247E+000, 4.615279E-001, 6.986524E-001, 4.630141E-001, 4.395769E-001
1.895840E-001, 1.841697E+000, 3.640620E+000, 5.364418E+000, 3.196925E-001, 6.956663E-001, 4.611237E-001, 4.209468E-001
1.895920E-001, 1.848608E+000, 3.533385E+000, 5.357922E+000, 2.172558E-001, 6.833631E-001, 4.672673E-001, 4.208288E-001
1.896000E-001, 1.672385E+000, 3.363596E+000, 5.505715E+000, 1.981193E-001, 6.714183E-001, 4.703391E-001, 4.335634E-001
1.896080E-001, 1.480614E+000, 3.470831E+000, 5.494346E+000, 3.230695E-001, 6.575623E-001, 4.710480E-001, 4.350962E-001
1.896160E-001, 1.463337E+000, 3.810408E+000, 5.318943E+000, 4.187522E-001, 6.248335E-001, 4.729383E-001, 4.267245E-001
1.896240E-001, 1.613645E+000, 3.837217E+000, 5.240986E+000, 4.255062E-001, 5.830266E-001, 4.710480E-001, 4.258991E-001
1.896320E-001, 1.791595E+000, 3.599513E+000, 5.240986E+000, 5.043037E-001, 5.586592E-001, 4.685669E-001, 4.327380E-001
1.896400E-001, 1.864157E+000, 3.549470E+000, 5.226369E+000, 5.966093E-001, 5.635566E-001, 4.673855E-001, 4.381619E-001
1.896480E-001, 1.853791E+000, 3.560194E+000, 5.187390E+000, 6.179972E-001, 6.161138E-001, 4.657314E-001, 4.539622E-001
1.896560E-001, 1.857246E+000, 3.442235E+000, 5.166277E+000, 5.943579E-001, 7.054610E-001, 4.650226E-001, 4.782521E-001
1.896640E-001, 1.934991E+000, 3.456533E+000, 5.297830E+000, 4.671563E-001, 7.685297E-001, 4.597060E-001, 4.892180E-001
1.896720E-001, 2.007554E+000, 3.454746E+000, 5.512211E+000, 2.960533E-001, 7.862080E-001, 4.493091E-001, 4.840298E-001
1.896800E-001, 1.933264E+000, 3.324277E+000, 5.530077E+000, 2.386437E-001, 7.874025E-001, 4.431655E-001, 4.731819E-001
1.896880E-001, 1.812327E+000, 3.594151E+000, 5.409893E+000, 2.904249E-001, 7.733076E-001, 4.397393E-001, 4.668146E-001
1.896960E-001, 1.834786E+000, 3.967685E+000, 5.401772E+000, 3.320750E-001, 7.485818E-001, 4.311147E-001, 4.687012E-001
1.897040E-001, 1.871068E+000, 3.697811E+000, 5.461864E+000, 3.489601E-001, 7.338897E-001, 4.159920E-001, 4.699983E-001
1.897120E-001, 1.820965E+000, 3.335001E+000, 5.387156E+000, 4.446428E-001, 7.175253E-001, 4.050044E-001, 4.670505E-001
1.897200E-001, 1.838242E+000, 3.426150E+000, 5.236114E+000, 5.515822E-001, 6.919634E-001, 4.068947E-001, 4.723565E-001
1.897280E-001, 1.820965E+000, 3.424363E+000, 5.309198E+000, 5.482051E-001, 6.858715E-001, 4.089032E-001, 4.881568E-001
1.897360E-001, 1.712122E+000, 3.284958E+000, 5.495970E+000, 5.110577E-001, 7.077305E-001, 4.079581E-001, 4.895717E-001
1.897440E-001, 1.748403E+000, 3.563768E+000, 5.424510E+000, 5.144348E-001, 7.317396E-001, 4.226081E-001, 4.773088E-001
1.897520E-001, 1.781229E+000, 3.876536E+000, 5.252355E+000, 5.707187E-001, 7.395037E-001, 4.444652E-001, 4.820253E-001
1.897600E-001, 1.682751E+000, 3.645981E+000, 5.281589E+000, 6.146201E-001, 7.239755E-001, 4.490728E-001, 4.945240E-001
1.897680E-001, 1.763952E+000, 3.456533E+000, 5.372539E+000, 4.817901E-001, 6.900522E-001, 4.425748E-001, 4.899254E-001
1.897760E-001, 1.876251E+000, 3.703173E+000, 5.286461E+000, 2.791681E-001, 6.524260E-001, 4.361949E-001, 4.761297E-001
1.897840E-001, 1.757041E+000, 3.787174E+000, 5.137043E+000, 2.915506E-001, 6.143221E-001, 4.289880E-001, 4.665788E-001
1.897920E-001, 1.769135E+000, 3.687088E+000, 5.206880E+000, 3.658453E-001, 5.935380E-001, 4.270977E-001, 4.629235E-001
1.898000E-001, 1.929808E+000, 3.755003E+000, 5.367666E+000, 2.476491E-001, 6.044078E-001, 4.269795E-001, 4.609190E-001
1.898080E-001, 1.834786E+000, 3.724620E+000, 5.416389E+000, 1.857368E-001, 5.935380E-001, 4.228444E-001, 4.603295E-001
1.898160E-001, 1.719033E+000, 3.608449E+000, 5.487850E+000, 3.129385E-001, 5.465949E-001, 4.276884E-001, 4.620982E-001
1.898240E-001, 1.886617E+000, 3.696024E+000, 5.658381E+000, 3.061844E-001, 5.543591E-001, 4.398575E-001, 4.595041E-001
1.898320E-001, 1.966089E+000, 3.708535E+000, 5.786685E+000, 2.037477E-001, 6.348671E-001, 4.370220E-001, 4.593862E-001
1.898400E-001, 1.736309E+000, 3.585215E+000, 5.677870E+000, 3.163155E-001, 6.980552E-001, 4.185912E-001, 4.768372E-001
1.898480E-001, 1.577363E+000, 3.569130E+000, 5.432630E+000, 4.829158E-001, 7.184809E-001, 4.034685E-001, 5.073764E-001
1.898560E-001, 1.686207E+000, 3.551257E+000, 5.405020E+000, 4.840415E-001, 7.201532E-001, 3.962616E-001, 5.310768E-001
1.898640E-001, 1.843425E+000, 3.526236E+000, 5.481353E+000, 4.581509E-001, 6.941134E-001, 3.891729E-001, 5.331993E-001
1.898720E-001, 1.988549E+000, 3.565555E+000, 5.349801E+000, 4.502712E-001, 6.720155E-001, 3.820841E-001, 5.208185E-001
1.898800E-001, 2.109486E+000, 3.622747E+000, 5.195511E+000, 3.635940E-001, 6.899328E-001, 3.752316E-001, 5.093809E-001
1.898880E-001, 2.021375E+000, 3.653130E+000, 5.218248E+000, 2.397694E-001, 7.092834E-001, 3.631807E-001, 4.970002E-001
1.898960E-001, 1.871068E+000, 3.544108E+000, 5.331936E+000, 2.082504E-001, 7.196754E-001, 3.518387E-001, 4.758939E-001
1.899040E-001, 2.054201E+000, 3.485129E+000, 5.396900E+000, 2.847965E-001, 7.405788E-001, 3.543198E-001, 4.599757E-001
1.899120E-001, 2.282253E+000, 3.620960E+000, 5.409893E+000, 4.097467E-001, 7.360398E-001, 3.568009E-001, 4.699983E-001
1.899200E-001, 2.090482E+000, 3.717471E+000, 5.497594E+000, 5.178118E-001, 6.936356E-001, 3.436866E-001, 4.862702E-001
1.899280E-001, 1.893527E+000, 3.728195E+000, 5.556062E+000, 5.256916E-001, 6.512315E-001, 3.453407E-001, 4.845015E-001
1.899360E-001, 2.007554E+000, 3.669215E+000, 5.460240E+000, 5.043037E-001, 6.177860E-001, 3.788942E-001, 4.875672E-001
1.899440E-001, 2.045562E+000, 3.549470E+000, 5.463488E+000, 6.056147E-001, 5.925825E-001, 4.087851E-001, 5.093809E-001
1.899520E-001, 1.883161E+000, 3.608449E+000, 5.661629E+000, 7.418217E-001, 5.827878E-001, 4.068947E-001, 5.347321E-001
1.899600E-001, 1.881434E+000, 3.740705E+000, 5.755827E+000, 8.048597E-001, 5.831461E-001, 3.740501E-001, 5.623236E-001
1.899680E-001, 2.073205E+000, 3.701386E+000, 5.640516E+000, 8.003570E-001, 6.063190E-001, 3.350620E-001, 5.831940E-001
1.899760E-001, 2.133673E+000, 3.662066E+000, 5.484601E+000, 6.911662E-001, 6.569651E-001, 3.223022E-001, 5.788313E-001
1.899840E-001, 2.131946E+000, 3.528023E+000, 5.434254E+000, 5.358227E-001, 6.996080E-001, 3.279732E-001, 5.619698E-001
1.899920E-001, 2.240789E+000, 3.345724E+000, 5.435878E+000, 3.917359E-001, 7.268422E-001, 3.296273E-001, 5.395665E-001
1.900000E-001, 2.197597E+000, 3.551257E+000, 5.356297E+000, 2.949276E-001, 7.544348E-001, 3.328172E-001, 4.906329E-001
1.900080E-001, 2.028286E+000, 3.799685E+000, 5.375787E+000, 3.692223E-001, 7.516875E-001, 3.420326E-001, 4.304976E-001
1.900160E-001, 2.076660E+000, 3.603087E+000, 5.595041E+000, 4.525225E-001, 6.857521E-001, 3.426233E-001, 3.974822E-001
1.900240E-001, 2.097392E+000, 3.340362E+000, 5.668126E+000, 3.061844E-001, 5.642732E-001, 3.211208E-001, 4.003121E-001
1.900320E-001, 1.876251E+000, 3.367171E+000, 5.554438E+000, 1.654747E-001, 4.036154E-001, 2.840229E-001, 4.339171E-001
1.900400E-001, 1.744948E+000, 3.499427E+000, 5.551190E+000, 2.093761E-001, 2.403298E-001, 2.445622E-001, 4.755401E-001
1.900480E-001, 1.829603E+000, 3.533385E+000, 5.569055E+000, 3.039330E-001, 1.219566E-001, 2.079369E-001, 4.968823E-001
1.900560E-001, 1.928081E+000, 3.494066E+000, 5.387156E+000, 4.513968E-001, 6.868271E-002, 1.906876E-001, 5.110317E-001
1.900640E-001, 1.909076E+000, 3.488704E+000, 5.279964E+000, 5.594619E-001, 9.985869E-002, 2.180975E-001, 5.302514E-001
1.900720E-001, 1.905621E+000, 3.445810E+000, 5.518708E+000, 4.941726E-001, 2.285044E-001, 2.878036E-001, 5.304872E-001
1.900800E-001, 1.966089E+000, 3.281383E+000, 5.760699E+000, 4.277576E-001, 4.282218E-001, 3.752316E-001, 5.159841E-001
1.900880E-001, 1.940174E+000, 3.243851E+000, 5.728217E+000, 4.705333E-001, 6.674765E-001, 4.744742E-001, 5.196393E-001
1.900960E-001, 1.895255E+000, 3.367171E+000, 5.564183E+000, 5.155604E-001, 9.168843E-001, 5.852951E-001, 5.348500E-001
1.901040E-001, 1.919442E+000, 3.317128E+000, 5.439126E+000, 4.592766E-001, 1.117796E+000, 6.697695E-001, 5.386232E-001
1.901120E-001, 2.024830E+000, 3.370745E+000, 5.570679E+000, 3.692223E-001, 1.204396E+000, 6.883184E-001, 5.428680E-001
1.901200E-001, 2.100848E+000, 3.772876E+000, 5.874387E+000, 3.804791E-001, 1.151839E+000, 6.483851E-001, 5.600832E-001
1.901280E-001, 1.988549E+000, 3.769301E+000, 5.851649E+000, 4.086211E-001, 9.856865E-001, 5.596575E-001, 5.751760E-001
1.901360E-001, 1.850335E+000, 3.302830E+000, 5.494346E+000, 3.500858E-001, 7.581376E-001, 4.159920E-001, 5.777701E-001
1.901440E-001, 1.801961E+000, 3.302830E+000, 5.341681E+000, 2.656600E-001, 5.203163E-001, 2.349923E-001, 5.681013E-001
1.901520E-001, 1.814054E+000, 3.624534E+000, 5.523580E+000, 2.048734E-001, 2.994566E-001, 5.115721E-002, 5.495890E-001
1.901600E-001, 2.017920E+000, 3.563768E+000, 5.596665E+000, 2.150045E-001, 1.095340E-001, -1.076310E-001, 5.282469E-001
1.901680E-001, 2.289164E+000, 3.324277E+000, 5.385531E+000, 3.050587E-001, -1.970895E-002, -2.190426E-001, 5.018346E-001
1.901760E-001, 2.306441E+000, 3.272447E+000, 5.169525E+000, 3.996156E-001, -5.100438E-002, -2.596849E-001, 4.780163E-001
1.901840E-001, 2.161316E+000, 3.356447E+000, 5.119178E+000, 4.761617E-001, 2.687584E-002, -2.118357E-001, 4.724744E-001
1.901920E-001, 2.066294E+000, 3.544108E+000, 5.227993E+000, 5.178118E-001, 1.798890E-001, -7.833078E-002, 4.775446E-001
1.902000E-001, 2.054201E+000, 3.719258E+000, 5.388779E+000, 5.774727E-001, 3.499832E-001, 1.313783E-001, 4.839119E-001
1.902080E-001, 2.149223E+000, 3.585215E+000, 5.479729E+000, 6.866635E-001, 5.144634E-001, 3.989789E-001, 4.991226E-001
1.902160E-001, 2.190687E+000, 3.268872E+000, 5.573927E+000, 6.652756E-001, 6.832436E-001, 6.844196E-001, 5.248275E-001
1.902240E-001, 1.966089E+000, 3.247426E+000, 5.661629E+000, 4.694077E-001, 8.487989E-001, 9.556828E-001, 5.550130E-001
1.902320E-001, 1.724216E+000, 3.556619E+000, 5.624275E+000, 3.692223E-001, 9.849698E-001, 1.193038E+000, 5.765910E-001
1.902400E-001, 1.817510E+000, 3.796110E+000, 5.586920E+000, 4.232549E-001, 1.067628E+000, 1.369903E+000, 5.796567E-001
1.902480E-001, 2.085299E+000, 3.681726E+000, 5.642140E+000, 3.748507E-001, 1.099998E+000, 1.465719E+000, 5.756477E-001
1.902560E-001, 2.161316E+000, 3.426150E+000, 5.664877E+000, 2.363923E-001, 1.112660E+000, 1.469145E+000, 5.653893E-001
1.902640E-001, 2.080116E+000, 3.456533E+000, 5.655133E+000, 1.654747E-001, 1.108240E+000, 1.372502E+000, 5.383874E-001
1.902720E-001, 2.081843E+000, 3.674577E+000, 5.681118E+000, 1.575949E-001, 1.054608E+000, 1.181932E+000, 5.112675E-001
1.902800E-001, 2.125035E+000, 3.672790E+000, 5.619402E+000, 2.172558E-001, 9.422073E-001, 9.157494E-001, 5.018346E-001
1.902880E-001, 2.047290E+000, 3.579853E+000, 5.413141E+000, 2.544032E-001, 7.960027E-001, 5.858859E-001, 4.919299E-001
1.902960E-001, 1.945357E+000, 3.696024E+000, 5.385531E+000, 2.059990E-001, 6.395256E-001, 2.146712E-001, 4.734177E-001
1.903040E-001, 2.004098E+000, 3.780025E+000, 5.570679E+000, 2.071247E-001, 4.761205E-001, -1.558345E-001, 4.744789E-001
1.903120E-001, 2.119852E+000, 3.665641E+000, 5.534949E+000, 3.489601E-001, 2.920508E-001, -4.960949E-001, 5.014808E-001
1.903200E-001, 2.050745E+000, 3.645981E+000, 5.429382E+000, 5.088064E-001, 8.958615E-002, -7.905147E-001, 5.323738E-001
1.903280E-001, 1.852063E+000, 3.710322E+000, 5.603161E+000, 4.761617E-001, -9.125842E-002, -1.011802E+000, 5.592579E-001
1.903360E-001, 1.808871E+000, 3.651343E+000, 5.724969E+000, 3.219439E-001, -2.257571E-001, -1.130657E+000, 5.817791E-001
1.903440E-001, 1.948813E+000, 3.599513E+000, 5.577176E+000, 3.039330E-001, -3.180905E-001, -1.148379E+000, 6.034749E-001
1.903520E-001, 2.099120E+000, 3.506576E+000, 5.458616E+000, 3.737251E-001, -3.644364E-001, -1.083399E+000, 6.373158E-001
1.903600E-001, 2.233878E+000, 3.354660E+000, 5.528452E+000, 3.951129E-001, -3.681393E-001, -9.288636E-001, 6.725715E-001
1.903680E-001, 2.261521E+000, 3.504789E+000, 5.572303E+000, 4.468941E-001, -3.428163E-001, -6.845378E-001, 6.824762E-001
1.903760E-001, 2.087026E+000, 3.719258E+000, 5.452119E+000, 4.964240E-001, -2.797477E-001, -3.857466E-001, 6.761089E-001
1.903840E-001, 1.910804E+000, 3.561981E+000, 5.486226E+000, 4.165008E-001, -1.655552E-001, -6.273551E-002, 6.726894E-001
1.903920E-001, 1.917715E+000, 3.444022E+000, 5.778564E+000, 3.354520E-001, -1.313930E-003, 2.650014E-001, 6.711566E-001
1.904000E-001, 1.964362E+000, 3.617385E+000, 5.817543E+000, 3.444574E-001, 2.067648E-001, 5.824596E-001, 6.690342E-001
1.904080E-001, 1.952268E+000, 3.687088E+000, 5.564183E+000, 3.230695E-001, 4.431528E-001, 8.817234E-001, 6.596012E-001
1.904160E-001, 1.992005E+000, 3.560194E+000, 5.469985E+000, 3.163155E-001, 6.961440E-001, 1.135855E+000, 6.425039E-001
1.904240E-001, 1.973000E+000, 3.463682E+000, 5.530077E+000, 3.939873E-001, 9.600051E-001, 1.320399E+000, 6.330709E-001
1.904320E-001, 1.853791E+000, 3.526236E+000, 5.528452E+000, 4.513968E-001, 1.213355E+000, 1.456031E+000, 6.386128E-001
1.904400E-001, 1.872795E+000, 3.715684E+000, 5.565807E+000, 4.604023E-001, 1.441142E+000, 1.570869E+000, 6.493428E-001
1.904480E-001, 1.990277E+000, 3.812195E+000, 5.744458E+000, 4.378887E-001, 1.638710E+000, 1.647664E+000, 6.526443E-001
1.904560E-001, 2.047290E+000, 3.678152E+000, 5.812671E+000, 3.827305E-001, 1.792201E+000, 1.662905E+000, 6.472204E-001
1.904640E-001, 2.047290E+000, 3.524449E+000, 5.647012E+000, 3.838561E-001, 1.886684E+000, 1.634904E+000, 6.397919E-001
1.904720E-001, 1.988549E+000, 3.540534E+000, 5.541445E+000, 4.682820E-001, 1.899823E+000, 1.582802E+000, 6.341321E-001
1.904800E-001, 1.917715E+000, 3.569130E+000, 5.608034E+000, 5.234402E-001, 1.829946E+000, 1.508488E+000, 6.245812E-001
1.904880E-001, 1.865885E+000, 3.481555E+000, 5.629147E+000, 4.862928E-001, 1.702853E+000, 1.412553E+000, 6.027675E-001
1.904960E-001, 1.957451E+000, 3.454746E+000, 5.573927E+000, 3.973643E-001, 1.520576E+000, 1.294998E+000, 5.684550E-001
1.905040E-001, 2.259794E+000, 3.629896E+000, 5.609658E+000, 4.052441E-001, 1.273676E+000, 1.168109E+000, 5.275394E-001
1.905120E-001, 2.330628E+000, 3.824706E+000, 5.726593E+000, 5.020523E-001, 9.761306E-001, 1.033777E+000, 4.879209E-001
1.905200E-001, 1.985094E+000, 3.905132E+000, 5.757451E+000, 5.155604E-001, 6.513510E-001, 8.819597E-001, 4.587966E-001
1.905280E-001, 1.724216E+000, 3.889047E+000, 5.677870E+000, 4.570252E-001, 3.217934E-001, 7.180912E-001, 4.333276E-001
1.905360E-001, 1.722488E+000, 3.758578E+000, 5.661629E+000, 4.029927E-001, 1.994785E-002, 5.434715E-001, 3.938269E-001
1.905440E-001, 1.696573E+000, 3.599513E+000, 5.647012E+000, 3.624683E-001, -2.203819E-001, 3.564464E-001, 3.549159E-001
1.905520E-001, 1.624011E+000, 3.542321E+000, 5.447247E+000, 3.084357E-001, -4.002709E-001, 1.672947E-001, 3.394694E-001
1.905600E-001, 1.736309E+000, 3.624534E+000, 5.370914E+000, 2.735397E-001, -5.315444E-001, -1.843077E-002, 3.303902E-001
1.905680E-001, 1.998915E+000, 3.744280E+000, 5.577176E+000, 4.097467E-001, -6.028550E-001, -1.903332E-001, 3.134108E-001
1.905760E-001, 2.068022E+000, 3.763940E+000, 5.604785E+000, 5.707187E-001, -6.176666E-001, -3.368342E-001, 2.970210E-001
1.905840E-001, 1.879706E+000, 3.694237E+000, 5.387156E+000, 4.750361E-001, -5.917463E-001, -4.688032E-001, 2.879417E-001
1.905920E-001, 1.677568E+000, 3.558406E+000, 5.343305E+000, 3.219439E-001, -5.185246E-001, -5.838774E-001, 2.977284E-001
1.906000E-001, 1.655109E+000, 3.451171E+000, 5.583672E+000, 3.500858E-001, -3.904761E-001, -6.576005E-001, 3.177736E-001
1.906080E-001, 1.839970E+000, 3.536959E+000, 5.804550E+000, 3.793534E-001, -2.267127E-001, -7.014326E-001, 3.195422E-001
1.906160E-001, 1.924625E+000, 3.585215E+000, 5.716848E+000, 2.780424E-001, -5.279610E-002, -7.287244E-001, 3.190706E-001
1.906240E-001, 1.762224E+000, 3.460108E+000, 5.526828E+000, 2.363923E-001, 1.194482E-001, -7.085214E-001, 3.399411E-001
1.906320E-001, 1.713850E+000, 3.506576E+000, 5.612906E+000, 3.151898E-001, 2.838089E-001, -6.385790E-001, 3.590428E-001
1.906400E-001, 1.831331E+000, 3.687088E+000, 5.781813E+000, 2.960533E-001, 4.271467E-001, -5.601301E-001, 3.691833E-001
1.906480E-001, 1.874523E+000, 3.687088E+000, 5.698983E+000, 2.138788E-001, 5.297527E-001, -4.802634E-001, 3.924120E-001
1.906560E-001, 1.936719E+000, 3.485129E+000, 5.489474E+000, 3.095614E-001, 5.850573E-001, -3.799574E-001, 4.263707E-001
1.906640E-001, 2.052473E+000, 3.254575E+000, 5.390403E+000, 4.423914E-001, 6.089469E-001, -2.699636E-001, 4.628056E-001
1.906720E-001, 2.054201E+000, 3.388618E+000, 5.460240E+000, 3.973643E-001, 6.219667E-001, -1.707209E-001, 5.028958E-001
1.906800E-001, 1.986822E+000, 3.763940E+000, 5.593417E+000, 3.140641E-001, 6.312837E-001, -6.994241E-002, 5.304872E-001
1.906880E-001, 1.953996E+000, 3.696024E+000, 5.700607E+000, 3.354520E-001, 6.273419E-001, 4.028778E-002, 5.328455E-001
1.906960E-001, 1.952268E+000, 3.356447E+000, 5.799678E+000, 3.951129E-001, 6.149193E-001, 1.309057E-001, 5.254170E-001
1.907040E-001, 1.969545E+000, 3.277809E+000, 5.781813E+000, 4.165008E-001, 6.188611E-001, 1.929324E-001, 5.249454E-001
1.907120E-001, 1.938447E+000, 3.288532E+000, 5.630771E+000, 3.951129E-001, 6.396450E-001, 2.544864E-001, 5.257708E-001
1.907200E-001, 1.928081E+000, 3.343937E+000, 5.577176E+000, 3.973643E-001, 6.646097E-001, 3.149772E-001, 5.177527E-001
1.907280E-001, 2.005826E+000, 3.519087E+000, 5.669750E+000, 4.119981E-001, 7.005637E-001, 3.590456E-001, 5.024241E-001
1.907360E-001, 1.921170E+000, 3.517300E+000, 5.687614E+000, 3.489601E-001, 7.408177E-001, 4.098484E-001, 4.845015E-001
1.907440E-001, 1.738037E+000, 3.406490E+000, 5.531701E+000, 2.566546E-001, 7.521653E-001, 4.823900E-001, 4.712953E-001
1.907520E-001, 1.845152E+000, 3.495853E+000, 5.482977E+000, 1.733544E-001, 7.301868E-001, 5.519780E-001, 4.682296E-001
1.907600E-001, 2.093937E+000, 3.644194E+000, 5.687614E+000, 8.667719E-002, 7.083278E-001, 6.090425E-001, 4.737715E-001
1.907680E-001, 2.097392E+000, 3.653130E+000, 5.811047E+000, 9.005423E-002, 7.035499E-001, 6.704784E-001, 4.842657E-001
1.907760E-001, 1.900438E+000, 3.660279E+000, 5.768820E+000, 1.834855E-001, 7.159725E-001, 7.431382E-001, 4.965285E-001
1.907840E-001, 1.841697E+000, 3.685301E+000, 5.848401E+000, 2.127531E-001, 7.452373E-001, 8.173339E-001, 5.125646E-001
1.907920E-001, 2.021375E+000, 3.560194E+000, 5.953968E+000, 1.801085E-001, 7.770105E-001, 8.808964E-001, 5.280111E-001
1.908000E-001, 2.130218E+000, 3.411852E+000, 5.811047E+000, 2.138788E-001, 7.931360E-001, 9.226019E-001, 5.360291E-001
1.908080E-001, 2.012737E+000, 3.454746E+000, 5.590168E+000, 3.512115E-001, 7.840579E-001, 9.446952E-001, 5.525368E-001
1.908160E-001, 1.807144E+000, 3.619173E+000, 5.643764E+000, 5.144348E-001, 7.476262E-001, 9.660797E-001, 5.791850E-001
1.908240E-001, 1.618828E+000, 3.660279E+000, 5.992946E+000, 5.268173E-001, 6.902911E-001, 9.834471E-001, 5.940419E-001
1.908320E-001, 1.592913E+000, 3.667428E+000, 6.191087E+000, 3.838561E-001, 6.112164E-001, 9.687970E-001, 6.020600E-001
1.908400E-001, 1.755314E+000, 3.862238E+000, 5.913365E+000, 3.872332E-001, 4.995323E-001, 9.215386E-001, 6.164453E-001
1.908480E-001, 1.914259E+000, 3.923004E+000, 5.586920E+000, 5.707187E-001, 3.700505E-001, 8.651830E-001, 6.302410E-001
1.908560E-001, 2.026558E+000, 3.722833E+000, 5.593417E+000, 5.166861E-001, 2.675639E-001, 8.059918E-001, 6.344858E-001
1.908640E-001, 2.011009E+000, 3.638832E+000, 5.746082E+000, 2.318897E-001, 2.101094E-001, 7.365220E-001, 6.268216E-001
1.908720E-001, 1.800233E+000, 3.656705E+000, 5.827288E+000, 1.711030E-001, 1.790528E-001, 6.618537E-001, 6.139691E-001
1.908800E-001, 1.736309E+000, 3.706748E+000, 5.770444E+000, 2.960533E-001, 1.672275E-001, 5.986456E-001, 6.018242E-001
1.908880E-001, 1.962634E+000, 3.840791E+000, 5.762323E+000, 3.365777E-001, 1.705720E-001, 5.503240E-001, 5.897971E-001
1.908960E-001, 1.979911E+000, 3.785387E+000, 5.906869E+000, 3.208182E-001, 1.729610E-001, 5.122809E-001, 5.833119E-001
1.909040E-001, 1.636104E+000, 3.599513E+000, 5.932855E+000, 3.095614E-001, 1.795306E-001, 4.826263E-001, 5.821328E-001
1.909120E-001, 1.490980E+000, 3.520874E+000, 5.822415E+000, 3.073101E-001, 2.021063E-001, 4.540350E-001, 5.706953E-001
1.909200E-001, 1.684479E+000, 3.472618E+000, 5.781813E+000, 3.286979E-001, 2.240848E-001, 4.217811E-001, 5.447546E-001
1.909280E-001, 1.810599E+000, 3.536959E+000, 5.812671E+000, 3.692223E-001, 2.366269E-001, 3.878732E-001, 5.287186E-001
1.909360E-001, 1.807144E+000, 3.685301E+000, 5.866266E+000, 3.534628E-001, 2.563358E-001, 3.533746E-001, 5.322559E-001
1.909440E-001, 1.803688E+000, 3.710322E+000, 5.845153E+000, 2.330153E-001, 2.773587E-001, 3.180490E-001, 5.261245E-001
1.909520E-001, 1.879706E+000, 3.631683E+000, 5.716848E+000, 1.913652E-001, 2.797477E-001, 2.757527E-001, 4.925195E-001
1.909600E-001, 2.135401E+000, 3.474406E+000, 5.651885E+000, 3.241952E-001, 2.691168E-001, 2.230596E-001, 4.549055E-001
1.909680E-001, 2.302985E+000, 3.360022E+000, 5.685990E+000, 4.311346E-001, 2.553802E-001, 1.662314E-001, 4.343888E-001
1.909760E-001, 2.161316E+000, 3.390405E+000, 5.677870E+000, 3.827305E-001, 2.369852E-001, 1.051499E-001, 4.124571E-001
1.909840E-001, 2.042107E+000, 3.402916E+000, 5.674622E+000, 2.712884E-001, 2.108261E-001, 5.186608E-002, 3.663534E-001
1.909920E-001, 2.066294E+000, 3.458320E+000, 5.791557E+000, 3.230695E-001, 1.826363E-001, 2.504695E-002, 3.024449E-001
1.910000E-001, 2.024830E+000, 3.692450E+000, 5.901997E+000, 4.322603E-001, 1.624495E-001, 1.973038E-002, 2.418380E-001
1.910080E-001, 1.926353E+000, 3.858664E+000, 5.851649E+000, 2.892992E-001, 1.444129E-001, 3.213571E-002, 1.966777E-001
1.910160E-001, 1.808871E+000, 3.797897E+000, 5.694111E+000, 7.091770E-002, 1.202843E-001, 6.391697E-002, 1.505740E-001
1.910240E-001, 1.713850E+000, 3.701386E+000, 5.604785E+000, 4.840415E-002, 1.075034E-001, 1.099939E-001, 8.914167E-002
1.910320E-001, 1.681024E+000, 3.599513E+000, 5.658381E+000, 1.733544E-001, 1.201649E-001, 1.717843E-001, 2.983180E-002
1.910400E-001, 1.646470E+000, 3.460108E+000, 5.767196E+000, 3.039330E-001, 1.398738E-001, 2.523598E-001, -3.183631E-003
1.910480E-001, 1.599823E+000, 3.422575E+000, 5.770444E+000, 3.444574E-001, 1.569549E-001, 3.376612E-001, -1.721519E-002
1.910560E-001, 1.549721E+000, 3.410065E+000, 5.705480E+000, 3.039330E-001, 1.858614E-001, 4.144561E-001, -4.162303E-002
1.910640E-001, 1.608462E+000, 3.343937E+000, 5.776940E+000, 3.050587E-001, 2.216958E-001, 4.921961E-001, -7.286978E-002
1.910720E-001, 1.717305E+000, 3.508363E+000, 5.841905E+000, 3.984900E-001, 2.483328E-001, 5.588304E-001, -8.678342E-002
1.910800E-001, 1.731126E+000, 3.840791E+000, 5.793181E+000, 4.626536E-001, 2.791504E-001, 5.860040E-001, -8.690134E-002
1.910880E-001, 1.848608E+000, 3.864025E+000, 5.838656E+000, 4.525225E-001, 3.309909E-001, 5.839955E-001, -8.324605E-002
1.910960E-001, 1.924625E+000, 3.608449E+000, 5.874387E+000, 3.894846E-001, 3.983597E-001, 5.671007E-001, -7.404890E-002
1.911040E-001, 1.779501E+000, 3.438661E+000, 5.772068E+000, 2.769168E-001, 4.720592E-001, 5.337835E-001, -5.482920E-002
1.911120E-001, 1.760497E+000, 3.436873E+000, 5.671374E+000, 2.499005E-001, 5.389503E-001, 4.842803E-001, -1.497486E-002
1.911200E-001, 1.860702E+000, 3.551257E+000, 5.687614E+000, 3.005560E-001, 5.838628E-001, 4.026415E-001, 4.197676E-002
1.911280E-001, 1.912532E+000, 3.740705E+000, 5.846777E+000, 2.667857E-001, 5.946131E-001, 2.926476E-001, 9.267904E-002
1.911360E-001, 1.981638E+000, 3.808621E+000, 5.932855E+000, 2.003707E-001, 5.703651E-001, 1.890336E-001, 1.351275E-001
1.911440E-001, 2.007554E+000, 3.563768E+000, 5.801302E+000, 2.014963E-001, 5.319028E-001, 9.203571E-002, 1.818207E-001
1.911520E-001, 1.974728E+000, 3.204532E+000, 5.760699E+000, 2.555289E-001, 4.930821E-001, -1.193274E-002, 2.222646E-001
1.911600E-001, 1.922898E+000, 3.236702E+000, 5.958840E+000, 3.286979E-001, 4.481696E-001, -1.047955E-001, 2.418380E-001
1.911680E-001, 1.877978E+000, 3.656705E+000, 6.090393E+000, 3.309493E-001, 4.056461E-001, -1.690669E-001, 2.510352E-001
1.911760E-001, 1.879706E+000, 3.751429E+000, 5.999443E+000, 1.891139E-001, 3.884455E-001, -2.069917E-001, 2.620010E-001
1.911840E-001, 1.922898E+000, 3.504789E+000, 5.846777E+000, 8.780287E-002, 3.976430E-001, -2.318024E-001, 2.700191E-001
1.911920E-001, 2.009281E+000, 3.583428E+000, 5.747706E+000, 2.161302E-001, 4.082739E-001, -2.384186E-001, 2.723773E-001
1.912000E-001, 2.061111E+000, 3.808621E+000, 5.731465E+000, 3.590913E-001, 4.020626E-001, -2.152620E-001, 2.789804E-001
1.912080E-001, 2.045562E+000, 3.679939E+000, 5.765572E+000, 3.118128E-001, 3.778146E-001, -1.844259E-001, 2.887671E-001
1.912160E-001, 2.071477E+000, 3.567343E+000, 5.786685E+000, 1.497152E-001, 3.447275E-001, -1.563071E-001, 2.898283E-001
1.912240E-001, 2.062839E+000, 3.831855E+000, 5.864642E+000, 1.463381E-002, 3.182100E-001, -1.195637E-001, 2.958418E-001
1.912320E-001, 1.947085E+000, 3.981983E+000, 5.989698E+000, 3.602169E-002, 2.958732E-001, -7.868522E-002, 3.240229E-001
1.912400E-001, 1.903893E+000, 3.760365E+000, 5.973457E+000, 1.485895E-001, 2.707891E-001, -3.922446E-002, 3.647026E-001
1.912480E-001, 1.990277E+000, 3.653130E+000, 5.908493E+000, 2.285126E-001, 2.631444E-001, -4.725839E-003, 4.085660E-001
1.912560E-001, 2.064567E+000, 3.733556E+000, 5.908493E+000, 3.028074E-001, 2.813005E-001, 3.048166E-002, 4.580891E-001
1.912640E-001, 2.023103E+000, 3.660279E+000, 5.851649E+000, 3.579656E-001, 3.049512E-001, 8.506510E-002, 5.148049E-001
1.912720E-001, 1.933264E+000, 3.504789E+000, 5.791557E+000, 3.669710E-001, 3.275269E-001, 1.503998E-001, 5.616161E-001
1.912800E-001, 2.004098E+000, 3.460108E+000, 5.869514E+000, 3.647196E-001, 3.544028E-001, 2.101817E-001, 5.846090E-001
1.912880E-001, 2.190687E+000, 3.524449E+000, 5.984826E+000, 3.680967E-001, 3.797258E-001, 2.792971E-001, 6.066586E-001
1.912960E-001, 2.280525E+000, 3.615598E+000, 5.905245E+000, 4.243806E-001, 3.938207E-001, 3.615267E-001, 6.362545E-001
1.913040E-001, 2.213146E+000, 3.637045E+000, 5.690863E+000, 5.234402E-001, 4.052877E-001, 4.422204E-001, 6.472204E-001
1.913120E-001, 2.049018E+000, 3.592364E+000, 5.679494E+000, 4.513968E-001, 4.340747E-001, 5.266948E-001, 6.428576E-001
1.913200E-001, 1.948813E+000, 3.556619E+000, 5.853273E+000, 2.386437E-001, 4.717009E-001, 6.202664E-001, 6.396740E-001
1.913280E-001, 1.998915E+000, 3.569130E+000, 5.979953E+000, 2.285126E-001, 4.942766E-001, 7.158465E-001, 6.209260E-001
1.913360E-001, 2.133673E+000, 3.624534E+000, 6.077400E+000, 3.489601E-001, 4.989351E-001, 8.107177E-001, 5.787134E-001
1.913440E-001, 2.135401E+000, 3.656705E+000, 6.053038E+000, 3.151898E-001, 4.856763E-001, 8.949558E-001, 5.460517E-001
1.913520E-001, 1.817510E+000, 3.540534E+000, 5.854897E+000, 2.240099E-001, 4.524697E-001, 9.578094E-001, 5.379157E-001
1.913600E-001, 1.580819E+000, 3.424363E+000, 5.871139E+000, 1.812341E-001, 4.107823E-001, 9.970339E-001, 5.247095E-001
1.913680E-001, 1.796778E+000, 3.553045E+000, 6.059535E+000, 1.215732E-001, 3.742312E-001, 1.010148E+000, 4.934628E-001
1.913760E-001, 1.995460E+000, 3.667428E+000, 5.910117E+000, 1.958680E-001, 3.452053E-001, 1.007785E+000, 4.631594E-001
1.913840E-001, 1.822693E+000, 3.506576E+000, 5.596665E+000, 4.266319E-001, 3.118792E-001, 1.001523E+000, 4.402844E-001
1.913920E-001, 1.561814E+000, 3.324277E+000, 5.580424E+000, 4.716590E-001, 2.767615E-001, 9.795483E-001, 4.096272E-001
1.914000E-001, 1.560087E+000, 3.367171E+000, 5.757451E+000, 3.624683E-001, 2.527524E-001, 9.378427E-001, 3.779088E-001
1.914080E-001, 1.955723E+000, 3.542321E+000, 5.932855E+000, 3.489601E-001, 2.291016E-001, 8.895211E-001, 3.648205E-001
1.914160E-001, 2.370364E+000, 3.597726E+000, 5.979953E+000, 3.478345E-001, 2.012702E-001, 8.344650E-001, 3.559771E-001
1.914240E-001, 2.216602E+000, 3.608449E+000, 5.791557E+000, 3.816048E-001, 1.820390E-001, 7.672399E-001, 3.393515E-001
1.914320E-001, 1.736309E+000, 3.781812E+000, 5.724969E+000, 4.716590E-001, 1.685414E-001, 6.920991E-001, 3.287394E-001
1.914400E-001, 1.684479E+000, 3.772876E+000, 5.976705E+000, 3.613426E-001, 1.485935E-001, 6.189668E-001, 3.219005E-001
1.914480E-001, 1.957451E+000, 3.463682E+000, 6.111506E+000, 9.793398E-002, 1.253012E-001, 5.520961E-001, 3.110525E-001
1.914560E-001, 1.938447E+000, 3.461895E+000, 6.002691E+000, 2.701627E-002, 1.156259E-001, 4.860525E-001, 3.097555E-001
1.914640E-001, 1.767407E+000, 3.790748E+000, 5.872763E+000, 2.048734E-001, 1.206427E-001, 4.181186E-001, 3.277961E-001
1.914720E-001, 1.820965E+000, 3.837217E+000, 5.759075E+000, 3.140641E-001, 1.261373E-001, 3.546742E-001, 3.445396E-001
1.914800E-001, 1.959179E+000, 3.542321E+000, 5.789933E+000, 2.161302E-001, 1.264956E-001, 3.043440E-001, 3.428889E-001
1.914880E-001, 1.988549E+000, 3.276021E+000, 5.981577E+000, 2.645343E-001, 1.285263E-001, 2.621659E-001, 3.397052E-001
1.914960E-001, 1.936719E+000, 3.309979E+000, 6.030301E+000, 4.896699E-001, 1.348570E-001, 2.121902E-001, 3.419456E-001
1.915040E-001, 2.005826E+000, 3.599513E+000, 5.776940E+000, 4.536482E-001, 1.370071E-001, 1.485095E-001, 3.331021E-001
1.915120E-001, 2.213146E+000, 3.839004E+000, 5.523580E+000, 1.722287E-001, 1.408294E-001, 8.860948E-002, 3.202497E-001
1.915200E-001, 2.251155E+000, 3.924792E+000, 5.624275E+000, 5.403254E-002, 1.432184E-001, 5.056648E-002, 3.160048E-001
1.915280E-001, 2.112942E+000, 3.864025E+000, 5.908493E+000, 2.093761E-001, 1.224344E-001, 1.394122E-002, 3.007942E-001
1.915360E-001, 1.974728E+000, 3.662066E+000, 5.923110E+000, 3.455831E-001, 9.950034E-002, -4.300513E-002, 2.583458E-001
1.915440E-001, 1.782956E+000, 3.515512E+000, 5.666502E+000, 2.769168E-001, 1.010532E-001, -9.983335E-002, 2.075256E-001
1.915520E-001, 1.656836E+000, 3.479767E+000, 5.557686E+000, 2.082504E-001, 1.108479E-001, -1.389397E-001, 1.699116E-001
1.915600E-001, 1.758769E+000, 3.410065E+000, 5.734714E+000, 2.521518E-001, 1.220760E-001, -1.661132E-001, 1.465649E-001
1.915680E-001, 1.886617E+000, 3.279596E+000, 5.830536E+000, 2.859222E-001, 1.434573E-001, -1.750923E-001, 1.216855E-001
1.915760E-001, 1.903893E+000, 3.156276E+000, 5.578800E+000, 2.971790E-001, 1.650774E-001, -1.643410E-001, 9.020288E-002
1.915840E-001, 1.919442E+000, 3.215255E+000, 5.414765E+000, 2.645343E-001, 1.790528E-001, -1.513450E-001, 6.992197E-002
1.915920E-001, 1.986822E+000, 3.536959E+000, 5.768820E+000, 1.620976E-001, 1.935061E-001, -1.396485E-001, 6.048899E-002
1.916000E-001, 2.017920E+000, 3.867600E+000, 6.088768E+000, 1.497152E-001, 2.158429E-001, -1.188549E-001, 5.117392E-002
1.916080E-001, 1.860702E+000, 3.880111E+000, 5.859770E+000, 3.061844E-001, 2.491689E-001, -8.270218E-002, 5.435755E-002
1.916160E-001, 1.656836E+000, 3.701386E+000, 5.622651E+000, 5.121834E-001, 2.826144E-001, -3.390789E-002, 7.169066E-002
1.916240E-001, 1.819237E+000, 3.688875E+000, 5.804550E+000, 6.348823E-001, 3.063846E-001, 1.606785E-002, 9.020288E-002
1.916320E-001, 2.268432E+000, 3.697811E+000, 5.942599E+000, 5.650903E-001, 3.385162E-001, 6.202663E-002, 1.164973E-001
1.916400E-001, 2.417011E+000, 3.510151E+000, 5.767196E+000, 3.816048E-001, 3.842648E-001, 1.075128E-001, 1.484515E-001
1.916480E-001, 2.121580E+000, 3.367171E+000, 5.687614E+000, 3.084357E-001, 4.189048E-001, 1.512268E-001, 1.636622E-001
1.916560E-001, 1.877978E+000, 3.511938E+000, 5.863018E+000, 3.230695E-001, 4.381360E-001, 1.945864E-001, 1.682608E-001
1.916640E-001, 2.035196E+000, 3.803259E+000, 5.950720E+000, 2.870479E-001, 4.511558E-001, 2.450348E-001, 1.814670E-001
1.916720E-001, 2.382458E+000, 3.867600E+000, 5.830536E+000, 2.859222E-001, 4.461390E-001, 2.996182E-001, 1.960881E-001
1.916800E-001, 2.430833E+000, 3.629896E+000, 5.663253E+000, 2.983046E-001, 4.215327E-001, 3.534928E-001, 1.972672E-001
1.916880E-001, 2.182048E+000, 3.465469E+000, 5.538197E+000, 1.902396E-001, 4.037349E-001, 4.089032E-001, 1.883059E-001
1.916960E-001, 2.133673E+000, 3.540534E+000, 5.456992E+000, 1.272016E-001, 3.989570E-001, 4.610056E-001, 1.826461E-001
1.917040E-001, 2.194142E+000, 3.674577E+000, 5.437502E+000, 2.363923E-001, 3.877288E-001, 5.062555E-001, 1.842969E-001
1.917120E-001, 1.905621E+000, 3.715684E+000, 5.544693E+000, 4.142494E-001, 3.738728E-001, 5.555224E-001, 1.976209E-001
1.917200E-001, 1.504801E+000, 3.653130E+000, 5.726593E+000, 5.707187E-001, 3.745895E-001, 6.101058E-001, 2.254482E-001
1.917280E-001, 1.466793E+000, 3.587002E+000, 5.822415E+000, 5.178118E-001, 3.868927E-001, 6.637441E-001, 2.505636E-001
1.917360E-001, 1.744948E+000, 3.556619E+000, 5.788309E+000, 2.712884E-001, 4.032571E-001, 7.260070E-001, 2.695474E-001
1.917440E-001, 1.979911E+000, 3.560194E+000, 5.726593E+000, 1.879882E-001, 4.279829E-001, 7.929958E-001, 3.018554E-001
1.917520E-001, 1.952268E+000, 3.585215E+000, 5.763947E+000, 2.712884E-001, 4.586810E-001, 8.381276E-001, 3.438321E-001
1.917600E-001, 1.810599E+000, 3.578066E+000, 5.825664E+000, 2.679113E-001, 4.813762E-001, 8.625838E-001, 3.741356E-001
1.917680E-001, 1.807144E+000, 3.517300E+000, 5.759075E+000, 1.801085E-001, 4.916488E-001, 8.851497E-001, 3.882851E-001
1.917760E-001, 1.934991E+000, 3.458320E+000, 5.830536E+000, 1.474638E-001, 4.923654E-001, 8.963735E-001, 4.007838E-001
1.917840E-001, 2.119852E+000, 3.503002E+000, 6.056286E+000, 2.566546E-001, 4.855569E-001, 8.756980E-001, 4.266066E-001
1.917920E-001, 2.330628E+000, 3.536959E+000, 5.864642E+000, 3.579656E-001, 4.737315E-001, 8.238319E-001, 4.593862E-001
1.918000E-001, 2.377275E+000, 3.408278E+000, 5.385531E+000, 2.757911E-001, 4.591588E-001, 7.558979E-001, 4.732998E-001
1.918080E-001, 2.142312E+000, 3.363596E+000, 5.304326E+000, 1.778571E-001, 4.341942E-001, 6.832381E-001, 4.644564E-001
1.918160E-001, 1.872795E+000, 3.549470E+000, 5.552814E+000, 2.014963E-001, 3.822342E-001, 6.097513E-001, 4.671684E-001
1.918240E-001, 1.834786E+000, 3.672790E+000, 5.733089E+000, 2.341410E-001, 3.170155E-001, 5.330746E-001, 4.887463E-001
1.918320E-001, 1.922898E+000, 3.637045E+000, 5.817543E+000, 2.499005E-001, 2.750892E-001, 4.575793E-001, 4.971181E-001
1.918400E-001, 1.955723E+000, 3.651343E+000, 5.780189E+000, 2.645343E-001, 2.457049E-001, 4.001604E-001, 4.914583E-001
1.918480E-001, 2.083571E+000, 3.690662E+000, 5.608034E+000, 2.634086E-001, 1.980451E-001, 3.590456E-001, 4.946419E-001
1.918560E-001, 2.366909E+000, 3.685301E+000, 5.463488E+000, 3.714737E-001, 1.534909E-001, 3.206482E-001, 5.132720E-001
1.918640E-001, 2.439471E+000, 3.778238E+000, 5.445623E+000, 5.538335E-001, 1.359320E-001, 2.933564E-001, 5.402740E-001
1.918720E-001, 2.251155E+000, 3.844366E+000, 5.494346E+000, 4.907956E-001, 1.299596E-001, 2.919387E-001, 5.545413E-001
1.918800E-001, 2.242517E+000, 3.629896E+000, 5.517084E+000, 2.003707E-001, 1.386794E-001, 3.124961E-001, 5.547772E-001
1.918880E-001, 2.332356E+000, 3.436873E+000, 5.612906E+000, 1.294530E-001, 1.694970E-001, 3.351801E-001, 5.656251E-001
1.918960E-001, 2.199325E+000, 3.544108E+000, 5.767196E+000, 3.185668E-001, 1.941033E-001, 3.537290E-001, 5.864956E-001
1.919040E-001, 2.111214E+000, 3.678152E+000, 5.791557E+000, 3.275723E-001, 2.142901E-001, 3.785397E-001, 5.992301E-001
1.919120E-001, 2.164772E+000, 3.615598E+000, 5.767196E+000, 1.722287E-001, 2.563358E-001, 4.105573E-001, 6.032391E-001
1.919200E-001, 2.074933E+000, 3.486917E+000, 5.658381E+000, 1.924909E-001, 2.988594E-001, 4.436381E-001, 6.131437E-001
1.919280E-001, 1.978183E+000, 3.510151E+000, 5.416389E+000, 3.523372E-001, 3.272880E-001, 4.695121E-001, 6.287082E-001
1.919360E-001, 2.054201E+000, 3.645981E+000, 5.390403E+000, 4.739104E-001, 3.608530E-001, 4.794364E-001, 6.334246E-001
1.919440E-001, 2.111214E+000, 3.724620E+000, 5.570679E+000, 4.333860E-001, 3.941790E-001, 4.783731E-001, 6.281186E-001
1.919520E-001, 2.057656E+000, 3.799685E+000, 5.666502E+000, 2.183815E-001, 4.208160E-001, 4.678580E-001, 6.211618E-001
1.919600E-001, 2.043835E+000, 3.763940E+000, 5.677870E+000, 1.272016E-001, 4.553365E-001, 4.415115E-001, 6.050078E-001
1.919680E-001, 2.118124E+000, 3.540534E+000, 5.622651E+000, 2.994303E-001, 4.824512E-001, 4.145742E-001, 5.778880E-001
1.919760E-001, 2.100848E+000, 3.415426E+000, 5.543069E+000, 3.680967E-001, 4.738510E-001, 3.923628E-001, 5.517114E-001
1.919840E-001, 1.986822E+000, 3.406490E+000, 5.476481E+000, 2.240099E-001, 4.507975E-001, 3.542016E-001, 5.286006E-001
1.919920E-001, 1.986822E+000, 3.508363E+000, 5.377411E+000, 2.341410E-001, 4.418389E-001, 3.070614E-001, 5.085556E-001
1.920000E-001, 2.043835E+000, 3.899770E+000, 5.349801E+000, 3.602169E-001, 4.315663E-001, 2.771704E-001, 4.975897E-001
1.920080E-001, 2.054201E+000, 4.082069E+000, 5.405020E+000, 3.219439E-001, 4.058850E-001, 2.569675E-001, 4.899254E-001
1.920160E-001, 2.150950E+000, 3.676364E+000, 5.426134E+000, 2.183815E-001, 3.671837E-001, 2.315661E-001, 4.814357E-001
1.920240E-001, 2.302985E+000, 3.358235E+000, 5.479729E+000, 2.634086E-001, 3.196433E-001, 2.098272E-001, 4.734177E-001
1.920320E-001, 2.249428E+000, 3.617385E+000, 5.609658E+000, 4.333860E-001, 2.761642E-001, 1.967130E-001, 4.547876E-001
1.920400E-001, 2.180321E+000, 3.987345E+000, 5.728217E+000, 4.604023E-001, 2.356713E-001, 1.844259E-001, 4.249558E-001
1.920480E-001, 2.377275E+000, 3.923004E+000, 5.746082E+000, 2.814195E-001, 1.941033E-001, 1.733201E-001, 4.030241E-001
1.920560E-001, 2.394552E+000, 3.626322E+000, 5.590168E+000, 1.969936E-001, 1.667497E-001, 1.683580E-001, 3.928837E-001
1.920640E-001, 2.095665E+000, 3.553045E+000, 5.390403E+000, 2.701627E-001, 1.687803E-001, 1.646955E-001, 3.865164E-001
1.920720E-001, 2.030013E+000, 3.594151E+000, 5.401772E+000, 2.938019E-001, 1.974479E-001, 1.624507E-001, 3.816820E-001
1.920800E-001, 2.171682E+000, 3.510151E+000, 5.570679E+000, 2.318897E-001, 2.261154E-001, 1.690669E-001, 3.714236E-001
1.920880E-001, 2.107759E+000, 3.429724E+000, 5.547942E+000, 2.251356E-001, 2.406881E-001, 1.755649E-001, 3.559771E-001
1.920960E-001, 1.843425E+000, 3.417214E+000, 5.366042E+000, 2.701627E-001, 2.717446E-001, 1.837170E-001, 3.414739E-001
1.921040E-001, 1.720760E+000, 3.368958E+000, 5.427758E+000, 2.544032E-001, 3.312298E-001, 2.081732E-001, 3.321588E-001
1.921120E-001, 1.940174E+000, 3.442235E+000, 5.705480E+000, 2.386437E-001, 3.808008E-001, 2.306209E-001, 3.298006E-001
1.921200E-001, 2.135401E+000, 3.692450E+000, 5.939351E+000, 1.924909E-001, 4.140074E-001, 2.371190E-001, 3.283857E-001
1.921280E-001, 2.061111E+000, 3.645981E+000, 6.049790E+000, 1.136935E-001, 4.608311E-001, 2.537776E-001, 3.361678E-001
1.921360E-001, 2.071477E+000, 3.308192E+000, 5.971833E+000, 2.183815E-001, 5.222275E-001, 2.907572E-001, 3.603399E-001
1.921440E-001, 2.213146E+000, 3.263511E+000, 5.869514E+000, 3.613426E-001, 5.819516E-001, 3.335261E-001, 3.839223E-001
1.921520E-001, 2.268432E+000, 3.461895E+000, 5.874387E+000, 3.286979E-001, 6.374950E-001, 3.791304E-001, 4.037316E-001
1.921600E-001, 2.230423E+000, 3.574492E+000, 5.684366E+000, 3.118128E-001, 6.879022E-001, 4.308784E-001, 4.279036E-001
1.921680E-001, 2.119852E+000, 3.617385E+000, 5.359546E+000, 3.759764E-001, 7.275589E-001, 4.891243E-001, 4.549055E-001
1.921760E-001, 2.050745E+000, 3.629896E+000, 5.413141E+000, 3.602169E-001, 7.577793E-001, 5.516235E-001, 4.790775E-001
1.921840E-001, 2.081843E+000, 3.590577E+000, 5.737962E+000, 2.814195E-001, 7.853718E-001, 6.106966E-001, 4.919299E-001
1.921920E-001, 2.114669E+000, 3.481555E+000, 5.838656E+000, 2.465235E-001, 8.066337E-001, 6.593727E-001, 5.000659E-001
1.922000E-001, 2.074933E+000, 3.338575E+000, 5.663253E+000, 2.127531E-001, 8.093809E-001, 6.957616E-001, 5.184602E-001
1.922080E-001, 1.981638E+000, 3.288532E+000, 5.448871E+000, 1.767314E-001, 7.864469E-001, 7.193908E-001, 5.432218E-001
1.922160E-001, 1.924625E+000, 3.417214E+000, 5.427758E+000, 2.183815E-001, 7.424899E-001, 7.239985E-001, 5.624415E-001
1.922240E-001, 1.907349E+000, 3.556619E+000, 5.634019E+000, 2.701627E-001, 7.004442E-001, 7.112387E-001, 5.701058E-001
1.922320E-001, 1.990277E+000, 3.572704E+000, 5.853273E+000, 2.870479E-001, 6.728517E-001, 6.993060E-001, 5.711670E-001
1.922400E-001, 2.099120E+000, 3.597726E+000, 5.841905E+000, 3.050587E-001, 6.340310E-001, 6.874914E-001, 5.771805E-001
1.922480E-001, 1.893527E+000, 3.619173E+000, 5.586920E+000, 2.195072E-001, 5.740680E-001, 6.515750E-001, 5.843732E-001
1.922560E-001, 1.646470E+000, 3.545896E+000, 5.458616E+000, 9.343126E-002, 5.222275E-001, 5.941561E-001, 5.834299E-001
1.922640E-001, 1.898710E+000, 3.528023E+000, 5.551190E+000, 1.485895E-001, 4.798234E-001, 5.413449E-001, 5.854344E-001
1.922720E-001, 2.318534E+000, 3.553045E+000, 5.544693E+000, 2.904249E-001, 4.227271E-001, 4.950316E-001, 5.961644E-001
1.922800E-001, 2.263249E+000, 3.540534E+000, 5.500843E+000, 3.095614E-001, 3.621669E-001, 4.396212E-001, 5.967540E-001
1.922880E-001, 1.869340E+000, 3.538747E+000, 5.491098E+000, 2.183815E-001, 3.110431E-001, 3.812571E-001, 5.887359E-001
1.922960E-001, 1.703483E+000, 3.452959E+000, 5.375787E+000, 1.744801E-001, 2.459438E-001, 3.417963E-001, 5.959285E-001
1.923040E-001, 1.762224E+000, 3.388618E+000, 5.340056E+000, 2.285126E-001, 1.651969E-001, 3.223022E-001, 6.185677E-001
1.923120E-001, 1.829603E+000, 3.479767E+000, 5.481353E+000, 2.453978E-001, 1.046366E-001, 2.999726E-001, 6.390845E-001
1.923200E-001, 2.005826E+000, 3.522661E+000, 5.564183E+000, 2.318897E-001, 7.226615E-002, 2.689002E-001, 6.486353E-001
1.923280E-001, 2.085299E+000, 3.495853E+000, 5.517084E+000, 3.354520E-001, 3.547611E-002, 2.481065E-001, 6.474562E-001
1.923360E-001, 1.973000E+000, 3.570917E+000, 5.560935E+000, 4.367630E-001, -1.660330E-002, 2.410178E-001, 6.483995E-001
1.923440E-001, 2.043835E+000, 3.626322E+000, 5.707104E+000, 3.590913E-001, -4.969045E-002, 2.353468E-001, 6.611341E-001
1.923520E-001, 2.164772E+000, 3.460108E+000, 5.718472E+000, 3.185668E-001, -4.443473E-002, 2.342835E-001, 6.689162E-001
1.923600E-001, 2.009281E+000, 3.297468E+000, 5.648636E+000, 4.210035E-001, -2.472578E-002, 2.371190E-001, 6.575966E-001
1.923680E-001, 1.857246E+000, 3.497640E+000, 5.703856E+000, 3.782278E-001, -3.225101E-003, 2.406633E-001, 6.417964E-001
1.923760E-001, 1.853791E+000, 3.687088E+000, 5.786685E+000, 2.105018E-001, 2.209792E-002, 2.576764E-001, 6.305947E-001
1.923840E-001, 1.845152E+000, 3.472618E+000, 5.689239E+000, 1.924909E-001, 5.291555E-002, 2.759890E-001, 6.150303E-001
1.923920E-001, 1.915987E+000, 3.345724E+000, 5.461864E+000, 2.983046E-001, 1.112063E-001, 2.779975E-001, 5.930986E-001
1.924000E-001, 1.988549E+000, 3.524449E+000, 5.278340E+000, 3.073101E-001, 1.909977E-001, 2.930020E-001, 5.724640E-001
1.924080E-001, 1.915987E+000, 3.486917E+000, 5.245858E+000, 1.575949E-001, 2.545441E-001, 3.416781E-001, 5.532443E-001
1.924160E-001, 1.838242E+000, 3.149127E+000, 5.450495E+000, 1.069394E-001, 3.071013E-001, 3.911813E-001, 5.280111E-001
1.924240E-001, 1.815782E+000, 3.040105E+000, 5.723345E+000, 2.701627E-001, 3.739923E-001, 4.118569E-001, 4.987689E-001
1.924320E-001, 1.869340E+000, 3.247426E+000, 5.780189E+000, 4.581509E-001, 4.474529E-001, 4.246166E-001, 4.780163E-001
1.924400E-001, 1.966089E+000, 3.406490E+000, 5.739586E+000, 5.403254E-001, 5.063409E-001, 4.519083E-001, 4.718848E-001
1.924480E-001, 1.888344E+000, 3.467257E+000, 5.770444E+000, 4.367630E-001, 5.481477E-001, 4.755375E-001, 4.705878E-001
1.924560E-001, 1.758769E+000, 3.517300E+000, 5.663253E+000, 2.994303E-001, 5.837433E-001, 4.921961E-001, 4.648101E-001
1.924640E-001, 1.877978E+000, 3.490491E+000, 5.396900E+000, 3.613426E-001, 6.176666E-001, 5.138168E-001, 4.592682E-001
1.924720E-001, 1.985094E+000, 3.313554E+000, 5.305950E+000, 4.660307E-001, 6.423924E-001, 5.269310E-001, 4.586787E-001
1.924800E-001, 1.890072E+000, 3.049041E+000, 5.369290E+000, 4.367630E-001, 6.496787E-001, 5.302391E-001, 4.533726E-001
1.924880E-001, 1.867612E+000, 3.036530E+000, 5.281589E+000, 3.714737E-001, 6.435869E-001, 5.418174E-001, 4.425247E-001
1.924960E-001, 1.905621E+000, 3.322490E+000, 5.143539E+000, 3.928616E-001, 6.322393E-001, 5.557587E-001, 4.414635E-001
1.925040E-001, 1.929808E+000, 3.520874E+000, 5.190639E+000, 4.097467E-001, 6.090663E-001, 5.616660E-001, 4.504248E-001
1.925120E-001, 2.087026E+000, 3.638832E+000, 5.310822E+000, 2.701627E-001, 5.790848E-001, 5.669825E-001, 4.558488E-001
1.925200E-001, 2.138857E+000, 3.812195E+000, 5.411517E+000, 6.754068E-002, 5.636760E-001, 5.692273E-001, 4.558488E-001
1.925280E-001, 1.988549E+000, 3.706748E+000, 5.456992E+000, -2.251356E-003, 5.610482E-001, 5.643833E-001, 4.567921E-001
1.925360E-001, 1.974728E+000, 3.329639E+000, 5.344929E+000, 9.117991E-002, 5.531646E-001, 5.639107E-001, 4.603295E-001
1.925440E-001, 2.076660E+000, 3.211681E+000, 5.296206E+000, 2.195072E-001, 5.391892E-001, 5.684003E-001, 4.656355E-001
1.925520E-001, 2.137129E+000, 3.395767E+000, 5.447247E+000, 2.847965E-001, 5.302305E-001, 5.678095E-001, 4.683475E-001
1.925600E-001, 2.171682E+000, 3.506576E+000, 5.513835E+000, 3.084357E-001, 5.286777E-001, 5.679277E-001, 4.649280E-001
1.925680E-001, 2.106031E+000, 3.404703E+000, 5.491098E+000, 3.455831E-001, 5.221080E-001, 5.681640E-001, 4.663430E-001
1.925760E-001, 1.985094E+000, 3.261724E+000, 5.492722E+000, 4.243806E-001, 5.053853E-001, 5.571764E-001, 4.741252E-001
1.925840E-001, 2.036924E+000, 3.267085E+000, 5.361170E+000, 5.166861E-001, 4.857958E-001, 5.419356E-001, 4.717669E-001
1.925920E-001, 2.206236E+000, 3.381469E+000, 5.262099E+000, 5.639646E-001, 4.605922E-001, 5.282307E-001, 4.656355E-001
1.926000E-001, 2.142312E+000, 3.620960E+000, 5.383907E+000, 4.952983E-001, 4.344331E-001, 5.049559E-001, 4.758939E-001
1.926080E-001, 1.992005E+000, 3.840791E+000, 5.442375E+000, 3.804791E-001, 4.286996E-001, 4.706936E-001, 4.955852E-001
1.926160E-001, 2.147495E+000, 3.692450E+000, 5.369290E+000, 4.153751E-001, 4.368220E-001, 4.338320E-001, 5.056078E-001
1.926240E-001, 2.302985E+000, 3.503002E+000, 5.341681E+000, 5.538335E-001, 4.301329E-001, 4.041774E-001, 5.092630E-001
1.926320E-001, 2.135401E+000, 3.579853E+000, 5.411517E+000, 5.054294E-001, 4.050488E-001, 3.917721E-001, 5.185781E-001
1.926400E-001, 1.843425E+000, 3.456533E+000, 5.591793E+000, 2.724141E-001, 3.812786E-001, 3.767675E-001, 5.313126E-001
1.926480E-001, 1.682751E+000, 3.252787E+000, 5.825664E+000, 1.418354E-001, 3.799647E-001, 3.324628E-001, 5.409815E-001
1.926560E-001, 1.852063E+000, 3.377894E+000, 5.828912E+000, 1.620976E-001, 3.920290E-001, 2.855588E-001, 5.439293E-001
1.926640E-001, 2.150950E+000, 3.431512E+000, 5.507339E+000, 2.510262E-001, 3.853399E-001, 2.727990E-001, 5.501786E-001
1.926720E-001, 2.121580E+000, 3.317128E+000, 5.370914E+000, 3.320750E-001, 3.733951E-001, 2.740987E-001, 5.677475E-001
1.926800E-001, 1.929808E+000, 3.365384E+000, 5.619402E+000, 2.836708E-001, 3.802036E-001, 2.605119E-001, 5.774164E-001
1.926880E-001, 2.045562E+000, 3.486917E+000, 5.733089E+000, 2.724141E-001, 3.785313E-001, 2.496424E-001, 5.726998E-001
1.926960E-001, 2.206236E+000, 3.477980E+000, 5.546318E+000, 4.288833E-001, 3.569112E-001, 2.629929E-001, 5.691625E-001
1.927040E-001, 2.040379E+000, 3.361809E+000, 5.450495E+000, 4.851672E-001, 3.474748E-001, 2.862677E-001, 5.652714E-001
1.927120E-001, 1.957451E+000, 3.258149E+000, 5.564183E+000, 3.545885E-001, 3.569112E-001, 3.026900E-001, 5.521831E-001
1.927200E-001, 2.123307E+000, 3.195595E+000, 5.650260E+000, 2.881735E-001, 3.637197E-001, 3.217115E-001, 5.341426E-001
1.927280E-001, 2.102576E+000, 3.200957E+000, 5.638892E+000, 3.658453E-001, 3.640781E-001, 3.507754E-001, 5.171632E-001
1.927360E-001, 2.004098E+000, 3.445810E+000, 5.573927E+000, 3.951129E-001, 3.607335E-001, 3.835018E-001, 5.040749E-001
1.927440E-001, 2.149223E+000, 3.694237E+000, 5.448871E+000, 3.422061E-001, 3.518944E-001, 4.132746E-001, 4.931091E-001
1.927520E-001, 2.206236E+000, 3.551257E+000, 5.398524E+000, 4.142494E-001, 3.510582E-001, 4.400938E-001, 4.819074E-001
1.927600E-001, 1.998915E+000, 3.336788E+000, 5.526828E+000, 5.054294E-001, 3.653920E-001, 4.685669E-001, 4.795492E-001
1.927680E-001, 1.862429E+000, 3.399341E+000, 5.567431E+000, 4.097467E-001, 3.864149E-001, 5.014115E-001, 4.889821E-001
1.927760E-001, 1.922898E+000, 3.420788E+000, 5.396900E+000, 2.634086E-001, 4.103045E-001, 5.373279E-001, 4.921658E-001
1.927840E-001, 2.092209E+000, 3.254575E+000, 5.349801E+000, 2.352667E-001, 4.371804E-001, 5.714720E-001, 4.827328E-001
1.927920E-001, 2.223512E+000, 3.213468E+000, 5.500843E+000, 3.534628E-001, 4.715815E-001, 6.045529E-001, 4.790775E-001
1.928000E-001, 2.226968E+000, 3.315341E+000, 5.551190E+000, 4.986753E-001, 5.111188E-001, 6.461403E-001, 4.826149E-001
1.928080E-001, 2.161316E+000, 3.379682E+000, 5.482977E+000, 5.279430E-001, 5.436087E-001, 6.835926E-001, 4.840298E-001
1.928160E-001, 1.929808E+000, 3.442235E+000, 5.435878E+000, 5.560849E-001, 5.647510E-001, 6.941076E-001, 4.900433E-001
1.928240E-001, 1.675841E+000, 3.501215E+000, 5.442375E+000, 6.405107E-001, 5.751430E-001, 6.874914E-001, 4.900433E-001
1.928320E-001, 1.819237E+000, 3.522661E+000, 5.534949E+000, 5.560849E-001, 5.684540E-001, 6.824111E-001, 4.709416E-001
1.928400E-001, 2.095665E+000, 3.477980E+000, 5.625899E+000, 3.140641E-001, 5.351279E-001, 6.720143E-001, 4.599757E-001
1.928480E-001, 1.962634E+000, 3.242064E+000, 5.599913E+000, 1.553435E-001, 4.842430E-001, 6.505117E-001, 4.665788E-001
1.928560E-001, 1.649926E+000, 3.018658E+000, 5.486226E+000, 1.103164E-001, 4.454223E-001, 6.274733E-001, 4.589145E-001
1.928640E-001, 1.644743E+000, 3.150914E+000, 5.461864E+000, 9.230559E-002, 4.230855E-001, 5.991182E-001, 4.296723E-001
1.928720E-001, 1.772590E+000, 3.360022E+000, 5.684366E+000, 9.230559E-002, 3.965680E-001, 5.580034E-001, 4.020808E-001
1.928800E-001, 1.743220E+000, 3.309979E+000, 5.832160E+000, 1.846112E-001, 3.613308E-001, 5.256314E-001, 3.873418E-001
1.928880E-001, 1.738037E+000, 3.236702E+000, 5.523580E+000, 3.557142E-001, 3.330216E-001, 5.162979E-001, 3.762580E-001
1.928960E-001, 1.776046E+000, 3.283170E+000, 5.240986E+000, 4.468941E-001, 3.276464E-001, 5.115721E-001, 3.604578E-001
1.929040E-001, 1.701756E+000, 3.240277E+000, 5.508963E+000, 4.649050E-001, 3.309909E-001, 5.042470E-001, 3.480770E-001
1.929120E-001, 1.646470E+000, 3.138403E+000, 5.760699E+000, 4.604023E-001, 3.231074E-001, 4.984579E-001, 3.470158E-001
1.929200E-001, 1.674113E+000, 3.233128E+000, 5.541445E+000, 3.624683E-001, 3.226296E-001, 4.903058E-001, 3.527935E-001
1.929280E-001, 1.758769E+000, 3.393980E+000, 5.356297E+000, 2.679113E-001, 3.409051E-001, 4.789638E-001, 3.596324E-001
1.929360E-001, 1.915987E+000, 3.338575E+000, 5.518708E+000, 2.836708E-001, 3.655115E-001, 4.664403E-001, 3.598682E-001
1.929440E-001, 1.969545E+000, 3.217042E+000, 5.682742E+000, 2.938019E-001, 3.909539E-001, 4.582882E-001, 3.498457E-001
1.929520E-001, 1.833059E+000, 3.179510E+000, 5.582048E+000, 2.521518E-001, 4.109018E-001, 4.561616E-001, 3.465441E-001
1.929600E-001, 1.774318E+000, 3.188446E+000, 5.403396E+000, 2.341410E-001, 4.272662E-001, 4.494273E-001, 3.547980E-001
1.929680E-001, 1.929808E+000, 3.267085E+000, 5.458616E+000, 2.802938E-001, 4.527086E-001, 4.353679E-001, 3.467799E-001
1.929760E-001, 2.112942E+000, 3.254575E+000, 5.643764E+000, 3.771021E-001, 4.811373E-001, 4.202452E-001, 3.197781E-001
1.929840E-001, 2.040379E+000, 3.141978E+000, 5.567431E+000, 3.816048E-001, 4.911710E-001, 4.003967E-001, 3.027987E-001
1.929920E-001, 1.701756E+000, 3.268872E+000, 5.405020E+000, 2.375180E-001, 4.871097E-001, 3.719235E-001, 3.025629E-001
1.930000E-001, 1.561814E+000, 3.445810E+000, 5.557686E+000, 1.362070E-001, 4.832874E-001, 3.375430E-001, 3.066898E-001
1.930080E-001, 1.791595E+000, 3.299256E+000, 5.775316E+000, 2.566546E-001, 4.663257E-001, 2.950105E-001, 3.057465E-001
1.930160E-001, 1.964362E+000, 3.140191E+000, 5.708728E+000, 4.581509E-001, 4.416000E-001, 2.549590E-001, 2.946627E-001
1.930240E-001, 1.941902E+000, 3.211681E+000, 5.580424E+000, 3.872332E-001, 4.361053E-001, 2.271947E-001, 2.787446E-001
1.930320E-001, 1.909076E+000, 3.272447E+000, 5.674622E+000, 1.181962E-001, 4.288190E-001, 1.956497E-001, 2.729669E-001
1.930400E-001, 1.900438E+000, 3.143765E+000, 5.793181E+000, 1.643490E-001, 3.902372E-001, 1.552438E-001, 2.780371E-001
1.930480E-001, 1.952268E+000, 3.002573E+000, 5.671374E+000, 5.380740E-001, 3.509388E-001, 1.222811E-001, 2.826357E-001
1.930560E-001, 1.955723E+000, 3.120531E+000, 5.473233E+000, 6.810351E-001, 3.379189E-001, 1.013692E-001, 2.903000E-001
1.930640E-001, 1.850335E+000, 3.347511E+000, 5.440751E+000, 4.277576E-001, 3.284825E-001, 8.719173E-002, 3.070435E-001
1.930720E-001, 1.819237E+000, 3.354660E+000, 5.582048E+000, 2.499005E-001, 3.072208E-001, 7.844893E-002, 3.204855E-001
1.930800E-001, 1.793322E+000, 3.220617E+000, 5.772068E+000, 4.255062E-001, 2.795088E-001, 7.041500E-002, 3.259095E-001
1.930880E-001, 1.758769E+000, 3.224191E+000, 5.853273E+000, 5.831012E-001, 2.557386E-001, 6.769764E-002, 3.349887E-001
1.930960E-001, 1.872795E+000, 3.397554E+000, 5.783437E+000, 4.288833E-001, 2.484522E-001, 8.222960E-002, 3.536189E-001
1.931040E-001, 1.928081E+000, 3.531598E+000, 5.669750E+000, 2.465235E-001, 2.455855E-001, 1.097576E-001, 3.809745E-001
1.931120E-001, 1.774318E+000, 3.376107E+000, 5.521956E+000, 2.408951E-001, 2.326851E-001, 1.383489E-001, 4.026704E-001
1.931200E-001, 1.698300E+000, 3.018658E+000, 5.374163E+000, 3.039330E-001, 2.262349E-001, 1.677673E-001, 4.027883E-001
1.931280E-001, 1.848608E+000, 2.909636E+000, 5.380659E+000, 4.119981E-001, 2.350740E-001, 2.017933E-001, 3.993688E-001
1.931360E-001, 1.952268E+000, 3.229553E+000, 5.466736E+000, 4.637793E-001, 2.531107E-001, 2.375915E-001, 4.117496E-001
1.931440E-001, 1.902166E+000, 3.579853E+000, 5.593417E+000, 3.557142E-001, 2.798671E-001, 2.766979E-001, 4.256633E-001
1.931520E-001, 1.938447E+000, 3.601300E+000, 5.850025E+000, 3.084357E-001, 3.088930E-001, 3.269099E-001, 4.369828E-001
1.931600E-001, 2.092209E+000, 3.490491E+000, 6.041669E+000, 3.793534E-001, 3.370828E-001, 3.768857E-001, 4.558488E-001
1.931680E-001, 2.118124E+000, 3.451171E+000, 5.867890E+000, 3.883589E-001, 3.659893E-001, 4.183549E-001, 4.756581E-001
1.931760E-001, 1.886617E+000, 3.252787E+000, 5.461864E+000, 3.658453E-001, 3.933429E-001, 4.673855E-001, 4.894538E-001
1.931840E-001, 1.596368E+000, 2.948956E+000, 5.359546E+000, 3.241952E-001, 4.180687E-001, 5.212600E-001, 5.027779E-001
1.931920E-001, 1.624011E+000, 3.020445E+000, 5.606410E+000, 2.431464E-001, 4.384943E-001, 5.619022E-001, 5.132720E-001
1.932000E-001, 1.967817E+000, 3.410065E+000, 5.695735E+000, 2.240099E-001, 4.599950E-001, 5.958102E-001, 5.136258E-001
1.932080E-001, 2.206236E+000, 3.472618E+000, 5.554438E+000, 2.442721E-001, 4.889014E-001, 6.346802E-001, 5.145691E-001
1.932160E-001, 2.163044E+000, 3.165212E+000, 5.547942E+000, 2.048734E-001, 5.038325E-001, 6.705965E-001, 5.267141E-001
1.932240E-001, 2.045562E+000, 3.075850E+000, 5.778564E+000, 1.891139E-001, 4.879459E-001, 6.974157E-001, 5.363829E-001
1.932320E-001, 2.031741E+000, 3.234915E+000, 5.932855E+000, 2.510262E-001, 4.683564E-001, 7.092303E-001, 5.341426E-001
1.932400E-001, 2.049018E+000, 3.302830E+000, 5.837032E+000, 2.769168E-001, 4.560532E-001, 7.000149E-001, 5.308410E-001
1.932480E-001, 2.014464E+000, 3.276021E+000, 5.711976E+000, 2.971790E-001, 4.264300E-001, 6.892636E-001, 5.287186E-001
1.932560E-001, 2.019647E+000, 3.279596E+000, 5.656757E+000, 3.163155E-001, 3.828315E-001, 6.859555E-001, 5.287186E-001
1.932640E-001, 2.092209E+000, 3.279596E+000, 5.609658E+000, 2.251356E-001, 3.484304E-001, 6.747317E-001, 5.428680E-001
1.932720E-001, 2.099120E+000, 3.213468E+000, 5.593417E+000, 2.341410E-001, 3.235852E-001, 6.589001E-001, 5.571354E-001
1.932800E-001, 2.024830E+000, 3.254575E+000, 5.645388E+000, 4.063697E-001, 3.019650E-001, 6.429504E-001, 5.448725E-001
1.932880E-001, 1.973000E+000, 3.483342E+000, 5.752579E+000, 4.007413E-001, 2.870340E-001, 6.193212E-001, 5.249454E-001
1.932960E-001, 1.898710E+000, 3.660279E+000, 5.830536E+000, 2.667857E-001, 2.824950E-001, 5.922658E-001, 5.263603E-001
1.933040E-001, 1.834786E+000, 3.647768E+000, 5.814295E+000, 2.814195E-001, 2.925286E-001, 5.738350E-001, 5.359112E-001
1.933120E-001, 1.898710E+000, 3.581640E+000, 5.720097E+000, 3.489601E-001, 3.111625E-001, 5.661555E-001, 5.306051E-001
1.933200E-001, 1.971272E+000, 3.463682E+000, 5.616154E+000, 3.332007E-001, 3.246602E-001, 5.598938E-001, 5.099705E-001
1.933280E-001, 1.919442E+000, 3.200957E+000, 5.551190E+000, 3.084357E-001, 3.336188E-001, 5.549316E-001, 4.896896E-001
1.933360E-001, 1.846880E+000, 3.000786E+000, 5.580424E+000, 3.275723E-001, 3.403079E-001, 5.511510E-001, 4.842657E-001
1.933440E-001, 1.917715E+000, 3.079424E+000, 5.788309E+000, 3.804791E-001, 3.452053E-001, 5.393364E-001, 4.912225E-001
1.933520E-001, 2.071477E+000, 3.242064E+000, 5.957216E+000, 4.198779E-001, 3.510582E-001, 5.292940E-001, 4.980614E-001
1.933600E-001, 2.066294E+000, 3.236702E+000, 5.728217E+000, 4.052441E-001, 3.456831E-001, 5.288214E-001, 4.978256E-001
1.933680E-001, 1.910804E+000, 3.133042E+000, 5.450495E+000, 3.906102E-001, 3.297965E-001, 5.183064E-001, 4.960569E-001
1.933760E-001, 1.855518E+000, 3.115169E+000, 5.624275E+000, 4.198779E-001, 3.217934E-001, 5.021204E-001, 4.966464E-001
1.933840E-001, 1.936719E+000, 3.222404E+000, 5.926358E+000, 4.367630E-001, 3.137904E-001, 4.968038E-001, 4.951136E-001
1.933920E-001, 1.947085E+000, 3.438661E+000, 5.918238E+000, 3.973643E-001, 2.973065E-001, 4.783731E-001, 4.924016E-001
1.934000E-001, 1.884889E+000, 3.572704E+000, 5.749331E+000, 3.748507E-001, 2.835700E-001, 4.461192E-001, 4.886284E-001
1.934080E-001, 1.876251E+000, 3.379682E+000, 5.669750E+000, 4.210035E-001, 2.789115E-001, 4.351316E-001, 4.788417E-001
1.934160E-001, 1.883161E+000, 3.054403E+000, 5.685990E+000, 4.063697E-001, 2.866757E-001, 4.367857E-001, 4.701162E-001
1.934240E-001, 1.826148E+000, 3.027594E+000, 5.742834E+000, 2.589059E-001, 2.956343E-001, 4.253255E-001, 4.678758E-001
1.934320E-001, 1.800233E+000, 3.208106E+000, 5.765572E+000, 1.643490E-001, 2.910953E-001, 4.065403E-001, 4.685833E-001
1.934400E-001, 1.985094E+000, 3.227766E+000, 5.737962E+000, 2.307640E-001, 2.890646E-001, 3.961434E-001, 4.758939E-001
1.934480E-001, 2.197597E+000, 3.265298E+000, 5.840281E+000, 3.151898E-001, 3.000539E-001, 4.051225E-001, 4.776626E-001
1.934560E-001, 2.221785E+000, 3.435086E+000, 6.090393E+000, 3.703480E-001, 3.074597E-001, 4.254436E-001, 4.612727E-001
1.934640E-001, 2.304713E+000, 3.411852E+000, 6.124499E+000, 4.378887E-001, 3.024428E-001, 4.352498E-001, 4.532547E-001
1.934720E-001, 2.373820E+000, 3.263511E+000, 5.791557E+000, 4.311346E-001, 2.940814E-001, 4.392667E-001, 4.611548E-001
1.934800E-001, 2.081843E+000, 3.193808E+000, 5.551190E+000, 3.939873E-001, 2.912147E-001, 4.497817E-001, 4.574996E-001
1.934880E-001, 1.798505E+000, 3.127680E+000, 5.684366E+000, 4.232549E-001, 2.930064E-001, 4.600604E-001, 4.458263E-001
1.934960E-001, 1.852063E+000, 3.129467E+000, 5.820791E+000, 4.570252E-001, 2.958732E-001, 4.735291E-001, 4.405202E-001
1.935040E-001, 1.962634E+000, 3.258149E+000, 5.687614E+000, 4.491455E-001, 2.950370E-001, 4.931413E-001, 4.309693E-001
1.935120E-001, 1.973000E+000, 3.336788E+000, 5.469985E+000, 3.613426E-001, 2.979038E-001, 5.049559E-001, 4.217722E-001
1.935200E-001, 1.922898E+000, 3.354660E+000, 5.434254E+000, 2.690370E-001, 3.111625E-001, 5.092092E-001, 4.256633E-001
1.935280E-001, 1.907349E+000, 3.474406E+000, 5.564183E+000, 3.827305E-001, 3.248991E-001, 5.184245E-001, 4.330917E-001
1.935360E-001, 1.986822E+000, 3.567343E+000, 5.632395E+000, 4.919212E-001, 3.352911E-001, 5.395727E-001, 4.329738E-001
1.935440E-001, 2.031741E+000, 3.392192E+000, 5.671374E+000, 3.512115E-001, 3.333799E-001, 5.698180E-001, 4.251916E-001
1.935520E-001, 1.967817E+000, 3.152701E+000, 5.801302E+000, 2.971790E-001, 3.148654E-001, 5.916750E-001, 4.088018E-001
1.935600E-001, 1.900438E+000, 3.131254E+000, 5.780189E+000, 3.827305E-001, 3.080569E-001, 5.998271E-001, 3.880492E-001
1.935680E-001, 1.891800E+000, 3.136616E+000, 5.573927E+000, 2.938019E-001, 3.210768E-001, 6.134139E-001, 3.807387E-001
1.935760E-001, 1.855518E+000, 3.090148E+000, 5.617778E+000, 2.116274E-001, 3.358883E-001, 6.351528E-001, 3.895821E-001
1.935840E-001, 1.824420E+000, 3.208106E+000, 5.906869E+000, 3.354520E-001, 3.491471E-001, 6.444863E-001, 3.978360E-001
1.935920E-001, 1.848608E+000, 3.361809E+000, 5.952344E+000, 4.615279E-001, 3.544028E-001, 6.417689E-001, 3.988972E-001
1.936000E-001, 1.810599E+000, 3.370745E+000, 5.822415E+000, 4.671563E-001, 3.465192E-001, 6.490940E-001, 4.003121E-001
1.936080E-001, 1.781229E+000, 3.367171E+000, 5.820791E+000, 4.210035E-001, 3.383967E-001, 6.578368E-001, 4.045570E-001
1.936160E-001, 1.819237E+000, 3.363596E+000, 5.723345E+000, 4.108724E-001, 3.308715E-001, 6.430686E-001, 4.047928E-001
1.936240E-001, 1.719033E+000, 3.254575E+000, 5.534949E+000, 4.660307E-001, 3.215545E-001, 6.128232E-001, 3.988972E-001
1.936320E-001, 1.651653E+000, 3.118744E+000, 5.604785E+000, 5.223145E-001, 3.134321E-001, 5.841137E-001, 3.914687E-001
1.936400E-001, 1.947085E+000, 3.108020E+000, 5.807798E+000, 4.626536E-001, 2.979038E-001, 5.577672E-001, 3.845119E-001
1.936480E-001, 2.277070E+000, 3.136616E+000, 5.843529E+000, 2.814195E-001, 2.699529E-001, 5.249225E-001, 3.742535E-001
1.936560E-001, 2.130218E+000, 3.061552E+000, 5.707104E+000, 1.778571E-001, 2.356713E-001, 4.767190E-001, 3.631698E-001
1.936640E-001, 1.781229E+000, 3.109807E+000, 5.586920E+000, 2.352667E-001, 2.078398E-001, 4.215448E-001, 3.595145E-001
1.936720E-001, 1.836514E+000, 3.351086E+000, 5.648636E+000, 3.185668E-001, 1.855030E-001, 3.811389E-001, 3.616369E-001
1.936800E-001, 2.083571E+000, 3.460108E+000, 5.728217E+000, 3.241952E-001, 1.527742E-001, 3.588093E-001, 3.648205E-001
1.936880E-001, 1.945357E+000, 3.363596E+000, 5.703856E+000, 3.241952E-001, 1.211205E-001, 3.410874E-001, 3.701266E-001
1.936960E-001, 1.617100E+000, 3.131254E+000, 5.737962E+000, 3.748507E-001, 1.071450E-001, 3.227748E-001, 3.728386E-001
1.937040E-001, 1.696573E+000, 2.900700E+000, 5.759075E+000, 3.455831E-001, 9.878366E-002, 3.032807E-001, 3.722490E-001
1.937120E-001, 2.031741E+000, 2.922147E+000, 5.681118E+000, 2.960533E-001, 9.484187E-002, 2.901665E-001, 3.736640E-001
1.937200E-001, 2.057656E+000, 3.047254E+000, 5.711976E+000, 3.658453E-001, 1.030838E-001, 2.993819E-001, 3.729565E-001
1.937280E-001, 1.981638E+000, 3.024020E+000, 5.819167E+000, 3.906102E-001, 1.211205E-001, 3.260829E-001, 3.731923E-001
1.937360E-001, 2.142312E+000, 3.104446E+000, 5.747706E+000, 3.118128E-001, 1.496686E-001, 3.575097E-001, 3.834507E-001
1.937440E-001, 2.166499E+000, 3.410065E+000, 5.664877E+000, 2.870479E-001, 1.806057E-001, 3.967342E-001, 3.913508E-001
1.937520E-001, 1.860702E+000, 3.624534E+000, 5.741210E+000, 3.455831E-001, 1.985229E-001, 4.408026E-001, 3.805028E-001
1.937600E-001, 1.584274E+000, 3.615598E+000, 5.728217E+000, 3.962386E-001, 2.122594E-001, 4.822719E-001, 3.705982E-001
1.937680E-001, 1.610189E+000, 3.492278E+000, 5.684366E+000, 4.052441E-001, 2.409270E-001, 5.270492E-001, 3.805028E-001
1.937760E-001, 1.871068E+000, 3.406490E+000, 5.780189E+000, 4.198779E-001, 2.793893E-001, 5.747802E-001, 3.841581E-001
1.937840E-001, 2.059384E+000, 3.472618E+000, 5.773692E+000, 4.052441E-001, 3.173738E-001, 6.151861E-001, 3.659996E-001
1.937920E-001, 1.919442E+000, 3.494066E+000, 5.564183E+000, 3.264466E-001, 3.530889E-001, 6.476762E-001, 3.533830E-001
1.938000E-001, 1.649926E+000, 3.308192E+000, 5.427758E+000, 3.500858E-001, 3.743506E-001, 6.711873E-001, 3.533830E-001
1.938080E-001, 1.698300E+000, 3.161638E+000, 5.595041E+000, 4.491455E-001, 3.756646E-001, 6.795756E-001, 3.470158E-001
1.938160E-001, 1.964362E+000, 3.279596E+000, 5.859770E+000, 4.367630E-001, 3.717228E-001, 6.819386E-001, 3.375828E-001
1.938240E-001, 2.012737E+000, 3.469044E+000, 5.901997E+000, 4.288833E-001, 3.670643E-001, 6.865463E-001, 3.343992E-001
1.938320E-001, 1.881434E+000, 3.381469E+000, 5.848401E+000, 5.358227E-001, 3.575085E-001, 6.860737E-001, 3.300364E-001
1.938400E-001, 1.826148E+000, 3.186659E+000, 5.833784E+000, 5.673416E-001, 3.449664E-001, 6.748498E-001, 3.214288E-001
1.938480E-001, 1.879706E+000, 3.268872E+000, 5.741210E+000, 4.007413E-001, 3.232268E-001, 6.537017E-001, 3.138824E-001
1.938560E-001, 1.940174E+000, 3.381469E+000, 5.733089E+000, 1.846112E-001, 2.921703E-001, 6.275914E-001, 3.077510E-001
1.938640E-001, 1.893527E+000, 3.270660E+000, 5.867890E+000, 1.936166E-001, 2.760448E-001, 6.018356E-001, 3.064540E-001
1.938720E-001, 1.827876E+000, 3.200957E+000, 5.858146E+000, 4.277576E-001, 2.780754E-001, 5.767887E-001, 3.089301E-001
1.938800E-001, 1.850335E+000, 3.281383E+000, 5.794806E+000, 5.560849E-001, 2.625471E-001, 5.524506E-001, 3.057465E-001
1.938880E-001, 1.772590E+000, 3.322490E+000, 5.866266E+000, 5.009267E-001, 2.250404E-001, 5.329565E-001, 2.969031E-001
1.938960E-001, 1.660292E+000, 3.288532E+000, 5.884131E+000, 5.189375E-001, 1.991201E-001, 5.123991E-001, 2.879417E-001
1.939040E-001, 1.781229E+000, 3.315341E+000, 5.876011E+000, 5.527079E-001, 1.907588E-001, 4.757738E-001, 2.836969E-001
1.939120E-001, 1.943630E+000, 3.410065E+000, 5.921486E+000, 3.962386E-001, 1.883698E-001, 4.370220E-001, 2.866447E-001
1.939200E-001, 1.898710E+000, 3.415426E+000, 5.882507E+000, 2.555289E-001, 1.937450E-001, 4.178823E-001, 2.873522E-001
1.939280E-001, 1.705211E+000, 3.440448E+000, 5.869514E+000, 2.195072E-001, 2.022258E-001, 4.091395E-001, 2.756789E-001
1.939360E-001, 1.508257E+000, 3.613811E+000, 5.903621E+000, 1.587206E-001, 2.031814E-001, 4.003967E-001, 2.597607E-001
1.939440E-001, 1.601551E+000, 3.549470E+000, 5.780189E+000, 2.544032E-001, 1.990007E-001, 3.894091E-001, 2.532755E-001
1.939520E-001, 1.934991E+000, 3.143765E+000, 5.674622E+000, 4.356374E-001, 1.982840E-001, 3.725142E-001, 2.524501E-001
1.939600E-001, 1.921170E+000, 2.975764E+000, 5.763947E+000, 3.658453E-001, 2.068843E-001, 3.572734E-001, 2.536293E-001
1.939680E-001, 1.651653E+000, 3.259936E+000, 5.827288E+000, 2.206329E-001, 2.138123E-001, 3.532565E-001, 2.610577E-001
1.939760E-001, 1.846880E+000, 3.517300E+000, 5.814295E+000, 2.555289E-001, 2.084371E-001, 3.488851E-001, 2.661280E-001
1.939840E-001, 2.316807E+000, 3.417214E+000, 5.863018E+000, 3.196925E-001, 2.148873E-001, 3.369523E-001, 2.615294E-001
1.939920E-001, 2.372092E+000, 3.202744E+000, 5.845153E+000, 2.690370E-001, 2.483328E-001, 3.388427E-001, 2.598786E-001
1.940000E-001, 2.116397E+000, 3.299256E+000, 5.640516E+000, 1.823598E-001, 2.791504E-001, 3.648348E-001, 2.689579E-001
1.940080E-001, 2.014464E+000, 3.642407E+000, 5.422885E+000, 1.801085E-001, 2.958732E-001, 3.917721E-001, 2.831073E-001
1.940160E-001, 2.126763E+000, 3.608449E+000, 5.377411E+000, 3.016817E-001, 3.204795E-001, 4.042955E-001, 2.957239E-001
1.940240E-001, 2.264977E+000, 3.181297E+000, 5.533325E+000, 5.043037E-001, 3.475942E-001, 4.176460E-001, 3.023270E-001
1.940320E-001, 2.206236E+000, 3.075850E+000, 5.742834E+000, 5.695930E-001, 3.578668E-001, 4.463555E-001, 3.068077E-001
1.940400E-001, 1.986822E+000, 3.283170E+000, 5.776940E+000, 4.041184E-001, 3.628836E-001, 4.799089E-001, 3.129391E-001
1.940480E-001, 1.997187E+000, 3.372533E+000, 5.637268E+000, 3.253209E-001, 3.732756E-001, 4.990486E-001, 3.176556E-001
1.940560E-001, 2.171682E+000, 3.408278E+000, 5.530077E+000, 3.771021E-001, 3.797258E-001, 5.049559E-001, 3.241408E-001
1.940640E-001, 2.066294E+000, 3.433299E+000, 5.614530E+000, 3.253209E-001, 3.823537E-001, 5.146438E-001, 3.308618E-001
1.940720E-001, 1.874523E+000, 3.395767E+000, 5.812671E+000, 2.521518E-001, 3.761424E-001, 5.317751E-001, 3.260274E-001
1.940800E-001, 1.891800E+000, 3.404703E+000, 5.872763E+000, 2.859222E-001, 3.575085E-001, 5.485517E-001, 3.181273E-001
1.940880E-001, 1.988549E+000, 3.485129E+000, 5.710352E+000, 4.378887E-001, 3.530889E-001, 5.620204E-001, 3.154153E-001
1.940960E-001, 2.173410E+000, 3.549470E+000, 5.556062E+000, 5.324456E-001, 3.708866E-001, 5.737169E-001, 3.013837E-001
1.941040E-001, 2.259794E+000, 3.560194E+000, 5.552814E+000, 3.939873E-001, 3.817564E-001, 5.858859E-001, 2.811028E-001
1.941120E-001, 1.990277E+000, 3.515512E+000, 5.630771E+000, 2.814195E-001, 3.778146E-001, 5.915569E-001, 2.743818E-001
1.941200E-001, 1.639560E+000, 3.413639E+000, 5.739586E+000, 3.692223E-001, 3.722006E-001, 5.901392E-001, 2.660100E-001
1.941280E-001, 1.579091E+000, 3.340362E+000, 5.768820E+000, 5.009267E-001, 3.739923E-001, 5.982912E-001, 2.436067E-001
1.941360E-001, 1.869340E+000, 3.383256E+000, 5.710352E+000, 5.707187E-001, 3.768590E-001, 6.134139E-001, 2.322872E-001
1.941440E-001, 2.118124E+000, 3.492278E+000, 5.669750E+000, 4.930469E-001, 3.602557E-001, 6.210934E-001, 2.482053E-001
1.941520E-001, 2.062839E+000, 3.561981E+000, 5.596665E+000, 3.286979E-001, 3.355300E-001, 6.240470E-001, 2.675429E-001
1.941600E-001, 2.057656E+000, 3.547683E+000, 5.530077E+000, 2.915506E-001, 3.344549E-001, 6.326717E-001, 2.661280E-001
1.941680E-001, 2.069750E+000, 3.422575E+000, 5.567431E+000, 3.208182E-001, 3.405468E-001, 6.506299E-001, 2.553979E-001
1.941760E-001, 1.786412E+000, 3.242064E+000, 5.619402E+000, 3.196925E-001, 3.302743E-001, 6.596090E-001, 2.601144E-001
1.941840E-001, 1.606734E+000, 3.238489E+000, 5.564183E+000, 3.725994E-001, 3.262130E-001, 6.460222E-001, 2.714340E-001
1.941920E-001, 1.789867E+000, 3.404703E+000, 5.484601E+000, 4.221292E-001, 3.366050E-001, 6.305451E-001, 2.739102E-001
1.942000E-001, 1.876251E+000, 3.492278E+000, 5.578800E+000, 3.230695E-001, 3.380384E-001, 6.260555E-001, 2.840506E-001
1.942080E-001, 1.774318E+000, 3.392192E+000, 5.666502E+000, 1.801085E-001, 3.246602E-001, 6.149498E-001, 3.038599E-001
1.942160E-001, 1.876251E+000, 3.120531E+000, 5.598289E+000, 1.981193E-001, 3.060263E-001, 5.860040E-001, 3.171840E-001
1.942240E-001, 2.042107E+000, 2.934658E+000, 5.655133E+000, 3.129385E-001, 2.877507E-001, 5.523324E-001, 3.355783E-001
1.942320E-001, 1.926353E+000, 3.057977E+000, 5.874387E+000, 4.052441E-001, 2.829728E-001, 5.303573E-001, 3.626981E-001
1.942400E-001, 1.795050E+000, 3.335001E+000, 6.002691E+000, 4.502712E-001, 2.904980E-001, 5.197241E-001, 3.741356E-001
1.942480E-001, 1.886617E+000, 3.411852E+000, 5.861394E+000, 3.579656E-001, 2.884674E-001, 5.033019E-001, 3.761401E-001
1.942560E-001, 2.019647E+000, 3.145552E+000, 5.534949E+000, 2.611573E-001, 2.778365E-001, 4.717569E-001, 3.863985E-001
1.942640E-001, 2.049018E+000, 2.995424E+000, 5.383907E+000, 3.219439E-001, 2.655333E-001, 4.412752E-001, 3.867522E-001
1.942720E-001, 1.853791E+000, 3.272447E+000, 5.547942E+000, 3.680967E-001, 2.453466E-001, 4.254436E-001, 3.741356E-001
1.942800E-001, 1.554904E+000, 3.427937E+000, 5.789933E+000, 2.791681E-001, 2.296989E-001, 4.142198E-001, 3.696549E-001
1.942880E-001, 1.556631E+000, 3.224191E+000, 5.856522E+000, 1.778571E-001, 2.326851E-001, 4.063040E-001, 3.680042E-001
1.942960E-001, 1.824420E+000, 3.088361E+000, 5.713600E+000, 2.712884E-001, 2.459438E-001, 4.163464E-001, 3.605757E-001
1.943040E-001, 1.922898E+000, 3.111595E+000, 5.582048E+000, 4.851672E-001, 2.583664E-001, 4.317054E-001, 3.591608E-001
1.943120E-001, 1.855518E+000, 3.099084E+000, 5.619402E+000, 4.525225E-001, 2.692362E-001, 4.331231E-001, 3.661176E-001
1.943200E-001, 2.055928E+000, 3.082999E+000, 5.765572E+000, 2.408951E-001, 2.817783E-001, 4.367857E-001, 3.658817E-001
1.943280E-001, 2.429105E+000, 3.152701E+000, 5.749331E+000, 2.352667E-001, 2.957537E-001, 4.527354E-001, 3.573920E-001
1.943360E-001, 2.389369E+000, 3.243851E+000, 5.513835E+000, 3.714737E-001, 3.001733E-001, 4.625415E-001, 3.585712E-001
1.943440E-001, 2.097392E+000, 3.317128E+000, 5.508963E+000, 3.692223E-001, 2.865562E-001, 4.604149E-001, 3.688295E-001
1.943520E-001, 2.016192E+000, 3.276021E+000, 5.755827E+000, 2.679113E-001, 2.681612E-001, 4.613600E-001, 3.700087E-001
1.943600E-001, 1.853791E+000, 3.052616E+000, 5.728217E+000, 1.936166E-001, 2.629055E-001, 4.721113E-001, 3.584533E-001
1.943680E-001, 1.508257E+000, 2.993637E+000, 5.495970E+000, 1.620976E-001, 2.721030E-001, 4.856981E-001, 3.454829E-001
1.943760E-001, 1.544538E+000, 3.293894E+000, 5.504091E+000, 2.285126E-001, 2.814199E-001, 4.934957E-001, 3.333380E-001
1.943840E-001, 1.938447E+000, 3.501215E+000, 5.660005E+000, 3.163155E-001, 2.847645E-001, 4.943227E-001, 3.187168E-001
1.943920E-001, 2.095665E+000, 3.415426E+000, 5.606410E+000, 2.701627E-001, 3.011289E-001, 4.989305E-001, 3.122317E-001
1.944000E-001, 1.978183E+000, 3.276021E+000, 5.414765E+000, 1.429611E-001, 3.336188E-001, 5.153527E-001, 3.116421E-001
1.944080E-001, 1.895255E+000, 3.159850E+000, 5.398524E+000, 1.407097E-001, 3.546417E-001, 5.375642E-001, 3.045674E-001
1.944160E-001, 1.948813E+000, 3.204532E+000, 5.525204E+000, 3.016817E-001, 3.509388E-001, 5.526869E-001, 3.018554E-001
1.944240E-001, 2.017920E+000, 3.469044E+000, 5.651885E+000, 3.771021E-001, 3.374411E-001, 5.584760E-001, 3.052748E-001
1.944320E-001, 1.938447E+000, 3.604875E+000, 5.783437E+000, 3.455831E-001, 3.311104E-001, 5.680459E-001, 3.057465E-001
1.944400E-001, 1.971272E+000, 3.447597E+000, 5.856522E+000, 4.052441E-001, 3.323049E-001, 5.839955E-001, 3.136466E-001
1.944480E-001, 2.301258E+000, 3.202744E+000, 5.798054E+000, 4.300089E-001, 3.333799E-001, 5.974642E-001, 3.299185E-001
1.944560E-001, 2.486118E+000, 3.063339E+000, 5.702231E+000, 3.309493E-001, 3.350522E-001, 6.084518E-001, 3.424172E-001
1.944640E-001, 2.278798E+000, 3.152701E+000, 5.653509E+000, 3.298236E-001, 3.438914E-001, 6.130595E-001, 3.511427E-001
1.944720E-001, 1.952268E+000, 3.279596E+000, 5.635643E+000, 3.635940E-001, 3.608530E-001, 6.046711E-001, 3.575100E-001
1.944800E-001, 1.703483E+000, 3.079424E+000, 5.702231E+000, 2.183815E-001, 3.731562E-001, 5.919113E-001, 3.636414E-001
1.944880E-001, 1.672385E+000, 2.793465E+000, 5.759075E+000, 1.373327E-001, 3.658698E-001, 5.836411E-001, 3.734281E-001
1.944960E-001, 1.929808E+000, 2.886402E+000, 5.585296E+000, 2.589059E-001, 3.518944E-001, 5.829322E-001, 3.856910E-001
1.945040E-001, 2.133673E+000, 3.131254E+000, 5.400148E+000, 2.847965E-001, 3.564334E-001, 5.862404E-001, 4.005480E-001
1.945120E-001, 1.978183E+000, 3.086573E+000, 5.517084E+000, 2.544032E-001, 3.737534E-001, 5.821052E-001, 4.070331E-001
1.945200E-001, 1.760497E+000, 2.988275E+000, 5.695735E+000, 3.557142E-001, 3.754257E-001, 5.744257E-001, 4.025525E-001
1.945280E-001, 1.874523E+000, 3.163425E+000, 5.588544E+000, 4.750361E-001, 3.579862E-001, 5.661555E-001, 4.086839E-001
1.945360E-001, 2.106031E+000, 3.331426E+000, 5.421261E+000, 4.952983E-001, 3.503416E-001, 5.518599E-001, 4.164661E-001
1.945440E-001, 2.049018E+000, 3.225979E+000, 5.578800E+000, 4.074954E-001, 3.631225E-001, 5.429989E-001, 4.099809E-001
1.945520E-001, 1.853791E+000, 3.086573E+000, 5.762323E+000, 3.163155E-001, 3.700505E-001, 5.450074E-001, 4.039674E-001
1.945600E-001, 1.826148E+000, 3.231340E+000, 5.668126E+000, 3.500858E-001, 3.566723E-001, 5.414630E-001, 3.961852E-001
1.945680E-001, 1.827876E+000, 3.447597E+000, 5.621027E+000, 4.142494E-001, 3.406662E-001, 5.250407E-001, 3.875776E-001
1.945760E-001, 1.722488E+000, 3.267085E+000, 5.611282E+000, 3.872332E-001, 3.299159E-001, 5.121628E-001, 3.915866E-001
1.945840E-001, 1.746675E+000, 2.973977E+000, 5.408268E+000, 3.984900E-001, 3.196433E-001, 5.107450E-001, 3.940628E-001
1.945920E-001, 1.952268E+000, 2.906062E+000, 5.294581E+000, 5.031780E-001, 3.081763E-001, 5.050740E-001, 3.879313E-001
1.946000E-001, 2.083571E+000, 2.836359E+000, 5.400148E+000, 5.290686E-001, 2.921703E-001, 4.911328E-001, 3.872239E-001
1.946080E-001, 2.009281E+000, 2.975764E+000, 5.507339E+000, 4.333860E-001, 2.721030E-001, 4.841622E-001, 3.934732E-001
1.946160E-001, 1.795050E+000, 3.420788E+000, 5.552814E+000, 3.545885E-001, 2.529913E-001, 4.895969E-001, 4.006658E-001
1.946240E-001, 1.668930E+000, 3.572704E+000, 5.502467E+000, 3.613426E-001, 2.458244E-001, 5.004663E-001, 4.075048E-001
1.946320E-001, 1.734582E+000, 3.368958E+000, 5.367666E+000, 4.232549E-001, 2.500051E-001, 5.050740E-001, 4.146974E-001
1.946400E-001, 1.831331E+000, 3.192021E+000, 5.400148E+000, 4.547739E-001, 2.484522E-001, 4.965675E-001, 4.207110E-001
1.946480E-001, 1.907349E+000, 3.090148E+000, 5.567431E+000, 3.872332E-001, 2.483328E-001, 4.879429E-001, 4.293185E-001
1.946560E-001, 1.979911E+000, 3.061552E+000, 5.435878E+000, 3.118128E-001, 2.689973E-001, 4.903058E-001, 4.406381E-001
1.946640E-001, 2.043835E+000, 3.115169E+000, 5.120802E+000, 3.286979E-001, 3.037567E-001, 4.917235E-001, 4.396948E-001
1.946720E-001, 2.169955E+000, 3.231340E+000, 5.163029E+000, 3.478345E-001, 3.355300E-001, 4.923143E-001, 4.225975E-001
1.946800E-001, 2.138857E+000, 3.293894E+000, 5.507339E+000, 2.881735E-001, 3.563139E-001, 5.009390E-001, 4.067973E-001
1.946880E-001, 1.808871E+000, 3.166999E+000, 5.794806E+000, 2.814195E-001, 3.622864E-001, 5.077914E-001, 4.093914E-001
1.946960E-001, 1.708666E+000, 3.061552E+000, 5.806174E+000, 4.063697E-001, 3.540444E-001, 5.088547E-001, 4.257812E-001
1.947040E-001, 2.009281E+000, 3.040105E+000, 5.474857E+000, 4.829158E-001, 3.458025E-001, 5.135806E-001, 4.385157E-001
1.947120E-001, 2.068022E+000, 2.906062E+000, 5.150036E+000, 4.581509E-001, 3.490276E-001, 5.225596E-001, 4.435859E-001
1.947200E-001, 1.770863E+000, 2.864955E+000, 5.253979E+000, 5.099321E-001, 3.474748E-001, 5.253952E-001, 4.424068E-001
1.947280E-001, 1.660292E+000, 3.074063E+000, 5.663253E+000, 5.954836E-001, 3.299159E-001, 5.157072E-001, 4.379261E-001
1.947360E-001, 1.841697E+000, 3.183085E+000, 5.845153E+000, 5.380740E-001, 3.172544E-001, 5.057829E-001, 4.409918E-001
1.947440E-001, 2.069750E+000, 3.061552E+000, 5.655133E+000, 4.018670E-001, 3.155821E-001, 5.044833E-001, 4.465337E-001
1.947520E-001, 2.188959E+000, 3.004360E+000, 5.461864E+000, 2.802938E-001, 3.147460E-001, 5.010571E-001, 4.428785E-001
1.947600E-001, 2.126763E+000, 3.018658E+000, 5.395276E+000, 1.587206E-001, 3.190461E-001, 4.963312E-001, 4.388694E-001
1.947680E-001, 2.021375E+000, 2.897125E+000, 5.469985E+000, 1.024367E-001, 3.137904E-001, 5.011752E-001, 4.381619E-001
1.947760E-001, 2.071477E+000, 2.695167E+000, 5.630771E+000, 2.138788E-001, 2.883479E-001, 5.082640E-001, 4.386336E-001
1.947840E-001, 2.023103E+000, 2.652273E+000, 5.487850E+000, 3.838561E-001, 2.813005E-001, 5.097999E-001, 4.466516E-001
1.947920E-001, 1.758769E+000, 2.900700E+000, 5.172773E+000, 3.725994E-001, 2.981427E-001, 5.142894E-001, 4.569100E-001
1.948000E-001, 1.755314E+000, 3.199170E+000, 5.302702E+000, 2.442721E-001, 2.982621E-001, 5.242137E-001, 4.557309E-001
1.948080E-001, 1.995460E+000, 3.249213E+000, 5.653509E+000, 2.059990E-001, 2.903785E-001, 5.265766E-001, 4.461800E-001
1.948160E-001, 2.052473E+000, 3.102659E+000, 5.521956E+000, 1.733544E-001, 2.990983E-001, 5.288214E-001, 4.418172E-001
1.948240E-001, 2.043835E+000, 2.957892E+000, 5.164653E+000, 1.508408E-001, 3.137904E-001, 5.433533E-001, 4.416993E-001
1.948320E-001, 2.123307E+000, 2.975764E+000, 5.195511E+000, 3.196925E-001, 3.282436E-001, 5.493788E-001, 4.389873E-001
1.948400E-001, 2.131946E+000, 3.061552E+000, 5.380659E+000, 5.200632E-001, 3.381578E-001, 5.405178E-001, 4.323843E-001
1.948480E-001, 1.983366E+000, 2.993637E+000, 5.314071E+000, 4.817901E-001, 3.422191E-001, 5.418174E-001, 4.277857E-001
1.948560E-001, 1.781229E+000, 2.843508E+000, 5.216624E+000, 3.354520E-001, 3.438914E-001, 5.500876E-001, 4.394590E-001
1.948640E-001, 1.763952E+000, 2.779167E+000, 5.398524E+000, 2.960533E-001, 3.266908E-001, 5.424082E-001, 4.550234E-001
1.948720E-001, 2.035196E+000, 2.800614E+000, 5.530077E+000, 3.444574E-001, 3.001733E-001, 5.278762E-001, 4.526652E-001
1.948800E-001, 2.320262E+000, 2.841721E+000, 5.323815E+000, 3.793534E-001, 2.967093E-001, 5.227959E-001, 4.504248E-001
1.948880E-001, 2.346177E+000, 2.818486E+000, 5.239362E+000, 3.669710E-001, 3.043540E-001, 5.198423E-001, 4.570279E-001
1.948960E-001, 2.188959E+000, 2.698741E+000, 5.437502E+000, 3.433318E-001, 3.032790E-001, 5.159435E-001, 4.466516E-001
1.949040E-001, 2.014464E+000, 2.738060E+000, 5.500843E+000, 3.917359E-001, 2.995761E-001, 5.121628E-001, 4.161124E-001
1.949120E-001, 1.890072E+000, 3.038318E+000, 5.460240E+000, 4.806645E-001, 2.894230E-001, 5.018841E-001, 4.050286E-001
1.949200E-001, 1.945357E+000, 3.166999E+000, 5.513835E+000, 4.063697E-001, 2.740141E-001, 4.919598E-001, 4.270782E-001
1.949280E-001, 2.102576E+000, 3.034743E+000, 5.564183E+000, 2.521518E-001, 2.736558E-001, 4.904239E-001, 4.373366E-001
1.949360E-001, 2.071477E+000, 2.982913E+000, 5.595041E+000, 3.332007E-001, 2.937231E-001, 4.840440E-001, 4.170557E-001
1.949440E-001, 1.976455E+000, 2.945381E+000, 5.627523E+000, 4.975496E-001, 3.091319E-001, 4.643137E-001, 3.979539E-001
1.949520E-001, 2.125035E+000, 2.870317E+000, 5.606410E+000, 4.345117E-001, 2.989788E-001, 4.432837E-001, 4.024345E-001
1.949600E-001, 2.237334E+000, 2.922147E+000, 5.596665E+000, 2.555289E-001, 2.828533E-001, 4.331231E-001, 4.201214E-001
1.949680E-001, 1.992005E+000, 2.948956E+000, 5.648636E+000, 2.037477E-001, 2.836895E-001, 4.321780E-001, 4.218901E-001
1.949760E-001, 1.791595E+000, 2.791678E+000, 5.556062E+000, 3.050587E-001, 2.931259E-001, 4.287517E-001, 4.099809E-001
1.949840E-001, 1.921170E+000, 2.695167E+000, 5.416389E+000, 3.680967E-001, 3.001733E-001, 4.211904E-001, 4.142258E-001
1.949920E-001, 2.071477E+000, 2.741635E+000, 5.567431E+000, 3.241952E-001, 3.030401E-001, 4.237896E-001, 4.295544E-001
1.950000E-001, 2.207963E+000, 2.702316E+000, 5.724969E+000, 3.590913E-001, 2.992177E-001, 4.326506E-001, 4.398127E-001
1.950080E-001, 2.349632E+000, 2.688018E+000, 5.564183E+000, 4.592766E-001, 2.921703E-001, 4.244985E-001, 4.478308E-001
1.950160E-001, 2.213146E+000, 2.800614E+000, 5.411517E+000, 4.153751E-001, 2.902591E-001, 4.099665E-001, 4.460621E-001
1.950240E-001, 1.988549E+000, 2.786316E+000, 5.495970E+000, 3.737251E-001, 2.951565E-001, 4.119750E-001, 4.409918E-001
1.950320E-001, 1.907349E+000, 2.807763E+000, 5.603161E+000, 4.952983E-001, 2.961121E-001, 4.165827E-001, 4.543159E-001
1.950400E-001, 1.826148E+000, 3.024020E+000, 5.663253E+000, 5.031780E-001, 2.846451E-001, 4.185912E-001, 4.692908E-001
1.950480E-001, 1.933264E+000, 3.059765E+000, 5.741210E+000, 3.444574E-001, 2.667278E-001, 4.353679E-001, 4.685833E-001
1.950560E-001, 2.232151E+000, 3.009722E+000, 5.759075E+000, 3.151898E-001, 2.569331E-001, 4.591153E-001, 4.750685E-001
1.950640E-001, 2.157861E+000, 3.138403E+000, 5.655133E+000, 4.345117E-001, 2.630249E-001, 4.706936E-001, 4.915762E-001
1.950720E-001, 1.774318E+000, 3.088361E+000, 5.544693E+000, 4.964240E-001, 2.697140E-001, 4.652588E-001, 4.953494E-001
1.950800E-001, 1.731126E+000, 2.829210E+000, 5.635643E+000, 4.513968E-001, 2.626666E-001, 4.480095E-001, 4.935807E-001
1.950880E-001, 1.959179E+000, 2.791678E+000, 5.871139E+000, 4.491455E-001, 2.504829E-001, 4.367857E-001, 4.986509E-001
1.950960E-001, 2.043835E+000, 2.927509E+000, 5.916614E+000, 5.121834E-001, 2.406881E-001, 4.331231E-001, 4.970002E-001
1.951040E-001, 2.052473E+000, 2.864955E+000, 5.736338E+000, 5.155604E-001, 2.366269E-001, 4.161101E-001, 4.828507E-001
1.951120E-001, 2.009281E+000, 2.698741E+000, 5.468360E+000, 5.290686E-001, 2.398520E-001, 3.929535E-001, 4.716490E-001
1.951200E-001, 1.896983E+000, 2.809550E+000, 5.239362E+000, 5.448281E-001, 2.356713E-001, 3.767675E-001, 4.666967E-001
1.951280E-001, 2.042107E+000, 2.995424E+000, 5.229617E+000, 4.457684E-001, 2.205014E-001, 3.510117E-001, 4.628056E-001
1.951360E-001, 2.256338E+000, 2.941807E+000, 5.356297E+000, 3.759764E-001, 2.080787E-001, 3.168675E-001, 4.604474E-001
1.951440E-001, 2.038652E+000, 2.850657E+000, 5.435878E+000, 3.928616E-001, 1.893254E-001, 2.999726E-001, 4.557309E-001
1.951520E-001, 1.815782E+000, 2.777380E+000, 5.552814E+000, 3.388290E-001, 1.625690E-001, 2.979642E-001, 4.514861E-001
1.951600E-001, 1.902166E+000, 2.684443E+000, 5.796430E+000, 2.465235E-001, 1.481158E-001, 2.905209E-001, 4.462979E-001
1.951680E-001, 1.843425E+000, 2.816699E+000, 5.840281E+000, 2.465235E-001, 1.487130E-001, 2.842592E-001, 4.312051E-001
1.951760E-001, 1.774318E+000, 3.018658E+000, 5.482977E+000, 3.534628E-001, 1.546854E-001, 2.922931E-001, 4.248379E-001
1.951840E-001, 2.028286E+000, 2.943594E+000, 5.271844E+000, 4.502712E-001, 1.619717E-001, 3.024537E-001, 4.431143E-001
1.951920E-001, 2.123307E+000, 2.788103E+000, 5.468360E+000, 4.615279E-001, 1.761861E-001, 3.044622E-001, 4.656355E-001
1.952000E-001, 1.865885E+000, 2.829210E+000, 5.588544E+000, 4.998010E-001, 2.021063E-001, 3.130868E-001, 4.711774E-001
1.952080E-001, 1.796778E+000, 2.952530E+000, 5.465112E+000, 5.054294E-001, 2.237265E-001, 3.355346E-001, 4.649280E-001
1.952160E-001, 1.967817E+000, 2.952530E+000, 5.289709E+000, 2.983046E-001, 2.307739E-001, 3.513661E-001, 4.675221E-001
1.952240E-001, 1.915987E+000, 2.881040E+000, 5.247482E+000, 1.058137E-001, 2.332823E-001, 3.525476E-001, 4.806104E-001
1.952320E-001, 1.706939E+000, 2.902487E+000, 5.447247E+000, 2.397694E-001, 2.437938E-001, 3.621174E-001, 4.808462E-001
1.952400E-001, 1.748403E+000, 2.957892E+000, 5.651885E+000, 5.301943E-001, 2.706696E-001, 3.892910E-001, 4.664609E-001
1.952480E-001, 1.910804E+000, 2.850657E+000, 5.692487E+000, 5.628389E-001, 2.976649E-001, 4.105573E-001, 4.628056E-001
1.952560E-001, 1.912532E+000, 2.557549E+000, 5.598289E+000, 3.816048E-001, 2.967093E-001, 4.093758E-001, 4.750685E-001
1.952640E-001, 1.905621E+000, 2.432441E+000, 5.356297E+000, 3.534628E-001, 2.779559E-001, 3.946075E-001, 4.860343E-001
1.952720E-001, 1.936719E+000, 2.789891E+000, 5.227993E+000, 4.119981E-001, 2.736558E-001, 3.851559E-001, 4.899254E-001
1.952800E-001, 1.836514E+000, 3.252787E+000, 5.297830E+000, 3.939873E-001, 2.861979E-001, 3.912995E-001, 4.859164E-001
1.952880E-001, 1.649926E+000, 3.402916E+000, 5.284837E+000, 4.581509E-001, 2.860784E-001, 4.044137E-001, 4.710595E-001
1.952960E-001, 1.553176E+000, 3.295681E+000, 5.305950E+000, 5.797241E-001, 2.668473E-001, 4.084306E-001, 4.643385E-001
1.953040E-001, 1.599823E+000, 3.011509E+000, 5.565807E+000, 5.864782E-001, 2.595609E-001, 4.045318E-001, 4.756581E-001
1.953120E-001, 1.739765E+000, 2.779167E+000, 5.681118E+000, 5.335713E-001, 2.679223E-001, 4.094940E-001, 4.790775E-001
1.953200E-001, 1.962634E+000, 2.877466E+000, 5.452119E+000, 4.795388E-001, 2.656528E-001, 4.197727E-001, 4.737715E-001
1.953280E-001, 2.026558E+000, 2.972190E+000, 5.318943E+000, 3.962386E-001, 2.539468E-001, 4.161101E-001, 4.799029E-001
1.953360E-001, 1.738037E+000, 2.745209E+000, 5.491098E+000, 3.737251E-001, 2.529913E-001, 4.118569E-001, 4.824970E-001
1.953440E-001, 1.599823E+000, 2.634400E+000, 5.671374E+000, 4.502712E-001, 2.592026E-001, 4.283973E-001, 4.732998E-001
1.953520E-001, 1.839970E+000, 2.891764E+000, 5.635643E+000, 4.356374E-001, 2.508412E-001, 4.432837E-001, 4.704699E-001
1.953600E-001, 1.983366E+000, 3.090148E+000, 5.583672E+000, 2.802938E-001, 2.287433E-001, 4.353679E-001, 4.721207E-001
1.953680E-001, 1.890072E+000, 2.991849E+000, 5.754203E+000, 2.330153E-001, 2.091538E-001, 4.262707E-001, 4.698803E-001
1.953760E-001, 1.801961E+000, 2.764869E+000, 5.893876E+000, 3.692223E-001, 1.975673E-001, 4.259162E-001, 4.653997E-001
1.953840E-001, 1.833059E+000, 2.639762E+000, 5.739586E+000, 4.525225E-001, 1.899226E-001, 4.201271E-001, 4.549055E-001
1.953920E-001, 1.898710E+000, 2.782742E+000, 5.606410E+000, 3.872332E-001, 1.827557E-001, 4.116206E-001, 4.460621E-001
1.954000E-001, 1.836514E+000, 3.006147E+000, 5.684366E+000, 3.703480E-001, 1.726026E-001, 3.994515E-001, 4.468875E-001
1.954080E-001, 1.634377E+000, 2.954317E+000, 5.669750E+000, 4.941726E-001, 1.570744E-001, 3.792486E-001, 4.445292E-001
1.954160E-001, 1.525533E+000, 2.729124E+000, 5.507339E+000, 5.414510E-001, 1.391571E-001, 3.732231E-001, 4.396948E-001
1.954240E-001, 1.651653E+000, 2.696954E+000, 5.403396E+000, 4.750361E-001, 1.313930E-001, 3.848014E-001, 4.404023E-001
1.954320E-001, 1.757041E+000, 2.990062E+000, 5.439126E+000, 5.234402E-001, 1.390377E-001, 3.866918E-001, 4.332096E-001
1.954400E-001, 1.698300E+000, 3.249213E+000, 5.531701E+000, 5.639646E-001, 1.429795E-001, 3.818478E-001, 4.189422E-001
1.954480E-001, 1.741492E+000, 3.034743E+000, 5.538197E+000, 3.872332E-001, 1.370071E-001, 3.839744E-001, 4.202393E-001
1.954560E-001, 1.933264E+000, 2.763082E+000, 5.577176E+000, 2.330153E-001, 1.401127E-001, 3.877551E-001, 4.352142E-001
1.954640E-001, 2.007554E+000, 2.911423E+000, 5.668126E+000, 3.275723E-001, 1.544465E-001, 3.986245E-001, 4.406381E-001
1.954720E-001, 1.945357E+000, 2.940019E+000, 5.554438E+000, 5.043037E-001, 1.653163E-001, 4.163464E-001, 4.381619E-001
1.954800E-001, 1.831331E+000, 2.705890E+000, 5.411517E+000, 5.482051E-001, 1.620912E-001, 4.285154E-001, 4.506606E-001
1.954880E-001, 1.682751E+000, 2.695167E+000, 5.486226E+000, 4.840415E-001, 1.472796E-001, 4.393849E-001, 4.729461E-001
1.954960E-001, 1.700028E+000, 2.746997E+000, 5.573927E+000, 4.142494E-001, 1.445323E-001, 4.429293E-001, 4.788417E-001
1.955040E-001, 1.864157E+000, 2.707677E+000, 5.534949E+000, 3.782278E-001, 1.579105E-001, 4.312328E-001, 4.714132E-001
1.955120E-001, 1.893527E+000, 2.784529E+000, 5.452119E+000, 4.052441E-001, 1.638829E-001, 4.247348E-001, 4.665788E-001
1.955200E-001, 1.834786E+000, 2.845295E+000, 5.422885E+000, 4.378887E-001, 1.704526E-001, 4.320598E-001, 4.659892E-001
1.955280E-001, 1.831331E+000, 2.884615E+000, 5.622651E+000, 3.973643E-001, 1.874142E-001, 4.404482E-001, 4.682296E-001
1.955360E-001, 1.869340E+000, 3.099084E+000, 5.944223E+000, 2.881735E-001, 1.892059E-001, 4.456466E-001, 4.704699E-001
1.955440E-001, 1.909076E+000, 3.215255E+000, 5.945848E+000, 2.093761E-001, 1.802473E-001, 4.478914E-001, 4.709416E-001
1.955520E-001, 1.950540E+000, 3.018658E+000, 5.679494E+000, 2.892992E-001, 1.868170E-001, 4.548620E-001, 4.715311E-001
1.955600E-001, 2.050745E+000, 2.797040E+000, 5.711976E+000, 4.176265E-001, 2.085565E-001, 4.740016E-001, 4.703520E-001
1.955680E-001, 2.059384E+000, 2.736273E+000, 5.957216E+000, 3.939873E-001, 2.385380E-001, 4.945590E-001, 4.699983E-001
1.955760E-001, 1.827876E+000, 2.745209E+000, 5.778564E+000, 3.309493E-001, 2.506023E-001, 5.123991E-001, 4.757760E-001
1.955840E-001, 1.649926E+000, 2.732699E+000, 5.395276E+000, 3.073101E-001, 2.240848E-001, 5.331928E-001, 4.810820E-001
1.955920E-001, 1.731126E+000, 2.784529E+000, 5.469985E+000, 1.834855E-001, 1.995979E-001, 5.519780E-001, 4.747148E-001
1.956000E-001, 1.872795E+000, 2.898913E+000, 5.700607E+000, 8.780287E-002, 2.110649E-001, 5.705269E-001, 4.619802E-001
1.956080E-001, 1.953996E+000, 2.825635E+000, 5.681118E+000, 2.352667E-001, 2.314906E-001, 5.907299E-001, 4.599757E-001
1.956160E-001, 1.841697E+000, 2.698741E+000, 5.718472E+000, 4.423914E-001, 2.314906E-001, 5.987638E-001, 4.669325E-001
1.956240E-001, 1.556631E+000, 2.752358E+000, 5.760699E+000, 4.266319E-001, 2.147678E-001, 5.971097E-001, 4.702341E-001
1.956320E-001, 1.584274E+000, 2.830997E+000, 5.476481E+000, 2.667857E-001, 1.927894E-001, 5.992364E-001, 4.714132E-001
1.956400E-001, 1.909076E+000, 2.839933E+000, 5.273468E+000, 3.151898E-001, 1.712887E-001, 5.914388E-001, 4.755401E-001
1.956480E-001, 1.912532E+000, 2.822061E+000, 5.621027E+000, 5.774727E-001, 1.532520E-001, 5.646196E-001, 4.797850E-001
1.956560E-001, 1.641287E+000, 2.834572E+000, 5.988074E+000, 6.044890E-001, 1.372460E-001, 5.350831E-001, 4.807283E-001
1.956640E-001, 1.575636E+000, 2.802401E+000, 5.812671E+000, 3.444574E-001, 1.210010E-001, 5.080277E-001, 4.764834E-001
1.956720E-001, 1.620555E+000, 2.650486E+000, 5.518708E+000, 2.690370E-001, 1.075034E-001, 4.806178E-001, 4.664609E-001
1.956800E-001, 1.637832E+000, 2.605804E+000, 5.466736E+000, 4.727847E-001, 9.520021E-002, 4.561616E-001, 4.595041E-001
1.956880E-001, 1.765680E+000, 2.752358E+000, 5.406644E+000, 5.887296E-001, 7.190781E-002, 4.360768E-001, 4.606832E-001
1.956960E-001, 1.879706E+000, 2.902487E+000, 5.281589E+000, 5.088064E-001, 3.571501E-002, 4.159920E-001, 4.609190E-001
1.957040E-001, 1.917715E+000, 2.884615E+000, 5.346553E+000, 4.097467E-001, 7.047443E-003, 3.859829E-001, 4.586787E-001
1.957120E-001, 2.011009E+000, 2.775593E+000, 5.591793E+000, 3.872332E-001, -3.583446E-003, 3.540835E-001, 4.598578E-001
1.957200E-001, 2.012737E+000, 2.829210E+000, 5.661629E+000, 4.423914E-001, -9.078062E-003, 3.399060E-001, 4.629235E-001
1.957280E-001, 1.886617E+000, 2.984700E+000, 5.560935E+000, 4.975496E-001, -1.755888E-002, 3.378975E-001, 4.657534E-001
1.957360E-001, 1.836514E+000, 2.929296E+000, 5.554438E+000, 4.829158E-001, -2.126178E-002, 3.330535E-001, 4.684654E-001
1.957440E-001, 1.843425E+000, 2.639762E+000, 5.573927E+000, 4.682820E-001, -1.982840E-002, 3.304543E-001, 4.657534E-001
1.957520E-001, 1.753586E+000, 2.475335E+000, 5.533325E+000, 4.772874E-001, -2.317295E-002, 3.337624E-001, 4.599757E-001
1.957600E-001, 1.632649E+000, 2.575421E+000, 5.497594E+000, 4.840415E-001, -3.033984E-002, 3.342350E-001, 4.596220E-001
1.957680E-001, 1.660292E+000, 2.679081E+000, 5.562559E+000, 5.178118E-001, -2.723419E-002, 3.330535E-001, 4.541980E-001
1.957760E-001, 1.779501E+000, 2.780954E+000, 5.668126E+000, 4.806645E-001, -6.569650E-003, 3.395515E-001, 4.405202E-001
1.957840E-001, 1.748403E+000, 2.909636E+000, 5.604785E+000, 3.534628E-001, 1.325875E-002, 3.486488E-001, 4.431143E-001
1.957920E-001, 1.667202E+000, 2.854231E+000, 5.559310E+000, 3.534628E-001, 1.720054E-002, 3.488851E-001, 4.608011E-001
1.958000E-001, 1.872795E+000, 2.763082E+000, 5.711976E+000, 4.727847E-001, 2.365074E-002, 3.439229E-001, 4.612727E-001
1.958080E-001, 2.114669E+000, 2.922147E+000, 5.859770E+000, 4.739104E-001, 4.061238E-002, 3.464040E-001, 4.457083E-001
1.958160E-001, 1.983366E+000, 3.215255E+000, 5.848401E+000, 3.579656E-001, 5.363224E-002, 3.521931E-001, 4.418172E-001
1.958240E-001, 1.746675E+000, 3.265298E+000, 5.763947E+000, 3.320750E-001, 6.426313E-002, 3.526657E-001, 4.471233E-001
1.958320E-001, 1.725943E+000, 3.034743E+000, 5.781813E+000, 4.558995E-001, 7.381898E-002, 3.551468E-001, 4.440576E-001
1.958400E-001, 1.774318E+000, 2.873891E+000, 5.819167E+000, 4.986753E-001, 6.820492E-002, 3.606997E-001, 4.378082E-001
1.958480E-001, 1.782956E+000, 2.816699E+000, 5.812671E+000, 3.827305E-001, 5.172107E-002, 3.615267E-001, 4.340350E-001
1.958560E-001, 1.826148E+000, 2.775593E+000, 5.819167E+000, 3.613426E-001, 4.192632E-002, 3.590456E-001, 4.282573E-001
1.958640E-001, 1.791595E+000, 2.811337E+000, 5.705480E+000, 4.187522E-001, 4.097073E-002, 3.578641E-001, 4.246020E-001
1.958720E-001, 1.592913E+000, 2.818486E+000, 5.642140E+000, 3.320750E-001, 4.085128E-002, 3.576279E-001, 4.211826E-001
1.958800E-001, 1.442605E+000, 2.934658E+000, 5.853273E+000, 2.701627E-001, 2.866757E-002, 3.589275E-001, 4.104526E-001
1.958880E-001, 1.376954E+000, 3.208106E+000, 5.936103E+000, 3.759764E-001, 6.450202E-003, 3.581004E-001, 4.020808E-001
1.958960E-001, 1.416690E+000, 3.120531E+000, 5.721721E+000, 4.536482E-001, 1.552826E-003, 3.484125E-001, 3.997225E-001
1.959040E-001, 1.610189E+000, 2.739848E+000, 5.638892E+000, 4.705333E-001, 1.218372E-002, 3.429778E-001, 4.032599E-001
1.959120E-001, 1.681024E+000, 2.695167E+000, 5.770444E+000, 4.637793E-001, 9.794752E-003, 3.513661E-001, 4.167019E-001
1.959200E-001, 1.592913E+000, 2.913211E+000, 5.778564E+000, 3.343263E-001, 1.313930E-003, 3.625900E-001, 4.216542E-001
1.959280E-001, 1.582546E+000, 2.925721E+000, 5.622651E+000, 1.981193E-001, 6.569650E-003, 3.668433E-001, 4.050286E-001
1.959360E-001, 1.613645E+000, 2.757720E+000, 5.549566E+000, 2.701627E-001, 9.914200E-003, 3.622355E-001, 3.919404E-001
1.959440E-001, 1.625738E+000, 2.632613E+000, 5.564183E+000, 4.435171E-001, -1.194482E-003, 3.612904E-001, 4.010196E-001
1.959520E-001, 1.674113E+000, 2.718401E+000, 5.546318E+000, 5.335713E-001, -6.927995E-003, 3.654255E-001, 4.104526E-001
1.959600E-001, 1.772590E+000, 3.052616E+000, 5.541445E+000, 6.101174E-001, -7.764132E-003, 3.550287E-001, 4.027883E-001
1.959680E-001, 1.879706E+000, 3.202744E+000, 5.668126E+000, 6.607729E-001, -1.982840E-002, 3.402604E-001, 3.959494E-001
1.959760E-001, 1.886617E+000, 3.025807E+000, 5.819167E+000, 5.493308E-001, -2.818977E-002, 3.402604E-001, 3.988972E-001
1.959840E-001, 1.713850E+000, 2.947168E+000, 5.666502E+000, 3.737251E-001, -2.651750E-002, 3.365979E-001, 4.039674E-001
1.959920E-001, 1.603279E+000, 2.957892E+000, 5.406644E+000, 3.433318E-001, -2.544246E-002, 3.188760E-001, 4.113959E-001
1.960000E-001, 1.720760E+000, 2.834572E+000, 5.508963E+000, 3.984900E-001, -1.827557E-002, 2.997364E-001, 4.178810E-001
1.960080E-001, 1.748403E+000, 2.738060E+000, 5.765572E+000, 3.714737E-001, -6.569650E-003, 2.860314E-001, 4.154049E-001
1.960160E-001, 1.546265E+000, 2.750571E+000, 5.866266E+000, 4.142494E-001, -2.030619E-003, 2.834322E-001, 4.044391E-001
1.960240E-001, 1.408052E+000, 2.700528E+000, 5.916614E+000, 5.437024E-001, -8.480822E-003, 2.866221E-001, 3.930016E-001
1.960320E-001, 1.499618E+000, 2.693379E+000, 5.923110E+000, 4.390144E-001, -1.505047E-002, 2.848499E-001, 3.946523E-001
1.960400E-001, 1.643015E+000, 2.891764E+000, 5.757451E+000, 2.206329E-001, -2.747308E-003, 2.873310E-001, 4.082122E-001
1.960480E-001, 1.675841E+000, 3.000786E+000, 5.569055E+000, 2.093761E-001, 1.684220E-002, 3.006815E-001, 4.080943E-001
1.960560E-001, 1.696573E+000, 2.852444E+000, 5.608034E+000, 2.634086E-001, 2.006730E-002, 3.169856E-001, 3.924120E-001
1.960640E-001, 1.738037E+000, 2.800614E+000, 5.734714E+000, 2.453978E-001, 1.218372E-002, 3.308087E-001, 3.928837E-001
1.960720E-001, 1.603279E+000, 2.938232E+000, 5.770444E+000, 2.949276E-001, 1.063089E-002, 3.389608E-001, 4.082122E-001
1.960800E-001, 1.397686E+000, 2.952530E+000, 5.778564E+000, 3.906102E-001, 1.982840E-002, 3.477036E-001, 4.059719E-001
1.960880E-001, 1.523806E+000, 2.893551E+000, 5.755827E+000, 3.692223E-001, 2.377019E-002, 3.689699E-001, 3.951240E-001
1.960960E-001, 1.798505E+000, 2.954317E+000, 5.695735E+000, 3.523372E-001, 1.516992E-002, 3.928353E-001, 4.003121E-001
1.961040E-001, 1.738037E+000, 2.968615E+000, 5.666502E+000, 4.502712E-001, 7.525236E-003, 4.031141E-001, 4.047928E-001
1.961120E-001, 1.587730E+000, 2.897125E+000, 5.707104E+000, 4.333860E-001, 4.180687E-003, 4.055951E-001, 3.964210E-001
1.961200E-001, 1.689662E+000, 2.938232E+000, 5.846777E+000, 2.971790E-001, 1.075034E-003, 4.138654E-001, 3.911150E-001
1.961280E-001, 1.750131E+000, 2.947168E+000, 5.949096E+000, 2.994303E-001, 4.061238E-003, 4.273340E-001, 3.918224E-001
1.961360E-001, 1.620555E+000, 2.820274E+000, 5.848401E+000, 3.917359E-001, 1.684220E-002, 4.346590E-001, 3.909971E-001
1.961440E-001, 1.603279E+000, 2.970402E+000, 5.700607E+000, 3.872332E-001, 3.428163E-002, 4.361949E-001, 3.889925E-001
1.961520E-001, 1.769135E+000, 3.247426E+000, 5.702231E+000, 3.410804E-001, 4.921265E-002, 4.404482E-001, 3.862806E-001
1.961600E-001, 1.879706E+000, 3.031169E+000, 5.744458E+000, 3.455831E-001, 5.900741E-002, 4.452922E-001, 3.828611E-001
1.961680E-001, 1.857246E+000, 2.679081E+000, 5.742834E+000, 4.063697E-001, 6.951885E-002, 4.476551E-001, 3.741356E-001
1.961760E-001, 1.839970E+000, 2.741635E+000, 5.750955E+000, 4.694077E-001, 7.620794E-002, 4.462374E-001, 3.624623E-001
1.961840E-001, 1.819237E+000, 2.859593E+000, 5.750955E+000, 3.973643E-001, 6.677154E-002, 4.384397E-001, 3.616369E-001
1.961920E-001, 1.734582E+000, 2.832784E+000, 5.749331E+000, 2.892992E-001, 5.064603E-002, 4.304058E-001, 3.674146E-001
1.962000E-001, 1.746675E+000, 2.854231E+000, 5.776940E+000, 3.557142E-001, 4.765983E-002, 4.291062E-001, 3.720132E-001
1.962080E-001, 1.820965E+000, 2.863168E+000, 5.776940E+000, 4.198779E-001, 5.721568E-002, 4.300514E-001, 3.730744E-001
1.962160E-001, 1.763952E+000, 2.868529E+000, 5.697359E+000, 3.624683E-001, 5.518506E-002, 4.312328E-001, 3.626981E-001
1.962240E-001, 1.725943E+000, 2.952530E+000, 5.653509E+000, 3.433318E-001, 3.201212E-002, 4.337139E-001, 3.552696E-001
1.962320E-001, 1.765680E+000, 3.043679E+000, 5.752579E+000, 3.399547E-001, 7.405788E-003, 4.361949E-001, 3.598682E-001
1.962400E-001, 1.734582E+000, 3.097297E+000, 5.832160E+000, 3.241952E-001, -6.689099E-003, 4.392667E-001, 3.555055E-001
1.962480E-001, 1.743220E+000, 2.998998E+000, 5.801302E+000, 4.018670E-001, -8.003029E-003, 4.389123E-001, 3.434784E-001
1.962560E-001, 1.824420E+000, 2.695167E+000, 5.750955E+000, 4.952983E-001, 2.508412E-003, 4.309965E-001, 3.393515E-001
1.962640E-001, 1.779501E+000, 2.439590E+000, 5.705480E+000, 4.367630E-001, 1.015310E-002, 4.221356E-001, 3.393515E-001
1.962720E-001, 1.636104E+000, 2.446739E+000, 5.694111E+000, 3.320750E-001, 6.569650E-003, 4.198908E-001, 3.402948E-001
1.962800E-001, 1.549721E+000, 2.550400E+000, 5.737962E+000, 3.804791E-001, -7.166892E-004, 4.169371E-001, 3.459546E-001
1.962880E-001, 1.580819E+000, 2.616528E+000, 5.713600E+000, 4.919212E-001, -3.941790E-003, 4.103210E-001, 3.507890E-001
1.962960E-001, 1.750131E+000, 2.805976E+000, 5.629147E+000, 5.211889E-001, 1.791723E-003, 4.096121E-001, 3.517323E-001
1.963040E-001, 1.834786E+000, 3.129467E+000, 5.711976E+000, 4.660307E-001, 1.230316E-002, 4.078399E-001, 3.590428E-001
1.963120E-001, 1.668930E+000, 3.251000E+000, 5.906869E+000, 3.061844E-001, 1.875337E-002, 3.944894E-001, 3.655280E-001
1.963200E-001, 1.465065E+000, 3.032956E+000, 5.937727E+000, 1.339557E-001, 2.305350E-002, 3.826748E-001, 3.585712E-001
1.963280E-001, 1.471976E+000, 2.914998E+000, 5.812671E+000, 1.159448E-001, 2.830922E-002, 3.794849E-001, 3.573920E-001
1.963360E-001, 1.653381E+000, 3.170574E+000, 5.718472E+000, 2.048734E-001, 2.592026E-002, 3.783034E-001, 3.651743E-001
1.963440E-001, 1.689662E+000, 3.265298E+000, 5.621027E+000, 2.859222E-001, 1.982840E-002, 3.781853E-001, 3.615190E-001
1.963520E-001, 1.485797E+000, 3.020445E+000, 5.523580E+000, 3.703480E-001, 2.102288E-002, 3.800756E-001, 3.556234E-001
1.963600E-001, 1.363132E+000, 2.931083E+000, 5.656757E+000, 4.142494E-001, 2.185902E-002, 3.775945E-001, 3.547980E-001
1.963680E-001, 1.508257E+000, 2.965041E+000, 5.796430E+000, 3.872332E-001, 2.066454E-002, 3.686154E-001, 3.538547E-001
1.963760E-001, 1.781229E+000, 2.957892E+000, 5.599913E+000, 4.243806E-001, 1.648385E-002, 3.640077E-001, 3.545622E-001
1.963840E-001, 2.012737E+000, 2.998998E+000, 5.474857E+000, 4.885442E-001, 3.822342E-003, 3.673158E-001, 3.474874E-001
1.963920E-001, 1.979911E+000, 2.863168E+000, 5.668126E+000, 4.592766E-001, -1.134758E-002, 3.683791E-001, 3.320409E-001
1.964000E-001, 1.698300E+000, 2.655847E+000, 5.747706E+000, 3.647196E-001, -2.902591E-002, 3.641259E-001, 3.227259E-001
1.964080E-001, 1.468520E+000, 2.718401E+000, 5.621027E+000, 1.891139E-001, -4.419583E-002, 3.588093E-001, 3.236691E-001
1.964160E-001, 1.413235E+000, 2.838146E+000, 5.598289E+000, 1.001853E-001, -4.300135E-002, 3.513661E-001, 3.268528E-001
1.964240E-001, 1.610189E+000, 2.914998E+000, 5.681118E+000, 2.656600E-001, -3.762618E-002, 3.479399E-001, 3.222542E-001
1.964320E-001, 1.862429E+000, 2.965041E+000, 5.658381E+000, 3.827305E-001, -4.085128E-002, 3.558557E-001, 3.135287E-001
1.964400E-001, 1.743220E+000, 2.814912E+000, 5.538197E+000, 3.039330E-001, -3.953735E-002, 3.621174E-001, 3.165944E-001
1.964480E-001, 1.520350E+000, 2.670145E+000, 5.500843E+000, 3.005560E-001, -3.356494E-002, 3.583367E-001, 3.347529E-001
1.964560E-001, 1.644743E+000, 2.734486E+000, 5.583672E+000, 3.804791E-001, -3.487887E-002, 3.511298E-001, 3.466620E-001
1.964640E-001, 1.831331E+000, 2.805976E+000, 5.643764E+000, 3.816048E-001, -3.870121E-002, 3.394334E-001, 3.365216E-001
1.964720E-001, 1.751858E+000, 2.800614E+000, 5.606410E+000, 4.165008E-001, -3.356494E-002, 3.309269E-001, 3.201318E-001
1.964800E-001, 1.528989E+000, 2.761295E+000, 5.552814E+000, 4.637793E-001, -1.445323E-002, 3.407330E-001, 3.180094E-001
1.964880E-001, 1.409779E+000, 2.677294E+000, 5.575552E+000, 3.343263E-001, 3.583446E-004, 3.553831E-001, 3.273244E-001
1.964960E-001, 1.471976E+000, 2.657634E+000, 5.679494E+000, 2.014963E-001, -7.644684E-003, 3.631807E-001, 3.369932E-001
1.965040E-001, 1.592913E+000, 2.721975E+000, 5.681118E+000, 2.769168E-001, -1.696164E-002, 3.729869E-001, 3.417097E-001
1.965120E-001, 1.651653E+000, 2.698741E+000, 5.474857E+000, 3.613426E-001, -9.078062E-003, 3.780671E-001, 3.399411E-001
1.965200E-001, 1.630921E+000, 2.702316E+000, 5.377411E+000, 3.433318E-001, -1.552826E-003, 3.683791E-001, 3.381723E-001
1.965280E-001, 1.563542E+000, 2.872104E+000, 5.586920E+000, 3.545885E-001, -1.218372E-002, 3.575097E-001, 3.443038E-001
1.965360E-001, 1.541082E+000, 2.916785E+000, 5.775316E+000, 3.647196E-001, -3.225101E-002, 3.566827E-001, 3.524397E-001
1.965440E-001, 1.665475E+000, 2.807763E+000, 5.731465E+000, 3.590913E-001, -4.013459E-002, 3.655436E-001, 3.573920E-001
1.965520E-001, 1.724216E+000, 2.866742E+000, 5.580424E+000, 4.153751E-001, -4.049294E-002, 3.676703E-001, 3.636414E-001
1.965600E-001, 1.452971E+000, 3.018658E+000, 5.455368E+000, 4.795388E-001, -5.291555E-002, 3.460495E-001, 3.724848E-001
1.965680E-001, 1.209370E+000, 3.034743E+000, 5.487850E+000, 4.592766E-001, -6.378534E-002, 3.201756E-001, 3.753147E-001
1.965760E-001, 1.321668E+000, 2.990062E+000, 5.560935E+000, 3.433318E-001, -5.781293E-002, 3.089517E-001, 3.708341E-001
1.965840E-001, 1.395958E+000, 2.997211E+000, 5.543069E+000, 3.196925E-001, -5.291555E-002, 2.956012E-001, 3.759043E-001
1.965920E-001, 1.280204E+000, 2.902487E+000, 5.531701E+000, 4.919212E-001, -6.569651E-002, 2.766979E-001, 3.904075E-001
1.966000E-001, 1.430511E+000, 2.671932E+000, 5.491098E+000, 6.011120E-001, -9.018338E-002, 2.680732E-001, 3.978360E-001
1.966080E-001, 1.758769E+000, 2.648698E+000, 5.510587E+000, 5.290686E-001, -1.153870E-001, 2.664192E-001, 3.985434E-001
1.966160E-001, 1.641287E+000, 2.745209E+000, 5.739586E+000, 4.187522E-001, -1.331847E-001, 2.594486E-001, 3.997225E-001
1.966240E-001, 1.247378E+000, 2.686230E+000, 5.910117E+000, 3.928616E-001, -1.464435E-001, 2.439714E-001, 3.987793E-001
1.966320E-001, 1.262927E+000, 2.775593E+000, 5.864642E+000, 4.356374E-001, -1.648385E-001, 2.295576E-001, 3.983076E-001
1.966400E-001, 1.598096E+000, 2.982913E+000, 5.679494E+000, 3.658453E-001, -1.794112E-001, 2.319205E-001, 4.053823E-001
1.966480E-001, 1.772590E+000, 2.879253E+000, 5.440751E+000, 2.859222E-001, -1.797695E-001, 2.473977E-001, 4.126929E-001
1.966560E-001, 1.708666E+000, 2.657634E+000, 5.406644E+000, 4.232549E-001, -1.775000E-001, 2.559042E-001, 4.170557E-001
1.966640E-001, 1.603279E+000, 2.786316E+000, 5.518708E+000, 5.504565E-001, -1.746332E-001, 2.573219E-001, 4.246020E-001
1.966720E-001, 1.672385E+000, 3.116956E+000, 5.432630E+000, 4.378887E-001, -1.632857E-001, 2.635837E-001, 4.264886E-001
1.966800E-001, 1.786412E+000, 3.138403E+000, 5.379035E+000, 2.566546E-001, -1.466824E-001, 2.763434E-001, 4.170557E-001
1.966880E-001, 1.611917E+000, 2.891764E+000, 5.596665E+000, 2.138788E-001, -1.301985E-001, 2.950105E-001, 4.072689E-001
1.966960E-001, 1.399413E+000, 2.766656E+000, 5.710352E+000, 3.500858E-001, -1.193287E-001, 3.109602E-001, 4.025525E-001
1.967040E-001, 1.506529E+000, 2.754146E+000, 5.482977E+000, 5.144348E-001, -1.116841E-001, 3.080066E-001, 4.034958E-001
1.967120E-001, 1.624011E+000, 2.720188E+000, 5.195511E+000, 5.178118E-001, -9.758917E-002, 2.973734E-001, 4.124571E-001
1.967200E-001, 1.520350E+000, 2.752358E+000, 5.202007E+000, 3.635940E-001, -8.134422E-002, 3.017448E-001, 4.210647E-001
1.967280E-001, 1.449516E+000, 2.891764E+000, 5.431006E+000, 2.375180E-001, -6.856326E-002, 3.148590E-001, 4.210647E-001
1.967360E-001, 1.433967E+000, 3.018658E+000, 5.591793E+000, 2.701627E-001, -5.793237E-002, 3.159223E-001, 4.139899E-001
1.967440E-001, 1.309574E+000, 2.913211E+000, 5.560935E+000, 3.410804E-001, -5.578231E-002, 3.042259E-001, 4.070331E-001
1.967520E-001, 1.268110E+000, 2.659422E+000, 5.405020E+000, 3.613426E-001, -6.139637E-002, 2.901665E-001, 4.056182E-001
1.967600E-001, 1.535899E+000, 2.632613E+000, 5.330312E+000, 3.838561E-001, -6.211306E-002, 2.763434E-001, 4.056182E-001
1.967680E-001, 1.784684E+000, 2.757720E+000, 5.434254E+000, 4.086211E-001, -6.187416E-002, 2.704361E-001, 3.993688E-001
1.967760E-001, 1.615372E+000, 2.780954E+000, 5.525204E+000, 4.165008E-001, -8.026919E-002, 2.743349E-001, 3.868701E-001
1.967840E-001, 1.337217E+000, 2.818486E+000, 5.489474E+000, 3.883589E-001, -1.125202E-001, 2.724446E-001, 3.782625E-001
1.967920E-001, 1.319941E+000, 2.884615E+000, 5.452119E+000, 3.838561E-001, -1.268540E-001, 2.635837E-001, 3.803850E-001
1.968000E-001, 1.337217E+000, 2.780954E+000, 5.405020E+000, 4.964240E-001, -1.220760E-001, 2.673644E-001, 3.874597E-001
1.968080E-001, 1.333762E+000, 2.677294E+000, 5.286461E+000, 5.549592E-001, -1.178954E-001, 2.889850E-001, 3.976001E-001
1.968160E-001, 1.516895E+000, 2.859593E+000, 5.278340E+000, 4.570252E-001, -1.054728E-001, 3.135594E-001, 4.131646E-001
1.968240E-001, 1.663747E+000, 2.997211E+000, 5.445623E+000, 4.649050E-001, -8.863056E-002, 3.291547E-001, 4.189422E-001
1.968320E-001, 1.566998E+000, 2.802401E+000, 5.520332E+000, 5.527079E-001, -8.648049E-002, 3.348257E-001, 4.098630E-001
1.968400E-001, 1.432239E+000, 2.738060E+000, 5.344929E+000, 4.322603E-001, -8.014974E-002, 3.438048E-001, 4.103346E-001
1.968480E-001, 1.454699E+000, 2.931083E+000, 5.174397E+000, 2.847965E-001, -5.172107E-002, 3.715691E-001, 4.184706E-001
1.968560E-001, 1.620555E+000, 2.982913E+000, 5.211752E+000, 3.399547E-001, -2.365074E-002, 4.087851E-001, 4.103346E-001
1.968640E-001, 1.682751E+000, 3.065126E+000, 5.357922E+000, 4.063697E-001, -1.767833E-002, 4.308784E-001, 4.000763E-001
1.968720E-001, 1.532444E+000, 3.220617E+000, 5.463488E+000, 4.041184E-001, -1.970895E-002, 4.353679E-001, 4.043211E-001
1.968800E-001, 1.408052E+000, 3.090148E+000, 5.489474E+000, 4.063697E-001, -4.300135E-003, 4.397393E-001, 4.091555E-001
1.968880E-001, 1.361405E+000, 2.920360E+000, 5.554438E+000, 3.489601E-001, 1.481158E-002, 4.488366E-001, 4.118675E-001
1.968960E-001, 1.309574E+000, 2.857806E+000, 5.554438E+000, 2.859222E-001, 1.755888E-002, 4.508450E-001, 4.158765E-001
1.969040E-001, 1.420146E+000, 2.654060E+000, 5.340056E+000, 2.870479E-001, 2.090343E-002, 4.457648E-001, 4.097451E-001
1.969120E-001, 1.605006E+000, 2.509293E+000, 5.275092E+000, 2.915506E-001, 2.830922E-002, 4.527354E-001, 3.948882E-001
1.969200E-001, 1.466793E+000, 2.636188E+000, 5.481353E+000, 3.174412E-001, 2.436743E-002, 4.714024E-001, 3.895821E-001
1.969280E-001, 1.211097E+000, 2.800614E+000, 5.531701E+000, 3.208182E-001, 2.938426E-002, 4.769553E-001, 3.955956E-001
1.969360E-001, 1.242195E+000, 2.763082E+000, 5.442375E+000, 2.915506E-001, 5.231831E-002, 4.741198E-001, 3.998405E-001
1.969440E-001, 1.342400E+000, 2.629039E+000, 5.526828E+000, 3.894846E-001, 5.733513E-002, 4.777823E-001, 3.972464E-001
1.969520E-001, 1.399413E+000, 2.607592E+000, 5.570679E+000, 6.101174E-001, 3.547611E-002, 4.728202E-001, 3.940628E-001
1.969600E-001, 1.528989E+000, 2.738060E+000, 5.367666E+000, 7.260622E-001, 1.361709E-002, 4.617145E-001, 3.988972E-001
1.969680E-001, 1.539355E+000, 3.020445E+000, 5.304326E+000, 5.842268E-001, 3.225101E-003, 4.644318E-001, 4.084481E-001
1.969760E-001, 1.451244E+000, 3.302830E+000, 5.458616E+000, 3.512115E-001, 5.733513E-003, 4.767190E-001, 4.106884E-001
1.969840E-001, 1.605006E+000, 3.213468E+000, 5.512211E+000, 3.737251E-001, 1.875337E-002, 4.872340E-001, 4.089197E-001
1.969920E-001, 1.915987E+000, 2.827423E+000, 5.517084E+000, 5.763471E-001, 2.783143E-002, 4.933776E-001, 4.118675E-001
1.970000E-001, 1.917715E+000, 2.797040E+000, 5.549566E+000, 5.617133E-001, 3.786508E-002, 4.893606E-001, 4.149332E-001
1.970080E-001, 1.598096E+000, 3.108020E+000, 5.534949E+000, 4.131238E-001, 5.661844E-002, 4.801452E-001, 4.126929E-001
1.970160E-001, 1.515167E+000, 3.024020E+000, 5.578800E+000, 4.052441E-001, 6.199361E-002, 4.882973E-001, 4.089197E-001
1.970240E-001, 1.696573E+000, 2.570059E+000, 5.707104E+000, 4.322603E-001, 4.718203E-002, 5.062555E-001, 4.096272E-001
1.970320E-001, 1.617100E+000, 2.394909E+000, 5.742834E+000, 4.266319E-001, 2.926481E-002, 5.053104E-001, 4.069152E-001
1.970400E-001, 1.485797E+000, 2.552187E+000, 5.632395E+000, 4.727847E-001, 1.337820E-002, 4.969220E-001, 3.988972E-001
1.970480E-001, 1.629194E+000, 2.707677E+000, 5.426134E+000, 4.964240E-001, 9.794752E-003, 5.007026E-001, 4.007838E-001
1.970560E-001, 1.708666E+000, 2.861380E+000, 5.218248E+000, 4.502712E-001, 2.639805E-002, 5.059010E-001, 4.097451E-001
1.970640E-001, 1.632649E+000, 3.045467E+000, 5.106185E+000, 4.243806E-001, 4.873486E-002, 5.082640E-001, 4.126929E-001
1.970720E-001, 1.613645E+000, 3.013296E+000, 5.101313E+000, 4.502712E-001, 6.987719E-002, 5.063736E-001, 4.110421E-001
1.970800E-001, 1.670658E+000, 2.795252E+000, 5.263723E+000, 4.705333E-001, 8.624160E-002, 4.887699E-001, 4.079764E-001
1.970880E-001, 1.717305E+000, 2.723763E+000, 5.484601E+000, 4.322603E-001, 9.209456E-002, 4.704573E-001, 4.131646E-001
1.970960E-001, 1.649926E+000, 2.713039E+000, 5.463488E+000, 3.320750E-001, 9.842531E-002, 4.776642E-001, 4.276678E-001
1.971040E-001, 1.465065E+000, 2.557549E+000, 5.288085E+000, 2.701627E-001, 1.046366E-001, 4.912510E-001, 4.333276E-001
1.971120E-001, 1.354494E+000, 2.512867E+000, 5.359546E+000, 3.332007E-001, 8.958615E-002, 4.847529E-001, 4.322664E-001
1.971200E-001, 1.428784E+000, 2.625464E+000, 5.612906E+000, 4.142494E-001, 5.757403E-002, 4.701028E-001, 4.350962E-001
1.971280E-001, 1.558359E+000, 2.561123E+000, 5.556062E+000, 3.883589E-001, 4.097073E-002, 4.572249E-001, 4.368649E-001
1.971360E-001, 1.637832E+000, 2.373462E+000, 5.307574E+000, 3.095614E-001, 4.335969E-002, 4.380853E-001, 4.382799E-001
1.971440E-001, 1.651653E+000, 2.312696E+000, 5.330312E+000, 2.476491E-001, 3.750673E-002, 4.164646E-001, 4.395769E-001
1.971520E-001, 1.599823E+000, 2.441378E+000, 5.426134E+000, 2.656600E-001, 2.317295E-002, 4.052407E-001, 4.409918E-001
1.971600E-001, 1.606734E+000, 2.693379E+000, 5.314071E+000, 4.457684E-001, 1.875337E-002, 3.981519E-001, 4.454725E-001
1.971680E-001, 1.675841E+000, 2.809550E+000, 5.224745E+000, 5.831012E-001, 1.254206E-002, 3.882277E-001, 4.413456E-001
1.971760E-001, 1.700028E+000, 2.804188E+000, 5.258851E+000, 4.851672E-001, -3.105653E-003, 3.843288E-001, 4.292006E-001
1.971840E-001, 1.795050E+000, 2.911423E+000, 5.215000E+000, 3.444574E-001, -7.644684E-003, 3.811389E-001, 4.292006E-001
1.971920E-001, 1.912532E+000, 2.918572E+000, 5.200383E+000, 3.725994E-001, -4.539031E-003, 3.710965E-001, 4.360395E-001
1.972000E-001, 1.798505E+000, 2.696954E+000, 5.445623E+000, 5.391997E-001, -4.180687E-003, 3.669614E-001, 4.328559E-001
1.972080E-001, 1.520350E+000, 2.550400E+000, 5.585296E+000, 6.179972E-001, 3.822342E-003, 3.716872E-001, 4.250737E-001
1.972160E-001, 1.459882E+000, 2.614741E+000, 5.315695E+000, 5.223145E-001, 1.075034E-002, 3.742864E-001, 4.243662E-001
1.972240E-001, 1.729398E+000, 2.754146E+000, 5.106185E+000, 4.671563E-001, 4.180687E-003, 3.777127E-001, 4.354500E-001
1.972320E-001, 1.957451E+000, 2.705890E+000, 5.258851E+000, 5.121834E-001, -5.972410E-004, 3.889365E-001, 4.517219E-001
1.972400E-001, 1.912532E+000, 2.528953E+000, 5.525204E+000, 4.615279E-001, 1.301985E-002, 3.995697E-001, 4.612727E-001
1.972480E-001, 1.710394E+000, 2.528953E+000, 5.814295E+000, 2.960533E-001, 3.965680E-002, 4.027596E-001, 4.629235E-001
1.972560E-001, 1.523806E+000, 2.636188E+000, 5.929606E+000, 2.341410E-001, 5.924630E-002, 4.080762E-001, 4.611548E-001
1.972640E-001, 1.465065E+000, 2.604017E+000, 5.645388E+000, 3.377034E-001, 6.569651E-002, 4.182368E-001, 4.705878E-001
1.972720E-001, 1.530716E+000, 2.441378E+000, 5.398524E+000, 4.604023E-001, 7.154947E-002, 4.190638E-001, 4.873314E-001
1.972800E-001, 1.712122E+000, 2.323419E+000, 5.434254E+000, 5.662160E-001, 7.788022E-002, 4.136291E-001, 4.840298E-001
1.972880E-001, 1.838242E+000, 2.343079E+000, 5.461864E+000, 6.056147E-001, 8.038864E-002, 4.195364E-001, 4.682296E-001
1.972960E-001, 1.693117E+000, 2.469974E+000, 5.434254E+000, 4.457684E-001, 8.540545E-002, 4.280429E-001, 4.690550E-001
1.973040E-001, 1.513440E+000, 2.627251E+000, 5.468360E+000, 2.859222E-001, 9.316959E-002, 4.230807E-001, 4.795492E-001
1.973120E-001, 1.563542E+000, 2.716614E+000, 5.521956E+000, 4.052441E-001, 9.555855E-002, 4.150468E-001, 4.758939E-001
1.973200E-001, 1.634377E+000, 2.766656E+000, 5.521956E+000, 5.425767E-001, 8.707773E-002, 4.217811E-001, 4.659892E-001
1.973280E-001, 1.634377E+000, 2.763082E+000, 5.546318E+000, 4.288833E-001, 7.214671E-002, 4.356042E-001, 4.690550E-001
1.973360E-001, 1.744948E+000, 2.650486E+000, 5.624275E+000, 3.354520E-001, 6.701043E-002, 4.299332E-001, 4.786059E-001
1.973440E-001, 1.765680E+000, 2.537889E+000, 5.573927E+000, 4.097467E-001, 7.143002E-002, 4.122113E-001, 4.821432E-001
1.973520E-001, 1.492708E+000, 2.452101E+000, 5.419637E+000, 4.941726E-001, 6.712988E-002, 4.094940E-001, 4.768372E-001
1.973600E-001, 1.288842E+000, 2.500357E+000, 5.356297E+000, 5.155604E-001, 5.434893E-002, 4.105573E-001, 4.707057E-001
1.973680E-001, 1.402869E+000, 2.659422E+000, 5.448871E+000, 4.210035E-001, 4.969045E-002, 3.938987E-001, 4.748327E-001
1.973760E-001, 1.624011E+000, 2.600443E+000, 5.570679E+000, 2.983046E-001, 5.912685E-002, 3.732231E-001, 4.823790E-001
1.973840E-001, 1.648198E+000, 2.478910E+000, 5.614530E+000, 3.061844E-001, 6.617430E-002, 3.716872E-001, 4.827328E-001
1.973920E-001, 1.508257E+000, 2.521804E+000, 5.632395E+000, 3.838561E-001, 5.052659E-002, 3.778308E-001, 4.832044E-001
1.974000E-001, 1.503074E+000, 2.502144E+000, 5.564183E+000, 4.536482E-001, 3.571501E-002, 3.692062E-001, 4.883926E-001
1.974080E-001, 1.625738E+000, 2.500357E+000, 5.414765E+000, 4.784131E-001, 5.243776E-002, 3.536109E-001, 4.849731E-001
1.974160E-001, 1.658564E+000, 2.561123E+000, 5.351425E+000, 4.266319E-001, 6.689098E-002, 3.503028E-001, 4.704699E-001
1.974240E-001, 1.558359E+000, 2.412782E+000, 5.372539E+000, 4.052441E-001, 5.243776E-002, 3.536109E-001, 4.662251E-001
1.974320E-001, 1.427056E+000, 2.366313E+000, 5.487850E+000, 4.502712E-001, 4.407638E-002, 3.477036E-001, 4.738894E-001
1.974400E-001, 1.356222E+000, 2.641549E+000, 5.598289E+000, 4.739104E-001, 5.064603E-002, 3.326991E-001, 4.728281E-001
1.974480E-001, 1.340673E+000, 2.636188E+000, 5.497594E+000, 4.547739E-001, 4.252356E-002, 3.172219E-001, 4.676400E-001
1.974560E-001, 1.380409E+000, 2.326994E+000, 5.323815E+000, 3.973643E-001, 2.126178E-002, 3.100150E-001, 4.704699E-001
1.974640E-001, 1.478886E+000, 2.246568E+000, 5.305950E+000, 3.500858E-001, 1.612551E-002, 3.050529E-001, 4.723565E-001
1.974720E-001, 1.523806E+000, 2.368101E+000, 5.432630E+000, 3.714737E-001, 3.535666E-002, 2.934746E-001, 4.653997E-001
1.974800E-001, 1.485797E+000, 2.377037E+000, 5.534949E+000, 4.716590E-001, 4.730148E-002, 2.937109E-001, 4.531368E-001
1.974880E-001, 1.506529E+000, 2.203674E+000, 5.533325E+000, 5.729700E-001, 3.714839E-002, 3.094243E-001, 4.480666E-001
1.974960E-001, 1.558359E+000, 2.176865E+000, 5.510587E+000, 5.932323E-001, 4.276245E-002, 3.193486E-001, 4.582070E-001
1.975040E-001, 1.484069E+000, 2.475335E+000, 5.437502E+000, 5.774727E-001, 7.859691E-002, 3.247833E-001, 4.699983E-001
1.975120E-001, 1.390775E+000, 2.682656E+000, 5.388779E+000, 5.831012E-001, 1.036810E-001, 3.317539E-001, 4.743610E-001
1.975200E-001, 1.499618E+000, 2.573634E+000, 5.504091E+000, 5.639646E-001, 9.878366E-002, 3.380156E-001, 4.791954E-001
1.975280E-001, 1.732854E+000, 2.378824E+000, 5.539821E+000, 5.155604E-001, 8.731662E-002, 3.441592E-001, 4.827328E-001
1.975360E-001, 1.744948E+000, 2.294823E+000, 5.385531E+000, 4.615279E-001, 8.886945E-002, 3.481762E-001, 4.782521E-001
1.975440E-001, 1.463337E+000, 2.380611E+000, 5.314071E+000, 3.680967E-001, 1.060700E-001, 3.603452E-001, 4.766014E-001
1.975520E-001, 1.288842E+000, 2.453888E+000, 5.398524E+000, 2.983046E-001, 1.328264E-001, 3.816115E-001, 4.832044E-001
1.975600E-001, 1.423601E+000, 2.366313E+000, 5.518708E+000, 3.534628E-001, 1.563577E-001, 3.870462E-001, 4.896896E-001
1.975680E-001, 1.568725E+000, 2.303760E+000, 5.593417E+000, 3.984900E-001, 1.706915E-001, 3.806663E-001, 4.918120E-001
1.975760E-001, 1.508257E+000, 2.305547E+000, 5.603161E+000, 3.073101E-001, 1.791723E-001, 3.876369E-001, 4.828507E-001
1.975840E-001, 1.392503E+000, 2.296611E+000, 5.621027E+000, 1.969936E-001, 1.769028E-001, 3.986245E-001, 4.688191E-001
1.975920E-001, 1.423601E+000, 2.484272E+000, 5.638892E+000, 1.969936E-001, 1.673469E-001, 3.986245E-001, 4.670505E-001
1.976000E-001, 1.535899E+000, 2.714826E+000, 5.499218E+000, 3.016817E-001, 1.692581E-001, 3.989789E-001, 4.721207E-001
1.976080E-001, 1.577363E+000, 2.516442E+000, 5.262099E+000, 4.626536E-001, 1.785750E-001, 4.091395E-001, 4.782521E-001
1.976160E-001, 1.558359E+000, 2.137546E+000, 5.239362E+000, 5.684673E-001, 1.736777E-001, 4.200089E-001, 4.839119E-001
1.976240E-001, 1.497891E+000, 2.076780E+000, 5.492722E+000, 5.482051E-001, 1.612551E-001, 4.196545E-001, 4.822612E-001
1.976320E-001, 1.418418E+000, 2.203674E+000, 5.734714E+000, 4.919212E-001, 1.592244E-001, 4.161101E-001, 4.816716E-001
1.976400E-001, 1.404596E+000, 2.343079E+000, 5.624275E+000, 4.435171E-001, 1.612551E-001, 4.170553E-001, 4.794312E-001
1.976480E-001, 1.433967E+000, 2.457463E+000, 5.218248E+000, 3.793534E-001, 1.598217E-001, 4.148105E-001, 4.668146E-001
1.976560E-001, 1.487525E+000, 2.403846E+000, 5.039597E+000, 3.771021E-001, 1.607773E-001, 4.149287E-001, 4.612727E-001
1.976640E-001, 1.537627E+000, 2.269802E+000, 5.307574E+000, 4.682820E-001, 1.649580E-001, 4.268614E-001, 4.687012E-001
1.976720E-001, 1.511712E+000, 2.216185E+000, 5.627523E+000, 5.020523E-001, 1.776195E-001, 4.359587E-001, 4.741252E-001
1.976800E-001, 1.503074E+000, 2.268015E+000, 5.617778E+000, 3.523372E-001, 1.987618E-001, 4.312328E-001, 4.716490E-001
1.976880E-001, 1.556631E+000, 2.425292E+000, 5.370914E+000, 1.981193E-001, 2.013897E-001, 4.255618E-001, 4.632773E-001
1.976960E-001, 1.587730E+000, 2.552187E+000, 5.245858E+000, 2.634086E-001, 1.887281E-001, 4.293425E-001, 4.545518E-001
1.977040E-001, 1.618828E+000, 2.578996E+000, 5.393651E+000, 4.007413E-001, 1.933866E-001, 4.431655E-001, 4.474770E-001
1.977120E-001, 1.675841E+000, 2.496782E+000, 5.664877E+000, 4.221292E-001, 2.036592E-001, 4.519083E-001, 4.402844E-001
1.977200E-001, 1.760497E+000, 2.377037E+000, 5.827288E+000, 3.996156E-001, 2.038981E-001, 4.448196E-001, 4.297902E-001
1.977280E-001, 1.869340E+000, 2.523591E+000, 5.653509E+000, 4.356374E-001, 2.120205E-001, 4.436381E-001, 4.197676E-001
1.977360E-001, 1.763952E+000, 2.718401E+000, 5.327064E+000, 5.459538E-001, 2.337601E-001, 4.540350E-001, 4.248379E-001
1.977440E-001, 1.392503E+000, 2.557549E+000, 5.372539E+000, 5.853525E-001, 2.568136E-001, 4.626596E-001, 4.353321E-001
1.977520E-001, 1.340673E+000, 2.373462E+000, 5.601537E+000, 4.468941E-001, 2.725808E-001, 4.742379E-001, 4.320305E-001
1.977600E-001, 1.658564E+000, 2.414569E+000, 5.492722E+000, 2.757911E-001, 2.817783E-001, 4.803815E-001, 4.317947E-001
1.977680E-001, 1.660292E+000, 2.394909E+000, 5.341681E+000, 1.080651E-001, 2.876312E-001, 4.699847E-001, 4.402844E-001
1.977760E-001, 1.482342E+000, 2.257291E+000, 5.487850E+000, 2.251356E-003, 2.884674E-001, 4.581701E-001, 4.359216E-001
1.977840E-001, 1.573908E+000, 2.337718E+000, 5.598289E+000, 1.643490E-001, 2.856006E-001, 4.553346E-001, 4.281394E-001
1.977920E-001, 1.643015E+000, 2.604017E+000, 5.523580E+000, 4.029927E-001, 2.799866E-001, 4.639592E-001, 4.310872E-001
1.978000E-001, 1.499618E+000, 2.596868E+000, 5.533325E+000, 4.423914E-001, 2.766420E-001, 4.794364E-001, 4.271961E-001
1.978080E-001, 1.371771E+000, 2.353803E+000, 5.638892E+000, 4.018670E-001, 2.861979E-001, 4.822719E-001, 4.168198E-001
1.978160E-001, 1.425328E+000, 2.260866E+000, 5.703856E+000, 4.356374E-001, 3.074597E-001, 4.716387E-001, 4.189422E-001
1.978240E-001, 1.618828E+000, 2.287674E+000, 5.734714E+000, 4.862928E-001, 3.246602E-001, 4.691577E-001, 4.307335E-001
1.978320E-001, 1.682751E+000, 2.275164E+000, 5.655133E+000, 4.232549E-001, 3.260936E-001, 4.773097E-001, 4.349783E-001
1.978400E-001, 1.499618E+000, 2.273376E+000, 5.518708E+000, 3.500858E-001, 3.207184E-001, 4.802634E-001, 4.268424E-001
1.978480E-001, 1.364860E+000, 2.298398E+000, 5.507339E+000, 3.984900E-001, 3.228685E-001, 4.773097E-001, 4.175273E-001
1.978560E-001, 1.454699E+000, 2.296611E+000, 5.521956E+000, 3.714737E-001, 3.269297E-001, 4.764827E-001, 4.159944E-001
1.978640E-001, 1.636104E+000, 2.253717E+000, 5.534949E+000, 2.690370E-001, 3.231074E-001, 4.754194E-001, 4.181169E-001
1.978720E-001, 1.706939E+000, 2.269802E+000, 5.598289E+000, 3.388290E-001, 3.146265E-001, 4.755375E-001, 4.159944E-001
1.978800E-001, 1.598096E+000, 2.450314E+000, 5.556062E+000, 5.313200E-001, 3.033984E-001, 4.839259E-001, 4.072689E-001
1.978880E-001, 1.537627E+000, 2.468186E+000, 5.356297E+000, 5.921066E-001, 2.920508E-001, 4.893606E-001, 4.007838E-001
1.978960E-001, 1.592913E+000, 2.209036E+000, 5.265347E+000, 4.277576E-001, 2.857201E-001, 4.784912E-001, 4.025525E-001
1.979040E-001, 1.577363E+000, 2.187589E+000, 5.471609E+000, 3.467088E-001, 2.773587E-001, 4.594697E-001, 4.003121E-001
1.979120E-001, 1.527261E+000, 2.350228E+000, 5.679494E+000, 5.144348E-001, 2.722224E-001, 4.452922E-001, 3.937090E-001
1.979200E-001, 1.549721E+000, 2.323419E+000, 5.564183E+000, 5.504565E-001, 2.872729E-001, 4.367857E-001, 4.016092E-001
1.979280E-001, 1.584274E+000, 2.362739E+000, 5.364418E+000, 4.288833E-001, 3.037567E-001, 4.283973E-001, 4.136362E-001
1.979360E-001, 1.532444E+000, 2.541463E+000, 5.349801E+000, 4.356374E-001, 3.033984E-001, 4.213085E-001, 4.117496E-001
1.979440E-001, 1.551448E+000, 2.587932E+000, 5.385531E+000, 4.311346E-001, 3.011289E-001, 4.211904E-001, 4.058540E-001
1.979520E-001, 1.727671E+000, 2.605804E+000, 5.408268E+000, 3.467088E-001, 2.993372E-001, 4.171734E-001, 3.981897E-001
1.979600E-001, 1.715577E+000, 2.741635E+000, 5.473233E+000, 3.737251E-001, 2.939620E-001, 3.968523E-001, 3.953598E-001
1.979680E-001, 1.487525E+000, 2.789891E+000, 5.538197E+000, 4.952983E-001, 2.896619E-001, 3.697969E-001, 4.055003E-001
1.979760E-001, 1.480614E+000, 2.664783E+000, 5.544693E+000, 5.380740E-001, 2.833311E-001, 3.550287E-001, 4.082122E-001
1.979840E-001, 1.679296E+000, 2.553974E+000, 5.455368E+000, 4.378887E-001, 2.772393E-001, 3.536109E-001, 4.014913E-001
1.979920E-001, 1.732854E+000, 2.571847E+000, 5.330312E+000, 3.399547E-001, 2.815394E-001, 3.456951E-001, 4.027883E-001
1.980000E-001, 1.497891E+000, 2.634400E+000, 5.354673E+000, 3.680967E-001, 2.915730E-001, 3.246651E-001, 4.044391E-001
1.980080E-001, 1.221463E+000, 2.561123E+000, 5.538197E+000, 3.725994E-001, 2.903785E-001, 3.045803E-001, 3.976001E-001
1.980160E-001, 1.302664E+000, 2.393122E+000, 5.637268E+000, 2.847965E-001, 2.771198E-001, 2.904028E-001, 3.927657E-001
1.980240E-001, 1.509984E+000, 2.300185E+000, 5.538197E+000, 2.611573E-001, 2.605165E-001, 2.834322E-001, 3.965389E-001
1.980320E-001, 1.420146E+000, 2.294823E+000, 5.388779E+000, 2.318897E-001, 2.418826E-001, 2.814237E-001, 4.013733E-001
1.980400E-001, 1.280204E+000, 2.432441E+000, 5.330312E+000, 1.530922E-001, 2.299378E-001, 2.661829E-001, 4.010196E-001
1.980480E-001, 1.413235E+000, 2.654060E+000, 5.379035E+000, 2.802938E-001, 2.325656E-001, 2.421992E-001, 3.998405E-001
1.980560E-001, 1.592913E+000, 2.657634E+000, 5.508963E+000, 5.189375E-001, 2.409270E-001, 2.346379E-001, 4.018450E-001
1.980640E-001, 1.544538E+000, 2.503931E+000, 5.617778E+000, 5.673416E-001, 2.479744E-001, 2.387730E-001, 3.993688E-001
1.980720E-001, 1.459882E+000, 2.505718E+000, 5.505715E+000, 4.964240E-001, 2.551413E-001, 2.371190E-001, 3.874597E-001
1.980800E-001, 1.516895E+000, 2.552187E+000, 5.263723E+000, 4.255062E-001, 2.553802E-001, 2.331020E-001, 3.801491E-001
1.980880E-001, 1.487525E+000, 2.489633E+000, 5.211752E+000, 4.119981E-001, 2.478550E-001, 2.310935E-001, 3.885209E-001
1.980960E-001, 1.363132E+000, 2.428867E+000, 5.341681E+000, 5.335713E-001, 2.453466E-001, 2.241229E-001, 3.987793E-001
1.981040E-001, 1.461610E+000, 2.423505E+000, 5.422885E+000, 6.393850E-001, 2.420020E-001, 2.176249E-001, 3.955956E-001
1.981120E-001, 1.739765E+000, 2.452101E+000, 5.448871E+000, 5.470794E-001, 2.343574E-001, 2.214056E-001, 3.865164E-001
1.981200E-001, 1.791595E+000, 2.471761E+000, 5.497594E+000, 4.739104E-001, 2.338796E-001, 2.228233E-001, 3.935911E-001
1.981280E-001, 1.630921E+000, 2.462825E+000, 5.476481E+000, 6.067404E-001, 2.341185E-001, 2.119539E-001, 4.146974E-001
1.981360E-001, 1.615372E+000, 2.582570E+000, 5.333560E+000, 6.191229E-001, 2.283849E-001, 2.067555E-001, 4.211826E-001
1.981440E-001, 1.684479E+000, 2.670145E+000, 5.263723E+000, 4.097467E-001, 2.221736E-001, 2.175067E-001, 4.106884E-001
1.981520E-001, 1.523806E+000, 2.373462E+000, 5.374163E+000, 3.827305E-001, 2.195458E-001, 2.244774E-001, 4.034958E-001
1.981600E-001, 1.363132E+000, 2.153631E+000, 5.463488E+000, 5.133091E-001, 2.215764E-001, 2.149075E-001, 4.009017E-001
1.981680E-001, 1.546265E+000, 2.489633E+000, 5.333560E+000, 4.795388E-001, 2.219347E-001, 2.041562E-001, 3.996046E-001
1.981760E-001, 1.696573E+000, 2.850657E+000, 5.159781E+000, 3.996156E-001, 2.158429E-001, 2.068736E-001, 4.064436E-001
1.981840E-001, 1.606734E+000, 2.800614E+000, 5.284837E+000, 4.435171E-001, 2.049731E-001, 2.182156E-001, 4.148153E-001
1.981920E-001, 1.649926E+000, 2.670145E+000, 5.484601E+000, 4.705333E-001, 1.999563E-001, 2.290850E-001, 4.106884E-001
1.982000E-001, 1.675841E+000, 2.659422E+000, 5.323815E+000, 4.570252E-001, 2.111844E-001, 2.327476E-001, 4.006658E-001
1.982080E-001, 1.413235E+000, 2.705890E+000, 5.179270E+000, 4.840415E-001, 2.259960E-001, 2.355831E-001, 4.059719E-001
1.982160E-001, 1.278476E+000, 2.857806E+000, 5.460240E+000, 4.423914E-001, 2.349546E-001, 2.551953E-001, 4.188243E-001
1.982240E-001, 1.389047E+000, 2.968615E+000, 5.645388E+000, 3.455831E-001, 2.461827E-001, 2.817782E-001, 4.169377E-001
1.982320E-001, 1.356222E+000, 2.850657E+000, 5.387156E+000, 3.399547E-001, 2.539468E-001, 2.875673E-001, 4.129287E-001
1.982400E-001, 1.247378E+000, 2.575421E+000, 5.216624E+000, 3.714737E-001, 2.559775E-001, 2.830777E-001, 4.167019E-001
1.982480E-001, 1.311302E+000, 2.250142E+000, 5.392027E+000, 3.906102E-001, 2.675639E-001, 2.892213E-001, 4.141079E-001
1.982560E-001, 1.347583E+000, 2.069631E+000, 5.523580E+000, 4.356374E-001, 2.818977E-001, 3.002089E-001, 4.064436E-001
1.982640E-001, 1.190365E+000, 2.230483E+000, 5.432630E+000, 4.896699E-001, 2.810616E-001, 3.095424E-001, 4.003121E-001
1.982720E-001, 1.211097E+000, 2.604017E+000, 5.278340E+000, 5.673416E-001, 2.773587E-001, 3.121417E-001, 3.925299E-001
1.982800E-001, 1.535899E+000, 2.843508E+000, 5.270220E+000, 5.774727E-001, 2.795088E-001, 3.057618E-001, 3.898179E-001
1.982880E-001, 1.587730E+000, 2.791678E+000, 5.351425E+000, 4.491455E-001, 2.779559E-001, 3.046985E-001, 3.965389E-001
1.982960E-001, 1.311302E+000, 2.580783E+000, 5.302702E+000, 3.714737E-001, 2.786726E-001, 3.108421E-001, 4.037316E-001
1.983040E-001, 1.311302E+000, 2.396697E+000, 5.291333E+000, 4.074954E-001, 2.823755E-001, 3.087154E-001, 4.092734E-001
1.983120E-001, 1.485797E+000, 2.459250E+000, 5.388779E+000, 4.255062E-001, 2.807032E-001, 2.978460E-001, 4.110421E-001
1.983200E-001, 1.475431E+000, 2.811337E+000, 5.372539E+000, 4.705333E-001, 2.835700E-001, 2.881580E-001, 3.981897E-001
1.983280E-001, 1.430511E+000, 3.027594E+000, 5.349801E+000, 5.279430E-001, 2.953954E-001, 2.873310E-001, 3.816820E-001
1.983360E-001, 1.439150E+000, 2.800614E+000, 5.400148E+000, 4.660307E-001, 3.099681E-001, 3.010359E-001, 3.772013E-001
1.983440E-001, 1.363132E+000, 2.536102E+000, 5.268596E+000, 4.716590E-001, 3.214351E-001, 3.202937E-001, 3.786163E-001
1.983520E-001, 1.242195E+000, 2.532527E+000, 5.057462E+000, 6.146201E-001, 3.157016E-001, 3.278551E-001, 3.867522E-001
1.983600E-001, 1.318213E+000, 2.448527E+000, 5.135419E+000, 5.763471E-001, 2.958732E-001, 3.271462E-001, 3.985434E-001
1.983680E-001, 1.544538E+000, 2.284100E+000, 5.387156E+000, 3.613426E-001, 2.854812E-001, 3.338805E-001, 4.001942E-001
1.983760E-001, 1.554904E+000, 2.400271E+000, 5.374163E+000, 2.735397E-001, 2.913342E-001, 3.521931E-001, 3.983076E-001
1.983840E-001, 1.373498E+000, 2.491421E+000, 5.135419E+000, 3.725994E-001, 3.076985E-001, 3.728687E-001, 3.991330E-001
1.983920E-001, 1.389047E+000, 2.334143E+000, 5.018484E+000, 4.784131E-001, 3.221518E-001, 3.840926E-001, 3.960673E-001
1.984000E-001, 1.549721E+000, 2.334143E+000, 4.961640E+000, 4.165008E-001, 3.219129E-001, 3.844470E-001, 3.970106E-001
1.984080E-001, 1.508257E+000, 2.377037E+000, 4.903172E+000, 3.253209E-001, 3.153432E-001, 3.804300E-001, 4.021987E-001
1.984160E-001, 1.371771E+000, 2.343079E+000, 5.041221E+000, 4.232549E-001, 3.141488E-001, 3.742864E-001, 4.016092E-001
1.984240E-001, 1.418418E+000, 2.571847E+000, 5.249106E+000, 5.425767E-001, 3.145071E-001, 3.712147E-001, 4.016092E-001
1.984320E-001, 1.568725E+000, 2.711252E+000, 5.213376E+000, 5.279430E-001, 3.148654E-001, 3.781853E-001, 4.027883E-001
1.984400E-001, 1.599823E+000, 2.545038E+000, 5.034725E+000, 4.975496E-001, 3.197628E-001, 3.846833E-001, 3.967747E-001
1.984480E-001, 1.466793E+000, 2.553974E+000, 5.036349E+000, 4.063697E-001, 3.259741E-001, 3.798393E-001, 3.860447E-001
1.984560E-001, 1.302664E+000, 2.657634E+000, 5.216624E+000, 2.589059E-001, 3.283631E-001, 3.726324E-001, 3.786163E-001
1.984640E-001, 1.219736E+000, 2.623677E+000, 5.327064E+000, 2.949276E-001, 3.290798E-001, 3.726324E-001, 3.783804E-001
1.984720E-001, 1.190365E+000, 2.679081E+000, 5.283213E+000, 4.525225E-001, 3.300354E-001, 3.801937E-001, 3.803850E-001
1.984800E-001, 1.166178E+000, 2.780954E+000, 5.210128E+000, 4.964240E-001, 3.323049E-001, 3.910632E-001, 3.825074E-001
1.984880E-001, 1.166178E+000, 2.736273E+000, 5.276716E+000, 4.412657E-001, 3.311104E-001, 4.007511E-001, 3.802670E-001
1.984960E-001, 1.202459E+000, 2.666571E+000, 5.388779E+000, 4.176265E-001, 3.191656E-001, 4.034685E-001, 3.667071E-001
1.985040E-001, 1.285387E+000, 2.662996E+000, 5.296206E+000, 4.952983E-001, 2.994566E-001, 3.962616E-001, 3.578637E-001
1.985120E-001, 1.328579E+000, 2.553974E+000, 5.115930E+000, 5.448281E-001, 2.858395E-001, 3.973249E-001, 3.615190E-001
1.985200E-001, 1.261200E+000, 2.405633E+000, 5.085072E+000, 4.243806E-001, 2.859590E-001, 4.178823E-001, 3.563308E-001
1.985280E-001, 1.176544E+000, 2.478910E+000, 5.072079E+000, 3.073101E-001, 2.951565E-001, 4.392667E-001, 3.447754E-001
1.985360E-001, 1.083250E+000, 2.639762E+000, 4.973009E+000, 3.512115E-001, 3.103264E-001, 4.507269E-001, 3.468979E-001
1.985440E-001, 1.102254E+000, 2.637975E+000, 5.060710E+000, 3.894846E-001, 3.223907E-001, 4.552164E-001, 3.611653E-001
1.985520E-001, 1.314758E+000, 2.539676E+000, 5.328688E+000, 3.129385E-001, 3.216740E-001, 4.526172E-001, 3.736640E-001
1.985600E-001, 1.385592E+000, 2.439590E+000, 5.301078E+000, 2.397694E-001, 3.171349E-001, 4.501362E-001, 3.730744E-001
1.985680E-001, 1.238740E+000, 2.409207E+000, 5.115930E+000, 2.600316E-001, 3.223907E-001, 4.513176E-001, 3.631698E-001
1.985760E-001, 1.102254E+000, 2.541463E+000, 5.247482E+000, 3.140641E-001, 3.380384E-001, 4.491910E-001, 3.608115E-001
1.985840E-001, 1.026237E+000, 2.679081E+000, 5.419637E+000, 2.499005E-001, 3.501027E-001, 4.435200E-001, 3.623444E-001
1.985920E-001, 1.103982E+000, 2.650486E+000, 5.307574E+000, 1.553435E-001, 3.518944E-001, 4.335957E-001, 3.537368E-001
1.986000E-001, 1.280204E+000, 2.593294E+000, 5.174397E+000, 2.847965E-001, 3.486693E-001, 4.224900E-001, 3.466620E-001
1.986080E-001, 1.192093E+000, 2.562910E+000, 5.247482E+000, 5.437024E-001, 3.506999E-001, 4.180005E-001, 3.539726E-001
1.986160E-001, 9.795894E-001, 2.480697E+000, 5.414765E+000, 6.078660E-001, 3.622864E-001, 4.157557E-001, 3.615190E-001
1.986240E-001, 1.043513E+000, 2.525378E+000, 5.434254E+000, 4.412657E-001, 3.598974E-001, 4.150468E-001, 3.596324E-001
1.986320E-001, 1.062518E+000, 2.639762E+000, 5.310822E+000, 2.904249E-001, 3.330216E-001, 4.145742E-001, 3.652922E-001
1.986400E-001, 8.811122E-001, 2.525378E+000, 5.276716E+000, 2.724141E-001, 3.130737E-001, 4.039411E-001, 3.783804E-001
1.986480E-001, 9.502190E-001, 2.464612E+000, 5.328688E+000, 3.028074E-001, 3.100875E-001, 3.885821E-001, 3.749610E-001
1.986560E-001, 1.235285E+000, 2.668358E+000, 5.315695E+000, 2.994303E-001, 3.002928E-001, 3.790123E-001, 3.610473E-001
1.986640E-001, 1.363132E+000, 2.757720E+000, 5.247482E+000, 3.061844E-001, 2.818977E-001, 3.822022E-001, 3.549159E-001
1.986720E-001, 1.294026E+000, 2.686230E+000, 5.224745E+000, 3.624683E-001, 2.748503E-001, 3.917721E-001, 3.529114E-001
1.986800E-001, 1.252561E+000, 2.732699E+000, 5.318943E+000, 4.086211E-001, 2.817783E-001, 3.915358E-001, 3.536189E-001
1.986880E-001, 1.325124E+000, 2.725550E+000, 5.455368E+000, 4.716590E-001, 2.930064E-001, 3.953164E-001, 3.564488E-001
1.986960E-001, 1.281932E+000, 2.482484E+000, 5.486226E+000, 5.549592E-001, 3.005317E-001, 4.119750E-001, 3.555055E-001
1.987040E-001, 1.072884E+000, 2.335930E+000, 5.387156E+000, 5.718443E-001, 2.981427E-001, 4.207178E-001, 3.569204E-001
1.987120E-001, 1.019326E+000, 2.396697E+000, 5.239362E+000, 5.245659E-001, 2.973065E-001, 4.162283E-001, 3.563308E-001
1.987200E-001, 1.209370E+000, 2.407420E+000, 5.224745E+000, 4.705333E-001, 3.080569E-001, 4.086669E-001, 3.419456E-001
1.987280E-001, 1.368315E+000, 2.362739E+000, 5.309198E+000, 4.311346E-001, 3.073402E-001, 3.999241E-001, 3.279140E-001
1.987360E-001, 1.262927E+000, 2.343079E+000, 5.239362E+000, 3.512115E-001, 2.850034E-001, 3.865736E-001, 3.302722E-001
1.987440E-001, 1.010687E+000, 2.362739E+000, 5.187390E+000, 2.195072E-001, 2.698335E-001, 3.712147E-001, 3.358141E-001
1.987520E-001, 1.069428E+000, 2.385973E+000, 5.323815E+000, 1.924909E-001, 2.666084E-001, 3.529020E-001, 3.320409E-001
1.987600E-001, 1.370043E+000, 2.312696E+000, 5.413141E+000, 3.196925E-001, 2.566942E-001, 3.364797E-001, 3.301543E-001
1.987680E-001, 1.250834E+000, 2.310909E+000, 5.380659E+000, 3.624683E-001, 2.388964E-001, 3.371886E-001, 3.391156E-001
1.987760E-001, 8.983889E-001, 2.432441E+000, 5.314071E+000, 2.499005E-001, 2.158429E-001, 3.367160E-001, 3.433605E-001
1.987840E-001, 1.034875E+000, 2.407420E+000, 5.245858E+000, 2.622829E-001, 1.961339E-001, 3.158042E-001, 3.349887E-001
1.987920E-001, 1.349311E+000, 2.312696E+000, 5.177646E+000, 4.390144E-001, 1.874142E-001, 3.037533E-001, 3.299185E-001
1.988000E-001, 1.269838E+000, 2.364526E+000, 5.154908E+000, 5.256916E-001, 1.773806E-001, 3.058799E-001, 3.336917E-001
1.988080E-001, 1.171361E+000, 2.468186E+000, 5.247482E+000, 4.671563E-001, 1.619717E-001, 2.939472E-001, 3.347529E-001
1.988160E-001, 1.257744E+000, 2.503931E+000, 5.327064E+000, 3.838561E-001, 1.506242E-001, 2.859133E-001, 3.279140E-001
1.988240E-001, 1.097071E+000, 2.453888E+000, 5.232865E+000, 3.467088E-001, 1.468018E-001, 3.037533E-001, 3.190706E-001
1.988320E-001, 8.171883E-001, 2.396697E+000, 5.037973E+000, 3.849818E-001, 1.448907E-001, 3.232474E-001, 3.129391E-001
1.988400E-001, 9.122102E-001, 2.394909E+000, 5.008739E+000, 4.626536E-001, 1.416655E-001, 3.265555E-001, 3.109346E-001
1.988480E-001, 1.166178E+000, 2.444952E+000, 5.257227E+000, 5.031780E-001, 1.485935E-001, 3.239563E-001, 3.155332E-001
1.988560E-001, 1.192093E+000, 2.527165E+000, 5.400148E+000, 4.423914E-001, 1.687803E-001, 3.262010E-001, 3.222542E-001
1.988640E-001, 1.181727E+000, 2.477123E+000, 5.229617E+000, 3.073101E-001, 1.864586E-001, 3.295091E-001, 3.132929E-001
1.988720E-001, 1.250834E+000, 2.373462E+000, 5.112681E+000, 3.005560E-001, 1.906393E-001, 3.321083E-001, 2.877059E-001
1.988800E-001, 1.224919E+000, 2.511080E+000, 5.213376E+000, 4.491455E-001, 1.833530E-001, 3.415600E-001, 2.805133E-001
1.988880E-001, 1.157539E+000, 2.648698E+000, 5.258851E+000, 4.592766E-001, 1.759472E-001, 3.536109E-001, 2.989076E-001
1.988960E-001, 1.207642E+000, 2.521804E+000, 5.138667E+000, 3.174412E-001, 1.788139E-001, 3.536109E-001, 3.042136E-001
1.989040E-001, 1.297481E+000, 2.418144E+000, 5.120802E+000, 2.859222E-001, 1.878920E-001, 3.410874E-001, 2.925403E-001
1.989120E-001, 1.240468E+000, 2.414569E+000, 5.331936E+000, 3.602169E-001, 1.945811E-001, 3.329354E-001, 2.890030E-001
1.989200E-001, 1.167905E+000, 2.280525E+000, 5.453743E+000, 3.962386E-001, 2.044953E-001, 3.415600E-001, 2.887671E-001
1.989280E-001, 1.319941E+000, 2.121461E+000, 5.362794E+000, 4.435171E-001, 2.267127E-001, 3.521931E-001, 2.781550E-001
1.989360E-001, 1.442605E+000, 2.230483E+000, 5.255603E+000, 4.885442E-001, 2.491689E-001, 3.486488E-001, 2.706086E-001
1.989440E-001, 1.259472E+000, 2.534314E+000, 5.244234E+000, 4.063697E-001, 2.464216E-001, 3.448681E-001, 2.780371E-001
1.989520E-001, 1.053879E+000, 2.657634E+000, 5.288085E+000, 2.847965E-001, 2.205014E-001, 3.490032E-001, 2.865268E-001
1.989600E-001, 1.121258E+000, 2.520016E+000, 5.219872E+000, 2.510262E-001, 2.007924E-001, 3.447500E-001, 2.884134E-001
1.989680E-001, 1.401141E+000, 2.471761E+000, 5.085072E+000, 2.791681E-001, 1.914755E-001, 3.328172E-001, 2.936015E-001
1.989760E-001, 1.554904E+000, 2.616528E+000, 5.133795E+000, 3.061844E-001, 1.779778E-001, 3.271462E-001, 3.031524E-001
1.989840E-001, 1.294026E+000, 2.684443E+000, 5.288085E+000, 3.455831E-001, 1.585077E-001, 3.134413E-001, 3.075152E-001
1.989920E-001, 9.623127E-001, 2.568272E+000, 5.296206E+000, 4.007413E-001, 1.331847E-001, 2.805967E-001, 2.999688E-001
1.990000E-001, 1.034875E+000, 2.455676E+000, 5.185766E+000, 3.680967E-001, 1.065478E-001, 2.589760E-001, 2.853477E-001
1.990080E-001, 1.395958E+000, 2.477123E+000, 5.221497E+000, 3.219439E-001, 8.695828E-002, 2.559042E-001, 2.800416E-001
1.990160E-001, 1.591185E+000, 2.550400E+000, 5.403396E+000, 3.793534E-001, 6.772713E-002, 2.403089E-001, 2.878238E-001
1.990240E-001, 1.330307E+000, 2.534314E+000, 5.481353E+000, 3.692223E-001, 4.503197E-002, 2.238866E-001, 2.865268E-001
1.990320E-001, 9.674957E-001, 2.434229E+000, 5.521956E+000, 2.352667E-001, 3.595391E-002, 2.359375E-001, 2.714340E-001
1.990400E-001, 1.064245E+000, 2.319845E+000, 5.634019E+000, 2.251356E-001, 4.921265E-002, 2.518872E-001, 2.700191E-001
1.990480E-001, 1.378681E+000, 2.282313E+000, 5.679494E+000, 4.108724E-001, 6.712988E-002, 2.432626E-001, 2.821640E-001
1.990560E-001, 1.520350E+000, 2.400271E+000, 5.614530E+000, 5.797241E-001, 7.620794E-002, 2.286125E-001, 2.799237E-001
1.990640E-001, 1.503074E+000, 2.564698E+000, 5.500843E+000, 4.840415E-001, 7.453567E-002, 2.323931E-001, 2.681325E-001
1.990720E-001, 1.328579E+000, 2.523591E+000, 5.346553E+000, 2.330153E-001, 6.474092E-002, 2.488154E-001, 2.661280E-001
1.990800E-001, 1.230102E+000, 2.305547E+000, 5.176022E+000, 2.285126E-001, 6.044079E-002, 2.603937E-001, 2.708445E-001
1.990880E-001, 1.361405E+000, 2.298398E+000, 5.187390E+000, 4.052441E-001, 7.274395E-002, 2.596849E-001, 2.726131E-001
1.990960E-001, 1.397686E+000, 2.489633E+000, 5.317319E+000, 4.108724E-001, 9.758917E-002, 2.548409E-001, 2.664817E-001
1.991040E-001, 1.299209E+000, 2.444952E+000, 5.158156E+000, 3.230695E-001, 1.176565E-001, 2.596849E-001, 2.612936E-001
1.991120E-001, 1.325124E+000, 2.269802E+000, 5.028228E+000, 3.365777E-001, 1.168203E-001, 2.723265E-001, 2.648309E-001
1.991200E-001, 1.394230E+000, 2.326994E+000, 5.340056E+000, 3.939873E-001, 1.083395E-001, 2.765797E-001, 2.658921E-001
1.991280E-001, 1.390775E+000, 2.452101E+000, 5.521956E+000, 4.007413E-001, 1.106090E-001, 2.707906E-001, 2.610577E-001
1.991360E-001, 1.399413E+000, 2.366313E+000, 5.317319E+000, 3.849818E-001, 1.152675E-001, 2.663010E-001, 2.565771E-001
1.991440E-001, 1.397686E+000, 2.142908E+000, 5.242610E+000, 4.142494E-001, 1.262567E-001, 2.690184E-001, 2.479695E-001
1.991520E-001, 1.375226E+000, 2.125035E+000, 5.465112E+000, 4.649050E-001, 1.503853E-001, 2.844955E-001, 2.315797E-001
1.991600E-001, 1.465065E+000, 2.334143E+000, 5.565807E+000, 4.637793E-001, 1.638829E-001, 3.111965E-001, 2.177839E-001
1.991680E-001, 1.534172E+000, 2.378824E+000, 5.367666E+000, 4.457684E-001, 1.579105E-001, 3.350620E-001, 2.187272E-001
1.991760E-001, 1.408052E+000, 2.318058E+000, 5.244234E+000, 4.637793E-001, 1.507436E-001, 3.490032E-001, 2.262736E-001
1.991840E-001, 1.268110E+000, 2.437803E+000, 5.271844E+000, 4.345117E-001, 1.505047E-001, 3.507754E-001, 2.266274E-001
1.991920E-001, 1.135080E+000, 2.484272E+000, 5.229617E+000, 3.872332E-001, 1.570744E-001, 3.429778E-001, 2.292214E-001
1.992000E-001, 1.017598E+000, 2.321632E+000, 5.237738E+000, 4.288833E-001, 1.606578E-001, 3.414419E-001, 2.359424E-001
1.992080E-001, 1.226646E+000, 2.328781E+000, 5.338432E+000, 4.907956E-001, 1.525353E-001, 3.461677E-001, 2.289856E-001
1.992160E-001, 1.589457E+000, 2.546825E+000, 5.398524E+000, 5.313200E-001, 1.472796E-001, 3.429778E-001, 2.188452E-001
1.992240E-001, 1.698300E+000, 2.584357E+000, 5.502467E+000, 5.740957E-001, 1.527742E-001, 3.383701E-001, 2.213213E-001
1.992320E-001, 1.586002E+000, 2.473548E+000, 5.580424E+000, 5.864782E-001, 1.555215E-001, 3.429778E-001, 2.210855E-001
1.992400E-001, 1.375226E+000, 2.437803E+000, 5.424510E+000, 5.380740E-001, 1.516992E-001, 3.461677E-001, 2.186093E-001
1.992480E-001, 1.261200E+000, 2.335930E+000, 5.270220E+000, 4.671563E-001, 1.421434E-001, 3.388427E-001, 2.285140E-001
1.992560E-001, 1.368315E+000, 2.141120E+000, 5.325439E+000, 4.288833E-001, 1.243456E-001, 3.256103E-001, 2.384186E-001
1.992640E-001, 1.492708E+000, 2.092865E+000, 5.356297E+000, 3.984900E-001, 1.168203E-001, 3.102513E-001, 2.341737E-001
1.992720E-001, 1.522078E+000, 2.203674E+000, 5.314071E+000, 3.365777E-001, 1.267345E-001, 3.012722E-001, 2.260378E-001
1.992800E-001, 1.478886E+000, 2.273376E+000, 5.351425E+000, 3.410804E-001, 1.279290E-001, 3.004452E-001, 2.260378E-001
1.992880E-001, 1.520350E+000, 2.337718E+000, 5.383907E+000, 4.761617E-001, 1.116841E-001, 2.934746E-001, 2.273348E-001
1.992960E-001, 1.636104E+000, 2.393122E+000, 5.302702E+000, 5.583363E-001, 1.003365E-001, 2.821326E-001, 2.278065E-001
1.993040E-001, 1.487525E+000, 2.273376E+000, 5.195511E+000, 5.133091E-001, 1.024866E-001, 2.770523E-001, 2.337021E-001
1.993120E-001, 1.261200E+000, 2.191163E+000, 5.187390E+000, 4.784131E-001, 1.027254E-001, 2.724446E-001, 2.384186E-001
1.993200E-001, 1.371771E+000, 2.341292E+000, 5.250731E+000, 4.513968E-001, 1.023671E-001, 2.637018E-001, 2.387723E-001
1.993280E-001, 1.594640E+000, 2.546825E+000, 5.247482E+000, 4.401400E-001, 1.066672E-001, 2.536594E-001, 2.385365E-001
1.993360E-001, 1.617100E+000, 2.654060E+000, 5.200383E+000, 4.525225E-001, 9.806696E-002, 2.413722E-001, 2.362962E-001
1.993440E-001, 1.515167E+000, 2.555761E+000, 5.198759E+000, 3.332007E-001, 7.931360E-002, 2.284943E-001, 2.353529E-001
1.993520E-001, 1.489252E+000, 2.309121E+000, 5.270220E+000, 1.857368E-001, 6.868271E-002, 2.219963E-001, 2.327588E-001
1.993600E-001, 1.556631E+000, 2.237632E+000, 5.494346E+000, 2.847965E-001, 6.497981E-002, 2.195152E-001, 2.255661E-001
1.993680E-001, 1.582546E+000, 2.407420E+000, 5.585296E+000, 4.885442E-001, 6.474092E-002, 2.191608E-001, 2.276886E-001
1.993760E-001, 1.566998E+000, 2.561123E+000, 5.377411E+000, 5.313200E-001, 6.020189E-002, 2.248318E-001, 2.414843E-001
1.993840E-001, 1.497891E+000, 2.505718E+000, 5.331936E+000, 4.468941E-001, 4.777928E-002, 2.276673E-001, 2.484411E-001
1.993920E-001, 1.385592E+000, 2.389548E+000, 5.387156E+000, 3.332007E-001, 4.156797E-002, 2.293213E-001, 2.458471E-001
1.994000E-001, 1.421873E+000, 2.436016E+000, 5.310822E+000, 2.971790E-001, 4.539031E-002, 2.403089E-001, 2.466725E-001
1.994080E-001, 1.520350E+000, 2.425292E+000, 5.390403E+000, 3.725994E-001, 5.219886E-002, 2.466888E-001, 2.479695E-001
1.994160E-001, 1.421873E+000, 2.248355E+000, 5.494346E+000, 3.939873E-001, 6.330754E-002, 2.442077E-001, 2.380649E-001
1.994240E-001, 1.276749E+000, 2.189376E+000, 5.497594E+000, 3.433318E-001, 7.967194E-002, 2.497606E-001, 2.274527E-001
1.994320E-001, 1.325124E+000, 2.278738E+000, 5.588544E+000, 3.208182E-001, 9.675304E-002, 2.585034E-001, 2.311080E-001
1.994400E-001, 1.478886E+000, 2.384186E+000, 5.582048E+000, 3.208182E-001, 1.049950E-001, 2.644107E-001, 2.364141E-001
1.994480E-001, 1.556631E+000, 2.527165E+000, 5.465112E+000, 4.108724E-001, 9.484187E-002, 2.811874E-001, 2.325230E-001
1.994560E-001, 1.551448E+000, 2.577208E+000, 5.495970E+000, 5.560849E-001, 8.182201E-002, 2.957194E-001, 2.324051E-001
1.994640E-001, 1.509984E+000, 2.369888E+000, 5.517084E+000, 5.718443E-001, 8.922780E-002, 2.875673E-001, 2.319334E-001
1.994720E-001, 1.361405E+000, 2.144695E+000, 5.408268E+000, 4.851672E-001, 1.045172E-001, 2.736261E-001, 2.186093E-001
1.994800E-001, 1.273293E+000, 2.191163E+000, 5.367666E+000, 4.052441E-001, 9.842531E-002, 2.638200E-001, 2.110629E-001
1.994880E-001, 1.516895E+000, 2.407420E+000, 5.367666E+000, 3.827305E-001, 7.740243E-002, 2.531868E-001, 2.174302E-001
1.994960E-001, 1.751858E+000, 2.475335E+000, 5.390403E+000, 4.029927E-001, 6.342699E-002, 2.523598E-001, 2.196705E-001
1.995040E-001, 1.719033E+000, 2.332356E+000, 5.544693E+000, 3.928616E-001, 4.754038E-002, 2.586215E-001, 2.160153E-001
1.995120E-001, 1.743220E+000, 2.260866E+000, 5.668126E+000, 3.703480E-001, 3.105653E-002, 2.492880E-001, 2.072898E-001
1.995200E-001, 1.712122E+000, 2.316270E+000, 5.672998E+000, 3.793534E-001, 3.332604E-002, 2.293213E-001, 1.934940E-001
1.995280E-001, 1.402869E+000, 2.343079E+000, 5.647012E+000, 4.007413E-001, 2.807033E-002, 2.202241E-001, 1.929045E-001
1.995360E-001, 1.297481E+000, 2.339505E+000, 5.525204E+000, 4.153751E-001, -2.747308E-003, 2.140805E-001, 2.096480E-001
1.995440E-001, 1.489252E+000, 2.271589E+000, 5.385531E+000, 3.939873E-001, -1.731999E-002, 1.984852E-001, 2.220288E-001
1.995520E-001, 1.423601E+000, 2.148269E+000, 5.359546E+000, 3.174412E-001, -8.480822E-003, 1.828900E-001, 2.223825E-001
1.995600E-001, 1.195548E+000, 2.146482E+000, 5.400148E+000, 3.028074E-001, -1.469213E-002, 1.802908E-001, 2.219109E-001
1.995680E-001, 1.257744E+000, 2.350228E+000, 5.523580E+000, 4.131238E-001, -3.165377E-002, 1.843077E-001, 2.209676E-001
1.995760E-001, 1.446061E+000, 2.550400E+000, 5.629147E+000, 5.313200E-001, -3.894011E-002, 1.691850E-001, 2.150720E-001
1.995840E-001, 1.490980E+000, 2.487846E+000, 5.499218E+000, 5.639646E-001, -4.873486E-002, 1.421296E-001, 2.141287E-001
1.995920E-001, 1.527261E+000, 2.264440E+000, 5.328688E+000, 4.491455E-001, -6.354644E-002, 1.394123E-001, 2.269811E-001
1.996000E-001, 1.624011E+000, 2.158993E+000, 5.416389E+000, 2.679113E-001, -6.892160E-002, 1.505180E-001, 2.371216E-001
1.996080E-001, 1.643015E+000, 2.116099E+000, 5.635643E+000, 2.645343E-001, -6.963830E-002, 1.418933E-001, 2.301647E-001
1.996160E-001, 1.613645E+000, 2.083929E+000, 5.775316E+000, 4.007413E-001, -7.549126E-002, 1.212178E-001, 2.272169E-001
1.996240E-001, 1.575636E+000, 2.223334E+000, 5.672998E+000, 4.626536E-001, -9.018338E-002, 1.099939E-001, 2.391261E-001
1.996320E-001, 1.435694E+000, 2.391335E+000, 5.388779E+000, 4.480198E-001, -1.091756E-001, 1.071584E-001, 2.383007E-001
1.996400E-001, 1.259472E+000, 2.437803E+000, 5.325439E+000, 3.602169E-001, -1.092951E-001, 1.075128E-001, 2.216751E-001
1.996480E-001, 1.212825E+000, 2.396697E+000, 5.489474E+000, 2.240099E-001, -9.161676E-002, 1.186186E-001, 2.226183E-001
1.996560E-001, 1.281932E+000, 2.100014E+000, 5.554438E+000, 2.217585E-001, -8.803332E-002, 1.376401E-001, 2.394798E-001
1.996640E-001, 1.295753E+000, 1.776522E+000, 5.536573E+000, 3.174412E-001, -9.233345E-002, 1.518176E-001, 2.414843E-001
1.996720E-001, 1.204187E+000, 1.896268E+000, 5.520332E+000, 3.118128E-001, -8.229981E-002, 1.637503E-001, 2.313439E-001
1.996800E-001, 1.211097E+000, 2.101801E+000, 5.492722E+000, 2.859222E-001, -7.083277E-002, 1.798182E-001, 2.233258E-001
1.996880E-001, 1.416690E+000, 1.990992E+000, 5.494346E+000, 3.557142E-001, -6.581596E-002, 2.059284E-001, 2.142466E-001
1.996960E-001, 1.561814E+000, 1.980268E+000, 5.520332E+000, 3.894846E-001, -6.056023E-002, 2.427900E-001, 2.094122E-001
1.997040E-001, 1.547993E+000, 2.278738E+000, 5.552814E+000, 3.579656E-001, -5.530451E-002, 2.648833E-001, 2.120062E-001
1.997120E-001, 1.534172E+000, 2.434229E+000, 5.544693E+000, 3.658453E-001, -4.622645E-002, 2.641744E-001, 2.108271E-001
1.997200E-001, 1.385592E+000, 2.234057E+000, 5.508963E+000, 3.996156E-001, -3.929846E-002, 2.684276E-001, 2.036345E-001
1.997280E-001, 1.202459E+000, 2.046396E+000, 5.536573E+000, 4.536482E-001, -5.040714E-002, 2.783519E-001, 1.995075E-001
1.997360E-001, 1.427056E+000, 2.114312E+000, 5.474857E+000, 5.166861E-001, -7.274395E-002, 2.718539E-001, 2.061106E-001
1.997440E-001, 1.722488E+000, 2.287674E+000, 5.338432E+000, 5.391997E-001, -9.209456E-002, 2.495243E-001, 2.149540E-001
1.997520E-001, 1.565270E+000, 2.410995E+000, 5.408268E+000, 5.583363E-001, -1.045172E-001, 2.263677E-001, 2.149540E-001
1.997600E-001, 1.313030E+000, 2.285887E+000, 5.495970E+000, 5.999863E-001, -1.122813E-001, 2.014389E-001, 2.124779E-001
1.997680E-001, 1.347583E+000, 2.039247E+000, 5.392027E+000, 5.729700E-001, -1.274512E-001, 1.675310E-001, 2.115346E-001
1.997760E-001, 1.458154E+000, 2.108950E+000, 5.340056E+000, 4.063697E-001, -1.563577E-001, 1.344501E-001, 2.072898E-001
1.997840E-001, 1.423601E+000, 2.307334E+000, 5.392027E+000, 1.969936E-001, -1.859808E-001, 1.161375E-001, 2.009225E-001
1.997920E-001, 1.254289E+000, 2.214397E+000, 5.408268E+000, 1.575949E-001, -2.114233E-001, 1.110572E-001, 2.004508E-001
1.998000E-001, 1.019326E+000, 1.924864E+000, 5.400148E+000, 3.028074E-001, -2.329240E-001, 1.014874E-001, 2.082330E-001
1.998080E-001, 9.122102E-001, 1.817629E+000, 5.465112E+000, 4.007413E-001, -2.434354E-001, 7.797635E-002, 2.074077E-001
1.998160E-001, 1.114348E+000, 2.055333E+000, 5.567431E+000, 4.007413E-001, -2.491689E-001, 5.942743E-002, 1.947910E-001
1.998240E-001, 1.376954E+000, 2.285887E+000, 5.478105E+000, 3.917359E-001, -2.545441E-001, 5.954557E-002, 1.956164E-001
1.998320E-001, 1.456427E+000, 2.201887E+000, 5.270220E+000, 3.478345E-001, -2.543052E-001, 6.592546E-002, 2.068181E-001
1.998400E-001, 1.471976E+000, 2.069631E+000, 5.278340E+000, 3.635940E-001, -2.472578E-001, 6.923354E-002, 2.076435E-001
1.998480E-001, 1.430511E+000, 2.242993E+000, 5.482977E+000, 4.907956E-001, -2.335212E-001, 7.797635E-002, 2.100017E-001
1.998560E-001, 1.352766E+000, 2.437803E+000, 5.692487E+000, 5.065550E-001, -2.210986E-001, 9.569824E-002, 2.229721E-001
1.998640E-001, 1.356222E+000, 2.228695E+000, 5.824039E+000, 3.703480E-001, -2.215764E-001, 1.099939E-001, 2.308722E-001
1.998720E-001, 1.364860E+000, 1.953460E+000, 5.729841E+000, 3.253209E-001, -2.206208E-001, 1.130657E-001, 2.304005E-001
1.998800E-001, 1.421873E+000, 1.998141E+000, 5.422885E+000, 4.097467E-001, -2.028230E-001, 1.220448E-001, 2.291035E-001
1.998880E-001, 1.535899E+000, 2.055333E+000, 5.211752E+000, 4.041184E-001, -1.876531E-001, 1.499272E-001, 2.279244E-001
1.998960E-001, 1.520350E+000, 1.906991E+000, 5.249106E+000, 2.915506E-001, -1.834724E-001, 1.765101E-001, 2.321692E-001
1.999040E-001, 1.501346E+000, 1.917715E+000, 5.351425E+000, 2.904249E-001, -1.673469E-001, 1.844259E-001, 2.478516E-001
1.999120E-001, 1.606734E+000, 2.182227E+000, 5.333560E+000, 3.984900E-001, -1.391571E-001, 1.818267E-001, 2.579920E-001
1.999200E-001, 1.732854E+000, 2.301972E+000, 5.291333E+000, 4.615279E-001, -1.175370E-001, 1.858436E-001, 2.473799E-001
1.999280E-001, 1.776046E+000, 2.178653E+000, 5.426134E+000, 4.502712E-001, -1.109674E-001, 2.059284E-001, 2.410127E-001
1.999360E-001, 1.672385E+000, 2.135759E+000, 5.572303E+000, 3.669710E-001, -1.188510E-001, 2.275492E-001, 2.576383E-001
1.999440E-001, 1.663747E+000, 2.400271E+000, 5.458616E+000, 2.836708E-001, -1.288846E-001, 2.361738E-001, 2.727311E-001
1.999520E-001, 1.789867E+000, 2.673720E+000, 5.367666E+000, 2.724141E-001, -1.355737E-001, 2.485791E-001, 2.747356E-001
1.999600E-001, 1.703483E+000, 2.537889E+000, 5.554438E+000, 2.375180E-001, -1.475185E-001, 2.717357E-001, 2.770938E-001
1.999680E-001, 1.601551E+000, 2.309121E+000, 5.677870E+000, 1.440868E-001, -1.618523E-001, 2.794152E-001, 2.874701E-001
1.999760E-001, 1.684479E+000, 2.328781E+000, 5.612906E+000, 1.463381E-001, -1.767833E-001, 2.696091E-001, 2.997330E-001
1.999840E-001, 1.701756E+000, 2.255504E+000, 5.596665E+000, 2.690370E-001, -2.005535E-001, 2.641744E-001, 2.963135E-001
1.999920E-001, 1.746675E+000, 2.101801E+000, 5.645388E+000, 3.579656E-001, -2.259960E-001, 2.625203E-001, 2.803954E-001
